22.252863549048644 19.91669610615387
25.762062505548887 19.91669526650886
29.824649896268358 19.91669414489247
34.527893146885624 19.916692632144738
39.972821451691715 19.916690612073488
46.276395956494895 19.91668789960926
53.57402217179905 19.916684265060155
62.02245858477637 19.91667939291439
71.80318394920172 19.91667285927992
83.1262955852637 19.91666409806212
96.23502242765738 19.916652347964295
111.41094976561791 19.91663658399192
128.98006790623228 19.916615428889926
149.31977469085555 19.91658702641398
172.86698228393868 19.91654887069822
200.12750237417566 19.916497571355716
231.68691138913272 19.916428525420113
268.2231291163235 19.916335456506275
310.52098092894886 19.91620975336023
359.48905642383875 19.916039504733675
416.17922660778885 19.915808046472335
481.8092388761005 19.915491699204665
557.7888751404171 19.915056075223383
645.750235002073 19.914449676853955
747.5827944762418 19.913591893729343
865.4739933545867 19.912348011118528
1001.9562230534181 19.910469045052277
1159.9612242815988 19.90741183282948
1342.8830630309199 19.901553440772684
1554.6510376604779 19.87820851521648
1799.8140831739347 19.906297977329636
2083.6384857568746 19.923477849199926
2412.221006555837 19.918936317450026
2792.6198446826993 19.913048955542095
3233.006252627997 19.912586284225796
3742.8400608960555 19.892550365375538
4333.07288226278 19.892159254148417
5016.383360636072 19.92396638989519
5807.449517840898 19.930190388953676
6723.264048542335 19.91775849659456
7783.499336078127 19.93534157959795
9010.93003001474 19.925255437047937
10431.922262709948 19.915511093718234
12077.000013620727 19.866700846868568
13981.500787286912 19.825593843486942
16186.334689445634 20.01143253529519
18738.863206801085 19.9879953232643
21693.91656729852 19.987001070531164
25114.97153456459 19.999626654593065
29075.514936422423 20.080650022622624
33660.62221709699 20.133507161668746
38968.78492159691 20.14537176753012
45114.02636800826 20.119795617735306
52228.35095392912 20.125049482789382
60464.57970998473 20.211916048897955
69999.63301024075 20.21678508532541
81038.3309545976 20.226285007707812
93817.79305823111 20.32655757245158
108612.53175671092 20.431538425720394
125740.34913910767 20.49310090911616
145569.1635753422 20.49359020824439
168524.91287885336 20.921900107122053
195100.70377045064 21.228725994274406
225867.40418069958 21.564195178714037
261485.90592144374 21.940895278572526
302721.3211378497 22.509251198150263
350459.4174914189 22.910452042898456
405725.6451140276 23.458638309083994
469707.16404624644 23.941068760928918
543778.3453258456 24.51156961081712
629530.2935090024 25.31237509819811
728805.0247901159 25.69520334015032
843735.0348918915 26.214754578606012
976789.1066736731 27.29880039506073
1130825.34143981 28.678208270636816
1309152.5531003638 29.252742399126323
1515601.3439767996 29.912457650802715
1754606.3890143004 31.016421144097315
2031301.6959273245 32.34980438814383
2351630.8875378175 35.29812713844452