1.077805152539693372e-03 4.584838203109300458e+00 1.351380641342672789e+03
1.245522741142531236e-03 4.584838197419286665e+00 1.169408578287293949e+03
1.439338914875035614e-03 4.584838199314472895e+00 1.011940214965076621e+03
1.663314882531374524e-03 4.584838198114228547e+00 8.756759656053209255e+02
1.922143818845167308e-03 4.584838197141364091e+00 7.577605612323428659e+02
2.221249204902121972e-03 4.584838195157392882e+00 6.557232116536247304e+02
2.566898471334288188e-03 4.584838191631824600e+00 5.674258342201047753e+02
2.966334325566429876e-03 4.584838188345046639e+00 4.910182531259450798e+02
3.427926514935281891e-03 4.584838183545270063e+00 4.248994297448563202e+02
3.961347205714082532e-03 4.584838177306599150e+00 3.676839154377981345e+02
4.577773652920628412e-03 4.584838168722195739e+00 3.181728208050462854e+02
5.290122407635990467e-03 4.584838157395394020e+00 2.753286943435481362e+02
6.113319969395530733e-03 4.584838142132442229e+00 2.382537835984088588e+02
7.064615554881081838e-03 4.584838121787859322e+00 2.061712238012699174e+02
8.163942536644715198e-03 4.584838094697177624e+00 1.784087595462747231e+02
9.434336125422585276e-03 4.584838058383097881e+00 1.543846583386889790e+02
1.090241604812108162e-02 4.584838009801721626e+00 1.335955210508084008e+02
1.259894433547161310e-02 4.584837944808731081e+00 1.156057337456535095e+02
1.455946990719256956e-02 4.584837857756459911e+00 1.000383398261510024e+02
1.682507346124496178e-02 4.584837741009440748e+00 8.656714133703599146e+01
1.944322827553240235e-02 4.584837584284529477e+00 7.490986383073155253e+01
2.246879495921617204e-02 4.584837373531787996e+00 6.482224160132025759e+01
2.596517099758600608e-02 4.584837089403502652e+00 5.609289935748852685e+01
3.000561917795883243e-02 4.584836705286691405e+00 4.853892307567757314e+01
3.467480273233691790e-02 4.584836183892177175e+00 4.200202721201791434e+01
4.007055936408343566e-02 4.584835472560107483e+00 3.634523798098324221e+01
4.630595133143017295e-02 4.584834495745622185e+00 3.145002318022980958e+01
5.351163454510529660e-02 4.584833143178309811e+00 2.721380841964871777e+01
6.183859632196582468e-02 4.584831250796231217e+00 2.354782769915884799e+01
7.146131916130800399e-02 4.584828569221372163e+00 2.037526327654824954e+01
8.258143683737460827e-02 4.584824710732120501e+00 1.762963582102236515e+01
9.543195941753265799e-02 4.584819058351817134e+00 1.525341107428339882e+01
1.102821557368186128e-01 4.584810607181299069e+00 1.319679374814530171e+01
1.274431956358375029e-01 4.584797682603448443e+00 1.141668326262307609e+01
1.472746701890222387e-01 4.584777430609317861e+00 9.875769232356356397e+00
1.701921265476021849e-01 4.584744877234340876e+00 8.541747379787373973e+00
1.966757752817842875e-01 4.584691151556663513e+00 7.386638777337876327e+00
2.272805526751077165e-01 4.584600029788442832e+00 6.386196885513575339e+00
2.626477488154930207e-01 4.584440960425170353e+00 5.519387412673716575e+00
3.035184451370862568e-01 4.584154280126409020e+00 4.767924590034836818e+00
3.507490429820896427e-01 4.583617716099684714e+00 4.115841097302928020e+00
4.053292085668358524e-01 4.582563037570634101e+00 3.549047720026504038e+00
4.684026103695076437e-01 4.580338091270646395e+00 3.054763022892998503e+00
5.412908834690882687e-01 4.575061727830810554e+00 2.620350564211960886e+00
6.255213229824042598e-01 4.559103965110681500e+00 2.228642645985309922e+00
7.228588868853582650e-01 4.432535786719249415e+00 1.779822185196965112e+00
8.353431788029355154e-01 4.793126300698869358e+00 1.771334411224686711e+00
9.653311857024458043e-01 4.746884928786503366e+00 1.513376499387085072e+00
1.115546666012250387e+00 4.643964017395846078e+00 1.276166190071938544e+00
1.289137223040709657e+00 4.828243385301180801e+00 1.122483242512099633e+00
1.489740259607268857e+00 4.592764083318995993e+00 9.576309928086284007e-01
1.721559195893801908e+00 4.644952218210955053e+00 8.322598976500559242e-01
1.989451547579061508e+00 4.703019124088415381e+00 7.513812038851261921e-01
2.299030709838499220e+00 4.627354236251445485e+00 6.517912396284893939e-01
2.656783579983347465e+00 4.435065839022052536e+00 5.640178569100320338e-01
3.070206483394463781e+00 4.472374451905661630e+00 4.971660924975997431e-01
3.547962250932190198e+00 4.364148772844062663e+00 4.388557726033459616e-01
4.100061739209898803e+00 4.064253717440180935e+00 3.763270325137667016e-01
4.738073597292675743e+00 3.998368224096488621e+00 3.392920238956651513e-01
5.475366675255977533e+00 3.935990211511534387e+00 3.010408090775930634e-01
6.327390154014072010e+00 3.919172279720049890e+00 2.748355093823471873e-01
7.311997266236515358e+00 3.758830689409784487e+00 2.629977828649041061e-01
8.449819391575228877e+00 3.574468289146495170e+00 2.349997540303691013e-01
9.764698364963972921e+00 3.428221055569380837e+00 2.206672316152658020e-01
1.128418605654420936e+01 3.294171620499288355e+00 2.189012184232267122e-01
1.304012169137561905e+01 3.148685605557861145e+00 2.191928316155371814e-01
1.506929900604292705e+01 3.001252114405820404e+00 2.245862071401603655e-01
1.741423722170578614e+01 2.654094803195625296e+00 2.255436977605257687e-01
2.012407198850024059e+01 2.594554597863107936e+00 2.432271098844666080e-01
2.325558497007030923e+01 2.232113139690889980e+00 2.588238679564527911e-01
2.687439364206255732e+01 2.147832712249751363e+00 2.875579126066587499e-01
3.105632623552748584e+01 1.906008727955661897e+00 2.939657839025997532e-01
3.588901063568292216e+01 1.731613301470996680e+00 3.126329770718443979e-01
4.147371052969890570e+01 1.463893939343565487e+00 3.256078995620335648e-01
4.792744727799953353e+01 1.145384548866730023e+00 3.215532641386787960e-01
5.538545197060528125e+01 1.073635591606356243e+00 3.428189773383910066e-01
6.400399904871096624e+01 9.023042294198746482e-01 4.025543553715798528e-01
7.396368086698174693e+01 8.942398530458349759e-01 5.388290993557999231e-01
8.547319181148719736e+01 7.766268051026233854e-01 4.773276322754035350e-01
9.877370126538168904e+01 3.163728698186775157e-01 3.160005131411293133e-01