1.078232176580762747e-03 4.481860168872840333e+00 1.309354183494443760e+03
1.246937076647416541e-03 4.481860258216987525e+00 1.132204501608503051e+03
1.442038279778179010e-03 4.481860375796937745e+00 9.790223599595005908e+02
1.667665866457831731e-03 4.481860535679357049e+00 8.465650576226970543e+02
1.928596127542712589e-03 4.481860747183000093e+00 7.320286169003923078e+02
2.230352673148507537e-03 4.481861032106489340e+00 6.329884277934436341e+02
2.579323361474769941e-03 4.481861410298959569e+00 5.473479146639994042e+02
2.982895522822333334e-03 4.481861917564736508e+00 4.732941626771702204e+02
3.449612341349141999e-03 4.481862596515379771e+00 4.092595339618899857e+02
3.989353704996352265e-03 4.481863504141353260e+00 3.538884848546438207e+02
4.613545351981144030e-03 4.481864717433936107e+00 3.060088703173191789e+02
5.335400741260239513e-03 4.481866340947769700e+00 2.646071312244017122e+02
6.170200767099051631e-03 4.481868511885014783e+00 2.288068375181578062e+02
7.135617238999957326e-03 4.481871415452257423e+00 1.978501359649670519e+02
8.252086974708316286e-03 4.481875298926696338e+00 1.710817068111874448e+02
9.543244425438709641e-03 4.481880492770771163e+00 1.479348914859014599e+02
1.103642199152732144e-02 4.481887439545620744e+00 1.279196970564335771e+02
1.276322861964928647e-02 4.481896730893126346e+00 1.106124235951253354e+02
1.476021892987539053e-02 4.481909158414825178e+00 9.564669490510499372e+01
1.706966703726085777e-02 4.481925781320934554e+00 8.270570275085646017e+01
1.974046144892849936e-02 4.481948016821350578e+00 7.151550034555454260e+01
2.282913998064513977e-02 4.481977761733431542e+00 6.183920320006019011e+01
2.640108660095071696e-02 4.482017555282680199e+00 5.347197452032466458e+01
3.053191553872991112e-02 4.482070797820601804e+00 4.623668901691701194e+01
3.530907195427963885e-02 4.482142044691465266e+00 3.998018332216388160e+01
4.083368305833978695e-02 4.482237402215035971e+00 3.457001364662411191e+01
4.722269886526569982e-02 4.482365061911679049e+00 2.989165201286209594e+01
5.461136789776101924e-02 4.482536023900693500e+00 2.584606171210753800e+01
6.315610025115031556e-02 4.482765080094061716e+00 2.234760062718541107e+01
7.303777862515106745e-02 4.483072157668707369e+00 1.932220800297828589e+01
8.446558741409007642e-02 4.483484167454796498e+00 1.670583621578571965e+01
9.768144091324401646e-02 4.484037569870706008e+00 1.444309423923814784e+01
1.129651043816205652e-01 4.484781978248785883e+00 1.248607391080318507e+01
1.306401163685151356e-01 4.485785293808095098e+00 1.079333383595328932e+01
1.510806376730613465e-01 4.487141159562005654e+00 9.329018842761710673e+00
1.747193719218078367e-01 4.488980029254668658e+00 8.062095241936157564e+00
2.020567254343416108e-01 4.491486060014375781e+00 6.965683466687077718e+00
2.336714002813619906e-01 4.494923719351743507e+00 6.016469101525525609e+00
2.702326447787333774e-01 4.499681126277899956e+00 5.194168265211713376e+00
3.125144207471663993e-01 4.506342641341218425e+00 4.481005135068679479e+00
3.614117874430208266e-01 4.515809249116009561e+00 3.861094028586352422e+00
4.179598489902438541e-01 4.529453675117237843e+00 3.319334407092333183e+00
4.833556664099916134e-01 4.548705048306392662e+00 2.837626427694733611e+00
5.589835981017893252e-01 4.555493225705075311e+00 2.354971059847319914e+00
6.464446052066883386e-01 4.916467562780669986e+00 2.204479310485325083e+00
7.475901422151111086e-01 4.625338957459902645e+00 1.949515709618676818e+00
8.645613502467319744e-01 4.244160924527168532e+00 1.568456572674314708e+00
9.998343826815425661e-01 4.286628924518168127e+00 1.297300969648717217e+00
1.156272822636463360e+00 4.250579600001768377e+00 1.167367613459793230e+00
1.337188301908529775e+00 4.137471577234292042e+00 9.933922005748864192e-01
1.546410604621807572e+00 4.183025933098686089e+00 8.708227437792100956e-01
1.788368739596083445e+00 4.185924355932804097e+00 7.885361005806273971e-01
2.068184697651278547e+00 4.025601931961092284e+00 6.715693659943035021e-01
2.391781878587852628e+00 4.102044820003938774e+00 6.093255380211015648e-01
2.766010483124560881e+00 4.039281070470952528e+00 5.357238127405544725e-01
3.198792524204644216e+00 4.011389458467280456e+00 4.583693070345585818e-01
3.699289527402250144e+00 4.100755741337136051e+00 4.088037357033236230e-01
4.278096470464451073e+00 4.017567886610018846e+00 3.598842929963467774e-01
4.947466067478280216e+00 4.026709253157558344e+00 3.378607193166490164e-01
5.721568145514869030e+00 3.929650567954567020e+00 2.944308908653390233e-01
6.616789604472446129e+00 3.875355023265855792e+00 2.650703378656039666e-01
7.652081309942138532e+00 3.671484788998663262e+00 2.433468820093777074e-01
8.849359262441641505e+00 3.525841792316338985e+00 2.382498814555558675e-01
1.023396853533353124e+01 3.449906504959145970e+00 2.334814330835254248e-01
1.183521980248989891e+01 3.207467272703588002e+00 2.203505082968457707e-01
1.368700981341095968e+01 2.972649636478443824e+00 2.112239199825943214e-01
1.582853895058177862e+01 2.773802014338255795e+00 2.094411725939749891e-01
1.830514105897658794e+01 2.605103148382386991e+00 2.249225907127395674e-01
2.116924311429984584e+01 2.364414478716722723e+00 2.386580788776688500e-01
2.448147504509785222e+01 2.193154795040973770e+00 2.648518558311024340e-01
2.831195320246914804e+01 2.021764411842230214e+00 2.742533608976504556e-01
3.274176464703290179e+01 1.768632381982951474e+00 2.770576445516329533e-01
3.786468367389781520e+01 1.736351248620915166e+00 3.331573075921719362e-01
4.378915691260001353e+01 1.379149369755995114e+00 3.248630299723804793e-01
5.064059902441852046e+01 1.087622625845257263e+00 3.105889259066249020e-01
5.856404759448641784e+01 9.604530668464524856e-01 3.135764601193745116e-01
6.772723341987860124e+01 9.187696127018306624e-01 3.917966956620936858e-01
7.832413118833957810e+01 6.874236742004367073e-01 4.080859812950227150e-01
9.057906571166159893e+01 6.619285793973851417e-01 5.426102867943312091e-01
1.047514606382122366e+02 3.166221859127014149e-01 3.159024886185693437e-01