1.078255424223879735e-03 4.329554776718686604e+00 1.151368845251727407e+03
1.247014095512557347e-03 4.329554742344102536e+00 9.955537481441722321e+02
1.442185329627542183e-03 4.329554696422643012e+00 8.608251210514289369e+02
1.667902979186460400e-03 4.329554632495347555e+00 7.443293232917071691e+02
1.928947889587479068e-03 4.329554548976320305e+00 6.435989025650579833e+02
2.230849160398329194e-03 4.329554436378534099e+00 5.565003205443863408e+02
2.580001255251242187e-03 4.329554285806573866e+00 4.811887745706180226e+02
2.983799440706898145e-03 4.329554084335930142e+00 4.160691170651200537e+02
3.450796422769883236e-03 4.329553815823430796e+00 3.597620721264790973e+02
3.990883498718089152e-03 4.329553455435918075e+00 3.110750195525354229e+02
4.615500061158619646e-03 4.329552974251956066e+00 2.689767367523218695e+02
5.337875891741237014e-03 4.329552330063852317e+00 2.325755545621352951e+02
6.173311376466495901e-03 4.329551468605829179e+00 2.011004726530851485e+02
7.139501577729473122e-03 4.329550316470796467e+00 1.738848284288010291e+02
8.256911027154026014e-03 4.329548775021402562e+00 1.503521769381075330e+02
9.549207177571558680e-03 4.329546713099611033e+00 1.300040814412732288e+02
1.104376169493671324e-02 4.329543954657497196e+00 1.124095560990697891e+02
1.277223020786612089e-02 4.329540264067335720e+00 9.719593742836545402e+01
1.477122279426934526e-02 4.329535326040402587e+00 8.404099106353081083e+01
1.708307940641132228e-02 4.329528717936947935e+00 7.266608656300815028e+01
1.975676665840919721e-02 4.329519873449521050e+00 6.283029582345933761e+01
2.284891497070121527e-02 4.329508032980017518e+00 5.432529000565667587e+01
2.642501803887636891e-02 4.329492176764580869e+00 4.697092690377785829e+01
3.056082003238824729e-02 4.329470934056421250e+00 4.061143528481909470e+01
3.534391990491660140e-02 4.329442459190048886e+00 3.511211533786525507e+01
4.087562679670474208e-02 4.329404261503426277e+00 3.035648531428597963e+01
4.727310582749096046e-02 4.329352969796765649e+00 2.624381384578164855e+01
5.467185972931225962e-02 4.329284002731236924e+00 2.268698556759508023e+01
6.322859888176379783e-02 4.329191100958849070e+00 1.961065465462764834e+01
7.312456053891167040e-02 4.329065651089546662e+00 1.694964686420713562e+01
8.456934755122627601e-02 4.328895686461884829e+00 1.464757573550167002e+01
9.780536788914212520e-02 4.328664367769982313e+00 1.265564276438723645e+01
1.131129690002169730e-01 4.328347590336789175e+00 1.093159458460372413e+01
1.308163757488859658e-01 4.327910049750500754e+00 9.438812169900868909e+00
1.512905577082049313e-01 4.327298420107750232e+00 8.145507086069425640e+00
1.749691712572508107e-01 4.326428723121201081e+00 7.023995890244044027e+00
2.023537447029243319e-01 4.325160923663013968e+00 6.050010333694110010e+00
2.340243009729602031e-01 4.323242026072119160e+00 5.201960573502392826e+00
2.706516428756320369e-01 4.320158414895248100e+00 4.459936473695980119e+00
3.130115611358771366e-01 4.314659789824011327e+00 3.803705627167380587e+00
3.620012661432108203e-01 4.302539364896611929e+00 3.205953602649735057e+00
4.186583914464477307e-01 4.249317616556596455e+00 2.572527500491113450e+00
4.841829715015054658e-01 4.453181404431929558e+00 2.310209001052341726e+00
5.599628591751630857e-01 4.342812136146569024e+00 2.414777257059276483e+00
6.476031213639008577e-01 4.336555129852990298e+00 1.990067328771354171e+00
7.489600353459822113e-01 4.321417220654125479e+00 1.821453817248235518e+00
8.661804059314452964e-01 4.221960855116699385e+00 1.511613380376220839e+00
1.001747036172599969e+00 4.403097231768369646e+00 1.419721354284271264e+00
1.158531314734001949e+00 4.393341920319776328e+00 1.193662064616195950e+00
1.339854033756318064e+00 4.542380219721438017e+00 1.059969515960358155e+00
1.549555725375671766e+00 4.618517887142053802e+00 9.353886741536018290e-01
1.792078006671301349e+00 4.417101156518179472e+00 7.816315254875488838e-01
2.072557655979994973e+00 4.520937731392215220e+00 7.153609143999712927e-01
2.396935413174322349e+00 4.511227622335386656e+00 6.307571187058221840e-01
2.772081808364716515e+00 4.468769235386731431e+00 5.347911604015971321e-01
3.205942684158475497e+00 4.175245086247743487e+00 4.667503082873245557e-01
3.707707493731004167e+00 4.192267857708313450e+00 3.965039575751245216e-01
4.288003939370959472e+00 4.146263472660071336e+00 3.317381259525421511e-01
4.959123074069243131e+00 4.046729374346495156e+00 3.057669071908902803e-01
5.735279633948677791e+00 4.074585225058179994e+00 2.808236237421619097e-01
6.632913115543137117e+00 3.824220159382378803e+00 2.578053928882039214e-01
7.671035974937064239e+00 3.677604647886120848e+00 2.405974111078227340e-01
8.871636323847745587e+00 3.547848371242952492e+00 2.277015163948861165e-01
1.026014365201311307e+01 3.450827577226248888e+00 2.278216037114514925e-01
1.186596744018557104e+01 3.341245453424042111e+00 2.257589158495079962e-01
1.372312007190250505e+01 3.025828343534084919e+00 2.257094121639338646e-01
1.587093723770644260e+01 2.843204400749913763e+00 2.334876217622146588e-01
1.835491109044100000e+01 2.590911857210728808e+00 2.408359965940767844e-01
2.122765379838910960e+01 2.460907384158697031e+00 2.602589505478859477e-01
2.455001190493029029e+01 2.184270060748000564e+00 2.724345776472059111e-01
2.839235509757349263e+01 1.998614932507631003e+00 2.970514657565639927e-01
3.283606668332479472e+01 1.768686733611747774e+00 3.036757686598571260e-01
3.797526733961915824e+01 1.399563010901885951e+00 2.971004617492329913e-01
4.391880865097339637e+01 1.283022896742481933e+00 2.877030779695312623e-01
5.079257865575204534e+01 1.217049420274598059e+00 2.942554967044214154e-01
5.874216823601334880e+01 1.344261675109647447e+00 4.373339089089773313e-01
6.793595482629275750e+01 1.176480181872256781e+00 5.022390839670688445e-01
7.856866875626448632e+01 8.743012219176656830e-01 4.388739323747821164e-01
9.086551776471840469e+01 4.266521210189628266e-01 7.501351148830558424e-01
1.050869570447194405e+02 4.266521210189628266e-01 4.256569642722633495e-01
