2.218633171455971009e+01 2.109385151587944307e+01
2.554191252934769096e+01 2.109385108714269208e+01
2.940500953696281528e+01 2.109385051822579982e+01
3.385238223157270454e+01 2.109384976537669232e+01
3.897239962843641337e+01 2.109384876676407927e+01
4.486679615067044580e+01 2.109384744327747541e+01
5.165269308582679741e+01 2.109384568932998505e+01
5.946492577849807049e+01 2.109384336465062049e+01
6.845872280011984401e+01 2.109384028338161698e+01
7.881279033090585528e+01 2.109383619951854527e+01
9.073286304039042705e+01 2.109383078666831324e+01
1.044557920223508489e+02 2.109382361235028114e+01
1.202542510111193224e+02 2.109381410299351245e+01
1.384421543915055963e+02 2.109380149834949592e+01
1.593808946578466816e+02 2.109378479048157473e+01
1.834865232601019613e+02 2.109376264266588663e+01
2.112380175199526491e+02 2.109373328209124310e+01
2.431867978800081289e+02 2.109369435689217198e+01
2.799676845932614242e+02 2.109364274622879876e+01
3.223115115615225363e+02 2.109357430704745795e+01
3.710596479590055878e+02 2.109348353633111017e+01
4.271807161848140595e+02 2.109336311941456898e+01
4.917898383289880258e+02 2.109320332408247367e+01
5.661707935781819288e+02 2.109299118458627476e+01
6.518015268272245066e+02 2.109270939648777343e+01
7.503835153510698319e+02 2.109233480838290831e+01
8.638755770510581442e+02 2.109183634115906614e+01
9.945327920432098381e+02 2.109117207300663210e+01
1.144951310958063914e+03 2.109028506157855176e+01
1.318119940290147042e+03 2.108909714098033561e+01
1.517479529794728933e+03 2.108749915442712108e+01
1.746991341955684447e+03 2.108533381554850195e+01
2.011215762021493674e+03 2.108235775684326185e+01
2.315402912572823425e+03 2.107806917355751963e+01
2.665596973127450383e+03 2.107211977672865544e+01
3.068756277606501044e+03 2.106629627356404555e+01
3.532891575991087393e+03 2.105704373708805477e+01
4.067225207419759499e+03 2.103042404361542594e+01
4.682374347486182160e+03 2.103214734968625521e+01
5.390561970849309546e+03 2.101454342735283376e+01
6.205859720969807313e+03 2.097994330390712392e+01
7.144467512779121535e+03 2.091353571955746915e+01
8.225035423968558462e+03 2.087435471778142215e+01
9.469034270858066520e+03 2.057130669928084643e+01
1.090118223216387923e+04 2.098331768890590610e+01
1.254993599765235194e+04 2.149315704636890700e+01
1.444805620077287858e+04 2.147187094849856592e+01
1.663325837038058671e+04 2.150244171514089331e+01
1.914896233591864438e+04 2.149719502764625290e+01
2.204515497669389151e+04 2.144847086252862312e+01
2.537938345801945979e+04 2.152280916722934023e+01
2.921789868976415164e+04 2.147349707104714156e+01
3.363697172775768558e+04 2.159760658319458315e+01
3.872440927486502187e+04 2.165278148491106691e+01
4.458129839464051474e+04 2.175150625340392452e+01
5.132401510491225781e+04 2.170274862776601665e+01
5.908653676192475541e+04 2.179942710115088289e+01
6.802310418196678802e+04 2.224656047438418227e+01
7.831128639667420066e+04 2.238202510930878830e+01
9.015550893850150169e+04 2.272723206725629197e+01
1.037911157631732931e+05 2.299143313486100482e+01
1.194890455192575901e+05 2.310948985009061829e+01
1.375612150820440147e+05 2.359919846913703267e+01
1.583667173222051351e+05 2.394416768424517272e+01
1.823189562585140520e+05 2.439161601458442874e+01
2.098938613696532266e+05 2.468380816289238666e+01
2.416393442829720152e+05 2.508476220428366688e+01
2.781861857440043823e+05 2.543725127957917209e+01
3.202605691901436658e+05 2.584286070638352584e+01
3.686985099697940750e+05 2.638240997102944263e+01
4.244624669146750821e+05 2.676633102168667122e+01
4.886604663361728308e+05 2.760568846714733127e+01
5.625681184383423533e+05 2.833305323238210249e+01
6.476539636122996453e+05 2.860771914656966786e+01
7.456086522412742488e+05 2.874540965889575261e+01
8.583785378172140336e+05 3.087356674627387321e+01
9.882043508620526409e+05 3.152399398840504574e+01
1.137665722102012951e+06 3.262842862789120346e+01
1.309732439567621797e+06 3.386675740160512049e+01
1.507823458094781497e+06 3.694073909299794423e+01
