22.317318776465417 16.519822754606107
25.976159745860322 16.51981390800146
30.23485401185464 16.519801912053758
35.19174527958639 16.519785639654916
40.96130033694591 16.519763556684342
47.67675237370905 16.51973356968178
55.493177662959226 16.519692815021955
64.59107665292485 16.519637360756377
75.18054216543376 16.519561780604757
87.5061109549197 16.519458530753052
101.85241066238773 16.519317009404915
118.55073256636865 16.51912207148844
137.9866819118172 16.518851506334425
160.60908248182778 16.518471214943993
186.94034104059028 16.51792379271722
217.58851098801506 16.51708663901319
253.26133380542848 16.51501905169325
294.78258254378875 16.51567252033291
343.1110847656883 16.513353309781433
399.3628642275693 16.506451333126876
464.8369126079521 16.51079140839173
541.0451864141471 16.50304518579558
629.747521769663 16.49146050869767
732.9922733504653 16.480874522465715
853.1636159228881 16.50144114560116
993.036600791824 16.54885593428566
1155.841238547741 16.549193570659536
1345.3370879404704 16.54493020732275
1565.9000733199632 16.53930135915482
1822.623535471853 16.516543775679896
2121.4358493596765 16.529270465049017
2469.237324856169 16.518021694981424
2874.0595518375803 16.541462147933856
3345.250869310422 16.514506679408893
3893.6922415080635 16.561693723768677
4532.0485260662335 16.56541456257067
5275.060936676393 16.552611032420767
6139.887453897611 16.53530590985098
7146.4990450482655 16.52848101298514
8318.140842867559 16.541031467599744
9681.868932694179 16.55421212880156
11269.175143895929 16.539911700504888
13116.714273518179 16.54869276335242
15267.1505355303 16.715308912738998
17770.14278226132 16.74529399957942
20683.491249206163 16.724652966673048
24074.47230435522 16.819843596134557
28021.3920246859 16.909855533765395
32615.394475711266 16.970216528972827
37962.56645169936 17.037292330880046
44186.38728018209 17.184671608659418
51430.580262753516 17.36619924519314
59862.431598925454 17.469784577204962
69676.65343514005 17.784677807064792
81099.88024622372 18.086977893500503
94395.90238176893 18.462271094423205
109871.75763287717 18.859280773874776
127884.82148849266 19.278742940062468
148851.05981275236 19.771297422314447
173254.63451793056 20.234934671064
201659.08405154714 20.706931282746538
234720.33688253397 21.20928562297994
273201.85849980067 21.80784286143515
317992.28170458187 22.237706040202582
370125.92732329475 22.681214533590992
430806.68921454146 23.244656632049033
501435.8351337084 23.69394235935893
583644.3654453654 24.335760633617753
679330.6769255743 24.686899837417617
790704.4014037673 25.145755980815036
920337.431586042 25.52585577201755
1071223.312371404 26.087670868027004
1246846.3691522488 26.230943259603702
1451262.169441233 26.482378173298514
1689191.1758810233 27.82635023227771
1966127.753314842 29.254527534438914
2288467.047158637 29.844554884897025
2663652.663007975 31.10761254707215
3100348.557764332 32.02799116091594
3608639.111668817 34.21255202561576