22.31729594100512 15.867572353491134
25.976083751953325 15.867567054346932
30.234708043133292 15.867559874720154
35.19150843455255 15.867550146937077
40.960946741486744 15.86753696592309
47.676250112415666 15.867519105201133
55.49248749368902 15.867494901255593
64.59015046225925 15.86746209839096
75.17932111462373 15.86741763547225
87.50452325634691 15.86735735688487
101.85036891522455 15.867275616613043
118.54813056666669 15.867164735773098
137.98339083630677 15.8670142558652
160.60494632581305 15.86680990443498
186.93517116793657 15.8665321508761
217.58207962471255 15.866154165492222
253.25336627682682 15.865638885821465
294.7727480184449 15.864934687718737
343.0989852248068 15.86396871652181
399.34802132701316 15.862635720729443
464.81875203829634 15.860774427116255
541.0230192915305 15.858132820654838
629.720522504238 15.85443191025276
732.9594533376602 15.849442695471758
853.1237922826725 15.842568829255846
992.9883592393974 15.832740971822535
1155.782889311616 15.814357854038715
1345.2666134462245 15.765203126076315
1565.815066124535 15.817904693300921
1822.5211246577837 15.780082320671049
2121.3126132736393 15.703401496723028
2469.08918769257 15.434394346811093
2873.881661115616 16.01774110851281
3345.03745075936 16.1370893228125
3893.4364272463113 16.119601151761447
4531.742151217857 16.094149310467493
5274.694298694258 16.127561173539842
6139.449027831542 16.095396281572285
7145.975146781963 16.059074115691942
8317.515230916684 15.986627190664377
9681.12233747206 16.033850355861613
11268.284711366978 16.347313417538697
13115.652907820022 16.414524618076655
15265.886122390997 16.436231497837127
17768.637271794447 16.47188663874167
20681.699572848178 16.503570120982
24072.341096214637 16.568519721491704
28018.85811228333 16.717543506677195
32612.38309886342 16.80999450722059
37958.98916097404 16.869181932978286
44182.13945773135 17.060589591526565
51425.53819819187 17.17952836157618
59856.44904099182 17.36655521261346
69669.55752585245 17.613895483409326
81091.46672773684 17.87443918131034
94385.92994674244 18.23636789713846
109859.9412663503 18.637191814962097
127870.82462244139 19.09869217551908
148834.48508297533 19.633903222386135
173235.0128758517 20.113116793047404
201635.8619399643 20.497748236802526
234692.86113315372 21.098815532694935
273169.3585502451 21.690878316619962
317953.84866187116 22.006392929933728
370080.4893177696 22.666713116274355
430752.98239062977 23.025795490238043
501372.36950932984 23.750405691840996
583569.3847371673 24.279105796938087
679242.1112790868 24.720746388680496
790599.8117818797 25.138770269747305
920213.9443511695 25.694371219078143
1071077.5423406751 26.355857033079605
1246674.3291044345 26.65480440221275
1451059.1637011976 27.452424644020923
1688951.675193141 27.96416982478388
1965845.2477304465 28.505237443613126
2288133.873091688 29.652974849234933
2663259.7999430452 31.15422727808071
3099885.3893145667 32.983065794504896
3608093.144758695 35.623180688653804