2.231845011073057350e+01 1.681397451092398398e+01
2.597992482880542298e+01 1.681395175541567966e+01
3.024208629011677729e+01 1.681392089799260248e+01
3.520348073389412491e+01 1.681387904091020147e+01
4.097882149706904897e+01 1.681382224210390319e+01
4.770164132297983173e+01 1.681374512872690019e+01
5.552737979712189542e+01 1.681364036111929749e+01
6.463697729512870183e+01 1.681349788438153325e+01
7.524105853933230037e+01 1.681330386798698839e+01
8.758480249270384377e+01 1.681303918023929356e+01
1.019536111879110365e+02 1.681267714581934314e+01
1.186797085615583427e+02 1.681218014917137182e+01
1.381498218665010995e+02 1.681149427100208982e+01
1.608141232656173543e+02 1.681054030241663710e+01
1.871966383473132680e+02 1.680919734244719166e+01
2.179073622200136811e+02 1.680726868430565446e+01
2.536563633241428874e+02 1.680439395909089839e+01
2.952702010584941945e+02 1.679970888880550817e+01
3.437110368160252847e+02 1.678437157517087286e+01
4.000988802989422766e+02 1.679536872482073306e+01
4.657374854743208630e+02 1.678146199299517249e+01
5.421444949155404629e+02 1.674029081414210651e+01
6.310865295025348587e+02 1.680918538775349447e+01
7.346200347964421553e+02 1.678587135326853286e+01
8.551388285053832305e+02 1.676078075632477749e+01
9.954294483953008239e+02 1.675849571827787443e+01
1.158735580355343018e+03 1.664474690533680246e+01
1.348833056271245141e+03 1.680673949675060541e+01
1.570117155746696426e+03 1.699922647170464529e+01
1.827704230192248360e+03 1.699096712407441601e+01
2.127549998951515136e+03 1.698711352764881255e+01
2.476587252611695476e+03 1.698375540711316489e+01
2.882886147362650263e+03 1.695929810979337660e+01
3.355840796600657086e+03 1.687202847628525149e+01
3.906386473996498353e+03 1.706093832248346231e+01
4.547252450021011100e+03 1.705101809349640263e+01
5.293256307809091595e+03 1.701768920018621856e+01
6.161646543294788898e+03 1.702374531069434838e+01
7.172501370939831759e+03 1.707887939032200819e+01
8.349192955918075313e+03 1.711412667294698409e+01
9.718927806355766734e+03 1.715389674125433217e+01
1.131337582013862993e+04 1.712137189932044379e+01
1.316940253059557836e+04 1.714866749683677227e+01
1.532992148144974453e+04 1.719609006039128118e+01
1.784488643895876885e+04 1.725617299266646043e+01
2.077244638236854007e+04 1.725109122118447047e+01
2.418028997743249784e+04 1.732141427614337914e+01
2.814721061882238791e+04 1.741272468399302298e+01
3.276492822707131199e+04 1.751368728832014199e+01
3.814020992215990555e+04 1.758984187188323034e+01
4.439733860623968940e+04 1.783207134017088791e+01
5.168098653206035669e+04 1.808196206579860998e+01
6.015956029741898237e+04 1.827097126896792645e+01
7.002909460587857757e+04 1.850581321107794608e+01
8.151778482213223469e+04 1.884499605061119709e+01
9.489126312008078094e+04 1.912926413243128820e+01
1.104587402144384978e+05 1.958470773416151545e+01
1.285801546800025972e+05 2.001234450887555028e+01
1.496744951593455917e+05 2.052584779176466867e+01
1.742294878782651504e+05 2.102800296383055922e+01
2.028128734558630968e+05 2.158405258229048229e+01
2.360855337425073085e+05 2.221290040164881319e+01
2.748167721937735914e+05 2.265280864336977729e+01
3.199021010807756684e+05 2.313335066578250121e+01
3.723839467983295326e+05 2.358065006348198978e+01
4.334757520022877725e+05 2.418432299281751341e+01
5.045900318461090210e+05 2.475513193252825772e+01
5.873710330102005973e+05 2.521955794024219344e+01
6.837327506396134850e+05 2.565605743005930606e+01
7.959031821868766565e+05 2.603818166211799223e+01
9.264758413614245364e+05 2.634661925673878002e+01
1.078469723249351606e+06 2.703121047326220605e+01
1.255399107068352867e+06 2.739683966584024688e+01
1.461354810480503598e+06 2.775639542240319813e+01
1.701098774159181397e+06 2.909394461819113786e+01
1.980174163517749636e+06 3.019200661503742822e+01
2.305033533282826655e+06 3.093517931162966050e+01
2.683188018229430541e+06 3.175228479427723016e+01
3.123380999545140658e+06 3.309077303204850296e+01
3.635790262196016964e+06 3.643710430116649945e+01
