22.31786980425332 16.075592897133426
25.977993536556017 16.075589388031407
30.238376426800954 16.075584632472
35.19746079088951 16.07557818701316
40.969833454026784 16.075569450158437
47.688873445244724 16.075557605526356
55.50983391300654 16.07554154361
64.61342947401549 16.075519757166653
75.21001188611652 16.075490193280647
87.54443053025975 16.07545005374268
101.90169001000024 16.075395513959947
118.61353559556217 16.075321330520953
138.06611867868912 16.075220282930893
160.7089193597149 16.075082366139995
187.0651323361484 16.07489359382513
217.74375607376857 16.074634159664903
253.45366459803313 16.074275457833362
295.01998705491724 16.073774801002177
343.403173514655 16.07306402810152
399.7211875613861 16.07200986074517
465.2753384606277 16.0705018814229
541.580349794208 16.06837380445383
630.3993593420103 16.064998805276232
733.7846589334785 16.061006239387194
854.125115622146 16.054529598156282
994.2013699180922 16.046016625408797
1157.250086513418 16.061304755873596
1347.0387421067887 16.05046436707233
1567.9526784080313 16.07606702620923
1825.0964318085066 16.069335464258053
2124.4116810860255 16.063396057746917
2472.8145384968243 16.07475412166218
2878.355356564081 16.073461935822934
3350.404743130223 16.079729231802702
3899.8700828201886 16.072522003678113
4539.4475679575535 16.045682128911867
5283.915562472817 16.10260428828298
6150.4760774017395 16.10070802853005
7159.152248259583 16.077125442321393
8333.250998581596 16.083372403727754
9699.901580140728 16.084649514093936
11290.682433594198 16.161484127817676
13142.350854081877 16.193553571974117
15297.692321756655 16.201117060496905
17806.509122258627 16.208587503063644
20726.77110064074 16.208380607206834
24125.955138581634 16.39473772774152
28082.6043054463 16.47363380125676
32688.142709637625 16.46199921992712
38048.98798500709 16.560124887380763
44289.010224382466 16.68657932963903
51552.39417743187 16.900460721357376
60006.970848090736 17.165701349319455
69848.09547293448 17.414948615557257
81303.16148680245 17.735719604920313
94636.85477738577 18.079154452698848
110157.26963593924 18.531567076286805
128223.02772201474 19.07913481825957
149251.56453620535 19.543418028590985
173728.77487185155 20.040757323575246
202220.24011783826 20.51742727752897
235384.29683557167 21.155121909522677
273987.2485785318 21.721298240317726
318921.0724455162 22.317502819229006
371224.02950312954 22.823675994528188
432104.6553111762 23.316678868255558
502969.6848867809 23.792829601741342
585456.5573539762 24.194207047254306
681471.2513457458 24.560361198676304
793232.3254002794 25.12955419998081
923322.1809685702 25.702501209433855
1074746.7325393693 26.334866139164426
1251004.863646149 26.944587287431048
1456169.273637678 27.478061549109583
1694980.5832939218 28.25173444632308
1972956.8737337943 29.117429781433067
2296521.189669835 29.80616634889927
2673149.953157138 30.565550903697385
3111545.717151139 31.405983012805848
3621838.250595317 33.98234709231669