22.31644067680759 16.098741465475804
25.97323759933937 16.098737682638603
30.22924135446139 16.09873255107788
35.18263864376775 16.09872558750724
40.94770515156365 16.098716131521737
47.657441903562436 16.09870327874252
55.466643622266545 16.098685785136567
64.55546986649209 16.09866192921174
75.133601341809 16.098629302929652
87.44507726865734 16.098584485130957
101.77392540701213 16.098522481193687
118.45071462318477 16.098435627045976
137.86018116754747 16.098310814422245
160.45010460265308 16.09810789434442
186.7416381508613 16.09785512604111
217.3413317842771 16.096667069595885
252.95512543165168 16.098121869972122
294.40463512781116 16.097729245869303
342.64610782974194 16.097193324368245
398.7924821900342 16.096459308974623
464.1390642333287 16.095448358393696
540.1934102778167 16.094041145072744
628.7101065056692 16.09201727617883
731.7312475527657 16.089115949216666
851.633547965399 16.085825963941083
991.1831733929514 16.080682685870627
1153.5995564811135 16.074259221169847
1342.6296697087223 16.062682378016984
1562.6344686546915 16.048912010316442
1818.6894999553183 16.040386569334405
2116.70199499397 16.019353816256974
2463.547150693687 15.974270301322644
2867.226741432853 15.807152637265311
3337.0537212867193 16.110086116747162
3883.8670753986235 16.068629601859605
4520.281877137155 15.942227030323487
5260.980319898677 15.831003143456662
6123.0504377064535 16.578172180301635
7126.380328945849 16.569044994238467
8294.116978041635 16.57151711121129
9653.200260168325 16.54382515003917
11234.98444856947 16.539926386506394
13075.961562761247 16.558349975747443
15218.603245381459 16.584648345102032
17712.3405899204 16.58408444814814
20614.7045241193 16.61997985718829
23992.653057867523 16.780372936269373
27924.11601542431 16.814308340577533
32499.792889189608 16.876285164154144
37825.2452918041 17.03441571906822
44023.33227978992 17.16597089446381
51237.0447320464 17.343415572285977
59632.80417277514 17.515112170074616
69404.30214321848 17.7271814583526
80776.96869714375 18.019822005678307
94013.1731089942 18.351549623213906
109418.27677589298 18.734360923384386
127347.6779549368 19.259137133294825
148215.01085902058 19.793041502077816
172501.68826567114 20.341514435834526
200768.0077884348 20.83347546738861
233666.07803431284 21.332797430522554
271954.86285580776 21.851801827561715
316517.6907709326 22.31437549186717
368382.6334963595 22.757194519219823
428746.2237297972 23.102123382108218
499001.0593547102 23.78167367732067
580767.9309008874 24.017339297987363
675933.213446622 24.5390674007228
786692.3855997953 25.261771856930917
915600.6795478619 25.666432679254147
1065632.0306816576 26.16294953941327
1240247.6867704762 26.436980600502345
1443476.0595133023 26.90994647164242
1680005.6606545032 27.009710834645947
1955293.2667153545 27.61035161908512
2275689.8077194295 29.50717664573393
2648586.8841852886 31.2107142361237
3082587.2925574146 32.6474087892972
3587703.4931249367 35.543109192944186