2.231826638185395595e+01 1.720453519684141952e+01
2.597931336181485307e+01 1.720442254270746574e+01
3.024091169106773691e+01 1.720426602477580502e+01
3.520157469793390703e+01 1.720404645334443217e+01
4.097597565420718269e+01 1.720373414263413281e+01
4.769759862227773795e+01 1.720328087052086019e+01
5.552182414229640983e+01 1.720260269726423630e+01
6.462952108973237841e+01 1.720153797783951788e+01
7.523122773457572521e+01 1.719972235375910330e+01
8.757201865372863381e+01 1.719606880498772483e+01
1.019371700026695038e+02 1.718364617611713285e+01
1.186587541077622063e+02 1.719592745969837466e+01
1.381233158232434732e+02 1.721932200347509934e+01
1.607808081035585133e+02 1.721917901256088612e+01
1.871549933503924876e+02 1.721898147688041547e+01
2.178555509773571828e+02 1.721870552890908357e+01
2.535921710771087305e+02 1.721831124139880131e+01
2.951909599874530272e+02 1.721771065333680895e+01
3.436135369960553021e+02 1.721667178525372321e+01
3.999792636331343374e+02 1.721586718539296967e+01
4.655911194160577224e+02 1.721546694083378171e+01
5.419658222030390107e+02 1.721454457097223667e+01
6.308688894337312831e+02 1.721171308374713149e+01
7.343554507506315758e+02 1.720636999853272542e+01
8.548177554471263875e+02 1.721059621246702065e+01
9.950404729491067428e+02 1.720519125548773687e+01
1.158265064684917888e+03 1.719702261744686211e+01
1.348264715397334840e+03 1.718499480342733676e+01
1.569431556048836001e+03 1.713658487089471194e+01
1.826878194610313130e+03 1.717632527003668841e+01
2.126555901771853769e+03 1.717358617789346198e+01
2.475392183618093895e+03 1.716582680154077423e+01
2.881450921469804143e+03 1.711657825997578897e+01
3.354118780767765656e+03 1.723166752658422141e+01
3.904322198123869839e+03 1.719835761056013723e+01
4.544779962525205519e+03 1.732170417690838704e+01
5.290297229489899109e+03 1.734748321005201532e+01
6.158107764759199199e+03 1.732973109183334515e+01
7.168272329009397254e+03 1.733384183300350401e+01
8.344142412852223060e+03 1.736990098275463978e+01
9.712900042063687579e+03 1.739501108439344534e+01
1.130618613146044845e+04 1.736727291006950935e+01
1.316083191277944206e+04 1.733505203595962385e+01
1.531971034462884745e+04 1.740268068931865386e+01
1.783272718614663609e+04 1.746476263423238251e+01
2.075797464454199508e+04 1.746007035658664464e+01
2.416307426483750532e+04 1.749350753656726098e+01
2.812674010475144678e+04 1.762243961614016996e+01
3.274059832988532071e+04 1.763741217544437845e+01
3.811130529192769609e+04 1.779005831122122316e+01
4.436301305247413984e+04 1.804807103458924189e+01
5.164023934679685044e+04 1.822244232305284584e+01
6.011120833114251582e+04 1.831573058570579349e+01
6.997173934001420275e+04 1.862143963807970337e+01
8.144977354797805310e+04 1.890291346358973357e+01
9.481064317666798888e+04 1.925500542613621491e+01
1.103632050527243118e+05 1.967145309012855847e+01
1.284669803031888150e+05 2.015589222723945895e+01
1.495404652332765691e+05 2.065596048449936362e+01
1.740708055051071860e+05 2.112220227345227741e+01
2.026250572507526958e+05 2.164315175591996265e+01
2.358632954373625689e+05 2.219296895866406416e+01
2.745538725041664438e+05 2.266802537880177937e+01
3.195911799979599891e+05 2.308395325503402873e+01
3.720163237942981650e+05 2.371782097455206895e+01
4.330411908435882069e+05 2.424920547128171222e+01
5.040764637815252645e+05 2.471414070269486274e+01
5.867642310042147292e+05 2.506541324579442431e+01
6.830159460394673515e+05 2.534334192566800681e+01
7.950566137028846424e+05 2.586706688706209434e+01
9.254762244689554209e+05 2.683416923946655075e+01
1.077289626040884992e+06 2.727423099020677455e+01
1.254006216141579906e+06 2.779797070565351191e+01
1.459711067580671515e+06 2.844449975461444780e+01
1.699159360926911235e+06 2.916874608409584368e+01
1.977886307740823599e+06 2.972109589426082010e+01
2.302335105410343502e+06 3.099576510037394783e+01
2.680005881460121833e+06 3.177672902173006975e+01
3.119629070408811327e+06 3.377168157189343844e+01
3.631367231044104788e+06 3.679425582067431577e+01
