22.318729304919593 15.934523254970458
25.980854025871043 15.934513330916928
30.243871265772828 15.93449987610041
35.20637728959232 15.934481630998228
40.98314633615898 15.934456884595313
47.707785149128334 15.934423308979333
55.53582307142851 15.934377733715053
64.64830917176552 15.934315832489752
75.25599959854307 15.934231687731256
87.60423200749963 15.934117177011295
101.97859980019987 15.933961101447412
118.71155740876802 15.933747923253318
138.1901093957519 15.933455900455616
160.86476120478738 15.933054252807803
187.2599385775489 15.932498699757215
217.98611662019985 15.931724110049778
253.7539390438124 15.930631670919169
295.3906541325302 15.929064762660573
343.8592475751825 15.92675895688414
400.2807146698737 15.923223687861142
465.95998701937725 15.91740225324969
542.4161133572574 15.906316146583627
631.4173925353765 15.873455886433607
735.0222712384314 15.891763873833273
855.6269523193929 15.954049004559163
996.0208148548605 15.966815707427742
1159.450927690997 15.966129369449177
1349.6971485675306 15.957502371988166
1571.1595457335438 15.967475153836538
1828.9601639668313 15.956967872289521
2129.061488670024 15.943356651130554
2478.404347914505 15.939305579140502
2885.0684418694714 15.905274144395193
3358.459212386061 15.792714684429733
3909.525374708981 16.02374898778249
4551.01214245041 16.014728464160672
5297.756002484779 15.980366479398198
6167.0278574013555 15.96730404229217
7178.932471810006 15.96741789770094
8356.873461006984 15.970911091860863
9728.094576389702 15.950163952997737
11324.309806622265 16.2052809007641
13182.43686770917 16.200021001994525
15345.451046342467 16.290498873161823
17863.379144452152 16.305620676452133
20794.456513189587 16.272447787737885
24206.4739365523 16.37521812793237
28178.3455157544 16.3969605713938
32801.933816814584 16.55633148142592
38184.17449388984 16.62874921915719
44449.54952724242 16.791170594856318
51742.96627758537 17.030758005042852
60233.10894438741 17.241398439910068
70116.33994161007 17.469533357909068
81621.24142299533 17.735488049240203
95013.90199458136 18.143917834334754
110604.07088702443 18.57835766830411
128752.32192316011 19.064208070122184
149878.39297106565 19.51418580982493
174470.89375984616 19.913490369877337
203098.60658324562 20.602761481035785
236423.64125694236 21.092483228195555
275216.74858109275 21.654821406643492
320375.14648220176 22.198581551909204
372943.27112235775 22.624258217373917
434136.93291333795 23.179342350322496
505371.4361226909 23.787924964713685
588294.3124299769 24.219509361158135
684823.4255040833 24.601013397256626
797191.3278950297 25.23399201594494
927996.8961389617 25.83244237531232
1080265.4383076061 26.3353894559423
1257518.6641865422 26.905164208632048
1463856.1363723036 27.53389538002234
1704050.086112256 28.05974353273877
1983655.7868147395 28.862887477279138
2309140.037979138 30.190780768373568
2688030.7311584395 31.21783053032121
3129090.9571580747 31.97103407334535
3642521.681271404 33.20440654724174