22.318128242997542 16.083485390537213
25.97885362701286 16.08347600969135
30.240028573431722 16.08346329143254
35.20014167103626 16.083446044912144
40.97383607466654 16.083422651822424
47.69455925386397 16.08339090847407
55.51764736587101 16.08334781128851
64.62391554213804 16.08328925584351
75.22383707067357 16.083209614770684
87.56240806773046 16.083101136897838
101.92481007604496 16.082953071741684
118.64300146933022 16.082750352873905
138.10339001023814 16.08247151348471
160.75576389771538 16.082085093416197
187.12368772716007 16.081542430256782
217.81660364533508 16.0807581795203
253.54391739417784 16.079501119991782
295.1313948144119 16.07805638023434
343.54024778154843 16.077020062961715
399.88935070774954 16.072977320472077
465.48110109983566 16.06986443823019
541.8315218888282 16.070807726993717
630.7053012865435 16.060464183036935
734.1565800458676 16.048287156467833
854.5764288411631 16.070837032220062
994.7481131140836 16.057057148936483
1157.9114227218508 16.01594007668173
1347.8375532399473 16.056674931869214
1568.91626965169 16.022458471156423
1826.2573670401132 15.950863190219973
2125.808773344373 15.929902748890566
2474.4940238911286 15.993776065944187
2880.3722851514362 16.14614314270881
3352.824626354216 16.292717080138026
3902.7708442543444 16.257870168020414
4542.921852528947 16.21812402833358
5288.073469281059 16.127523681245492
6155.448392964854 16.452054371771784
7165.09427082617 16.4325649743753
8340.34706041912 16.518642845681505
9708.370393879144 16.51421054353866
11300.783411285604 16.50504847456245
13154.391574234134 16.546669369986837
15312.037350921742 16.572701870540083
17823.590434639547 16.62024513220297
20747.100382605244 16.591967655952597
24150.138316090844 16.703785596552283
28111.35869257707 16.795654544449334
32722.3172471935 16.841066514457417
38089.587121547214 16.894632856299072
44337.22209005132 17.03538828830297
51609.62381633409 17.262116891382
60074.87941066078 17.405614916513475
69928.64642937417 17.57625927978389
81398.67511039317 17.88717560686214
94750.07236725425 18.35801266586299
110291.42920845456 18.799217256310392
128381.95320521473 19.18380186027124
149439.77086047677 19.672366902185825
173951.59177189315 20.17594797003618
202483.95795672465 20.831731130891296
235696.33834443227 21.32904960681929
274356.3710901283 21.780908354819193
319357.606004668 22.335461891805437
371740.15718238393 22.83716029013503
432714.7431709004 23.2642579781595
503690.6703237697 23.719897029246077
586308.4061154996 24.17018929845809
682477.4952864064 24.84541302130405
794420.6951736106 25.279404328698618
924725.3503286233 25.486965528314336
1076403.1938436846 26.19091241286371
1252959.9575756546 26.660827830375506
1458476.4001694038 27.683459939022406
1697702.6256824043 28.21919128203683
1976167.872798053 28.99224635040231
2300308.3121871487 29.871722309181884
2677615.8057995206 31.02108361720579
3116811.066361138 32.82182878003808
3628045.219314267 34.847392178581366