22.317391932074166 16.265762433017727
25.976403200382528 16.26575366215794
30.235321639849438 16.265741747180943
35.19250404350383 16.26572554751345
40.962433130517915 16.26570349175464
47.67836144589087 16.26567340748602
55.49538873635438 16.265632264007863
64.59404387238044 16.265575782870275
75.18445403831768 16.26549781637399
87.51119747523546 16.265389288970614
101.85895184723498 16.265236217200044
118.55906867636455 16.265015473138554
137.99722567819146 16.264683703761666
160.62233372346046 16.26413728204333
186.95690412599345 16.262918044879793
217.60911568221528 16.26225684939071
253.28686014228856 16.26497651853679
294.8140904833539 16.264050539964668
343.1498495370067 16.262659465402663
399.4104184240778 16.260370657322923
464.8950962995912 16.25612506513022
541.1162067733816 16.24766998256251
629.8340239840265 16.262897343848813
733.0974249197545 16.256473877129714
853.2912068237281 16.247845700580346
993.1911624466468 16.24536282708185
1156.0281850717545 16.219541419117107
1345.5628837737315 16.27332786010868
1566.1724320995695 16.26539658980176
1822.9516558819973 16.25711537799157
2121.8306947390115 16.240569347009902
2469.711954570928 16.217620784551883
2874.629513878721 16.12091208821229
3345.9346652829636 16.271568977383097
3894.511877197171 16.381452445328577
4533.030163141921 16.355163547419096
5276.235663901187 16.38521235122548
6141.292199504657 16.38463361215877
7148.1776558498805 16.35862345024474
8320.145360240771 16.370744621470394
9684.261100993239 16.40214696904409
11272.02819320657 16.433076383293155
13120.115026164707 16.42386144723296
15271.201894574455 16.45641698926168
17774.9666706258 16.483459320772965
20689.232080292815 16.438226216210342
24081.301079432473 16.587012805187424
28029.5111692743 16.61678045808415
32625.04354714824 16.779649820419735
37974.02887354302 16.950000987666847
44199.99828673724 17.073969211821172
51446.73626950076 17.23115188925852
59881.60125286157 17.41440166917159
69699.39064399873 17.70504795240705
81126.8395384232 18.016877075987427
94427.85701111077 18.426970668208593
109909.62091513132 18.86578176739506
127929.67194295712 19.29837392421647
148904.1707829193 19.746610456571563
173317.50906416256 20.228669231008155
201733.4960482639 20.73188024409241
234808.3794164672 21.184188998081645
273306.00085866184 21.721319539317147
318115.4364720103 22.192100985754582
370271.529362105 22.665478836210433
430978.7886329602 23.17891885821504
501639.2066965742 23.804169572918752
583884.6373237113 24.41313955463796
679614.4821847116 24.84039085130267
791039.556225085 25.242426240931007
920733.1449165766 25.718773577974442
1071690.4325158019 26.347312633730485
1247397.6737852409 26.85666119008906
1451912.7066499093 27.498283500498253
1689958.6651741646 28.076334461722432
1967033.0570954136 28.6773164688117
2289534.724985343 29.43496996478961
2664911.6231194255 31.35811042817921
3101832.822859886 32.75326734233046
3610388.7188981483 35.2183380812744