1.080584898417125302e-03 1.291576831682851711e+01 7.221124603720101049e+02
1.254742546957172359e-03 1.291576845093173631e+01 6.218826682346569896e+02
1.456969148329548746e-03 1.291576863304029388e+01 5.355645709266050289e+02
1.691788569959592169e-03 1.291576887725098821e+01 4.612272073305641129e+02
1.964453790066486311e-03 1.291576920693638719e+01 3.972076294750625038e+02
2.281064408301773649e-03 1.291576965045293512e+01 3.420737006417871839e+02
2.648703095553608944e-03 1.291577024714922572e+01 2.945920588914972882e+02
3.075594035338234146e-03 1.291577105032775385e+01 2.537005260661080399e+02
3.571286901158329287e-03 1.291577212979796307e+01 2.184843464672036077e+02
4.146870485454836469e-03 1.291577357936534654e+01 1.881557236082414306e+02
4.815220759093539159e-03 1.291577552270431539e+01 1.620361967766950784e+02
5.591288910548706560e-03 1.291577812302639927e+01 1.395414636128448365e+02
6.492435808303438464e-03 1.291578159266683024e+01 1.201683088436865745e+02
7.538820368487111380e-03 1.291578620440220249e+01 1.034833468968685821e+02
8.753850515646083644e-03 1.291579230125255506e+01 8.911332641312114333e+01
1.016470682477016094e-02 1.291580030011100888e+01 7.673677967406393918e+01
1.180295055859808401e-02 1.291581067920044212e+01 6.607682995438555906e+01
1.370522970217203512e-02 1.291582392809557334e+01 5.689499559239897764e+01
1.591409878883782991e-02 1.291584041807140437e+01 4.898585167521795825e+01
1.847897085743500575e-02 1.291586010789171723e+01 4.217242906638301037e+01
2.145722283623383714e-02 1.291588191415925024e+01 3.630224637930179910e+01
2.491547908137687478e-02 1.291590239756913050e+01 3.124388349547364996e+01
2.893110178295038581e-02 1.291591303504824317e+01 2.688401507009112734e+01
3.359392157949950969e-02 1.291589449348112595e+01 2.312482805823347576e+01
3.900824709533318169e-02 1.291580428639609046e+01 1.988174544279542744e+01
4.529519835454826060e-02 1.291554895219955057e+01 1.708135984282069586e+01
5.259541627091784272e-02 1.291491687063099647e+01 1.465941640408815161e+01
6.107220882571447879e-02 1.291339805854328127e+01 1.255846685894212911e+01
7.091520431437378646e-02 1.290961331338493068e+01 1.072394539740305142e+01
8.234459338618074775e-02 1.289888720671835465e+01 9.092475088155131502e+00
9.561605477263040997e-02 1.285138063497756988e+01 7.499325249901265700e+00
1.110264748944277680e-01 1.292719360409962270e+01 6.576868181606266184e+00
1.289205892963856959e-01 1.316898515061358133e+01 5.899229367508585398e+00
1.496986944810360098e-01 1.312191916329989283e+01 5.547669646301454982e+00
1.738256026568970047e-01 1.329515520134814288e+01 4.625962383914919762e+00
2.018410397217001162e-01 1.315648108593516774e+01 4.083221741142439853e+00
2.343717190864603728e-01 1.275395817001224685e+01 3.662932366464598744e+00
2.721453614353190331e-01 1.277833966503372309e+01 3.120689134616519311e+00
3.160069740472328803e-01 1.301850921731993438e+01 2.740680107534309240e+00
3.669377538526316096e-01 1.300692616184945472e+01 2.332573957470952308e+00
4.260770370918763872e-01 1.326362366912094970e+01 1.995485372015733949e+00
4.947477865957135013e-01 1.301575691598298157e+01 1.739849614353010221e+00
5.744861868455393150e-01 1.257654189064406047e+01 1.435376294232035610e+00
6.670760088635176999e-01 1.250997231582469382e+01 1.274116794289817944e+00
7.745885136850534369e-01 1.225813421114046520e+01 1.090727668877395917e+00
8.994287870658169703e-01 1.215447080694653259e+01 9.446119106343404681e-01
1.044389541944090505e+00 1.197288509133421108e+01 8.228074794199223829e-01
1.212713592235035165e+00 1.188877642950705749e+01 7.344151219184039681e-01
1.408166395513689828e+00 1.155285588928776974e+01 6.344107701989187831e-01
1.635120287387449967e+00 1.147281854803798140e+01 5.687032202003945436e-01
1.898652291905245093e+00 1.142807099874322319e+01 5.234909379443030142e-01
2.204657696050496440e+00 1.124086319157396296e+01 4.632778827286981871e-01
2.559981929012021151e+00 1.092453548797385210e+01 4.263024649198356442e-01
2.972573696410239386e+00 1.072680198646003191e+01 3.899181340047007671e-01
3.451662795135512329e+00 1.039558758761472745e+01 3.710195475038505775e-01
4.007966586567842882e+00 9.905317955141958564e+00 3.486742629842056740e-01
4.653929747043446419e+00 9.462647668999080608e+00 3.410970824059191275e-01
5.404002658855312724e+00 8.866030443941623318e+00 3.329533746033139230e-01
6.274964669474768719e+00 8.446041133935780820e+00 3.417782495802888509e-01
7.286299450396112931e+00 7.932770851698068171e+00 3.460940943662677571e-01
8.460630852489963161e+00 7.299116500238998384e+00 3.405991936438377832e-01
9.824229008075356262e+00 6.840982191173110571e+00 3.573253247999956805e-01
1.140759800136001090e+01 6.371691805738338488e+00 3.542409626447667326e-01
1.324615825360600319e+01 5.927830749643951513e+00 3.620330889418152398e-01
1.538103888817399501e+01 5.393519844768738913e+00 3.537060896311630120e-01
1.785999780088070210e+01 4.987071764771454419e+00 3.639118138879851028e-01
2.073849001790880209e+01 4.814723881387455329e+00 3.736322941485868410e-01
2.408090824074429293e+01 4.712064348954702275e+00 3.816086961252592169e-01
2.796202332948927349e+01 4.148267793539480053e+00 3.901010449959028681e-01
3.246865694857759621e+01 3.606965400999705640e+00 3.612785130303726722e-01
3.770162379246082196e+01 3.477593221608132001e+00 3.571410499256263971e-01
4.377798683941306734e+01 3.145597224652847856e+00 3.615071795751327866e-01
5.083367608413369965e+01 2.858961627204292810e+00 3.799702057083170215e-01
5.902652933095162524e+01 2.610783857619456860e+00 4.187169022513477223e-01
6.853982307105201244e+01 2.378396406065046431e+00 3.830344600113778641e-01
7.958637243046884180e+01 2.200898340780152118e+00 3.684918686981721314e-01
9.241329190586250775e+01 1.886904865042589696e+00 3.817917241195132871e-01
1.073075233871146281e+02 1.470186082935785121e+00 4.038604746478227647e-01
1.246022551302024510e+02 1.365391975930470236e+00 4.106733484057314421e-01
1.446843752746266887e+02 1.367144338138484461e+00 8.312904899694932848e-01
