1.081269098193059523e-03 1.249299045420602994e+01 7.722671193047787028e+02
1.257016627221405579e-03 1.249299103048950066e+01 6.642938625385985461e+02
1.461329842637335702e-03 1.249299180914696095e+01 5.714166749336685598e+02
1.698851759584820310e-03 1.249299286217143923e+01 4.915249239241327928e+02
1.974980060515122739e-03 1.249299428452712313e+01 4.228030702864233490e+02
2.295989757449798645e-03 1.249299620723967763e+01 3.636894109075661845e+02
2.669175791546692968e-03 1.249299880577884991e+01 3.128405886231891486e+02
3.103018810542185375e-03 1.249300231747166379e+01 2.691010645919535023e+02
3.607377891359914851e-03 1.249300706386810056e+01 2.314768587328116780e+02
4.193714587504717914e-03 1.249301347851417354e+01 1.991129614282162663e+02
4.875353392715894331e-03 1.249302214812669121e+01 1.712739035332210165e+02
5.667784539912884730e-03 1.249303386562869811e+01 1.473270428120646329e+02
6.589016016535454053e-03 1.249304970244193669e+01 1.267281871298251303e+02
7.659982795822381160e-03 1.249307110735155568e+01 1.090092277280528208e+02
8.905022583804055730e-03 1.249310003860498419e+01 9.376750141658945381e+01
1.035242889335322679e-02 1.249313914386184265e+01 8.065664006130448627e+01
1.203509401389441305e-02 1.249319200325100176e+01 6.937869934674580463e+01
1.399125648825019427e-02 1.249326345855455322e+01 5.967738796101971843e+01
1.626537008302596926e-02 1.249336005941866112e+01 5.133224332473164964e+01
1.890911399987375147e-02 1.249349066858725976e+01 4.415362149634731992e+01
2.198256728467275559e-02 1.249366728391984971e+01 3.797838737950326760e+01
2.555557412305998338e-02 1.249390615664479931e+01 3.266620726200184066e+01
2.970933104863394264e-02 1.249422931590707364e+01 2.809635938468174743e+01
3.453823213311704721e-02 1.249466665287222611e+01 2.416498997592385933e+01
4.015201409039899361e-02 1.249525877962423337e+01 2.078275225364178880e+01
4.667825004192249772e-02 1.249606096711065462e+01 1.787277449457450018e+01
5.426524861419688983e-02 1.249714859417141710e+01 1.536891055312255006e+01
6.308542425039281865e-02 1.249862471879536940e+01 1.321423224727742429e+01
7.333921532630482965e-02 1.250063061141893783e+01 1.135972772567524025e+01
8.525963910981565475e-02 1.250336028685109646e+01 9.763172812665537492e+00
9.911758707525655798e-02 1.250707978856456570e+01 8.388141814574305855e+00
1.152279809086129148e-01 1.251214909428174771e+01 7.203115016165868134e+00
1.339569290987130123e-01 1.251902838871700574e+01 6.180601292401950886e+00
1.557300467478411332e-01 1.252815716013854797e+01 5.296022233616087149e+00
1.810421276693612858e-01 1.253886832231816761e+01 4.525009590514181390e+00
2.104683885706448709e-01 1.253046263270272043e+01 3.816288657904782777e+00
2.446775408452104561e-01 1.265883721536228101e+01 3.338743791939720928e+00
2.844469870303819592e-01 1.295392043380980418e+01 2.897431998851348833e+00
3.306804872697661768e-01 1.258169521881050734e+01 2.412750978729016893e+00
3.844286972506770761e-01 1.271335055008855619e+01 2.088706649313372132e+00
4.469130443408677600e-01 1.261472711030346083e+01 1.743424666539214130e+00
5.195534845094622600e-01 1.239465252123561534e+01 1.574395980183542987e+00
6.040007708077537174e-01 1.228608739574107034e+01 1.366881658888102535e+00
7.021739667106720040e-01 1.189820871275691339e+01 1.156629339489002151e+00
8.163040568091117777e-01 1.176772724354224842e+01 1.031853367953331047e+00
9.489846459055373273e-01 1.182436686408286519e+01 8.863759300789945117e-01
1.103230898649143477e+00 1.189141154882107543e+01 8.036790858457708575e-01
1.282548059113013394e+00 1.175971825355774314e+01 6.972247068476972176e-01
1.491011107419760506e+00 1.159543326097295690e+01 6.158311141685508527e-01
1.733357363611438329e+00 1.141382025085919416e+01 5.444543675748854117e-01
2.015094143185440778e+00 1.126812232975083639e+01 4.800040815184464238e-01
2.342623910767035245e+00 1.096438199705966454e+01 4.312329457076385375e-01
2.723389776034107257e+00 1.072651682194945266e+01 4.059704890372596853e-01
3.166044638287088819e+00 1.038336538889358174e+01 3.731519460007155509e-01
3.680647823472214419e+00 9.992683745350653624e+00 3.595851668705419280e-01
4.278893682231885265e+00 9.771091209453153681e+00 3.491953035155429541e-01
4.974377343869816670e+00 9.337424151449331688e+00 3.399915614745623871e-01
5.782903665486394118e+00 8.783273666071799823e+00 3.389932639719087648e-01
6.722846397149231379e+00 8.137039598137496554e+00 3.302198765992909180e-01
7.815565725122786134e+00 7.679141338135658579e+00 3.375401633047300787e-01
9.085893681821417545e+00 7.280563519757897062e+00 3.564991582448204244e-01
1.056269845342071534e+01 6.733347762423519178e+00 3.577994801211112907e-01
1.227954040901016697e+01 6.263649218216146508e+00 3.528711731491062653e-01
1.427543475954114527e+01 5.928942843932139439e+00 3.641989128191468472e-01
1.659573817798468909e+01 5.229557730281117145e+00 3.518575888477425972e-01
1.929317952913057610e+01 4.812093512609734169e+00 3.635885257745699040e-01
2.242905813234905565e+01 4.655323996473079262e+00 3.838231744603887718e-01
2.607463678782050920e+01 4.238226177198376021e+00 3.568469125826713717e-01
3.031276122273603235e+01 3.991422133306404163e+00 3.695111526361274379e-01
3.523974275936262757e+01 3.722116142696500596e+00 3.430927526834489094e-01
4.096754698858023147e+01 3.178497575470712544e+00 3.313790640939429100e-01
4.762633818646769157e+01 3.211374012801388567e+00 3.729589772784557833e-01
5.536743729577148798e+01 2.763339073093946219e+00 3.428294896553312765e-01
6.436676069234772513e+01 2.630361971947498212e+00 3.489672527679000269e-01
7.482881788249893873e+01 2.320824829672930356e+00 4.120377069753188848e-01
8.699135897882567292e+01 1.765360954564878071e+00 3.807099593613132438e-01
1.011307775684214221e+02 1.538680535572708452e+00 3.240179330789184076e-01
1.175683917535185401e+02 1.227529729588292762e+00 3.256624861555263428e-01
1.366777461011522519e+02 6.895703700763307076e-01 4.702802695590251880e-01
1.588931004385534322e+02 6.973521828835765879e-01 5.184775408790420759e-01