2.200143522864719614e+01 1.031362329604659323e+01
2.493460841621332946e+01 1.031286007300992402e+01
2.825882449979264521e+01 1.031186382212704977e+01
3.202621628462508596e+01 1.031055647843372824e+01
3.629586678374082709e+01 1.030882819277722007e+01
4.113473580129114282e+01 1.030651914303060401e+01
4.661871004551969122e+01 1.030338480428365067e+01
5.283379324001936084e+01 1.029901795045903690e+01
5.987745489747597105e+01 1.029245199390226695e+01
6.786015890836225140e+01 1.028297242363790787e+01
7.690709591703591741e+01 1.026136486609482290e+01
8.716014665363992719e+01 1.026285053916412160e+01
9.878010701222186185e+01 1.020524583897404014e+01
1.119492097703866875e+02 1.023603819655986058e+01
1.268739824979477362e+02 1.035266858636557075e+01
1.437884864744047491e+02 1.034458771047505898e+01
1.629579874103385464e+02 1.032944165133891268e+01
1.846831155396789086e+02 1.031931766250363047e+01
2.093045803244775129e+02 1.028708465867572919e+01
2.372085137116581279e+02 1.023884670529603369e+01
2.688325257386329667e+02 1.027268052206146720e+01
3.046725674562534323e+02 1.022693769365726624e+01
3.452907087985064436e+02 1.015841845285363831e+01
3.913239533772402297e+02 1.006036058686863299e+01
4.434942284420218357e+02 9.884811426341318708e+00
5.026197066750366389e+02 9.472518221202788524e+00
5.696276373777565141e+02 9.638312814597293610e+00
6.455688882774965123e+02 1.399261405824681326e+01
7.316344260091847218e+02 1.397994701656422123e+01
8.291739937313959672e+02 1.413742535510082021e+01
9.397172787927862601e+02 1.422667218460881600e+01
1.064997902415860835e+03 1.426927080499173606e+01
1.206980607621972467e+03 1.423025282856994167e+01
1.367892071778609761e+03 1.411446348833016984e+01
1.550255826994046629e+03 1.375791393979807253e+01
1.756931836006695448e+03 1.420023111188735321e+01
1.991161344227420386e+03 1.536117952978368884e+01
2.256617711337572473e+03 1.540104510393753401e+01
2.557464019621308580e+03 1.585933316102874358e+01
2.898418362488492676e+03 1.587840820575467404e+01
3.284827837090904268e+03 1.595697295649295100e+01
3.722752401438442121e+03 1.597790008296368924e+01
4.219059911124393693e+03 1.615512429180809306e+01
4.781533826095717814e+03 1.636662099408444959e+01
5.418995276605226536e+03 1.631321980453011022e+01
6.141441402673854100e+03 1.636622197771696108e+01
6.960202136604352745e+03 1.653474138100622781e+01
7.888117887325295669e+03 1.663676517224583051e+01
8.939740913142142745e+03 1.687521298589724950e+01
1.013156354097117219e+04 1.713827249335714242e+01
1.148227681115843006e+04 1.713577876738014538e+01
1.301306360414225492e+04 1.710400066585554057e+01
1.474793084598763016e+04 1.765565980127396273e+01
1.671408600268420560e+04 1.777293226140254845e+01
1.894236376766900139e+04 1.760191016512502671e+01
2.146770963420168482e+04 1.811651065185252918e+01
2.432972793633075344e+04 1.853133277877324048e+01
2.757330295323260361e+04 1.874671561607750903e+01
3.124930281753930467e+04 1.883220644558573298e+01
3.541537726686407404e+04 1.914786890955156551e+01
4.013686174945125822e+04 1.952885186860859434e+01
4.548780206280179846e+04 1.978957125345834100e+01
5.155211559441176360e+04 2.005350053545340216e+01
5.842490737605663162e+04 2.025836032749860749e+01
6.621396159095394250e+04 2.088001676575356313e+01
7.504143192471822840e+04 2.106990061939320924e+01
8.504575726943739573e+04 2.131181723304381492e+01
9.638383282435241563e+04 2.180559542422331276e+01
1.092334706419408030e+05 2.220045083531445584e+01
1.237961882074999885e+05 2.262618248520585240e+01
1.403003687847893452e+05 2.303070175114350349e+01
1.590048430905998684e+05 2.354941271304108241e+01
1.802029484687090444e+05 2.416693369448314854e+01
2.042271292221787444e+05 2.469581965311469673e+01
2.314541502497943584e+05 2.513337952013412391e+01
2.623110057507318561e+05 2.563310835075927230e+01
2.972816156621133559e+05 2.651133372840794422e+01
3.369144148479176220e+05 2.764091408074374101e+01
3.818309540584921488e+05 2.834583744573905051e+01
4.327356475472550956e+05 3.191912212434474228e+01
