2.198757596910740375e+01 1.141747139030504776e+01
2.488935390239470635e+01 1.139853654822823614e+01
2.817408970179439009e+01 1.138522994512060116e+01
3.189232366728426271e+01 1.136343686241533923e+01
3.610126608044554075e+01 1.132769664114485586e+01
4.086567746545478030e+01 1.127767942067862705e+01
4.625886502122276056e+01 1.120498894301211124e+01
5.236381055619658298e+01 1.109238694622630206e+01
5.927444728069480107e+01 1.089412520039372367e+01
6.709710510202918954e+01 1.034186584680841747e+01
7.595214666032022421e+01 1.122329522941799773e+01
8.597581927772816357e+01 1.409342012652379594e+01
9.732235131595430744e+01 1.405583098907603024e+01
1.101663251974342330e+02 1.403290753151562242e+01
1.247053636025052867e+02 1.402451846963627524e+01
1.411631701734862645e+02 1.392226909725831163e+01
1.597929715111974360e+02 1.382767458448928899e+01
1.808814134238974418e+02 1.413953289326597762e+01
2.047529713779319422e+02 1.410194187947791278e+01
2.317749430111065578e+02 1.390692497833840946e+01
2.623630995256536380e+02 1.373739334461307848e+01
2.969880829154579374e+02 1.401588688710390329e+01
3.361826474579158912e+02 1.478258348990844340e+01
3.805498568910114727e+02 1.495848186833905302e+01
4.307723634007551254e+02 1.522411751377376277e+01
4.876229111893150048e+02 1.530353021442619621e+01
5.519762262360719660e+02 1.541123336977626934e+01
6.248224751923664826e+02 1.524658808705424029e+01
7.072825004940447116e+02 1.578631132000459125e+01
8.006250661055282762e+02 1.577224330314344947e+01
9.062863792455425482e+02 1.587659010234637336e+01
1.025892188463825732e+03 1.594407542885429763e+01
1.161282798078942960e+03 1.608755058663457049e+01
1.314541383859665984e+03 1.605104305769810580e+01
1.488026045626671703e+03 1.611634103904559012e+01
1.684406089949108264e+03 1.631027020155536178e+01
1.906703101196570060e+03 1.645180803295415828e+01
2.158337432882623943e+03 1.646667579869291131e+01
2.443180834634883468e+03 1.652583620544100640e+01
2.765616024531888343e+03 1.670075586257940969e+01
3.130604123411357250e+03 1.684453985996694314e+01
3.543760988721875947e+03 1.685744097993748269e+01
4.011443622422174485e+03 1.714809042526528771e+01
4.540847982435549056e+03 1.710949963198253343e+01
5.140119702626839171e+03 1.733740726785183739e+01
5.818479424885183107e+03 1.740035345661920374e+01
6.586364671723671563e+03 1.747679135390658089e+01
7.455590442306270234e+03 1.768411356893894038e+01
8.439531002898695078e+03 1.774857474453720840e+01
9.553325668846116969e+03 1.779556726696356606e+01
1.081411174432409643e+04 1.775483716370624165e+01
1.224128820396984884e+04 1.757931154575103960e+01
1.385681417350818811e+04 1.833042204189484892e+01
1.568554680191811713e+04 1.850634133623329092e+01
1.775562372378077998e+04 1.858364134354092911e+01
2.009889599653196274e+04 1.887534841164536559e+01
2.275141817397054547e+04 1.906140920579128561e+01
2.575400305649590882e+04 1.941116641475181837e+01
2.915284965369028941e+04 1.936811170041124797e+01
3.300025402133760508e+04 1.960538681111286152e+01
3.735541391011002997e+04 1.992576510559172931e+01
4.228533960657921125e+04 2.008180506611770966e+01
4.786588498112750676e+04 2.043646482047092761e+01
5.418291460688767256e+04 2.058522228024420642e+01
6.133362490748478012e+04 2.100726749390784320e+01
6.942803966130383196e+04 2.116893032445162959e+01
7.859070287272949645e+04 2.161822903303946575e+01
8.896259505757244187e+04 2.167751874501733056e+01
1.007033024274407362e+05 2.228946449860528034e+01
1.139934723490215838e+05 2.249961945881283043e+01
1.290375928589832038e+05 2.273396594051100550e+01
1.460671390012590855e+05 2.320191070746506767e+01
1.653441343975583150e+05 2.367205381438973077e+01
1.871651828508955077e+05 2.431742324795187926e+01
2.118660320140540716e+05 2.489666420754968357e+01
2.398267393414694816e+05 2.566621277024750825e+01
2.714775198099986883e+05 2.599110204407658742e+01
3.073053653840192128e+05 2.671304850931331032e+01
3.478615380746796145e+05 2.989720826575619128e+01
3.937700518846019404e+05 3.301915448532096775e+01
