2.199560861483461238e+01 1.358897571087903877e+01
2.491557828909834527e+01 1.358729744583295940e+01
2.822318092446459303e+01 1.358511666553051889e+01
3.196987572403994449e+01 1.358227149514425136e+01
3.621395322327394695e+01 1.357853906992244930e+01
4.102144216567350554e+01 1.357360494594730405e+01
4.646713676843826590e+01 1.356700955626398297e+01
5.263576036006718084e+01 1.355804484203177651e+01
5.962328349364177171e+01 1.354552465232357505e+01
6.753841704280146985e+01 1.352715201767849962e+01
7.650430350978255944e+01 1.349696488898267788e+01
8.666043285864597578e+01 1.341112088450225670e+01
9.816481267995047233e+01 1.348158185233477013e+01
1.111964264499790005e+02 1.347832855642064054e+01
1.259580181297589263e+02 1.332467851268379455e+01
1.426792464262655642e+02 1.343726158520879110e+01
1.616202577893480736e+02 1.349597288436077847e+01
1.830757337325461265e+02 1.326439987939334308e+01
2.073794754454298186e+02 1.373776532832258113e+01
2.349095970241971258e+02 1.348285176357220294e+01
2.660944081160600376e+02 1.404154706595133462e+01
3.014190774987489476e+02 1.402965955588858904e+01
3.414331812661395134e+02 1.405407953286631439e+01
3.867592530535838478e+02 1.407614608598223072e+01
4.381024693261128959e+02 1.432236447898384490e+01
4.962616204118229462e+02 1.431596441645738516e+01
5.621415379661937095e+02 1.457147763950105102e+01
6.367671722120323921e+02 1.467338997939913625e+01
7.212995379667041789e+02 1.490720022211114504e+01
8.170537775426324743e+02 1.490878499616475672e+01
9.255196215410602463e+02 1.494240850875013571e+01
1.048384565865142122e+03 1.486036892950032318e+01
1.187560125536982696e+03 1.499874290629441731e+01
1.345211573771706298e+03 1.576537675763568025e+01
1.523791628984764884e+03 1.584985701885267062e+01
1.726078613830076620e+03 1.586534916505167914e+01
1.955219679941781578e+03 1.582405538614899854e+01
2.214779770863894555e+03 1.576190919377095412e+01
2.508797084926018215e+03 1.584903640890187582e+01
2.841845900948530016e+03 1.636011412224764783e+01
3.219107744210456985e+03 1.644305312227423954e+01
3.646451999869860629e+03 1.641577682646966352e+01
4.130527228008687416e+03 1.652191307848429602e+01
4.678864600968291597e+03 1.649332226297218895e+01
5.299995072238783905e+03 1.683402547823649797e+01
6.003582099798781201e+03 1.703013759563875240e+01
6.800571988796082223e+03 1.708152052092081519e+01
7.703364192578950679e+03 1.717143982009654479e+01
8.726004221596798743e+03 1.725216831771277626e+01
9.884402161419004187e+03 1.704337975251796422e+01
1.119658019954361953e+04 1.787154139353734195e+01
1.268295301198216839e+04 1.793988745926739270e+01
1.436664537183453285e+04 1.809969707918358850e+01
1.627385192116210237e+04 1.819313111109737591e+01
1.843424470343790745e+04 1.857737657041725043e+01
2.088143479690467211e+04 1.871471796641905883e+01
2.365349523086578483e+04 1.879238778221261441e+01
2.679355332036499749e+04 1.888512955457637688e+01
3.035046163471231193e+04 1.889571632603408347e+01
3.437955803868702060e+04 1.928135207629589232e+01
3.894352663102919178e+04 1.974024201958005520e+01
4.411337297457593377e+04 1.997720116775380816e+01
4.996952879053157812e+04 2.017209395873464572e+01
5.660310330354570033e+04 2.031172154423851239e+01
6.411730070584447822e+04 2.039768978925744491e+01
7.262902579311697627e+04 2.112012253061360667e+01
8.227070275240742194e+04 2.145256098012121981e+01
9.319233539845197811e+04 2.181524310116932241e+01
1.055638409113191592e+05 2.199804159275338122e+01
1.195776933833059593e+05 2.241952494211579960e+01
1.354519183030098793e+05 2.283812164650420229e+01
1.534334845643266453e+05 2.329995121958173954e+01
1.738021467727588024e+05 2.389087103799760214e+01
1.968747976270805812e+05 2.441080552610071308e+01
2.230103980900828319e+05 2.497590400456913784e+01
2.526155620512813912e+05 2.557091623204942010e+01
2.861508823669623816e+05 2.670229126179274459e+01
3.241380966971816379e+05 2.786709546120093961e+01
3.671682046247705584e+05 2.981276910469180308e+01
4.159106623413127381e+05 3.220871790333881535e+01
