1.064575861237026470e-03 6.079891673847639844e+00 1.071514946066250360e+02
1.202067667420086885e-03 6.079735388075831359e+00 9.488521631578549886e+01
1.357316777197758312e-03 6.079535841674511332e+00 8.402059925449795230e+01
1.532616576915778704e-03 6.079280959412677099e+00 7.439714290342665493e+01
1.730556647716738165e-03 6.078955232024065403e+00 6.587267924482664228e+01
1.954061019608278101e-03 6.078538699381191179e+00 5.832127157448824306e+01
2.206431366110091913e-03 6.078005607182447534e+00 5.163135260710688357e+01
2.491395777563987137e-03 6.077322615913167247e+00 4.570407413247196615e+01
2.813163833600959562e-03 6.076446386534517075e+00 4.045184349005074154e+01
3.176488788312233948e-03 6.075320281335971906e+00 3.579702469050131697e+01
3.586737786742275058e-03 6.073869780840434274e+00 3.167078412988811920e+01
4.049971149962814168e-03 6.071995989750439193e+00 2.801206245612664958e+01
4.573031899950732830e-03 6.069566214444677144e+00 2.476665510730795461e+01
5.163646846758159284e-03 6.066399900850798943e+00 2.188638404557721273e+01
5.830540731264689802e-03 6.062246934383008323e+00 1.932834157737502068e+01
6.583565109662650044e-03 6.056752794324756550e+00 1.705418239723827156e+01
7.433843883595655719e-03 6.049399863550613432e+00 1.502942863089926284e+01
8.393937625765235389e-03 6.039402651871039751e+00 1.322272589676549792e+01
9.478029128472578724e-03 6.025506614040483377e+00 1.160492180338140145e+01
1.070213291607405998e-02 6.005563549719008520e+00 1.014765461759494158e+01
1.208433181633128406e-02 5.975511490681494564e+00 8.820549541106645464e+00
1.364504408535846883e-02 5.926401898610134111e+00 7.583732402987576116e+00
1.540732503221690745e-02 5.832272046795885068e+00 6.358053125190608945e+00
1.739720759884531148e-02 5.508954437665487980e+00 4.670381128642191904e+00
1.964408692647486715e-02 6.110100622854605312e+00 5.551496472634699586e+00
2.218115458945912194e-02 6.578845137066458015e+00 5.855829273461396589e+00
2.504588891115101107e-02 6.518662012731947897e+00 4.782981355229178888e+00
2.828060860491995315e-02 6.668701950925302491e+00 4.425206765137001952e+00
3.193309791885988458e-02 7.032464583906752331e+00 4.294750696977531312e+00
3.605731251901323625e-02 6.593643936548355455e+00 4.016660389263913444e+00
4.071417653862902802e-02 6.561750717952441470e+00 3.450066226056031748e+00
4.597248256770564145e-02 6.355561005559148491e+00 3.074110139747235237e+00
5.190990787773321069e-02 6.326510813159193169e+00 2.712977778863366662e+00
5.861416189361186302e-02 6.983716698255757471e+00 2.887438159909975433e+00
6.618428186354483045e-02 6.344287377688845098e+00 2.309716188652464197e+00
7.473209586692985962e-02 6.419864538464560511e+00 2.316989907858435949e+00
8.438387477223990851e-02 6.336617604434246154e+00 2.099973446582042769e+00
9.528219754810945963e-02 6.780046690958625000e+00 2.090994649263769656e+00
1.075880574825608116e-01 6.612962373953859441e+00 2.506243821646036096e+00
1.214832404240709929e-01 6.616167934371888215e+00 2.141062594576243594e+00
1.371730101765692156e-01 6.457220763822160592e+00 1.926978146303956807e+00
1.548891407178238921e-01 6.590312326814276922e+00 1.679701519576125568e+00
1.748933400340568489e-01 6.853476755838657120e+00 1.924006133987472777e+00
1.974811161486955680e-01 6.701424593327844015e+00 1.751010083629826131e+00
2.229861424553980509e-01 6.667314378994172230e+00 1.611924356339863973e+00
2.517851868413573113e-01 6.013720317121895143e+00 1.328378180118141794e+00
2.843036774153698820e-01 6.290645831065023508e+00 1.261137094620445653e+00
3.210219870592723734e-01 5.907305911781676855e+00 1.154888603057656393e+00
3.624825296400206454e-01 6.210066429179732950e+00 1.136042587465927900e+00
4.092977727097812934e-01 6.489691580264647541e+00 1.168427584732467439e+00
4.621592850600428903e-01 6.445997419640488779e+00 1.028029373720898088e+00
5.218479527829240627e-01 6.151133810224205689e+00 9.321807073765954188e-01
5.892455147543971261e-01 6.174238683602494504e+00 9.215491802936047749e-01
6.653475879450376773e-01 5.845087024217343163e+00 8.485145981269275328e-01
7.512783749720954862e-01 5.629146544304706623e+00 8.000442042421790356e-01
8.483072711572492430e-01 5.627337405852216534e+00 7.377171779704266852e-01
9.578676164144716010e-01 5.722068642841048991e+00 7.194454365647310334e-01
1.081577868976515866e+00 5.660745215216551607e+00 6.911826333553546808e-01
1.221265513744648645e+00 5.373165824178900429e+00 6.521459016261288433e-01
1.378994058442929438e+00 5.305541524354224769e+00 6.295981828050313256e-01
1.557093516372318298e+00 5.219705381320165927e+00 6.231769730829164189e-01
1.758194826064982674e+00 5.279645228712601224e+00 5.925701834062138129e-01
1.985268716296243685e+00 5.073085155118005396e+00 5.745682383380301683e-01
2.241669590579755678e+00 5.008922087519370514e+00 5.665742734850949258e-01
2.531185079420835926e+00 4.844467595394167603e+00 5.277645951320707463e-01
2.858091992328660069e+00 4.558782237416322936e+00 5.342910818340882440e-01
3.227219496127204490e+00 4.335897209935318131e+00 5.158747515388055760e-01
3.644020452853877323e+00 4.292291240523543827e+00 5.111039397456307309e-01
4.114651971070632186e+00 4.104353784326002064e+00 5.030623186105765976e-01
4.646066360515662907e+00 4.063639431189787210e+00 5.144184456244244030e-01
5.246113833705015495e+00 3.899371310687818504e+00 4.546835167187670557e-01
5.923658471622974986e+00 3.573610982519060286e+00 4.627015420443774119e-01
6.688709166581099375e+00 3.363750775795580683e+00 5.039835883252378190e-01
7.552567476573036842e+00 3.338455548951551055e+00 5.369842706269273291e-01
8.527994575273954325e+00 2.875640356642732876e+00 5.332536885501857338e-01
9.629399763919961330e+00 2.647023227204726048e+00 5.124785218328534731e-01
1.087305332982146666e+01 2.344305390736222794e+00 5.216747272583746042e-01
1.227732689592015447e+01 2.204690974059235309e+00 6.451065339164047119e-01
1.386296481190525576e+01 1.899182850379169452e+00 6.340683398194036924e-01
1.565339059596000482e+01 1.615619125441566828e+00 7.013968822353510157e-01
