1.064696034580773533e-03 7.246490905695854856e+00 1.440086735902657722e+02
1.202459257523273879e-03 7.246510197672392906e+00 1.275023700213329647e+02
1.358047948936668206e-03 7.246534807346940887e+00 1.128861798597899337e+02
1.533768583070179402e-03 7.246566201217338410e+00 9.994342823712840129e+01
1.732226073648604047e-03 7.246606250805847971e+00 8.848224680194282143e+01
1.956362389573579243e-03 7.246657344604222395e+00 7.833272904912838897e+01
2.209500167190333285e-03 7.246722531423603009e+00 6.934441105595040256e+01
2.495391965635875529e-03 7.246805703733670612e+00 6.138404018794483363e+01
2.818275895438602900e-03 7.246911832144447452e+00 5.433359858016372357e+01
3.182938445017515199e-03 7.247047265910695479e+00 4.808855192552839242e+01
3.594785436432168697e-03 7.247220117969026099e+00 4.255629733926289049e+01
4.059922162243921953e-03 7.247440758851412923e+00 3.765478688860343937e+01
4.585243891451486545e-03 7.247722450558351959e+00 3.331130575306313801e+01
5.178538086176740982e-03 7.248082159989402307e+00 2.946138590574263461e+01
5.848599844379026233e-03 7.248541601592474848e+00 2.604783759846307234e+01
6.605362279941131079e-03 7.249128568840835563e+00 2.301988160438095576e+01
7.460043772904347698e-03 7.249878619764790422e+00 2.033236472347497426e+01
8.425314272716158404e-03 7.250837170187434566e+00 1.794503861358413488e+01
9.515483119799220818e-03 7.252061986018873085e+00 1.582187559965078805e+01
1.074671116974181516e-02 7.253625867386406689e+00 1.393037997689199514e+01
1.213725036467622198e-02 7.255618777245530282e+00 1.224081696268281050e+01
1.370771430329342094e-02 7.258147400281024453e+00 1.072518721289156751e+01
1.548138382047188968e-02 7.261328492701156989e+00 9.355498226419385333e+00
1.748455210648684754e-02 7.265286261855310457e+00 8.099906261955270637e+00
1.974691448190806983e-02 7.270457932178659988e+00 6.910646495676515677e+00
2.230200860627827922e-02 7.287399015258288593e+00 5.655677566392570021e+00
2.518771164630326242e-02 6.924614804412200897e+00 4.312955862375511984e+00
2.844680177366283591e-02 8.156572476801484228e+00 6.356537201058307218e+00
3.212759231618544237e-02 8.049017445186780861e+00 5.382717147584522799e+00
3.628464796315530178e-02 6.410989268272912156e+00 3.830841975954418555e+00
4.097959364190628673e-02 6.560222806315064936e+00 4.279120099548184619e+00
4.628202805663193115e-02 7.060542758418267617e+00 4.225641007625319467e+00
5.227055543187231201e-02 7.217143375767989255e+00 3.892038273284810668e+00
5.903395075542562653e-02 6.970021690610835208e+00 3.880843580690508166e+00
6.667247579445102768e-02 7.068974500747385648e+00 3.171164554417346793e+00
7.529936539361822834e-02 6.938671656446043556e+00 2.865579461132817585e+00
8.504250608844989012e-02 7.151598740442823399e+00 2.657956854446892780e+00
9.604633191791789315e-02 6.586946583239836173e+00 2.535799438960772978e+00
1.084739655401540520e-01 6.372361312634650332e+00 2.347537112697489547e+00
1.225096363915529341e-01 6.007699320559145129e+00 2.138920378518886611e+00
1.383614117364847240e-01 6.163271949526402338e+00 1.973019026721160474e+00
1.562642810931813009e-01 6.274018195803104270e+00 2.110972388474810391e+00
1.764836397598697482e-01 6.211821078823722253e+00 1.917483013724438301e+00
1.993192230815603594e-01 6.227365011019807994e+00 1.668470098337362151e+00
2.251095497797553913e-01 6.308286114908415954e+00 1.499053045439445953e+00
2.542369402137822365e-01 6.146646113995475780e+00 1.359507986852804828e+00
2.871331839653441520e-01 5.974165227530646938e+00 1.290186760926728571e+00
3.242859407635633184e-01 6.150987425866282443e+00 1.349912462043298289e+00
3.662459696389596120e-01 6.055557791767887998e+00 1.133210062129732965e+00
4.136352934726217345e-01 6.148953365906690394e+00 1.095453250954682600e+00
4.671564199732879952e-01 5.735064182458589954e+00 1.021662052113265107e+00
5.276027557757326791e-01 6.042393261519260150e+00 1.016413657302063234e+00
5.958703680408893311e-01 6.160637026102659952e+00 1.028797406389628577e+00
6.729712679137525022e-01 5.793672403785965486e+00 9.192212759556135371e-01
7.600484127553827074e-01 5.590842021668183115e+00 8.942729629854146989e-01
8.583926495447511407e-01 5.530264572973604409e+00 8.045086536893841789e-01
9.694618506224097487e-01 5.253203404199198623e+00 7.691910886162570682e-01
1.094902525447626562e+00 5.090666448339539407e+00 6.927315455191435101e-01
1.236574228745498161e+00 4.946008046914179168e+00 6.730035572937226318e-01
1.396577126874722241e+00 4.877217931572049636e+00 6.034002502703829096e-01
1.577283131064730837e+00 4.642810919004135783e+00 5.852191859756358250e-01
1.781371059046800820e+00 4.761085287709221348e+00 5.734379966363097880e-01
2.011866346321363963e+00 4.666756027268666784e+00 5.649867880794710029e-01
2.272185895748366491e+00 4.283463549144626015e+00 5.224217057023311517e-01
2.566188730318930578e+00 4.286737546362058282e+00 5.250784896212573605e-01
2.898233199993939913e+00 4.158564777876771146e+00 5.152165334596723323e-01
3.273241590653849453e+00 4.057605828200524734e+00 4.929993916934512499e-01
3.696773092934185989e+00 4.085621250982698349e+00 5.207505294621548320e-01
4.175106212649672521e+00 3.851397655862654812e+00 5.025225126988702717e-01
4.715331844473643841e+00 3.552621210707833654e+00 4.476565648358349914e-01
5.325458388613421690e+00 3.495860160477549883e+00 4.429537095810434644e-01
6.014530468749833325e+00 3.149249921663539897e+00 4.266792360138089157e-01
6.792763011136546680e+00 3.152225779652886306e+00 4.572682667326674610e-01
7.671692672471523977e+00 2.891227082287371797e+00 4.415920554090274064e-01
8.664348861334094209e+00 2.658324960747429966e+00 4.599404462385314196e-01
9.785446888439611968e+00 2.349790385675500026e+00 4.719493916536393052e-01
1.105160610900523288e+01 2.298730579826605336e+00 5.194882842846552107e-01
1.248159629100781309e+01 1.997785865918102255e+00 5.952160885130365342e-01
1.409661586154041757e+01 1.319267618173492140e+00 6.075267162663120502e-01
1.592060615604060736e+01 1.356965217439523030e+00 1.147357539960518036e+00