1.065835909515111882e-03 7.239951514547453115e+00 9.960285014670081694e+01
1.206176462508699952e-03 7.239740087528952373e+00 8.799378292925105427e+01
1.364995911398661325e-03 7.239468985521648747e+00 7.773276577893417993e+01
1.544727406021342061e-03 7.239121245751936051e+00 6.866258186532621721e+01
1.748124473478011778e-03 7.238675006777508969e+00 6.064425095051288395e+01
1.978303202792114530e-03 7.238102044314015160e+00 5.355489677653532254e+01
2.238789984097070036e-03 7.237365837632609100e+00 4.728585950128520921e+01
2.533575533729777972e-03 7.236418995970979040e+00 4.174102339623149760e+01
2.867176032906449193e-03 7.235199800027513284e+00 3.683533280269175236e+01
3.244702316639103308e-03 7.233627499873003686e+00 3.249347137289522891e+01
3.671938172882556820e-03 7.231595832638254784e+00 2.864868063486355965e+01
4.155428951472520636e-03 7.228963939336774835e+00 2.524169336586312440e+01
4.702581840363763768e-03 7.225543398793225158e+00 2.221975392324638676e+01
5.321779345422958038e-03 7.221079339891006477e+00 1.953568880240693062e+01
6.022507712312274129e-03 7.215222364263309096e+00 1.714696952616760584e+01
6.815502257915988238e-03 7.207486152386087142e+00 1.501465848932983427e+01
7.712911837820387098e-03 7.197183659572347736e+00 1.310199213669482177e+01
8.728484969525942064e-03 7.183338242501768001e+00 1.137194109207000814e+01
9.877780462841392883e-03 7.164615610562432124e+00 9.781520453744754207e+00
1.117840578436493301e-02 7.139776199752389196e+00 8.262116466739485077e+00
1.265028680785024173e-02 7.116535479811349596e+00 6.562162408456793550e+00
1.431597308309393198e-02 6.986828545250772571e+00 5.925509406826420467e+00
1.620098330013263616e-02 6.273486395739184651e+00 4.919321891917411094e+00
1.833419624133937956e-02 7.809640718391531067e+00 7.755626029977535474e+00
2.074829321089362993e-02 7.640702355488895314e+00 6.268307574858083875e+00
2.348025871974444498e-02 7.737376335061409982e+00 5.407025043363073991e+00
2.657194709667348026e-02 8.655796448344487359e+00 6.063779151385848110e+00
3.007072370606735795e-02 8.425812006236165885e+00 6.266785701520062091e+00
3.403019059600052854e-02 8.472707020986305793e+00 5.284477956192749737e+00
3.851100769372114985e-02 8.495258918488600486e+00 4.433168695262130754e+00
4.358182212944036737e-02 8.906127188029516972e+00 4.403198456175745790e+00
4.932031992587546099e-02 8.035767452834672753e+00 3.959313109186078261e+00
5.581441616566809594e-02 8.415621119054911503e+00 3.496372889584083765e+00
6.316360187031155871e-02 8.265686328110259495e+00 2.886056708653204961e+00
7.148046822507636566e-02 7.409214592904895369e+00 2.863916180279889367e+00
8.089243150140429384e-02 7.597550387042048214e+00 2.625333020985202825e+00
9.154368510297200556e-02 6.879382243235251160e+00 2.675707328536787166e+00
1.035974086412103645e-01 6.932632515415637187e+00 2.499252780323639733e+00
1.172382678838159581e-01 6.926579843139647252e+00 2.090976017547020671e+00
1.326752438760307184e-01 6.948668126995099392e+00 2.005352062995512163e+00
1.501448345774663018e-01 6.513055997200304148e+00 1.957355840482984721e+00
1.699146780642733778e-01 6.795787153771846612e+00 1.703570026679305460e+00
1.922876528049311806e-01 6.771326271997240909e+00 1.644818108356840947e+00
2.176065178268086764e-01 6.289174533062424466e+00 1.589891637577279138e+00
2.462591638618974454e-01 6.445717976994076004e+00 1.431841763916724242e+00
2.786845559204555456e-01 5.913524450276158362e+00 1.205858911433182801e+00
3.153794583341321678e-01 5.832136953399033708e+00 1.088623401181272321e+00
3.569060452977539377e-01 6.009608253081357709e+00 1.015173062512875424e+00
4.039005135049927864e-01 5.914589983228553116e+00 9.497583230444658353e-01
4.570828288254367711e-01 6.036397365191437991e+00 9.330374557896550236e-01
5.172677563443626170e-01 6.109927433558244303e+00 8.789351250316922437e-01
5.853773427479076474e-01 6.214032981608274220e+00 8.840344323224298417e-01
6.624550422866036792e-01 6.378115463888191172e+00 8.598509312967049789e-01
7.496817027302247194e-01 6.321462651986775150e+00 8.141209942381339992e-01
8.483936562223892697e-01 6.006702342217542956e+00 7.382018508039250859e-01
9.601031921908940170e-01 5.821616500706674913e+00 7.126712753113821908e-01
1.086521725963393914e+00 5.656881361369924477e+00 6.609028841150751399e-01
1.229586018036852746e+00 5.506785826328657762e+00 6.445942152326775698e-01
1.391487845685895008e+00 5.421755631258852404e+00 6.217439225659169288e-01
1.574707581485804475e+00 5.295847445107355611e+00 6.144362205441360469e-01
1.782052193180725386e+00 5.582847212730745134e+00 6.190697145579758809e-01
2.016698247063632099e+00 5.415642434644765579e+00 6.111106234196199694e-01
2.282240573689565011e+00 4.997282040966675609e+00 5.656937498927931962e-01
2.582747341491852033e+00 4.776813283369960139e+00 5.470739275362399567e-01
2.922822382041558420e+00 4.665308170155309853e+00 5.388722086365204111e-01
3.307675721787223466e+00 4.727736166737654955e+00 5.686108834107693744e-01
3.743203400837056716e+00 4.692028840462259431e+00 5.721437448159999439e-01
4.236077801625393491e+00 4.386380343748021104e+00 5.519931788544522044e-01
4.793849871318961675e+00 4.051233591964176206e+00 5.614285858022930453e-01
5.425064804033335797e+00 3.674198006291157448e+00 5.231357906684617198e-01
6.139392955137251917e+00 3.555482358193995829e+00 4.789589716218061177e-01
6.947777993281516906e+00 3.330174914433352562e+00 4.952985738369953261e-01
7.862604559875054022e+00 3.120421377977400379e+00 4.776768052728734837e-01
8.897888004589137978e+00 2.713460753694603156e+00 4.963418277447574911e-01
1.006948910368060268e+01 2.525793586913130273e+00 5.208983750312459193e-01
1.139535705066724702e+01 2.392894041387277237e+00 5.603761456218993020e-01
1.289580444202750087e+01 2.434752341833831046e+00 7.388827362251939590e-01
1.459381847076729954e+01 1.994207649779437652e+00 7.716199995317977178e-01
1.651541309541010705e+01 1.538823773436488684e+00 8.784967405349631830e-01
1.869002757971834683e+01 1.016438412537476355e+00 8.232743215625835109e-01