1.064628617849715589e-03 6.208208023416965204e+00 1.234616694258758827e+02
1.202239570039475604e-03 6.208143990746135543e+00 1.093242655332280435e+02
1.357637733511250083e-03 6.208062286457070478e+00 9.680431843237616363e+01
1.533122234026154836e-03 6.207958016554192326e+00 8.571659351243032177e+01
1.731289375985711320e-03 6.207824920918778133e+00 7.589704545027947802e+01
1.955071054921416439e-03 6.207654985226422895e+00 6.720039091441304890e+01
2.207778135076528606e-03 6.207437938331971772e+00 5.949795874532177464e+01
2.493149433854165327e-03 6.207160598601565660e+00 5.267578575768506255e+01
2.815407037859755067e-03 6.206806019361429172e+00 4.663292991787491815e+01
3.179318768942231491e-03 6.206352364489912787e+00 4.127997583091806888e+01
3.590268724423020894e-03 6.205771416664923379e+00 3.653771025951617446e+01
4.054336935160060031e-03 6.205026578170748763e+00 3.233594782676440360e+01
4.578389319992950957e-03 6.204070157640641625e+00 2.861248913694514684e+01
5.170179267451039187e-03 6.202839630212214850e+00 2.531219528077024350e+01
5.838462347632267582e-03 6.201252383850221150e+00 2.238616403401590915e+01
6.593125851422423911e-03 6.199198166150166500e+00 1.979099390357644594e+01
7.445335073595741454e-03 6.196527915053718694e+00 1.748812228846363936e+01
8.407698504064744713e-03 6.193036667642431325e+00 1.544322288138331523e+01
9.494454371294393930e-03 6.188436293764591589e+00 1.362564385161743274e+01
1.072168129780228484e-02 6.182309707119733488e+00 1.200785945091324791e+01
1.210753618440649215e-02 6.174028872887549646e+00 1.056488592124446235e+01
1.367252284273370866e-02 6.162595356523413948e+00 9.273555784051023210e+00
1.543979535042279069e-02 6.146294027383789604e+00 8.111377409046193421e+00
1.743550061718336305e-02 6.121813071587063781e+00 7.054115956450232261e+00
1.968916522999620417e-02 6.081380918891848175e+00 6.068448601322247171e+00
2.223413230085485859e-02 5.997620262400912949e+00 5.073235231690553348e+00
2.510805478023878795e-02 5.835214437446844649e+00 4.005681119475433150e+00
2.835345253492233680e-02 6.348694799548157519e+00 4.695357531086552072e+00
3.201834143212141381e-02 6.243180502614951166e+00 3.774128905684499991e+00
3.615694373731798139e-02 6.329948558739474151e+00 3.524548132052142346e+00
4.083049033614354062e-02 6.209300467609025098e+00 2.838335647291740482e+00
4.610812664924578141e-02 6.600131083570500934e+00 2.827499512690180961e+00
5.206793564320653933e-02 6.708233635470617351e+00 3.261254312444104464e+00
5.879809307302327759e-02 7.089164623053874514e+00 3.213924460854787668e+00
6.639817204804010498e-02 7.580388358664602144e+00 3.254695629281377123e+00
7.498061622246499081e-02 7.629664988723010133e+00 3.125796699151170088e+00
8.467240340642070984e-02 7.978655549476076025e+00 2.735891251829187354e+00
9.561692421076173343e-02 7.390448189847337979e+00 3.044803613431643186e+00
1.079761035203267439e-01 6.217515568961611727e+00 2.431621417718036415e+00
1.219327961829597545e-01 6.259208292968621024e+00 2.082937460718697231e+00
1.376934923586712323e-01 6.466747127653088789e+00 1.994413664645912521e+00
1.554913725547537595e-01 6.575617332779257751e+00 1.852318509654820922e+00
1.755897575462916360e-01 6.425484465981226911e+00 1.564791489979820760e+00
1.982860042238585585e-01 6.690367672346369865e+00 1.631362254828264025e+00
2.239159050077201840e-01 6.362309852057267179e+00 1.494074261900403489e+00
2.528586559181543736e-01 6.179602084510379179e+00 1.360722301294988945e+00
2.855424668048085479e-01 6.038971798672889690e+00 1.223725130377065540e+00
3.224508967387945124e-01 6.504500347820007633e+00 1.334197352746087528e+00
3.641300083000537091e-01 6.714181258921856355e+00 1.368113903391057429e+00
4.111964466081293734e-01 6.311764227444133901e+00 1.240891569323556487e+00
4.643465626261247259e-01 5.931722946456631895e+00 1.070924933223499798e+00
5.243667157177102078e-01 5.915496289747617098e+00 1.049385858508894209e+00
5.921449078841706237e-01 5.661165942390183226e+00 9.015882725704733591e-01
6.686839218107729632e-01 5.567687145606635468e+00 8.527624891673022400e-01
7.551161571006876905e-01 5.700677511443921652e+00 8.561863602861634615e-01
8.527203841994995814e-01 5.369785530113921901e+00 7.655457312040454543e-01
9.629406638856834455e-01 5.330330167857243673e+00 7.276819933096250193e-01
1.087407712242121516e+00 5.336341659539126425e+00 7.381917734170051482e-01
1.227963027204780122e+00 5.150727685520798182e+00 6.964661334557687988e-01
1.386686133642374807e+00 5.152150517329251223e+00 6.414453200199239369e-01
1.565925350059719445e+00 5.091699073846063683e+00 6.412641722552281376e-01
1.768332532120102218e+00 4.963893923359563587e+00 6.153126975041404156e-01
1.996902307019321476e+00 4.807931632573704483e+00 5.852968384221256537e-01
2.255016379186455033e+00 4.648409673050507784e+00 5.547547889520537678e-01
2.546493562817036427e+00 4.570130656949848991e+00 5.414471919119573373e-01
2.875646281473160926e+00 4.353523859189129652e+00 5.224686481120052184e-01
3.247344370665729230e+00 4.282679950542012115e+00 5.222048429546541914e-01
3.667087127382088418e+00 3.968725546850752739e+00 4.851314473352578704e-01
4.141084672536463174e+00 3.798121678630577147e+00 4.713785291900504104e-01
4.676349830105809069e+00 3.556463699667014033e+00 4.460269567085781151e-01
5.280801882308788109e+00 3.478569281681068048e+00 4.840528076703046190e-01
5.963383735892373139e+00 3.340403285000723255e+00 4.717513315310688515e-01
6.734194233008764741e+00 3.143285045557906887e+00 4.619838417829713051e-01
7.604637564230525726e+00 3.041463223640245239e+00 4.752498635413084926e-01
8.587591994279016205e+00 2.733747886552719830e+00 4.760451436818659010e-01
9.697600396774086917e+00 2.522279471712709498e+00 4.720264269248632960e-01
1.095108541697880788e+01 2.214874959108673824e+00 5.258098870378400402e-01
1.236659244588583029e+01 2.029631313428547745e+00 5.583680579085237294e-01
1.396506400046250107e+01 1.462245325795053397e+00 8.396135468804425406e-01
1.577014956952793412e+01 1.117664700100878150e+00 6.285624449969801075e-01