1.064869022432120152e-03 6.225662640501345102e+00 8.243658189551466364e+01
1.203023047438958257e-03 6.225430552806495044e+00 7.295294199677144320e+01
1.359100905540308341e-03 6.225133720471600185e+00 6.455620228426835183e+01
1.535427999798325959e-03 6.224753862237925262e+00 5.712124849919473490e+01
1.734631426521971755e-03 6.224267394978389767e+00 5.053729093061227928e+01
1.959679116359000755e-03 6.223643806656885324e+00 4.470621141889432693e+01
2.213924053476699558e-03 6.222843472635624096e+00 3.954109803518749544e+01
2.501154231652680769e-03 6.221814688613167554e+00 3.496494504444660123e+01
2.825649091571220614e-03 6.220489578352413673e+00 3.090949790356089011e+01
3.192243280184085992e-03 6.218778346754618269e+00 2.731422469337326575e+01
3.606398682086176845e-03 6.216561033482974175e+00 2.412539639527598112e+01
4.074285796101010174e-03 6.213675373781111233e+00 2.129525852453477697e+01
4.602875669505301220e-03 6.209898381037126214e+00 1.878127522712779651e+01
5.200043759620100008e-03 6.204917389933504168e+00 1.654542275135125706e+01
5.874687270201702990e-03 6.198282561083847675e+00 1.455349928584518437e+01
6.636857710826509979e-03 6.189324912871116524e+00 1.277439532150437174e+01
7.497910654271298589e-03 6.177005731060856597e+00 1.117921355385170834e+01
8.470674923123214239e-03 6.159616998669370069e+00 9.739980664660995657e+00
9.569643726329766370e-03 6.134118418989331190e+00 8.427240722061654310e+00
1.081119059343113240e-02 6.094423420630996624e+00 7.204065278389634841e+00
1.221381332367755396e-02 6.025604268215908554e+00 6.003838593272734059e+00
1.379840958462828435e-02 5.851396866095416982e+00 4.438192072964699086e+00
1.558858826637394938e-02 5.514840675484897758e+00 3.884568967006499562e+00
1.761102123024694405e-02 6.984549106454887912e+00 6.014228313185439490e+00
1.989584069272180497e-02 7.157672899361146257e+00 5.254526261297824519e+00
2.247708816512591912e-02 8.389474509888794174e+00 5.923021829598427601e+00
2.539322163791050968e-02 7.008208491224223735e+00 5.324223359891542273e+00
2.868768856601733655e-02 7.107780843478723298e+00 4.307157105476388637e+00
3.240957319224663929e-02 5.668157282739229252e+00 3.220100509639825859e+00
3.661432785309322313e-02 6.246932805497431573e+00 3.722842445548172119e+00
4.136459916277182569e-02 6.814730760207759808e+00 5.158586262972739256e+00
4.673116138474281422e-02 6.833154978189101669e+00 4.538169809197460047e+00
5.279397089703463664e-02 6.929729648963536270e+00 4.663192444401559555e+00
5.964335746183550835e-02 7.017858422881497305e+00 4.051857544080235130e+00
6.738137004807302766e-02 7.513154897403433452e+00 3.503019931897072059e+00
7.612329725838390404e-02 6.264910755279252008e+00 2.695850626048626353e+00
8.599938501330600671e-02 6.579570285214765946e+00 2.445707536012585059e+00
9.715677708445932814e-02 5.959694301611999201e+00 2.296906779052314995e+00
1.097617073887078853e-01 6.295431628729020623e+00 2.353938418907054686e+00
1.240019767062796874e-01 6.594093242283308065e+00 2.311665386912995501e+00
1.400897507234534767e-01 6.966877059857298882e+00 2.104667574242951478e+00
1.582647210878331268e-01 7.216415961335949980e+00 1.937642444971784395e+00
1.787976765727529171e-01 6.324918662935789193e+00 1.700667996658967285e+00
2.019945375575705748e-01 6.501282644335543814e+00 1.540800797245445164e+00
2.282009139335460235e-01 6.329659306984959599e+00 1.538478681532327919e+00
2.578072543435170894e-01 6.122137418692634725e+00 1.426398085561217277e+00
2.912546634738629181e-01 6.010560457057655626e+00 1.332160942657343305e+00
3.290414740705541741e-01 6.170313272330720800e+00 1.189464485799515581e+00
3.717306715957154895e-01 6.007628648853486020e+00 1.129956894923314303e+00
4.199582821446144476e-01 5.878751212076741339e+00 1.081066046420090743e+00
4.744428485946015073e-01 5.931311955397927882e+00 1.056693146021651764e+00
5.359961361710858796e-01 5.898001855530065285e+00 9.627495960229033312e-01
6.055352269327096693e-01 5.977653685129000749e+00 9.648820643137950848e-01
6.840961833713835594e-01 5.782884863300070677e+00 9.029046657902525252e-01
7.728494847010757285e-01 5.699311443985694225e+00 8.354602039227891908e-01
8.731174658205285155e-01 5.427065570710064790e+00 7.640197105672695832e-01
9.863940187729036690e-01 5.291234874850214709e+00 7.383665904779471711e-01
1.114366850234280948e+00 5.322416534443913605e+00 7.322638052130547859e-01
1.258942626645198182e+00 5.015020533341757236e+00 6.472607740840429225e-01
1.422275381622397639e+00 4.765345325893758144e+00 6.044634303667557607e-01
1.606798608892628710e+00 4.764815237985007279e+00 5.873340468511974999e-01
1.815261518900938675e+00 4.715669491212539199e+00 6.126542920094240063e-01
2.050769999280436906e+00 4.494432879856578467e+00 5.629206026384983019e-01
2.316832889453320554e+00 4.369453205001853746e+00 5.380185520555050838e-01
2.617414258808162586e+00 4.253478363863456124e+00 5.030603453048989593e-01
2.956992467345718634e+00 4.129742755782046082e+00 4.614267664716240058e-01
3.340626888737436406e+00 4.075128708675832989e+00 4.809210251873662911e-01
3.774033289903139909e+00 3.977445339498170807e+00 4.659205165139339577e-01
4.263668990187730046e+00 3.943429152448646224e+00 4.642354023988164435e-01
4.816829068922976020e+00 3.799831637138655349e+00 4.362458681384420167e-01
5.441755054770282207e+00 3.426720338056648441e+00 4.540415998585374813e-01
6.147757716206275092e+00 3.256901323453213148e+00 4.691576575840488705e-01
6.945355782605920680e+00 3.044897095822903133e+00 4.741601677403026183e-01
7.846432662727755414e+00 3.004796990833079384e+00 4.660982437750642582e-01
8.864413495548969735e+00 2.704619548078643909e+00 4.798763848743423654e-01
1.001446517132967529e+01 2.521161979217026783e+00 5.357150775786750918e-01
1.131372230301901638e+01 2.180421100492480502e+00 5.196859650700671462e-01
1.278154251474965442e+01 2.185808202079525753e+00 5.971371274191725753e-01
1.443979485096244275e+01 1.859032468486672363e+00 9.872865602340679114e-01
1.631318560316703881e+01 1.268763188792007446e+00 9.000749673396397643e-01
