22.179870693454728 14.622004560807014
25.52057911415897 14.621826115845813
29.36446146704746 14.621589452742452
33.78730527205481 14.62127539498815
38.876313084375695 14.620858307362099
44.73182181487674 14.620303807638724
51.469281012711406 14.619565574830567
59.221529114748265 14.61858081762479
68.14141254125549 14.617263682752052
78.40479927697845 14.615495339653725
90.21404635457851 14.613108339049099
103.80198960672199 14.609860148645478
119.43653435036474 14.605383133612161
137.4259375149981 14.599068839769416
158.12488535940594 14.589617018857174
181.94148660762446 14.57626701483145
209.3453188835675 14.558638189877009
240.87668709103536 14.519265731979841
277.1572762810268 14.522184805150586
318.90240904254057 14.477479864037862
366.93514908848084 14.57087805657591
422.2025291085994 14.504504272553138
485.79422284430484 14.502646995213883
558.9640295314265 14.433557603498734
643.1545943067864 14.206324064292911
740.0258519759913 14.202157084395704
851.487754951132 15.004912637320906
979.7379306354848 15.256717203033165
1127.3050107232498 15.239620326217906
1297.0984867121147 15.14031240063586
1492.466074599839 15.404695120596248
1717.2597197901334 15.778663135346896
1975.9115435869257 15.966702778481615
2273.5212286684296 15.982236677060685
2615.956566467933 16.161762116634762
3009.9691488936232 16.247058876107925
3463.327485411618 16.320177586645787
3984.9701700817895 16.426801816318825
4585.182118448828 16.464276065632884
5275.797349045495 17.45743651467226
6070.432307629204 17.608150251905613
6984.7543344657415 17.421405178926058
8036.790567868398 17.822317188426158
9247.283374457995 18.195021478932752
10640.099313948862 18.586055409942208
12242.699701773838 18.698927899682275
14086.682047348932 18.844990513546627
16208.40304319085 18.85521387663281
18649.69538798954 19.46636488196209
21458.69257680595 19.65835673944737
24690.777920287866 19.887036733432776
28409.676504145922 20.060320960631728
32688.711618398906 20.694871490149517
37612.250428649204 20.844373129551162
43277.3673928209 21.2510935599819
49795.75821994923 21.471139900649533
57295.94210739755 21.596601188417942
65925.79567669044 21.637523733269497
75855.46856805401 22.170531994204946
87280.73817868998 22.699688003596627
100426.86968814358 23.093152995486626
115553.0574765671 23.520530818560452
132957.53550465606 23.83688014124896
152983.45741354988 24.332101783771172
176025.66227909547 24.66789973020871
202538.45941678778 24.83419200520139
233044.5857257116 25.523478438857218
268145.5121780539 26.12978885920743
308533.30266105325 26.62007742316476
355004.2589850518 26.945794815210643
408474.62108807394 27.73315354249524
469998.6319884438 27.887980537612247
540789.3236612591 28.459645917785277
622242.4336613655 28.957747401508165
715963.9240425272 28.86393899176605
823801.645146787 30.202326520629743
947881.768559951 31.608035157858765
1090650.7075598845 32.295254890730625
1254923.3515779367 33.9321790924724
1443938.5656833993 36.73672247050797