2.218447516559620425e+01 1.427611291850116437e+01
2.553578162765079895e+01 1.427518531803602109e+01
2.939335451786171660e+01 1.427394809167637213e+01
3.383367317322190360e+01 1.427229415137819935e+01
3.894477031183271976e+01 1.427007632566457929e+01
4.482797734896296049e+01 1.426708976675923424e+01
5.159993336996441116e+01 1.426304430251918021e+01
5.939489758947070186e+01 1.425751869699532293e+01
6.836741114315408652e+01 1.424987973000288832e+01
7.869536098410036118e+01 1.423912567411306007e+01
9.058350662789412411e+01 1.422354406357774437e+01
1.042675396668369956e+02 1.419981741734897085e+01
1.200187565362766975e+02 1.415990325758178869e+01
1.381494371742187468e+02 1.407083511227026307e+01
1.590190362102671031e+02 1.400434588917375578e+01
1.830413094289556284e+02 1.428197148734917654e+01
2.106925167950645061e+02 1.416471575053993526e+01
2.425208646721809487e+02 1.411128810696845193e+01
2.791573744337183030e+02 1.437661854325773980e+01
3.213283929449317498e+02 1.430158268977940139e+01
3.698699929458181259e+02 1.412689504723495304e+01
4.257445488335185360e+02 1.443892201275622078e+01
4.900598164718071530e+02 1.474755201059685383e+01
5.640908952995005166e+02 1.489115055625423523e+01
6.493055081534067767e+02 1.483753315966966646e+01
7.473930999976681733e+02 1.503581894130390673e+01
8.602983324640899809e+02 1.520599597576153528e+01
9.902596382583715240e+02 1.550772028062302610e+01
1.139853599802872395e+03 1.548780853041660777e+01
1.312046031956490424e+03 1.569860864105233667e+01
1.510250781565706802e+03 1.659819281185873407e+01
1.738397409592917029e+03 1.654965285951658416e+01
2.001009097672090093e+03 1.677935603123935238e+01
2.303292323648885031e+03 1.693169032681510444e+01
2.651240083991487154e+03 1.701843825913332253e+01
3.051750709535512215e+03 1.760647815342599642e+01
3.512764630176135142e+03 1.794316678655994579e+01
4.043421799972185454e+03 1.820783447540596001e+01
4.654242903735495929e+03 1.830583874113327880e+01
5.357337937664884521e+03 1.838223181814543850e+01
6.166646299295627614e+03 1.839230064696863209e+01
7.098213146731529378e+03 1.851763644944427156e+01
8.170507506193016525e+03 1.868732561502407918e+01
9.404788434607049567e+03 1.925992500800899876e+01
1.082552649669263155e+04 1.924413681097217577e+01
1.246088891264790800e+04 1.944075751412706410e+01
1.434329799486336196e+04 1.979542157081980136e+01
1.651007394509659571e+04 2.011385530624207263e+01
1.900417475605506479e+04 2.027118643684231358e+01
2.187504788650221235e+04 2.060759390817717929e+01
2.517961059499837938e+04 2.072688085901097210e+01
2.898337836814365437e+04 2.110852756263331287e+01
3.336176381527679041e+04 2.128904388547685045e+01
3.840157178121255856e+04 2.188062036496144458e+01
4.420272031877240806e+04 2.203977517151584919e+01
5.088022164070700819e+04 2.228524083395778987e+01
5.856646232489986869e+04 2.272264493538827068e+01
6.741382797966626822e+04 2.297154647474540567e+01
7.759772440514749906e+04 2.317632324168325297e+01
8.932005514763871906e+04 2.352565373793843762e+01
1.028132243920285982e+05 2.390566176668889042e+01
1.183447445527587552e+05 2.422011046496078990e+01
1.362225399123228563e+05 2.455558715422804283e+01
1.568010514560008014e+05 2.486297545309297163e+01
1.804882639358516317e+05 2.516299899599153633e+01
2.077537944808911998e+05 2.530859173509076498e+01
2.391382031163462088e+05 2.491916181600381464e+01
2.752637097801589989e+05 2.672419634221380491e+01
3.168465303098046570e+05 2.766643993831333503e+01
3.647110759698051261e+05 2.796860692335633303e+01
4.198062980364500545e+05 2.847427715453862618e+01
4.832245014836337650e+05 2.869760037802634400e+01
5.562230007655380759e+05 2.877457753204336299e+01
6.402490470386430388e+05 2.951875536035453607e+01
7.369685210243256297e+05 3.071498319627884754e+01
8.482989603700276930e+05 3.169067360408597978e+01
9.764475763017252320e+05 3.206632294099424740e+01
1.123955013276945334e+06 3.227371242553168429e+01
1.293745719206970418e+06 3.265068959883740263e+01
1.489185924876459874e+06 3.781225609387407616e+01
