1.073935342189810162e-03 3.246669552880587339e+00 7.461840246072932814e+01
1.232738896218878773e-03 3.246677312540021898e+00 6.500527400705517778e+01
1.415024840464141828e-03 3.246687538110121451e+00 5.663042812540151516e+01
1.624265532037738255e-03 3.246701013793962254e+00 4.933433268661391935e+01
1.864446787874387114e-03 3.246718773628364030e+00 4.297800460726457317e+01
2.140143810386757432e-03 3.246742181366142788e+00 3.744036235323042661e+01
2.456608340299455163e-03 3.246773036168348447e+00 3.261591944263613385e+01
2.819868696832217910e-03 3.246813712571083865e+00 2.841277500841874470e+01
3.236844610893467328e-03 3.246867346149281630e+00 2.475086313661206816e+01
3.715479038736771433e-03 3.246938080313771735e+00 2.156042762418301351e+01
4.264889466992910494e-03 3.247031395286683608e+00 1.878069308953663707e+01
4.895541591280585039e-03 3.247154548195304358e+00 1.635870710184234156e+01
5.619448676792140537e-03 3.247317164588575000e+00 1.424833124256329953e+01
6.450400398465544645e-03 3.247532038343652339e+00 1.240936183169155882e+01
7.404225519909218498e-03 3.247816221957278149e+00 1.080676349330909325e+01
8.499093414839243785e-03 3.248192527816026409e+00 9.410000837481156566e+00
9.755860174697848081e-03 3.248691622443415916e+00 8.192455325689609325e+00
1.119846589544230483e-02 3.249354996682582986e+00 7.130915871837234299e+00
1.285439071140319703e-02 3.250239267098700147e+00 6.205132886572519268e+00
1.475517826318141837e-02 3.251422570399815637e+00 5.397426211076592928e+00
1.693703657110135624e-02 3.253014383925965980e+00 4.692337476114194494e+00
1.944152776023277268e-02 3.255171228353581192e+00 4.076316274235824544e+00
2.231635977552377109e-02 3.258123058863543697e+00 3.537425570296883315e+00
2.561629516839230430e-02 3.262220442907792339e+00 3.065040324016174544e+00
2.940419426621283805e-02 3.268025592877131125e+00 2.649478302974707322e+00
3.375221259598902568e-02 3.276504912511673862e+00 2.281375201615219783e+00
3.874317537188436134e-02 3.289469628211225238e+00 1.949988464945397348e+00
4.447215522916456165e-02 3.309936409875178231e+00 1.633422540302550185e+00
5.104828325873783657e-02 3.408426027346118659e+00 1.353346834741255833e+00
5.859682784061209793e-02 3.347009138124566796e+00 1.237137097475791148e+00
6.726158087587821854e-02 3.104382177020662326e+00 1.097866694143918354e+00
7.720759687244951874e-02 3.137299333962751291e+00 1.078279018369013631e+00
8.862433706128443334e-02 3.300657897715660205e+00 9.914001227159343621e-01
1.017292784352266943e-01 2.911554071232063556e+00 8.414435566253823939e-01
1.167720564588885929e-01 2.830153207403298676e+00 6.980094254675865972e-01
1.340392203638801627e-01 2.742852137806838897e+00 6.130565757366661650e-01
1.538596916127978886e-01 2.814793944639660150e+00 5.567668010549650104e-01
1.766110295100196126e-01 2.881714154349109602e+00 5.335059920000029265e-01
2.027266233126555073e-01 2.794247798067832633e+00 4.588713023232449673e-01
2.327039478438673314e-01 2.862281357457327147e+00 4.596360544186239294e-01
2.671140398693794271e-01 2.903966143812467315e+00 4.828492966296589195e-01
3.066123757522698501e-01 2.886079725576400801e+00 4.577405405816333817e-01
3.519513575940194094e-01 2.959679318627338240e+00 4.504588549170258083e-01
4.039946457097834953e-01 2.866737613583110633e+00 4.143307994951975770e-01
4.637336104565913386e-01 2.800245646818686929e+00 4.081728168677982715e-01
5.323062168046396314e-01 2.685635483268611345e+00 4.000210937385935139e-01
6.110187013830681302e-01 2.795851941091500592e+00 4.305107356350442727e-01
7.013704549253294562e-01 2.801679196865224153e+00 3.918562842536302826e-01
8.050825840987838600e-01 2.795155371324874682e+00 4.006807702664701987e-01
9.241306967915841053e-01 2.796933424539501889e+00 4.169179964743154887e-01
1.060782535382370773e+00 2.671709303758668774e+00 3.873868703410843217e-01
1.217641174867310605e+00 2.487427893918987110e+00 3.687876727118185038e-01
1.397694608723744514e+00 2.434844627619856094e+00 3.615839221609610243e-01
1.604372667069430047e+00 2.313673162177910747e+00 3.559193493783571194e-01
1.841612351348943966e+00 2.366695365499257075e+00 3.439994290879485606e-01
2.113932830104874760e+00 2.357626847118586610e+00 3.511711547123400612e-01
2.426521524425029774e+00 2.340920883361285565e+00 3.687586958881396981e-01
2.785332922903637431e+00 2.377288344108184237e+00 3.632465419212704827e-01
3.197202008438486232e+00 2.459754236781403147e+00 3.941394141532010287e-01
3.669974457526181233e+00 2.460912312907321375e+00 3.991404847177039694e-01
4.212656092216304771e+00 2.224637387291585000e+00 3.691951342926906854e-01
4.835584431628308977e+00 2.153048914675703251e+00 3.679511824498327144e-01
5.550625610908622498e+00 2.130426504777191088e+00 3.727385890271439073e-01
6.371400418728727644e+00 2.079851785595647762e+00 3.714147790971820129e-01
7.313543759102742570e+00 2.082280450427553387e+00 3.779834406224283350e-01
8.395002480001565459e+00 1.931738961708239000e+00 3.494351240951650284e-01
9.636377242088004280e+00 1.728038835516744198e+00 4.050691087879267349e-01
1.106131493981575353e+01 1.683106592291924830e+00 4.110258352516533153e-01
1.269695915010482423e+01 1.546808314690305775e+00 4.625282710559602273e-01
1.457446718917090500e+01 1.267702595449105907e+00 3.831688000241119108e-01
1.672960362690194103e+01 1.223462833678541140e+00 3.585461908723604485e-01
1.920342156461172678e+01 1.181564120968776166e+00 3.486422926252680243e-01
2.204304465380121769e+01 1.130418027341937082e+00 3.640858327958853558e-01
2.530256475256933157e+01 1.071965852423891086e+00 4.495562356451948127e-01
2.904407231909141274e+01 7.118979571475146928e-01 3.868388446721172658e-01
3.333883917008664355e+01 6.764553772426895595e-01 6.020624308625007748e-01
3.826867613458944106e+01 6.811575512890540862e-01 4.241574436412961502e-01
4.392749146491321000e+01 6.591748809950535026e-01 4.111725837989549381e-01
5.042307969090984443e+01 4.541990868753285615e-01 5.576350907776616017e-01
5.787917499333279636e+01 4.499849800562661928e-01 3.254393380586984574e-01