2.225472275095066976e+01 1.999825613798845581e+01
2.576822682572800005e+01 1.999825454588640383e+01
2.983643162725107345e+01 1.999825241489681815e+01
3.454691152279073663e+01 1.999824955477757982e+01
4.000106683915441153e+01 1.999824572043237580e+01
4.631630666072467051e+01 1.999824058049847864e+01
5.362857624063402540e+01 1.999823368748499064e+01
6.209528343148978990e+01 1.999822444534271071e+01
7.189868713157287061e+01 1.999821205188752771e+01
8.324982068802800939e+01 1.999819543153588697e+01
9.639303471433501613e+01 1.999817314077447605e+01
1.116112571131964586e+02 1.999814324090138129e+01
1.292320835349269714e+02 1.999810312763185749e+01
1.496348293778306129e+02 1.999804929958540356e+01
1.732586951357250769e+02 1.999797704492550920e+01
2.006122208642795215e+02 1.999788001416409600e+01
2.322842332880994434e+02 1.999774963554053642e+01
2.689565212018818556e+02 1.999757430818902293e+01
3.114185120231506971e+02 1.999733827615507309e+01
3.605842654319500298e+02 1.999702003389379712e+01
4.175121499117343546e+02 1.999659001604536002e+01
4.834276257592716206e+02 1.999600713997184798e+01
5.597496250028964369e+02 1.999521336317875964e+01
6.481210960974418640e+02 1.999412440653414080e+01
7.504443709174006472e+02 1.999261171459470887e+01
8.689221153772532489e+02 1.999045839550866432e+01
1.006104745204071378e+03 1.998719425569163377e+01
1.164945327559846191e+03 1.997978182639010925e+01
1.348863150355437028e+03 1.998177345981548569e+01
1.561817327683409985e+03 1.997743127131833418e+01
1.808392025839966664e+03 1.996715744394717973e+01
2.093895144557190179e+03 1.995001528285422054e+01
2.424472577710964288e+03 1.991061639976299347e+01
2.807240513142084183e+03 1.990311529917000755e+01
3.250438619547765029e+03 1.996591131213489945e+01
3.763607418027039330e+03 1.991960710119372635e+01
4.357793656475475473e+03 1.980422138059090287e+01
5.045788107829012006e+03 1.980039958730045413e+01
5.842400911129965607e+03 2.017176157540057346e+01
6.764780382555244614e+03 2.015535690539810787e+01
7.832782159304690140e+03 2.008994787886097200e+01
9.069396622739630402e+03 1.996757301541879315e+01
1.050124380171229313e+04 1.972283613405467051e+01
1.215914640964167484e+04 2.046956562793095102e+01
1.407879335084050217e+04 2.068152369920958833e+01
1.630150797908780442e+04 2.065172800921797247e+01
1.887513764639487272e+04 2.066304253467816210e+01
2.185508369087023675e+04 2.066610756937453530e+01
2.530549403575725228e+04 2.071718147361431761e+01
2.930064407217317421e+04 2.071275903706729338e+01
3.392653555117545329e+04 2.067571753315203509e+01
3.928274790376659075e+04 2.078785539481826561e+01
4.548458184134908515e+04 2.076385582352900627e+01
5.266554138092802896e+04 2.081662915835273608e+01
6.098020772447258059e+04 2.075960807663902230e+01
7.060756685711107275e+04 2.096740135600208532e+01
8.175486249583006429e+04 2.106581752065141089e+01
9.466205732932624232e+04 2.113747561597353197e+01
1.096069985840622394e+05 2.123790855005420397e+01
1.269113991132831725e+05 2.146329773723568124e+01
1.469477627611369535e+05 2.164503809252364874e+01
1.701474030810153345e+05 2.176090406800299348e+01
1.970097280233646743e+05 2.212780244863280643e+01
2.281129904601566959e+05 2.255082357496959844e+01
2.641267359675980988e+05 2.301094145140119451e+01
3.058262158247511252e+05 2.353749649494581675e+01
3.541090754900369793e+05 2.418642026234519093e+01
4.100146778007523972e+05 2.481735913531335314e+01
4.747464768571990426e+05 2.538298135934167732e+01
5.496979242237005383e+05 2.579429193692722322e+01
6.364824651173456805e+05 2.639574425393991319e+01
7.369682702985666692e+05 2.736649902047959415e+01
8.533184513209298020e+05 2.779938515302143642e+01
9.880376248352663824e+05 2.851982445416201628e+01
1.144025828316423111e+06 2.940587203871804434e+01
1.324640947831608122e+06 3.052789764730308164e+01
1.533771001704080962e+06 3.136189641244036608e+01
1.775917836089265300e+06 3.251012738571292005e+01
2.056294034139311640e+06 3.355045169533634208e+01
2.380935124874992762e+06 3.630000282903753828e+01
