2.225498470841149867e+01 2.066111035067224933e+01
2.576909541876756293e+01 2.066110665210338126e+01
2.983809188826647940e+01 2.066110168297981886e+01
3.454959179064631769e+01 2.066109502059363479e+01
4.000504782176422935e+01 2.066108607643388240e+01
4.632193227981707651e+01 2.066107406726897722e+01
5.363626659555215781e+01 2.066105793658074674e+01
6.210555028082486473e+01 2.066103625485565942e+01
7.191215236453314219e+01 2.066100708511889650e+01
8.326723834369587962e+01 2.066096779383952509e+01
9.641531720868643163e+01 2.066091477961625955e+01
1.116395064536857546e+02 2.066084308167337014e+01
1.292676284437890786e+02 2.066074579547917622e+01
1.496792694117991118e+02 2.066061316349453136e+01
1.733139530860356103e+02 2.066043108405700579e+01
2.006806049518350505e+02 2.066017846649398848e+01
2.323685109406193874e+02 2.065982200452521056e+01
2.690600065199127471e+02 2.065930408922622519e+01
3.115451694183951759e+02 2.065850729701386612e+01
3.607388323643457397e+02 2.065709367992022294e+01
4.177002821726558750e+02 2.065230300369526262e+01
4.836560693607234498e+02 2.065520963443622549e+01
5.600264194525321955e+02 2.066024029428193742e+01
6.484558146853529479e+02 2.065855283533791464e+01
7.508484046347494996e+02 2.065615645357269159e+01
8.694090082546417761e+02 2.065266065650680360e+01
1.006690590229080954e+03 2.064732282265443786e+01
1.165649233943700665e+03 2.063836597496824510e+01
1.349707794809469306e+03 2.062143778879660161e+01
1.562829604585341713e+03 2.056097503551502825e+01
1.809603813774492664e+03 2.066533778912134878e+01
2.095344209771378246e+03 2.063702109863375966e+01
2.426203638610129929e+03 2.061724354829584271e+01
2.809306494157016004e+03 2.066416709054963974e+01
3.252902127635870784e+03 2.066564003538127636e+01
3.766542480852773679e+03 2.076947413688341726e+01
4.361287768095013234e+03 2.073068950461081883e+01
5.049944635651294448e+03 2.078074525799737415e+01
5.847341927240539007e+03 2.076310096064219479e+01
6.770649993404415909e+03 2.077994525936304981e+01
7.839750420550609306e+03 2.077073017259158050e+01
9.077664141019837189e+03 2.076936350885122806e+01
1.051104714266782867e+04 2.076965429032767929e+01
1.217076445207338475e+04 2.080397083712008310e+01
1.409255475094907524e+04 2.079616113545736411e+01
1.631779993693528741e+04 2.077207619081513457e+01
1.889441619972510671e+04 2.073628172470549913e+01
2.187788580005621043e+04 2.086169662430961580e+01
2.533245176885989349e+04 2.085890548659525834e+01
2.933250125201602350e+04 2.080653143171397090e+01
3.396416728826735925e+04 2.083935138123575470e+01
3.932718351136611454e+04 2.090479642115521486e+01
4.553703171374191879e+04 2.096117044202012636e+01
5.272742851516512746e+04 2.092941193845165770e+01
6.105320468182514742e+04 2.093210545248159349e+01
7.069363909618236357e+04 2.093422242730908778e+01
8.185631916794381686e+04 2.105499032473279186e+01
9.478161081236698374e+04 2.109393016424777301e+01
1.097478342479036946e+05 2.126036742154315107e+01
1.270772570636010059e+05 2.146161053717447942e+01
1.471430336049386242e+05 2.170796986674173468e+01
1.703772401038522657e+05 2.185208144043946277e+01
1.972801785733431461e+05 2.217042554403313659e+01
2.284311498073748662e+05 2.260553478912846614e+01
2.645009274609919521e+05 2.296828370253246021e+01
3.062662018149428768e+05 2.337542284352812061e+01
3.546263042422960280e+05 2.413119470743699679e+01
4.106225725048765889e+05 2.456921222249783909e+01
4.754607738723197835e+05 2.529731639318681147e+01
5.505370689006154425e+05 2.572246404356874905e+01
6.374680749480139930e+05 2.623950613855079084e+01
7.381256767857808154e+05 2.732945605948003021e+01
8.546773338804437080e+05 2.783947635218054018e+01
9.896327522839742014e+05 2.872716933369354564e+01
1.145897926117405761e+06 2.931072362879040938e+01
1.326837712322785053e+06 2.979017419479351148e+01
1.536348286105185049e+06 3.039152699924452605e+01
1.778941037247308763e+06 3.183055602007744511e+01
2.059839713835477363e+06 3.466216306325849672e+01
2.385092905192205682e+06 3.720835815651332723e+01
