1.068412948607654804e-03 1.786765735072862071e+00 5.048298335140077597e+02
1.214599508897350926e-03 1.786765714798131954e+00 4.440695772802778833e+02
1.380788176459504541e-03 1.786765688619654346e+00 3.906222889709311517e+02
1.569715757567867551e-03 1.786765654723369456e+00 3.436077948105423161e+02
1.784493524470099355e-03 1.786765610818602967e+00 3.022518572834885049e+02
2.028658452030629531e-03 1.786765554012725410e+00 2.658734239001943251e+02
2.306231464873141450e-03 1.786765480834217712e+00 2.338734120836665227e+02
2.621783654240585244e-03 1.786765386106043740e+00 2.057248435449537851e+02
2.980511555036485013e-03 1.786765263830456085e+00 1.809641657082475490e+02
3.388322722714947818e-03 1.786765105623506988e+00 1.591836180483323346e+02
3.851933019305439285e-03 1.786764901300101016e+00 1.400245170379287458e+02
4.378977210685182017e-03 1.786764637120779042e+00 1.231713492848886062e+02
4.978134696422576236e-03 1.786764295783872969e+00 1.083465756824139987e+02
5.659272442719254399e-03 1.786763854587528177e+00 9.530606085130327187e+01
6.433607472280189823e-03 1.786763284404709662e+00 8.383505270426297784e+01
7.313891587006042180e-03 1.786762547451882677e+00 7.374464589578730056e+01
8.314621365533644490e-03 1.786761594997941405e+00 6.486867092096358078e+01
9.452276893878367933e-03 1.786760363987821787e+00 5.706095761429678959e+01
1.074559316061081057e-02 1.786758772898501269e+00 5.019292801584047936e+01
1.221586858592207253e-02 1.786756716374005016e+00 4.415147893896463671e+01
1.388731576545517224e-02 1.786754058140776147e+00 3.883711937528826041e+01
1.578746020497588665e-02 1.786750622005792266e+00 3.416233206997709004e+01
1.794759361227269562e-02 1.786746180049054056e+00 3.005013227849316237e+01
2.040328921112766203e-02 1.786740437399403358e+00 2.643279997146050775e+01
2.319498756358364527e-02 1.786733012436301671e+00 2.325076461031217079e+01
2.636866254786891101e-02 1.786723411067874467e+00 2.045162412605453284e+01
2.997657845934879189e-02 1.786710993247985213e+00 1.798928194395877256e+01
3.407815070249430034e-02 1.786694929285526534e+00 1.582318784106961829e+01
3.874092424780160859e-02 1.786674142708800872e+00 1.391767013111202544e+01
4.404168596695737931e-02 1.786647235263798983e+00 1.224134817470389258e+01
5.006772916426122100e-02 1.786612388046140421e+00 1.076661553239683045e+01
5.691829112869436352e-02 1.786567230445837984e+00 9.469185238171762720e+00
6.470618738034013273e-02 1.786508665196906209e+00 8.327689688116931777e+00
7.355966952403708570e-02 1.786432632788716779e+00 7.323328529356092353e+00
8.362453730552510400e-02 1.786333790705219027e+00 6.439558710691507315e+00
9.506653965156867947e-02 1.786205070745282120e+00 5.661821527593619230e+00
1.080741042345493008e-01 1.786037057799219951e+00 4.977302065315332591e+00
1.228614405121823405e-01 1.785817100185215001e+00 4.374716912527819801e+00
1.396720673434270754e-01 1.785528003877272063e+00 3.844126369070337557e+00
1.587828232736085421e-01 1.785146058647472778e+00 3.376767565203604882e+00
1.805084255303998630e-01 1.784637946974499512e+00 2.964904851132185382e+00
2.052066528085197405e-01 1.783955693261978448e+00 2.601693279556450022e+00
2.332842371935958392e-01 1.783027973388405352e+00 2.281049429445544341e+00
2.652035622537985415e-01 1.781744169962839353e+00 1.997519682924755902e+00
3.014902776038707044e-01 1.779922595227674043e+00 1.746124724598072220e+00
3.427419553387128781e-01 1.777239632641603340e+00 1.522123892082461349e+00
3.896379308912616413e-01 1.773043334971334817e+00 1.320509771990620473e+00
4.429504903745753452e-01 1.765705176814917232e+00 1.134333476263373219e+00
5.035575886420377012e-01 1.748155635089438054e+00 9.424797411461146579e-01
5.724573075075619633e-01 1.738448603553294669e+00 8.051018280117326897e-01
6.507842922247442097e-01 1.793999715415320440e+00 8.454906102374988297e-01
7.398284369020245999e-01 1.748748135178004981e+00 6.901732116308240128e-01
8.410561265665441599e-01 1.856452982059153767e+00 6.709148587661405427e-01
9.561343856924440221e-01 1.916987757074707810e+00 6.014968152143386204e-01
1.086958330873220913e+00 1.997650720129403812e+00 5.683478610651283569e-01
1.235682379730604685e+00 1.874873448376420670e+00 4.886459497086435011e-01
1.404755730010392778e+00 1.850745170119312055e+00 4.182858127470494569e-01
1.596962693137411016e+00 1.769574054312590405e+00 3.428725543427774136e-01
1.815468546445314413e+00 1.744961119925380277e+00 2.900827864060667727e-01
2.063871659178867723e+00 1.788265147735282001e+00 2.721020540460128978e-01
2.346262750683264287e+00 1.858638042772118304e+00 2.721372276986466776e-01
2.667292256648362336e+00 1.818585705746445624e+00 2.824740782906300929e-01
3.032246912799720473e+00 1.885510615668277046e+00 2.613096739273910729e-01
3.447136817221893246e+00 1.864283482858352325e+00 2.556685544320432824e-01
3.918794405062205222e+00 1.830824003608161110e+00 2.402843174336190546e-01
4.454986965537173660e+00 1.681916414154433381e+00 2.157662322052870119e-01
5.064544554179304825e+00 1.699152194353801937e+00 2.175318037882063571e-01
5.757505406791798563e+00 1.704113693955758624e+00 2.145818057796671230e-01
6.545281249798078349e+00 1.751187027708472455e+00 2.239598894844707366e-01
7.440845229328239441e+00 1.663094948259733252e+00 2.170619509798921709e-01
8.458945553871330958e+00 1.568448428046891108e+00 2.210962738641908398e-01
9.616348368775231137e+00 1.624376050044736841e+00 2.393143165904391689e-01
1.093211386226786708e+01 1.647166085295018734e+00 2.573847112002815574e-01
1.242791014993257903e+01 1.480416998052950461e+00 2.539525292994106453e-01
1.412837010670835625e+01 1.374472484204484646e+00 2.662321616089503018e-01
1.606149702274868574e+01 1.239358067722577950e+00 2.664485531732705414e-01
1.825912576350729921e+01 1.126687894467010231e+00 3.297668356540094381e-01
2.075744702846635903e+01 1.057196726615579951e+00 3.451589399901421884e-01
2.359760334203550514e+01 9.296781465218421081e-01 3.478118511990055395e-01
2.682636659144046121e+01 7.813788578203655355e-01 4.939667152362573477e-01
