2.216514615631731644e+01 1.933747335348053298e+01
2.547199093731547492e+01 1.933746037603836854e+01
2.927218786354628577e+01 1.933744323078434491e+01
3.363934073419753190e+01 1.933742058029348243e+01
3.865803438767452604e+01 1.933739065160775183e+01
4.442547297603203305e+01 1.933735110046505312e+01
5.105336265553660269e+01 1.933729882217984652e+01
5.867007515809549290e+01 1.933722970144030029e+01
6.742313414850606534e+01 1.933713827804456642e+01
7.748207252432993641e+01 1.933701729630291055e+01
8.904171599976783114e+01 1.933685709446850964e+01
1.023259565713568975e+02 1.933664477399543458e+01
1.175920889515485044e+02 1.933636305358533036e+01
1.351357939600205214e+02 1.933598867257524745e+01
1.552968653931259837e+02 1.933549012813589840e+01
1.784657912918738134e+02 1.933482440266518410e+01
2.050913170771859200e+02 1.933393210678452689e+01
2.356891370383880826e+02 1.933273003161679071e+01
2.708518825153096259e+02 1.933109924581677674e+01
3.112606002292689027e+02 1.932886502797811801e+01
3.576979430800469117e+02 1.932576049896190540e+01
4.110633288937065117e+02 1.932135307181208006e+01
4.723903607222088681e+02 1.931485827820010925e+01
5.428668460984557669e+02 1.930363238955404626e+01
6.238578029880388840e+02 1.929196262332436973e+01
7.169318980265682058e+02 1.926364046549293718e+01
8.238918291093847301e+02 1.918585058610073801e+01
9.468092407963309824e+02 1.919570896519669034e+01
1.088064848787700612e+03 1.944617367074460290e+01
1.250394550618954327e+03 1.942828642685293161e+01
1.436942415665372664e+03 1.945079348888749848e+01
1.651321580789154950e+03 1.943408816591224664e+01
1.897684231081261487e+03 1.940907835149809557e+01
2.180802021114196577e+03 1.943393857464303665e+01
2.506158494338097626e+03 1.944902045598612261e+01
2.880055290637547841e+03 1.947831126967935944e+01
3.309734199121373877e+03 1.948294837360824516e+01
3.803517420114763809e+03 1.947902681018351245e+01
4.370968753006483894e+03 1.947220448185002439e+01
5.023078831904652361e+03 1.947155727693591487e+01
5.772477996822497516e+03 1.948457310797568454e+01
6.633680923372054167e+03 1.946839355608915767e+01
7.623367749055706554e+03 1.948368819260295126e+01
8.760707141126873466e+03 1.945771654624185132e+01
1.006772756333292273e+04 1.941490586166284871e+01
1.156974393238943958e+04 1.940449848667892141e+01
1.329584792784641104e+04 1.940543103830726324e+01
1.527947145187234310e+04 1.914877275786910715e+01
1.755903415228041558e+04 1.982400478318632508e+01
2.017868755029275417e+04 1.979480382265672844e+01
2.318917018561973964e+04 1.996284188829463702e+01
2.664879034166094425e+04 2.003324611710132430e+01
3.062455538465928839e+04 2.002723454025659677e+01
3.519346959032023733e+04 2.006029418229320527e+01
4.044402559474334703e+04 2.015703181885909601e+01
4.647791835670985165e+04 2.033917656899550153e+01
5.341201482806288550e+04 2.051639700377663189e+01
6.138061748157780676e+04 2.067338987333825173e+01
7.053806553727440769e+04 2.084841938842220443e+01
8.106172426880776766e+04 2.110629080842648975e+01
9.315542028806990129e+04 2.131622193099977380e+01
1.070533893440282845e+05 2.156207387750379567e+01
1.230248130984151794e+05 2.199848099299419601e+01
1.413790327484316949e+05 2.235683847468256147e+01
1.624715404760863457e+05 2.264091880637422349e+01
1.867108647690574289e+05 2.315344996415211654e+01
2.145664829708456527e+05 2.347012441758365853e+01
2.465779143137896026e+05 2.400700801022837538e+01
2.833651695525991963e+05 2.453423090388226058e+01
3.256407595912690158e+05 2.517705424194560138e+01
3.742234956914660870e+05 2.588072537307177612e+01
4.300543485505846329e+05 2.647226988386207580e+01
4.942146734147065436e+05 2.735714718547305324e+01
5.679471542180572869e+05 2.810004409431534356e+01
6.526798724037866341e+05 2.903870360264850703e+01
7.500539666010341607e+05 2.991553016704024159e+01
8.619554188824428711e+05 3.058782994320782578e+01
9.905515832516137743e+05 3.167836954676779371e+01
1.138333163859485183e+06 3.375241672115443237e+01
1.308162456001238432e+06 3.616239764579565730e+01
