22.163061749194007 17.94314111234125
25.465116186819053 17.943137057820426
29.259140715599745 17.943131704865092
33.61843351252365 17.943124636319947
38.6272133833855 17.94311530322722
44.38224681735299 17.943102978648724
50.994717454914586 17.943086702652423
58.59237408615868 17.94306520617164
67.32199867736493 17.94303681052196
77.35224210663588 17.94299929464317
88.87688239320424 17.942949717147847
102.1185683673649 17.9428841786561
117.33312110638956 17.942797503555024
134.81447623747107 17.94268280967958
154.90036258989375 17.942530924633925
177.97882690443222 17.942329586064133
204.49573065327692 17.942062333524444
234.96336380435028 17.94170695108838
269.9703419425435 17.9412332369565
310.1929779540568 17.94059973304643
356.4083479676593 17.93974878349968
409.5093039786678 17.938598780379934
470.52172319013687 17.93703140033128
540.6243273177222 17.93486928424185
621.171454754772 17.931833829604027
713.7192255416122 17.927456609642476
820.0556046298352 17.920863893779988
942.2349442450266 17.910112502745037
1082.6176726847384 17.888293626050483
1243.91589631442 17.812869957647113
1429.2457957632964 17.88987919960408
1642.1878285818777 17.945941099773517
1886.8559014387258 18.005263935919675
2167.976848219976 17.993535131096692
2490.981749498719 17.965902492187432
2862.110857609171 17.96717476583259
3288.534154412325 17.990659106365193
3778.4898708536057 17.979951996302482
4341.443644423593 17.959634437284702
4988.271389344229 17.932229070740917
5731.469412417962 17.907478554133363
6585.39583384641 17.857176762560382
7566.547977117446 17.823680399126577
8693.881086959635 17.589424160113772
9989.174532795183 17.679825091482588
11477.45257251264 18.504898693794196
13187.467805451943 18.642112010503865
15152.256654610546 18.53434469649491
17409.77760963879 18.515780294695166
20003.644561079436 18.811745329969263
22983.96939340945 18.819328638119785
26408.33011525357 18.83847466979354
30342.883230439067 18.987654546779865
34863.641840203505 19.17495965457357
40057.944168689355 19.304793693124232
46026.14088271813 19.365196541537934
52883.53380380503 19.59472467011348
60762.603467115376 19.786308848746266
69815.56856240664 19.890922187213018
80217.32670375162 20.152091686642272
92168.83334187095 20.441712899442663
105900.98409754508 20.700389390491818
121679.0755203547 20.97235589094689
139807.93045181344 21.250995713042585
160637.78701169827 21.676971769007324
184571.06497910433 22.10264710573196
212070.14029046538 22.60885094864409
243666.27785297344 23.147769945605592
279969.895249755 23.51192931433861
321682.35562515823 24.182838512887088
369609.5175813065 24.81954397510716
424677.3038614305 25.411496632112627
487949.58959718933 26.08263025729525
560648.7557097103 26.919209259741365
644179.3045431775 27.612415058720124
740154.9939702197 28.100302414065432
850430.0141830111 28.49434218995615
977134.8094861542 31.240387286128154
1122717.237145951 32.699912246542766
1289989.8584592366 34.72602812627017