1.072052673432853740e-03 4.705320750324870183e+00 4.238475246867822079e+02
1.226541195796205033e-03 4.705320660318323966e+00 3.704618911229877654e+02
1.403292340261497574e-03 4.705320541508523746e+00 3.238004123774359755e+02
1.605514269708872149e-03 4.705320386356894424e+00 2.830161485167526507e+02
1.836877460443113105e-03 4.705320183093797404e+00 2.473688353342014636e+02
2.101581324030068337e-03 4.705319917103266469e+00 2.162114478870504684e+02
2.404430429695915070e-03 4.705319568909456684e+00 1.889784567620551741e+02
2.750921710781708586e-03 4.705319113054411417e+00 1.651755631949801568e+02
3.147344238114314560e-03 4.705318516269850093e+00 1.443707272092686651e+02
3.600893371253565192e-03 4.705317734998798684e+00 1.261863257767895590e+02
4.119801359544487257e-03 4.705316712162648685e+00 1.102922986736554236e+02
4.713486763479462181e-03 4.705315372928734696e+00 9.640015763861009646e+01
5.392725408477594753e-03 4.705313619332406105e+00 8.425775011738190301e+01
6.169845974017776347e-03 4.705311322931081897e+00 7.364468248930521099e+01
7.058953768211599991e-03 4.705308315307467737e+00 6.436831976873988026e+01
8.076186749488725378e-03 4.705304375498097436e+00 5.626028912755213440e+01
9.240008442376036052e-03 4.705299213405711889e+00 4.917342380237969479e+01
1.057154306400670887e-02 4.705292447838218983e+00 4.297909189862689772e+01
1.209495894415116291e-02 4.705283577237642234e+00 3.756486161049313210e+01
1.383790719812456188e-02 4.705271940736466263e+00 3.283246047948519220e+01
1.583202361480578330e-02 4.705256665723640097e+00 2.869599164090282528e+01
1.811350286940345208e-02 4.705236597004082810e+00 2.508037468069686682e+01
2.072375548335183768e-02 4.705210200063007164e+00 2.191998278995414395e+01
2.371015945564037414e-02 4.705175427518472731e+00 1.915745146850764513e+01
2.712692020823667671e-02 4.705129532202523279e+00 1.674263713139534460e+01
3.103605445424300474e-02 4.705068801103517551e+00 1.463170668072182146e+01
3.550851584671469580e-02 4.704988169123813790e+00 1.278634146249582670e+01
4.062548283949200811e-02 4.704880645197541789e+00 1.117304106816298415e+01
4.647983213566388161e-02 4.704736436526693488e+00 9.762514193277484154e+00
5.317782446783360373e-02 4.704541570761349156e+00 8.529145239100200726e+00
6.084103330833449258e-02 4.704275651893933485e+00 7.450526520030178901e+00
6.960855151690013842e-02 4.703908057838413370e+00 6.507046747334805481e+00
7.963951597806254168e-02 4.703391195834740302e+00 5.681526691777003535e+00
9.111599605229836474e-02 4.702647871036769622e+00 4.958892041898653957e+00
1.042462982684292799e-01 4.701545995853708249e+00 4.325869952268813101e+00
1.192687472398673565e-01 4.699843416871924973e+00 3.770684907168863731e+00
1.364560114311069161e-01 4.697052696146182704e+00 3.282694267782455100e+00
1.561200522902975174e-01 4.692048260255146097e+00 2.851767266886386931e+00
1.786177865782833663e-01 4.681554442960373486e+00 2.466479616270637720e+00
2.043575646695319215e-01 4.649243996497836484e+00 2.102217613842049193e+00
2.338065824108662150e-01 4.643674295795868545e+00 1.813778178639299465e+00
2.674993610686698942e-01 4.805948610583997471e+00 1.708404235978384644e+00
3.060474492818257009e-01 4.821947414884270700e+00 1.468238136968922802e+00
3.501505231179483646e-01 4.818126478167505056e+00 1.305630607079104832e+00
4.006090857070695455e-01 4.864197356410052464e+00 1.098923567604933815e+00
4.583389969604410030e-01 4.944856118388687882e+00 9.696403964098160300e-01
5.243880970995060675e-01 4.702119738631067136e+00 8.592209219087550975e-01
5.999552257242790620e-01 4.654678524918908877e+00 7.293642301979130771e-01
6.864119816311704536e-01 4.691099443006279124e+00 6.570289954982250213e-01
7.853276183369080066e-01 4.600622927062650191e+00 5.682930931630368887e-01
8.984975271805686337e-01 4.670934558365902767e+00 5.397689278799141510e-01
1.027975824992905629e+00 4.710711592619164279e+00 4.890689833932720942e-01
1.176112637823070850e+00 4.566035329017315902e+00 4.227480226348531711e-01
1.345596757449707415e+00 4.495311779908881533e+00 3.765685641103442838e-01
1.539504444923368798e+00 4.457890656852547373e+00 3.409655343687262308e-01
1.761355266960350274e+00 4.417122679632782933e+00 3.148508640720174556e-01
2.015175978659413669e+00 4.408581584037596812e+00 2.915070710634271034e-01
2.305573612059571342e+00 4.367026890941790640e+00 2.701595845233656368e-01
2.637819097149839642e+00 4.407254460538876373e+00 2.492435451709877070e-01
3.017942933113604731e+00 4.370169358632393752e+00 2.367769788560932509e-01
3.452844646310853527e+00 4.258894998942019505e+00 2.204599770366491018e-01
3.950418021740882413e+00 4.258948481997530067e+00 2.177127071250536394e-01
4.519694381028397601e+00 4.241182783775062859e+00 2.090204375854327057e-01
5.171006507533486563e+00 4.145890364324857913e+00 2.036877200759110718e-01
5.916176193946430573e+00 4.085537949682263026e+00 2.098347494069757735e-01
6.768728816493726264e+00 3.986782509832591970e+00 2.090892123591547302e-01
7.744138830434469156e+00 3.913703846345126358e+00 2.134723612079661714e-01
8.860110642770427702e+00 3.833939193376007637e+00 2.180642161247580979e-01
1.013689996021541262e+01 3.681263341297236646e+00 2.195796138326934765e-01
1.159768144512523236e+01 3.550347599389026776e+00 2.271289388581877733e-01
1.326896935261298438e+01 3.368386401955873133e+00 2.373147802936610429e-01
1.518109878372173682e+01 3.212111319570802426e+00 2.619382192496853001e-01
1.736877628975254595e+01 2.957194657098823676e+00 2.741704318702318788e-01
1.987170982162021460e+01 2.671359102615624703e+00 2.969721434679762351e-01
2.273532945827948382e+01 2.430579889440787955e+00 3.464628347336742853e-01
2.601161199597098772e+01 2.118954890142722647e+00 3.435174272101136350e-01
2.976002436518662364e+01 1.919392714254395171e+00 3.587749408180400112e-01
3.404860299906378174e+01 1.812040529222590735e+00 4.622446827775637535e-01
3.895518874453664182e+01 1.515210385279170735e+00 5.632506698007414547e-01
4.456883973078717531e+01 1.132015538107559616e+00 5.750340395853701381e-01