1.073348600281895599e-03 1.993207457247743175e+00 3.685533648746290964e+02
1.230805835172314082e-03 1.993207447194452309e+00 3.214042359078405866e+02
1.411361605629672146e-03 1.993207433661609684e+00 2.802869004728598838e+02
1.618404402158762825e-03 1.993207415749606470e+00 2.444297099553367616e+02
1.855819797335570486e-03 1.993207392382514209e+00 2.131597322995208117e+02
2.128063366355562123e-03 1.993207361591455617e+00 1.858901237687417733e+02
2.440244304822280531e-03 1.993207321158929624e+00 1.621091155697199042e+02
2.798221313031445424e-03 1.993207267929784532e+00 1.413704094545439318e+02
3.208712546211096167e-03 1.993207197957662213e+00 1.232848020983858817e+02
3.679421694154180311e-03 1.993207105954768910e+00 1.075128808689682245e+02
4.219182556380282265e-03 1.993206984966527484e+00 9.375865408640781595e+01
4.838124826068850547e-03 1.993206825884515698e+00 8.176399615338107196e+01
5.547864194031333109e-03 1.993206616671179265e+00 7.130380329658596850e+01
6.361720340403826182e-03 1.993206341571915896e+00 6.218176905650721409e+01
7.294966905110797026e-03 1.993205979794448579e+00 5.422670019475648218e+01
8.365118128296059052e-03 1.993205504033824793e+00 4.728930391756797036e+01
9.592257540102516397e-03 1.993204878338934227e+00 4.123938609107098330e+01
1.099941486832247545e-02 1.993204055422511445e+00 3.596340788982253400e+01
1.261299823734512646e-02 1.993202973040261838e+00 3.136235501237268508e+01
1.446328976947969767e-02 1.993201549250767979e+00 2.734987947839298172e+01
1.658501388960529482e-02 1.993199676147321631e+00 2.385067913311530319e+01
1.901798899852199035e-02 1.993197211534370572e+00 2.079908444921428767e+01
2.180787474495815559e-02 1.993193967942633593e+00 1.813782610163261211e+01
2.500702892028932797e-02 1.993189697986471387e+00 1.581696018699005180e+01
2.867549005731354766e-02 1.993184074854724486e+00 1.379293091541003236e+01
3.288210417351628695e-02 1.993176666178844814e+00 1.202775318241376290e+01
3.770581680441810468e-02 1.993166898844448420e+00 1.048829967759120230e+01
4.323715457459740424e-02 1.993154011269344439e+00 9.145679146344861010e+00
4.957992411103477604e-02 1.993136988105181695e+00 7.974694129857089031e+00
5.685316018228882273e-02 1.993114469873867867e+00 6.953367995827721693e+00
6.519335962423541964e-02 1.993084626155906092e+00 6.062532366824859409e+00
7.475704297645927032e-02 1.993044974515532530e+00 5.285467176554184299e+00
8.572369190353290591e-02 1.992992116453079054e+00 4.607586555393582195e+00
9.829911752777417688e-02 1.992921342510537652e+00 4.016164578285886577e+00
1.127193228869897701e-01 1.992826023737349406e+00 3.500095606473626386e+00
1.292549320039572680e-01 1.992696640309821188e+00 3.049684512921109203e+00
1.482162686880010571e-01 1.992519165588405139e+00 2.656462468345737626e+00
1.699591803825415970e-01 1.992272243934977149e+00 2.313024092712373303e+00
1.948917163547768672e-01 1.991921966917303388e+00 2.012881414832565330e+00
2.234817855570951917e-01 1.991411490194879619e+00 1.750328593447771475e+00
2.562659378753187056e-01 1.990638437540223071e+00 1.520306789869847242e+00
2.938594335614823638e-01 1.989399377328841867e+00 1.318244005206517189e+00
3.369677898242134373e-01 1.987227204994799878e+00 1.139789160419527159e+00
3.864000212715937299e-01 1.982755286574108933e+00 9.800656647668334331e-01
4.430838226899258547e-01 1.968908080860832799e+00 8.287803747001671884e-01
5.080829790936415291e-01 1.970722660487242317e+00 7.092946061268509128e-01
5.826173297807902829e-01 2.024345622350117946e+00 6.403727694188386943e-01
6.680856610595833356e-01 2.077785000997669052e+00 5.757060349074274441e-01
7.660919572738345007e-01 2.058840556597647531e+00 5.016521280346186717e-01
8.784755027803420324e-01 1.938509947788186860e+00 4.125910538475553446e-01
1.007345399802087815e+00 1.969805927957704039e+00 3.877206640994659281e-01
1.155120149953867692e+00 2.028465720728260369e+00 3.277382646258815702e-01
1.324573042266926626e+00 2.070418889768359527e+00 3.121203005563426003e-01
1.518884199509749955e+00 1.945952770203710491e+00 2.739904219798757201e-01
1.741700259558406128e+00 1.973354010477006426e+00 2.402499290783467467e-01
1.997202811856852778e+00 2.013521758179477317e+00 2.305793840808624262e-01
2.290186873314386418e+00 1.989051051466956599e+00 2.267748833914288997e-01
2.626150876397550071e+00 1.908387377128139661e+00 2.124101021248475940e-01
3.011399858223217763e+00 1.979617426099148148e+00 2.121868558686684780e-01
3.453163787202763402e+00 1.979241748352449815e+00 2.041052417375230355e-01
3.959733247873669981e+00 1.906098797908133413e+00 2.021460256642356179e-01
4.540615030316105916e+00 1.919226142190707973e+00 1.995226240670603668e-01
5.206710544101355254e+00 1.907377978718774569e+00 1.993617899612443178e-01
5.970520405067001768e+00 1.851194159184957444e+00 1.969264730175460942e-01
6.846379034399324048e+00 1.857957695695669598e+00 2.002109116612454109e-01
7.850723672744340575e+00 1.853105068411544432e+00 2.209272348586956425e-01
9.002402857935825509e+00 1.810087080954302596e+00 2.252362505687624805e-01
1.032303015554249015e+01 1.712382212166594808e+00 2.357391468322511396e-01
1.183738978069617076e+01 1.749292872514464303e+00 2.497744378322361569e-01
1.357390172350673119e+01 1.652061835458118910e+00 2.291076893836820061e-01
1.556515510707320615e+01 1.602670523590230323e+00 2.666983171234635908e-01
1.784851978762203828e+01 1.444186184479196111e+00 2.800615242299160923e-01
2.046684767467363031e+01 1.356019914890569833e+00 2.786926127708542755e-01
2.346927693291381445e+01 1.207768602306078076e+00 2.747012291236719528e-01
2.691215415822863122e+01 1.247789560021901334e+00 3.738876555253743961e-01
3.086009183438196146e+01 1.125032514700525565e+00 4.932428902758811962e-01
3.538718091562734713e+01 1.057675073987410785e+00 6.054660022313060885e-01
4.057838129179430098e+01 6.528307473141233830e-01 6.163137338878817983e-01
4.653111623071063718e+01 6.809658504702593707e-01 6.111998293732154863e-01
5.335710072086432376e+01 5.531922856101021413e-01 4.467029070569433213e-01