1.068114966814001036e-03 5.435247742410025396e+00 9.712392299650773566e+02
1.213624197850146809e-03 5.435247999991576151e+00 8.547909986523704902e+02
1.378956141772608602e-03 5.435248328301209852e+00 7.523044796390147440e+02
1.566811245442216666e-03 5.435248754087124823e+00 6.621057161998469383e+02
1.780257837416415658e-03 5.435249303274543031e+00 5.827214463509723146e+02
2.022782244448383289e-03 5.435250008055324322e+00 5.128550473965536867e+02
2.298345735353487119e-03 5.435250922918907435e+00 4.513653600684532989e+02
2.611449222334891879e-03 5.435252102809300823e+00 3.972480418516371401e+02
2.967206776566469993e-03 5.435253624998021671e+00 3.496191685181701132e+02
3.371429158798675604e-03 5.435255591146762377e+00 3.077007947618636763e+02
3.830718729333327122e-03 5.435258129570160968e+00 2.708082473952496798e+02
4.352577287577950003e-03 5.435261406548689500e+00 2.383389424722445540e+02
4.945528602575440316e-03 5.435265637991496313e+00 2.097625432071028513e+02
5.619257635859673840e-03 5.435271100792743226e+00 1.846122972066678756e+02
6.384768730631479663e-03 5.435278154771607362e+00 1.624774134578954374e+02
7.254565351035542793e-03 5.435287263154242154e+00 1.429963520706282623e+02
8.242854307307112896e-03 5.435299024750251284e+00 1.258509193887121711e+02
9.365777802496848964e-03 5.435314213515899162e+00 1.107610707143996791e+02
1.064167709090560465e-02 5.435333829857492915e+00 9.748033616721073713e+01
1.209139205469029685e-02 5.435359166990824775e+00 8.579179497433577239e+01
1.373860159177090270e-02 5.435391897999546806e+00 7.550453239797043636e+01
1.561021037475940690e-02 5.435434187965589636e+00 6.645052139229248667e+01
1.773678829803201906e-02 5.435488841575124574e+00 5.848187813619603048e+01
2.015306979064683535e-02 5.435559494450808771e+00 5.146844650108240415e+01
2.289852115062713384e-02 5.435650865939126497e+00 4.529567211312020447e+01
2.601798516715645229e-02 5.435769091276346110e+00 3.986273117527386489e+01
2.956241355961249442e-02 5.435922162758062726e+00 3.508088353546875737e+01
3.358969919672204207e-02 5.436120519060222200e+00 3.087202304958238486e+01
3.816562168887602247e-02 5.436377840192180066e+00 2.716740153952658332e+01
4.336492179842300204e-02 5.436712132183216362e+00 2.390650544959880008e+01
4.927252221680564204e-02 5.437147228855207182e+00 2.103606677861226970e+01
5.598491464808530438e-02 5.437714907792225105e+00 1.850919200611157223e+01
6.361173585476329051e-02 5.438457937100058537e+00 1.628459458988007214e+01
7.227755840821964428e-02 5.439434578012601662e+00 1.432591817179226545e+01
8.212392539296542449e-02 5.440725450911850558e+00 1.260113888698916540e+01
9.331166229852003169e-02 5.442444405591908563e+00 1.108203604611463078e+01
1.060235038601658741e-01 5.444756523282434202e+00 9.743720771906922096e+00
1.204670787540444155e-01 5.447909596253126097e+00 8.564211458742482463e+00
1.368783008970671511e-01 5.452292980725670368e+00 7.524042017345498046e+00
1.555252227433882029e-01 5.458557303856914622e+00 6.605880473249845508e+00
1.767124135152000897e-01 5.467886412054251188e+00 5.794111098851138841e+00
2.007859338796197934e-01 5.482717802003421070e+00 5.074252360726067224e+00
2.281389883254766604e-01 5.509156269016088459e+00 4.431736806925687056e+00
2.592183475630157052e-01 5.569483452341336793e+00 3.847116743309174858e+00
2.945316458466856746e-01 5.801127609257867412e+00 3.252747162156024885e+00
3.346556724117255577e-01 5.015068921992708262e+00 2.775260371792829250e+00
3.802457924526090882e-01 5.160481844802040641e+00 2.642416972677864795e+00
4.320466515207549429e-01 5.298850330149365462e+00 2.482143326397465710e+00
4.909043381816275975e-01 5.260394602780765538e+00 2.075588649090546856e+00
5.577802035898086208e-01 5.419072079333862035e+00 1.986192183668585187e+00
6.337665637038611965e-01 5.381867101961760547e+00 1.744247649023483282e+00
7.201045406128847581e-01 5.327048443515635334e+00 1.516754045716248278e+00
8.182043343858007578e-01 5.266377476973046257e+00 1.364595310255408034e+00
9.296682565533211928e-01 5.291560784147376850e+00 1.205539556053640826e+00
1.056316901439639855e+00 5.315269740646189511e+00 1.030432167711243574e+00
1.200218882812898347e+00 5.312010734331900075e+00 9.225206538743274676e-01
1.363724621557573347e+00 5.411535751555526907e+00 8.216843955101372776e-01
1.549504736239232905e+00 5.287403088987839617e+00 7.379853451453539659e-01
1.760593663613378101e+00 5.280258449103958363e+00 6.379691421235725857e-01
2.000439221553307778e+00 5.335038961638137955e+00 5.706930399398916220e-01
2.272958923932365316e+00 5.258649247228384560e+00 5.126564223391092412e-01
2.582603967278846113e+00 5.219988311919164126e+00 4.529665487563581117e-01
2.934431934328655789e+00 5.249007383166294893e+00 4.052199150425780383e-01
3.334189401978135958e+00 5.174948153239956383e+00 3.520635975353691993e-01
3.788405802912804710e+00 5.171190704106214397e+00 3.149662153777372242e-01
4.304500073999550480e+00 5.052451885361816331e+00 2.823298097851965616e-01
4.890901833382235608e+00 4.908497167517173132e+00 2.543435262277889408e-01
5.557189065524969607e+00 4.800460832197609662e+00 2.276551952394466061e-01
6.314244563079690842e+00 4.709546975868243557e+00 2.065371508091476127e-01
7.174433680819005232e+00 4.551562600894090593e+00 1.937744879769493500e-01
8.151806304975480089e+00 4.420500682331027775e+00 1.787976152563103827e-01
9.262326336850609465e+00 4.323934061328539080e+00 1.754586371704215109e-01
1.052413243896065609e+01 4.165566762890492214e+00 1.705188129213895121e-01
1.195783430261256086e+01 3.940503123610957115e+00 1.731271448137283731e-01
1.358684927599211534e+01 3.704282236667415962e+00 1.778488131962546182e-01
1.543778485107418419e+01 3.322584495628997381e+00 1.902432548121982814e-01
1.754087325669937769e+01 2.961960657928895291e+00 2.189250407502441320e-01
1.993046525623672238e+01 2.579965598105188551e+00 2.641893624462455237e-01
2.264559121526904661e+01 2.130102402247355364e+00 4.204963766126774694e-01
2.573059860349198402e+01 1.343327895607180800e+00 5.725147721772830822e-01