1.068527261367211616e-03 8.845790370755448606e+00 9.238036737000929861e+02
1.214973755202615772e-03 8.845821204388354175e+00 8.124483763058832437e+02
1.381491403356760852e-03 8.845861059964658324e+00 7.145145814288055135e+02
1.570831048305530980e-03 8.845912592682086739e+00 6.283844418023380740e+02
1.786120547927460330e-03 8.845979233027039257e+00 5.526351033187228268e+02
2.030916447169804455e-03 8.846065396825546046e+00 4.860151977144259945e+02
2.309262731550154081e-03 8.846176820394141771e+00 4.274241761708467493e+02
2.625757633091151816e-03 8.846320908499242464e+00 3.758941233907997344e+02
2.985629592310730038e-03 8.846507254864734549e+00 3.305737705799109563e+02
3.394823631146649638e-03 8.846748271098421768e+00 2.907144306602484676e+02
3.860099563680997360e-03 8.847060029271148096e+00 2.556576304118565872e+02
4.389143667088653278e-03 8.847463352073550169e+00 2.248242320820244231e+02
4.990695657594305251e-03 8.847985228210500708e+00 1.977048650106583523e+02
5.674693069058654379e-03 8.848660666768561001e+00 1.738515097835495737e+02
6.452435419302829725e-03 8.849535122815115784e+00 1.528700950463989443e+02
7.336770876170067325e-03 8.850667691419490168e+00 1.344139848330096072e+02
8.342308507015377267e-03 8.852135321779503130e+00 1.181782478540441730e+02
9.485659617947693467e-03 8.854038424984954858e+00 1.038946138515696447e+02
1.078571216970670987e-02 8.856508384446717841e+00 9.132703222995129977e+01
1.226394280347672602e-02 8.859717719546745585e+00 8.026775797937230550e+01
1.394477163124950049e-02 8.863894011873622247e+00 7.053389735375019143e+01
1.585596565181093126e-02 8.869339287112000036e+00 6.196435152731537244e+01
1.802909745671329653e-02 8.876457522320000848e+00 5.441709978503227063e+01
2.050006680397555014e-02 8.885794646443962108e+00 4.776676342670513975e+01
2.330969367581821675e-02 8.898098485396332080e+00 4.190238461948649018e+01
2.650439261764309107e-02 8.914412016678506134e+00 3.672533449007630679e+01
3.013693949821995288e-02 8.936225361215543117e+00 3.214721565405870507e+01
3.426734335782469221e-02 8.965738538282151282e+00 2.808750314794681557e+01
3.896383774710798775e-02 9.006351759051087313e+00 2.447034516168810825e+01
4.430400793343938770e-02 9.063679956625570355e+00 2.121896968326230137e+01
5.037607259597903092e-02 9.147992403958971508e+00 1.824256071904131815e+01
5.728034118285561804e-02 9.281732593021443378e+00 1.539237971883889244e+01
6.513087100573686228e-02 9.540567093359756612e+00 1.217920365417493578e+01
7.405735144670544390e-02 9.541491352842477625e+00 1.070494167269772667e+01
8.420724640420912399e-02 5.904354527001347108e+00 1.238538813170658948e+01
9.574823037091803601e-02 5.904151735177814331e+00 1.088997574674088931e+01
1.088709583870698661e-01 5.903884573340651087e+00 9.574439144965378290e+00
1.237922156284489705e-01 5.903530627749139725e+00 8.417033450661467242e+00
1.407584986596429333e-01 5.903058253307784220e+00 7.398619431901278354e+00
1.600500875142543133e-01 5.902421719253199583e+00 6.502343373717685893e+00
1.819856758721232204e-01 5.901552988983567616e+00 5.713351939483580111e+00
2.069276358232785828e-01 5.900347081159234008e+00 5.018534878402734378e+00
2.352880041916005638e-01 5.898634354281372616e+00 4.406286107775733818e+00
2.675352893112155073e-01 5.896123826953083125e+00 3.866266936525155629e+00
3.042022107023801269e-01 5.892274837219016348e+00 3.389134901036276570e+00
3.458944995049514359e-01 5.885961629088886760e+00 2.966131380459717359e+00
3.933009050510649640e-01 5.874377738121086878e+00 2.588106826649702707e+00
4.472045728838555667e-01 5.847565727629793209e+00 2.241277627674706618e+00
5.084959821851042783e-01 5.738162941212386237e+00 1.871703916972439430e+00
5.781876563358554488e-01 5.943462809078281950e+00 1.761357079391737246e+00
6.574308896259011270e-01 6.063789404325167887e+00 1.598233835442670614e+00
7.475347664344467180e-01 6.046031118380364333e+00 1.432228311177005997e+00
8.499877870755087050e-01 6.081160748286385420e+00 1.241043245352935420e+00
9.664824575632315895e-01 6.140394271733688569e+00 1.071338938634778692e+00
1.098943249515752729e+00 6.034077065436404652e+00 9.426639851928516611e-01
1.249558392090351022e+00 5.914462236849089116e+00 8.444192440863209637e-01
1.420816021147087937e+00 5.965361371933875390e+00 7.315272722232720737e-01
1.615545282818825257e+00 6.057145292352495325e+00 6.656209223792278751e-01
1.836963070511409057e+00 6.100744271320013290e+00 5.831149548430754059e-01
2.088727167421110753e+00 5.982696985382863986e+00 5.098912245769410267e-01
2.374996672474436021e+00 5.870735090601367112e+00 4.534387579534028268e-01
2.700500707916264176e+00 5.740781818959309390e+00 3.939640819716551667e-01
3.070616543583701841e+00 5.713848473843089693e+00 3.556666277191317671e-01
3.491458428464991659e+00 5.707024633501910138e+00 3.227415895294310499e-01
3.969978597025340505e+00 5.640486253803344674e+00 2.859189417492737362e-01
4.514082118906525665e+00 5.632946095772611628e+00 2.595309554343847025e-01
5.132757489297255837e+00 5.558485396022849301e+00 2.346827958489571819e-01
5.836225117304430832e+00 5.399524935692880057e+00 2.169477315995454181e-01
6.636106165327245954e+00 5.267854256041078820e+00 2.028095203482572217e-01
7.545614528631135798e+00 5.153901579859053506e+00 1.928956649818446278e-01
8.579775126590609702e+00 4.999478347621395535e+00 1.858517187568893836e-01
9.755672111734170926e+00 4.705664917793728641e+00 1.798405679702526072e-01
1.109273109696141901e+01 4.480080860756314287e+00 1.829092625477076739e-01
1.261304006327676319e+01 4.275513011659403340e+00 1.892869727989922590e-01
1.434171424937933281e+01 3.978594276066722557e+00 2.021292732273170523e-01
1.630731105102149314e+01 3.722773292750204188e+00 2.228356296915056101e-01
1.854230178420102959e+01 3.354842690050843679e+00 2.514602337015555134e-01
2.108360810563236498e+01 2.749610815824873544e+00 2.869603009032508090e-01
2.397321195206945177e+01 2.229046037724661478e+00 4.120201964370014958e-01
2.725884907457151485e+01 1.177695418741288025e+00 5.514554950473894435e-01