2.225156044778579911e+01 2.083572638266603150e+01
2.575774237736295191e+01 2.083572436329550115e+01
2.981639395292920014e+01 2.083572165152332190e+01
3.451456790473923775e+01 2.083571800524083173e+01
3.995303387564160857e+01 2.083571309716608866e+01
4.624843979718441034e+01 2.083570648139986403e+01
5.353581383409876793e+01 2.083569754387657724e+01
6.197146056057371055e+01 2.083568543516992833e+01
7.173631348748867254e+01 2.083566896661098866e+01
8.303981584789696058e+01 2.083564644423210410e+01
9.612441287849684102e+01 2.083561540613683860e+01
1.112707519506106308e+02 2.083557216431612602e+01
1.288037020866319438e+02 2.083551095631316485e+01
1.490993219726397854e+02 2.083542222523725584e+01
1.725929259218717959e+02 2.083528866932728008e+01
1.997884207933485925e+02 2.083507444005348930e+01
2.312691141302555877e+02 2.083468621802891363e+01
2.677102253384138635e+02 2.083372622072939606e+01
3.098933682531380782e+02 2.083226907477058631e+01
3.587233157264655006e+02 2.083726458358711753e+01
4.152474058130684398e+02 2.083715607995156915e+01
4.806780057919767160e+02 2.083700950345218672e+01
5.564185158477878304e+02 2.083681089907014439e+01
6.440934701560724989e+02 2.083654065418941315e+01
7.455833810016094958e+02 2.083617066442276666e+01
8.630650732898915294e+02 2.083565945675750442e+01
9.990583745740408403e+02 2.083494287107288656e+01
1.156480162036717047e+03 2.083391258398685864e+01
1.338706925663583888e+03 2.083227328614065499e+01
1.549647189506001496e+03 2.083009306090078638e+01
1.793825344373635289e+03 2.082480109015317282e+01
2.076478690057811946e+03 2.082177161295608059e+01
2.403669768513489089e+03 2.082876638183613949e+01
2.782416397398633308e+03 2.081933236176954338e+01
3.220842193019138904e+03 2.080664079082057327e+01
3.728350811198186420e+03 2.082765568737400486e+01
4.315827643307198741e+03 2.078075041522083666e+01
4.995873293572548391e+03 2.085102671642047767e+01
5.783073845438751050e+03 2.084352817495055987e+01
6.694313713845609527e+03 2.082660201949568446e+01
7.749137793688588317e+03 2.082466912761681854e+01
8.970170672069843931e+03 2.080645840140214275e+01
1.038360189589054426e+04 2.082686919596851993e+01
1.201974770313514091e+04 2.079114419429736316e+01
1.391370126624367913e+04 2.083360540468714106e+01
1.610608539443603149e+04 2.079579039238137028e+01
1.864392383946145856e+04 2.079435647385865948e+01
2.158164989313412298e+04 2.082498231980604686e+01
2.498227390974312948e+04 2.080965655579813500e+01
2.891873479515506187e+04 2.083858077069059789e+01
3.347546445026992296e+04 2.090567516545769777e+01
3.875019872408208175e+04 2.103387249813396309e+01
4.485607371890383365e+04 2.110213673574349613e+01
5.192405241073760408e+04 2.109878220639380331e+01
6.010573363260718907e+04 2.112938008362313624e+01
6.957660366984075517e+04 2.129939849776374317e+01
8.053980020974104991e+04 2.136524743873457055e+01
9.323046937740597059e+04 2.147496081971105397e+01
1.079208093103783904e+05 2.165929949238485719e+01
1.249259084501577017e+05 2.184043283763499943e+01
1.446105037742370041e+05 2.206449201296367590e+01
1.673968039238398778e+05 2.240033642961357074e+01
1.937735450231427967e+05 2.271376760541001261e+01
2.243064734253778006e+05 2.298810012389916224e+01
2.596504802269095962e+05 2.348934386381303341e+01
3.005636478186327731e+05 2.397043746181813617e+01
3.479235097547131008e+05 2.451819864771415070e+01
4.027458726914401632e+05 2.510402514664656337e+01
4.662066041019881377e+05 2.582848984494273736e+01
5.396668530848667724e+05 2.639640558928075009e+01
6.247022452191838529e+05 2.716331151148012069e+01
7.231366776579088764e+05 2.800887542256095486e+01
8.370814393193728756e+05 2.848897441050057466e+01
9.689804952535858611e+05 2.928985957270137419e+01
1.121662906473375391e+06 2.998086654770215276e+01
1.298403509586685570e+06 3.022028091184099097e+01
1.502993157728211256e+06 3.113705837008462041e+01
1.739820029365842463e+06 3.282147884797508652e+01
2.013963748948704451e+06 3.406122190126838234e+01
2.331304338160730898e+06 3.680604786903410997e+01
