2.200693343069470131e+01 1.740793391119968092e+01
2.495257196508529063e+01 1.740792452748238972e+01
2.829248562202361228e+01 1.740791246079681187e+01
3.207944831468504532e+01 1.740789694292261913e+01
3.637329776969040296e+01 1.740787698515214998e+01
4.124188102190417027e+01 1.740785131426149235e+01
4.676212646416241370e+01 1.740781828999285352e+01
5.302125939136801946e+01 1.740777579821402554e+01
6.011818024574269970e+01 1.740772111160021396e+01
6.816502734086336091e+01 1.740765070862843089e+01
7.728894875705573497e+01 1.740756003633577009e+01
8.763411140583176007e+01 1.740744319872276336e+01
9.936397900855969567e+01 1.740729254413993132e+01
1.126638949836656565e+02 1.740709811497911730e+01
1.277440110545190208e+02 1.740684690544288671e+01
1.448426078528795244e+02 1.740652184709117734e+01
1.642298599866993811e+02 1.740610039746691129e+01
1.862121050640464546e+02 1.740555253185651097e+01
2.111366841279151174e+02 1.740483780076676368e+01
2.393974299855450170e+02 1.740390085155565103e+01
2.714408901532361824e+02 1.740266426476348727e+01
3.077733827452953506e+02 1.740101631232103330e+01
3.489689967970832072e+02 1.739878807658867998e+01
3.956786634351154817e+02 1.739570493859734768e+01
4.486404412276086191e+02 1.739126236924341740e+01
5.086911782341014145e+02 1.738428886294960307e+01
5.767797350259786526e+02 1.736970776124448079e+01
6.539819776145991455e+02 1.736352679571424318e+01
7.415177771900023345e+02 1.737337915878005390e+01
8.407702852827475226e+02 1.732740580281972598e+01
9.533077889153586284e+02 1.736882450336051420e+01
1.080908491076210794e+03 1.740489573668261869e+01
1.225588608071664339e+03 1.737914087278044306e+01
1.389634227722183368e+03 1.734809261732856811e+01
1.575637431793190444e+03 1.730554443152054489e+01
1.786537253430526789e+03 1.731598664126315867e+01
2.025666116768173424e+03 1.732430922599314016e+01
2.296802492499615710e+03 1.744162862244823842e+01
2.604230601422543714e+03 1.748466615608161945e+01
2.952808109331480409e+03 1.744560158987185261e+01
3.348042882904077032e+03 1.743391672425559591e+01
3.796180019399386765e+03 1.741040183908161865e+01
4.304300525322754766e+03 1.751096131222391961e+01
4.880433203277065331e+03 1.749178200676517037e+01
5.533681514922384849e+03 1.743976526847889730e+01
6.274367424603246036e+03 1.759161281096751139e+01
7.114194496514054663e+03 1.764468749990709284e+01
8.066432822497836241e+03 1.761660708859108837e+01
9.146128702519074068e+03 1.799977338435658680e+01
1.037034239096778583e+04 1.809475142766171984e+01
1.175841766541980905e+04 1.818678317516873832e+01
1.333228747730419491e+04 1.828175721005055010e+01
1.511682051405817947e+04 1.846049411136967322e+01
1.714021414879187432e+04 1.855614700774864190e+01
1.943443998645299143e+04 1.871469424136810744e+01
2.203574904655815408e+04 1.898551832147354901e+01
2.498524456487369753e+04 1.922273677213068765e+01
2.832953146487463891e+04 1.942797697327365825e+01
3.212145276126814497e+04 1.964652141493310822e+01
3.642092453147978085e+04 1.982242933403820473e+01
4.129588264847137179e+04 2.016906149819087091e+01
4.682335623419798503e+04 2.039605016417237593e+01
5.309068479532217316e+04 2.067358295117116995e+01
6.019689827312379930e+04 2.085106853748009570e+01
6.825428181374854466e+04 2.141944060411482553e+01
7.739014998370037938e+04 2.175241404186737171e+01
8.774885846492374549e+04 2.214104858076513338e+01
9.949408501623188204e+04 2.252974202776940160e+01
1.128114157425099256e+05 2.287619061353777283e+01
1.279112775372845063e+05 2.327226916466442930e+01
1.450322630341294571e+05 2.370865476275644923e+01
1.644449006044025591e+05 2.415027749302566917e+01
1.864559289709780132e+05 2.456165078625167197e+01
2.114131439810644370e+05 2.497857828896902888e+01
2.397108941218767432e+05 2.556455107698753437e+01
2.717963116137009347e+05 2.616761843799514153e+01
3.081763775377372513e+05 2.716231666611762208e+01
3.494259326346740709e+05 2.857754781605089889e+01
3.961967603524719598e+05 3.017253692930333742e+01
4.492278856644239277e+05 3.234551408866973077e+01
