1.065717020607203974e-03 5.590275307362485790e+00 2.254867441532624639e+02
1.205788515416588054e-03 5.590271999747137066e+00 1.992923298810180484e+02
1.364270172847712164e-03 5.590267765112470144e+00 1.761407412026698864e+02
1.543581714973366568e-03 5.590262343768181985e+00 1.556784961253428321e+02
1.746460897716983676e-03 5.590255402927111206e+00 1.375931739473350603e+02
1.976005311326869528e-03 5.590246516373496455e+00 1.216086451876949184e+02
2.235719674855695359e-03 5.590235138184235453e+00 1.074808555718383190e+02
2.529569346744542542e-03 5.590220569103132142e+00 9.499409978710998814e+01
2.862040868519269681e-03 5.590201913005444112e+00 8.395772804090044872e+01
3.238210465989552981e-03 5.590178021370190820e+00 7.420323517495548060e+01
3.663821553837352980e-03 5.590147421631160185e+00 6.558168788612947253e+01
4.145372426946649508e-03 5.590108224930007808e+00 5.796145075599860519e+01
4.690215477359026622e-03 5.590058007095545456e+00 5.122617637815656622e+01
5.306669451714689061e-03 5.589993654679668467e+00 4.527302888029942807e+01
6.004146463142599928e-03 5.589911165332448917e+00 4.001111371563684571e+01
6.793295696836626138e-03 5.589805387975473216e+00 3.536008973045408510e+01
7.686166003436316688e-03 5.589669683161070601e+00 3.124894229682417546e+01
8.696389862712750746e-03 5.589495476541488372e+00 2.761489874757616292e+01
9.839391526345098865e-03 5.589271667735880023e+00 2.440246950597266107e+01
1.113262251774344361e-02 5.588983840781446055e+00 2.156260019733932509e+01
1.259582808456498858e-02 5.588613198058888010e+00 1.905192168463191038e+01
1.425134867216130800e-02 5.588135101302638574e+00 1.683208640034995085e+01
1.612446102089906338e-02 5.587517041741352664e+00 1.486918055797237770e+01
1.824376409528003298e-02 5.586715758715997460e+00 1.313320280093089032e+01
2.064161573728501287e-02 5.585673049081455233e+00 1.159760053623357479e+01
2.335462671083130687e-02 5.584309491522201796e+00 1.023885547831700293e+01
2.642421968048983688e-02 5.582514711128314211e+00 9.036109509243489768e+00
2.989726165903392255e-02 5.580131618747667055e+00 7.970820162523864383e+00
3.382677958012533792e-02 5.576929527563025957e+00 7.026430138965055860e+00
3.827276992161023766e-02 5.572555197307531571e+00 6.188022506470023387e+00
4.330311474087672474e-02 5.566435791262692057e+00 5.441897720626809765e+00
4.899461810844137760e-02 5.557562821117649321e+00 4.774895033789652743e+00
5.543417876419046847e-02 5.543919953790634736e+00 4.172826425826904995e+00
6.272011690056997213e-02 5.520425330509532102e+00 3.614702425979650524e+00
7.096367533025198238e-02 5.460221758189317320e+00 3.010878970925095377e+00
8.029071795833420122e-02 5.461205091036101855e+00 2.764799868548593942e+00
9.084365149160436581e-02 5.459556392770642752e+00 2.518414304900730816e+00
1.027835997258192274e-01 5.735375931007406614e+00 2.511616161807934233e+00
1.162928636083478268e-01 5.722350206947420581e+00 2.192824866850051624e+00
1.315777046367890002e-01 5.687805179635446073e+00 1.890861712390455862e+00
1.488714940909179885e-01 5.639461840032385709e+00 1.618278170813441719e+00
1.684382761809142814e-01 5.818146908682743756e+00 1.506532272135054251e+00
1.905767995145604132e-01 5.850351139523508159e+00 1.303513197721831718e+00
2.156250784364672213e-01 5.960338133617892886e+00 1.163355333055463792e+00
2.439655538825459269e-01 5.882673293998675668e+00 1.041888665827635396e+00
2.760309325464404551e-01 5.832010240252586186e+00 9.148434133910255950e-01
3.123107935112009459e-01 5.901106883530827574e+00 8.182958401116460223e-01
3.533590632172567414e-01 5.821819931670468407e+00 7.495340436103132831e-01
3.998024728956384166e-01 5.753755112293766238e+00 6.660957030586045491e-01
4.523501275958260459e-01 5.779126741910844522e+00 6.379455896770233059e-01
5.118043329095988137e-01 5.828557800444110093e+00 6.015681484682379176e-01
5.790728446949517938e-01 5.737649807961507697e+00 5.438174416725434224e-01
6.551827288307330299e-01 5.555843291411565410e+00 4.878093632038064675e-01
7.412960426148401671e-01 5.460431459021417133e+00 4.468311890673480891e-01
8.387275772319565670e-01 5.507136631318804376e+00 4.413118696586046386e-01
9.489649321855224695e-01 5.495945162472296808e+00 4.247064006125910174e-01
1.073691228193422997e+00 5.549002346285249132e+00 4.135105066017162878e-01
1.214810805331346222e+00 5.489337785752106846e+00 4.076486281594918770e-01
1.374478298786975028e+00 5.470053680213323055e+00 3.953464302586230383e-01
1.555131536158051775e+00 5.397733008758133444e+00 3.895720156554642877e-01
1.759528758575275686e+00 5.415811539529610030e+00 3.856476740942694215e-01
1.990790733947795488e+00 5.211822457624044169e+00 3.812389829261519369e-01
2.252448405322752478e+00 5.364955730584711091e+00 4.043065994219466330e-01
2.548496801861272143e+00 5.400321004200418606e+00 4.090652364862519264e-01
2.883456035551893670e+00 5.201732000939090383e+00 3.977304619709374767e-01
3.262440314968555910e+00 4.845595314485316329e+00 3.846282470620511762e-01
3.691236029785681438e+00 4.580356112436834159e+00 3.846239888042586319e-01
4.176390098256642425e+00 4.496326861014464882e+00 3.865323614392360829e-01
4.725309926558352913e+00 4.434400544502818953e+00 3.883814775218035753e-01
5.346376506196474310e+00 4.292800627241335043e+00 4.032093652312335186e-01
6.049072376259648109e+00 4.095764024742384102e+00 4.212074281148641131e-01
6.844126404269898600e+00 3.765657278147548137e+00 4.286439013995292924e-01
7.743677596165330357e+00 3.641957146361956887e+00 4.223597102363905731e-01
8.761460436490814629e+00 3.325462358904663684e+00 4.144643578561491570e-01
9.913014588598960231e+00 3.115050104281354315e+00 4.478529016840962496e-01
1.121592215659590153e+01 2.760936086823550628e+00 4.522511255715562228e-01
1.269007613158352044e+01 2.743584942780755487e+00 6.381423456598007693e-01
1.435798412087605769e+01 2.312808369003664932e+00 6.906034355522924217e-01
1.624511199757511193e+01 1.914387090272643643e+00 8.220857872686041512e-01
1.838027271739707302e+01 1.597665146359547483e+00 8.757267565222454087e-01
