22.051720694301466 13.824282970479427
25.09911784636065 13.824145172898975
28.567644466324726 13.8239664143867
32.51549776968231 13.823734424894438
37.008917429524196 13.82343319414984
42.12329698924128 13.823041786933643
47.944448864864725 13.822532752185055
54.57004416208756 13.821869965115082
62.11125146616264 13.821005663197266
70.69460210136856 13.81987630976243
80.46411315659151 13.818396705982597
91.58370389853894 13.816451399593259
104.23994611675103 13.813881754509177
118.64519454750398 13.810465706062612
135.04114990091117 13.80588435083509
153.70291427402782 13.799662261954317
174.94360699434276 13.791041562342063
199.1196183413071 13.778053357433365
226.63658929628642 13.762548354412594
257.956217653106 13.735572558158541
293.60400468657656 13.687616530911336
334.1780723576883 13.607489966890162
380.359198996328 13.238068673853492
432.9222418467869 14.11070171003709
492.7491381310257 14.103411403498805
560.8437027700627 14.087404299652496
638.3484710493689 14.061237996248622
726.563868825556 14.098557673616956
826.9700319246682 14.083095122975116
941.2516408322563 14.089453561423639
1071.3261873679594 14.0732201050532
1219.3761476214106 14.020942724532325
1387.8856009680896 13.924789252352895
1579.6819095830024 14.03258963095258
1797.983157778416 14.061317830563015
2046.452147133983 14.09257991575916
2329.257853384973 14.073731611780676
2651.145376232617 14.087159479290094
3017.5155557403746 14.227447021901963
3434.515591172249 14.40043849241158
3909.1421827355016 14.443298086748383
4449.358926807587 14.497749542530393
5064.22993438145 14.619144302791227
5764.071914667142 14.735072887364794
6560.627275608209 14.739122596240527
7467.261145706916 15.038339952148284
8499.185622919704 15.20094685109612
9673.71501321807 15.390348201750978
11010.556341374879 15.607190125141813
12532.140008356651 15.733509529118212
14263.996143308603 15.943317150963527
16235.182964812944 16.315169445215236
18478.77433874668 16.58525333489672
21032.414713304523 16.88311295965084
23938.95074225099 17.138430077453616
27247.150194190937 17.500389347790836
31012.52021018989 17.768267164801568
35298.23863900767 18.080682069142096
40176.21407649881 18.4713591172836
45728.292395216195 18.788788382346368
52047.630008163644 19.16746174927062
59240.25690821752 19.504907768590066
67426.85570891827 19.87785675648786
76744.78653654581 20.25557448102532
87350.39174844636 20.62522207489904
99421.61914768771 21.008115241384456
113161.00770805846 21.449592934123828
128799.08590586542 21.909476173438698
146598.23967796937 22.295954019579092
166857.1149051973 22.79330496104367
189915.62828888578 23.347983883067172
216160.67069633113 23.718994169317803
246032.59866961744 24.314703276255358
280032.6230166182 24.82833207683586
318731.2184547979 25.49532440924361
362777.69541033555 25.807903836258312
412911.0945744985 26.943401411702816
469972.5870132785 28.070742488219075
534919.5878874667 29.58227985895113
608841.8205924261 30.45100847300761