22.054133040526107 14.04495136722406
25.107022188836638 14.044881259584578
28.58251385499476 14.044790072533758
32.539107669814115 14.044671339556073
37.04340119694311 14.044516519758309
42.17121090602805 14.044314267800072
48.00884831891348 14.044049399403619
54.65457280902931 14.043701390542754
62.22024550754914 14.043242134834436
70.83321215494189 14.042632467777619
80.6384465901578 14.041816530029962
91.80099095675504 14.040712095993172
104.50873369962483 14.039192757630092
118.97557211168001 14.037051954781942
135.4450126626344 14.033920863261859
154.19426971076703 14.029044973614672
175.53893158737088 14.020478649093075
199.83827259362818 13.999834288101423
227.5013003216796 13.977532995500171
258.99364008866695 14.064524008158148
294.845372362849 14.045362889427018
335.65995510169716 14.070601220608435
382.1243811831645 14.071026477933088
435.02074190046295 14.064215652987043
495.2393911576108 14.054067048560011
563.7939319460759 14.03452065008435
641.8382773555583 14.003546102607324
730.686073290608 14.035262743903038
831.8328098171105 14.00587636635569
946.9809933178088 14.032249002706006
1078.0688031557102 14.035008285846247
1227.302715195613 13.953482279561456
1397.1946413043233 14.04870750228607
1590.6042099632887 14.052312846211255
1810.7868996628033 13.996686758523989
2061.448835261227 13.964866196095048
2346.809169643985 14.04658038422414
2671.671100693207 14.226314389583836
3041.5027189288144 14.16126850074177
3462.529046652157 14.218204394913437
3941.8368177991747 14.285720879300673
4487.49376216224 14.427973773095871
5108.684401778038 14.507689601948055
5815.864645212326 14.576178081412113
6620.937781879502 14.674763721671987
7537.4548387411905 14.878594503023836
8580.842671796756 15.024594208877176
9768.663631611884 15.161933703203154
11120.911173587 15.291446327218917
12660.346388690752 15.468661171854315
14412.881119158867 15.780959698513765
16408.014107778952 15.951218445126877
18679.327522045427 16.17666932110858
21265.052210701335 16.495361563000124
24208.711207090433 16.83398616000107
27559.852310796537 17.119137027020866
31374.88207841711 17.429262385851175
35718.01526124102 17.74689190917756
40662.35567080768 18.0736499436638
46291.12666552508 18.460549521141747
52699.071969952165 18.870194445278077
59994.0504053985 19.22491053912005
68298.85137441753 19.52614931375225
77753.26165750972 19.896313784376645
88516.41831044962 20.349713244688406
100769.4872663101 20.804465570241284
114718.71272853191 21.25005109443331
130598.88868255948 21.715919858557147
148677.31095868128 22.38842926575153
169258.27636737277 22.860715354463505
192688.20463678936 23.35104278212561
219361.46936508882 23.9485178976001
249727.03613443472 24.49580517758632
284296.0195197086 25.01627298553707
323650.2861918431 25.42787246395033
368452.2489235917 26.25166083956844
419456.01635087875 27.08515275498386
477520.0861630111 28.25211887733789
543621.7953740928 30.04394001836461
618873.7709032593 32.58782228299519