2.205123973499928880e+01 1.460564365770505546e+01
2.509754206030398294e+01 1.460548344389788511e+01
2.856468049136411125e+01 1.460527564778320730e+01
3.251079207729535625e+01 1.460500603789684426e+01
3.700204529900751993e+01 1.460465605785154430e+01
4.211374958366461385e+01 1.460420146472542591e+01
4.793161809472142210e+01 1.460361050624598178e+01
5.455320497202590246e+01 1.460284145768222963e+01
6.208954112165922368e+01 1.460183925436529151e+01
7.066699598447164021e+01 1.460053081975116562e+01
8.042939650148734643e+01 1.459881846329335886e+01
9.154043880703429181e+01 1.459657033490292122e+01
1.041864330889194861e+02 1.459360622737169422e+01
1.185794276415220310e+02 1.458967570796258428e+01
1.349607644959907020e+02 1.458442294603655753e+01
1.536051262484275242e+02 1.457732701302096601e+01
1.748251419433555895e+02 1.456759340812753578e+01
1.989766292440211259e+02 1.455393872406726352e+01
2.264645607903501912e+02 1.453410864390625434e+01
2.577498547885733160e+02 1.450359326394769433e+01
2.933571036972660977e+02 1.445106777369064410e+01
3.338833706045749068e+02 1.432786497812458215e+01
3.800082007944599241e+02 1.427333877131195905e+01
4.325050163761102340e+02 1.465082959953649322e+01
4.922540850419101730e+02 1.439336078096148874e+01
5.602572804143608209e+02 1.492445313029347886e+01
6.376548814837599366e+02 1.489624247962547621e+01
7.257446928299576712e+02 1.484596230573075992e+01
8.260038062364681082e+02 1.489082946299413734e+01
9.401133685961269748e+02 1.503602667437499818e+01
1.069986771417054797e+03 1.504464988587382912e+01
1.217801734611147594e+03 1.501437956719108513e+01
1.386036822546721396e+03 1.500697088153598102e+01
1.577513004667243194e+03 1.497029611449801223e+01
1.795440957565460394e+03 1.478554198395727681e+01
2.043474901675094316e+03 1.513378429121533131e+01
2.325773875314856014e+03 1.518570542374273202e+01
2.647071473529227205e+03 1.529585132673711279e+01
3.012755221108332080e+03 1.531427123594288453e+01
3.428956910715352478e+03 1.542905610949464723e+01
3.902655420913066337e+03 1.549167612330152544e+01
4.441793738144318013e+03 1.548876684827294348e+01
5.055412144893425648e+03 1.565998668018208662e+01
5.753799807330354270e+03 1.567235865534755490e+01
6.548667304262439757e+03 1.567108609335992853e+01
7.453342990362686578e+03 1.577882193340601980e+01
8.482996486297346564e+03 1.611976130902405302e+01
9.654893043239837425e+03 1.626193622140163342e+01
1.098868304696048654e+04 1.645793772713953018e+01
1.250673151590263842e+04 1.660640230159366837e+01
1.423449311827573729e+04 1.688408789894028672e+01
1.620093899645975398e+04 1.711906871941947372e+01
1.843904255572145848e+04 1.740045362548194063e+01
2.098633236295771349e+04 1.764614200415474699e+01
2.388552142648350127e+04 1.787824625736959305e+01
2.718522340864119906e+04 1.812251485209231205e+01
3.094076778069887587e+04 1.863110265569676116e+01
3.521512758857198787e+04 1.888584188118833040e+01
4.007997538616325619e+04 1.917230186221724608e+01
4.561688504223291238e+04 1.961478911371365896e+01
5.191869957272177271e+04 2.004388594674232138e+01
5.909108793436792621e+04 2.032437607647006672e+01
6.725431688396488607e+04 2.068104943576027566e+01
7.654526761383356643e+04 2.113756124239690593e+01
8.711973097849385522e+04 2.148394656440800077e+01
9.915501979894409305e+04 2.193833482247616473e+01
1.128529420477208478e+05 2.219209552764288418e+01
1.284431847691674920e+05 2.270602474467151666e+01
1.461871654765573912e+05 2.323844072489693247e+01
1.663824156063775881e+05 2.380380002056057265e+01
1.893675695316263009e+05 2.433863857657931007e+01
2.155280427900024224e+05 2.475831095164446438e+01
2.453024947396345960e+05 2.517214343678995547e+01
2.791901840082951821e+05 2.587716736602619605e+01
3.177593400724244420e+05 2.645747426709283090e+01
3.616566913407767424e+05 2.714819991683262046e+01
4.116183095097900368e+05 2.788112826392644195e+01
4.684819520290571963e+05 2.912019440159884809e+01
5.332011096356145572e+05 3.078315900010132111e+01
6.068609945063943742e+05 3.375341153184827903e+01
