1.068056755729888778e-03 9.356637003446882872e+00 9.969304023345068799e+01
1.213433711190622108e-03 9.356607369177641687e+00 8.774762687132022165e+01
1.378598434544447277e-03 9.356569094217530136e+00 7.723313530053776788e+01
1.566244308363244500e-03 9.356519649985797216e+00 6.797810270999966065e+01
1.779431320978456642e-03 9.356455761758516232e+00 5.983160443210038437e+01
2.021635966478345196e-03 9.356373184357176243e+00 5.266079269692593101e+01
2.296807936769094255e-03 9.356266407742539926e+00 4.634873013139277731e+01
2.609434530191422335e-03 9.356128268375506707e+00 4.079248265604749690e+01
2.964613827020172020e-03 9.355949433535560189e+00 3.590144065144981056e+01
3.368137825138097820e-03 9.355717711283809024e+00 3.159584097175984496e+01
3.826586891598142415e-03 9.355417118339124372e+00 2.780546563753957656e+01
4.347437070319521910e-03 9.355026605247418914e+00 2.446849587994540087e+01
4.939181995811121884e-03 9.354518285890240037e+00 2.153050267980191634e+01
5.611471400999885895e-03 9.353854931467234124e+00 1.894355706350498636e+01
6.375268477846099402e-03 9.352986339201651234e+00 1.666544518442958633e+01
7.243028656864563923e-03 9.351843916804721601e+00 1.465897458698568556e+01
8.228902720954197128e-03 9.350332316295748569e+00 1.289135889126564827e+01
9.348967565764192134e-03 9.348315938581325923e+00 1.133366811152585107e+01
1.062148836966392285e-02 9.345595969984108464e+00 9.960330080334305336e+00
1.206721644858807160e-02 9.341868600641857867e+00 8.748662686891405471e+00
1.370972765295058217e-02 9.336642155092690132e+00 7.678399927411322601e+00
1.557580682495090206e-02 9.329052590818744051e+00 6.731123019984770472e+00
1.769588458571413891e-02 9.317379194487743987e+00 5.889318041695951855e+00
2.010453357506265110e-02 9.297395658244235861e+00 5.133849443764538556e+00
2.284103223622543227e-02 9.252952515286004598e+00 4.430474331109944153e+00
2.595000533926405256e-02 9.160982830908992014e+00 3.748308748681351332e+00
2.948215168839125877e-02 9.415925654382101939e+00 3.603519310069669856e+00
3.349507088008800426e-02 9.396982927437786515e+00 3.114353163054416118e+00
3.805420259417092999e-02 9.345223253177650236e+00 2.611588785789431544e+00
4.323389373506531658e-02 9.276755963178411335e+00 2.310631806059229465e+00
4.911861082542393758e-02 9.487822078036709073e+00 2.078874354762836330e+00
5.580431742289863883e-02 9.597699819995282766e+00 1.936169416404621701e+00
6.340003902194542296e-02 9.580914388279538230e+00 1.774058819406908238e+00
7.202964095990935234e-02 9.595266250039340861e+00 1.556118430922441176e+00
8.183384832014964361e-02 9.702428800078754634e+00 1.430571072826591461e+00
9.297254077127203864e-02 9.430391422974899740e+00 1.216396183983517565e+00
1.056273597649872165e-01 9.572043783100060210e+00 1.112253338619721310e+00
1.200046706088248594e-01 9.673822495805548982e+00 9.971108873278129447e-01
1.363389277169659852e-01 9.934464799934076495e+00 9.082350913257782876e-01
1.548964979171830458e-01 9.540304308079994300e+00 7.589800135078248466e-01
1.759800041615129651e-01 9.559111195332841149e+00 7.041526856379208832e-01
1.999332604746427711e-01 9.605937069572480169e+00 6.624366548718833014e-01
2.271468786154487995e-01 9.618475947108199975e+00 6.130930142603338018e-01
2.580646378809253738e-01 9.563954366444852084e+00 5.753541077887656119e-01
2.931907219264940911e-01 9.650506190233326009e+00 5.351553671535312917e-01
3.330979406153364852e-01 9.462305901940668562e+00 5.011638256618893283e-01
3.784370709725103921e-01 9.412857930859996003e+00 4.775536012375743433e-01
4.299474695691321013e-01 9.439057452696006933e+00 4.555265918971055372e-01
4.884691293954327995e-01 9.570038207029892163e+00 4.433418785179210064e-01
5.549563778371456868e-01 9.462475131310640108e+00 4.255286753639738184e-01
6.304934391315587527e-01 9.467943443882175458e+00 4.204904904050611458e-01
7.163121150841067486e-01 9.466007446607015652e+00 4.095567529329073864e-01
8.138118723693850143e-01 9.312327222703178364e+00 4.024265967029247992e-01
9.245826639852383622e-01 9.254885550068342681e+00 3.993139843121202848e-01
1.050430857015104857e+00 9.181578158746486196e+00 4.049027083193971754e-01
1.193408689509134479e+00 9.102880147503014996e+00 4.098915128841545408e-01
1.355847736844834284e+00 8.859828534258568311e+00 4.081306074119991911e-01
1.540396933311577232e+00 8.850727211572475994e+00 4.033910687217500124e-01
1.750065768946488909e+00 8.830808272958993399e+00 4.199044539100608708e-01
1.988273366043351364e+00 8.457841857027490917e+00 4.284005962386580602e-01
2.258904235637463565e+00 8.334344100484154083e+00 4.257939842968807009e-01
2.566371623201444407e+00 8.136299299301839483e+00 4.328681358247861710e-01
2.915689476546122094e+00 8.069380705877184923e+00 4.536080624260649952e-01
3.312554209525135462e+00 7.534837076610887863e+00 4.402239711465701366e-01
3.763437594884470272e+00 7.300220680123564065e+00 4.469527775439027240e-01
4.275692301083935831e+00 7.190714762774254254e+00 4.459224929356456757e-01
4.857671794106007468e+00 6.948524048126325958e+00 4.643531314385819231e-01
5.518866559520894555e+00 6.398994869584602618e+00 4.615654438087128386e-01
6.270058866215224569e+00 6.017371128944992265e+00 4.710677350744788550e-01
7.123498595555291857e+00 5.606039132753963372e+00 4.620632608077924197e-01
8.093103003275116336e+00 5.398060679374783177e+00 4.951545765770006824e-01
9.194683671656564528e+00 5.045444469261756382e+00 5.213038884019874919e-01
1.044620435296762651e+01 4.525196395182424780e+00 5.148597233464411449e-01
1.186807390887646463e+01 4.017736004088370727e+00 5.399209318633879651e-01
1.348347912287781014e+01 3.700675538632311579e+00 5.243005254019756922e-01
1.531876281298731257e+01 3.337702584659328675e+00 5.483425076553679611e-01
1.740385341068247982e+01 3.067985980059743767e+00 6.807100029024559795e-01
1.977275301134169538e+01 2.566028975608265039e+00 6.118535450265247810e-01
2.246409185494231053e+01 2.026833570443236976e+00 7.591464681209678655e-01
2.552175827907349515e+01 1.849997742757832020e+00 1.081191842100355016e+00