1.067688246837663821e-03 9.843501676480491014e+00 1.148344480711338491e+02
1.212228138032905075e-03 9.843522159709396036e+00 1.011403176348000841e+02
1.376335332894371372e-03 9.843548575068243878e+00 8.907875284093780976e+01
1.562658784383076909e-03 9.843582644676487803e+00 7.845506021731613089e+01
1.774206051423808531e-03 9.843626593206010966e+00 6.909775561812207911e+01
2.014391845723111692e-03 9.843683296373386682e+00 6.085579608414395381e+01
2.287093150685278950e-03 9.843756474482010077e+00 5.359614160678167138e+01
2.596711802133911187e-03 9.843850945307695000e+00 4.720160740687015988e+01
2.948245540992142956e-03 9.843972956067323921e+00 4.156897202568646321e+01
3.347368684825579796e-03 9.844130621146282678e+00 3.660731062843977668e+01
3.800523720415861610e-03 9.844334502768234074e+00 3.223652652312845390e+01
4.315025295815674150e-03 9.844598387110529814e+00 2.838605704475190095e+01
4.899178290483545764e-03 9.844940331027931535e+00 2.499373267968584855e+01
5.562411869339495968e-03 9.845384089224591406e+00 2.200477062677089890e+01
6.315431684588701522e-03 9.845961085128072554e+00 1.937088589341812650e+01
7.170392682094391644e-03 9.846713172431998728e+00 1.704950442839821534e+01
8.141095301671561965e-03 9.847696565499411747e+00 1.500306348386053479e+01
9.243208238288547901e-03 9.848987518881292758e+00 1.319838384713968082e+01
1.049452135989895757e-02 9.850690622695939425e+00 1.160609542393175708e+01
1.191523286440291166e-02 9.852950865489386700e+00 1.020008812159405664e+01
1.352827531091081378e-02 9.855970247772292581e+00 8.956932383935820141e+00
1.535968578797643029e-02 9.860024970080909057e+00 7.855125521001330213e+00
1.743902619390744202e-02 9.865447191785353453e+00 6.873676609975925444e+00
1.979986041315083545e-02 9.872293719112878563e+00 5.987664084449760615e+00
2.248029609114413074e-02 9.876020221657849874e+00 5.136252387420586984e+00
2.552359975274640785e-02 9.912656016167819217e+00 4.501216408703565541e+00
2.897889519324568786e-02 1.006941734605091732e+01 4.199539909254679237e+00
3.290195641509210955e-02 1.033396742041264460e+01 3.635314258637621698e+00
3.735610790962573535e-02 9.537395624957705209e+00 3.209099916793533680e+00
4.241324681578804989e-02 9.512231385390350624e+00 2.687279950999158284e+00
4.815500345509571983e-02 9.272626302743212534e+00 2.441240942362475241e+00
5.467405897576989304e-02 9.691956690491764448e+00 2.346727784705410880e+00
6.207564137490771683e-02 9.689043994161009365e+00 1.972265942062677357e+00
7.047922404688986009e-02 9.700837704367964776e+00 1.831878489524832565e+00
8.002045427531567778e-02 9.708571837341731126e+00 1.686146856649429537e+00
9.085334279741480445e-02 9.683554214735167420e+00 1.429718152531600506e+00
1.031527497840114549e-01 9.739217418105889479e+00 1.315054305310637828e+00
1.171172073627393950e-01 9.930643441643992375e+00 1.205948796921488597e+00
1.329721242445533191e-01 9.755726519017391851e+00 1.040017528789421553e+00
1.509734241813410482e-01 9.742409494142602711e+00 9.403377917996456059e-01
1.714116769851689870e-01 9.603538386529542947e+00 8.312721193177297074e-01
1.946167887904290961e-01 9.681570817591678590e+00 7.617881481359097817e-01
2.209633272672293092e-01 9.659458761748672018e+00 6.917345600601066957e-01
2.508765677435008667e-01 9.787120092552429540e+00 6.347638651783858998e-01
2.848393578299169282e-01 9.728178366477731487e+00 5.844532243327108523e-01
3.233999113536630832e-01 9.664385979935797621e+00 5.222548218507204743e-01
3.671806574076339480e-01 9.628845155331594796e+00 4.867301119954477451e-01
4.168882873528813038e-01 9.718870325768676821e+00 4.618648319243337519e-01
4.733251619490270734e-01 9.719154714708814424e+00 4.326483151248947112e-01
5.374022627419932086e-01 9.615528370616727827e+00 4.180780966324173509e-01
6.101538967651916057e-01 9.670556758537523834e+00 4.020310561031124608e-01
6.927543919116014859e-01 9.560397808503664052e+00 3.877414422312099873e-01
7.865370524667778529e-01 9.408346489040052774e+00 3.752815476068120382e-01
8.930156807754577875e-01 9.279563600218020625e+00 3.647629535345974783e-01
1.013909012435925350e+00 9.263410520808168513e+00 3.727248496833104885e-01
1.151168459445315762e+00 9.143517422230397429e+00 3.723835599317634748e-01
1.307009609114651694e+00 9.157122124523814577e+00 3.735703457279929696e-01
1.483947987196553742e+00 9.163313556836602203e+00 3.812224399085912818e-01
1.684839662499784119e+00 8.976400019845042877e+00 3.868118705263781099e-01
1.912927348414128037e+00 8.917100445363919548e+00 3.963951979404933268e-01
2.171892745498075428e+00 8.746669168222206636e+00 4.075998666195893572e-01
2.465915970022487080e+00 8.495030772098759897e+00 4.127228555443404612e-01
2.799743027742127133e+00 8.157733121785531338e+00 4.233938791779607858e-01
3.178762422029802970e+00 8.297990802486838291e+00 4.545499354501981726e-01
3.609092132951089660e+00 7.957510907659801624e+00 4.599472313694131786e-01
4.097678371261219255e+00 7.622685702412333342e+00 4.700573069538713233e-01
4.652407701371792825e+00 7.449126460442159647e+00 4.832467553053576004e-01
5.282234343131599452e+00 7.045925442324444177e+00 5.029768809679227015e-01
5.997324707276154854e+00 6.348725747840164857e+00 4.900946543623336260e-01
6.809221497579615701e+00 6.187101508566133390e+00 5.341445835069970061e-01
7.731030028580610391e+00 5.554568419420233383e+00 5.470598399991806193e-01
8.777629766348521656e+00 5.270311414882463907e+00 5.719639730739279893e-01
9.965914506896968561e+00 4.755064036473329203e+00 5.606068239433703582e-01
1.131506506910877263e+01 4.270843532550386179e+00 5.839564414586830843e-01
1.284685890387290996e+01 4.127596381530253211e+00 6.108364466959913530e-01
1.458602161702088651e+01 3.630943716654602138e+00 7.011278388762469671e-01
1.656062608020570792e+01 3.328742743617416178e+00 7.593918824589446226e-01
1.880254557201213927e+01 2.871393740363370028e+00 7.814426513500342120e-01
2.134796826372172518e+01 2.377054172046396907e+00 7.804474202549398498e-01
2.423798135435655610e+01 2.175048676664270708e+00 8.723066341704628357e-01