1.067642752327347495e-03 9.510148099974561120e+00 1.101590416602561362e+02
1.212079340866880316e-03 9.510106068278229685e+00 9.703018770166836759e+01
1.376056106177586322e-03 9.510051844643284014e+00 8.546557574936716151e+01
1.562216550934996361e-03 9.509981873956254717e+00 7.527876973750412049e+01
1.773561805408155421e-03 9.509891551898521200e+00 6.630554519855981255e+01
2.013499009289089654e-03 9.509774907141819611e+00 5.840124163771937305e+01
2.285896238882492715e-03 9.509624181563511414e+00 5.143843022716556135e+01
2.595144865147979915e-03 9.509429272319408710e+00 4.530485920480105477e+01
2.946230347881564904e-03 9.509176984153132395e+00 3.990164379622450497e+01
3.344812607323701704e-03 9.508850016880781908e+00 3.514167140862636529e+01
3.797317268880877339e-03 9.508425576798590129e+00 3.094819626881709951e+01
4.311039251935414388e-03 9.507873442077556803e+00 2.725360066256754621e+01
4.894260372719696356e-03 9.507153215624917664e+00 2.399830250813354482e+01
5.556382857154556001e-03 9.506210333269114798e+00 2.112979115645228134e+01
6.308080916039406419e-03 9.504970101039949881e+00 1.860177503072759109e+01
7.161472826168448214e-03 9.503328490647424687e+00 1.637342587154902773e+01
8.130316291527536765e-03 9.501137362663904185e+00 1.440870464497043990e+01
9.230230234029131869e-03 9.498179603283798400e+00 1.267575286577702798e+01
1.047894658931878761e-02 9.494124834660910395e+00 1.114632831563604398e+01
1.189659616690437460e-02 9.488444727175863846e+00 9.795250710970968555e+00
1.350603318301714720e-02 9.480235617862897257e+00 8.599784654360458802e+00
1.533320369806468082e-02 9.467798309333936402e+00 7.538765238099335519e+00
1.740756389833059831e-02 9.447447431599357515e+00 6.590795894103607111e+00
1.976255496512510992e-02 9.408975744079510761e+00 5.728242443200549872e+00
2.243614218684821318e-02 9.301588221131170897e+00 4.873193136725910257e+00
2.547142700510046653e-02 9.311458518677639518e+00 4.286643292422711582e+00
2.891734186176071059e-02 9.684639073068744608e+00 4.174995074761870484e+00
3.282943904880135377e-02 9.662480230365227740e+00 3.599757856856527383e+00
3.727078627804900068e-02 9.703911452440841856e+00 3.214466095394157286e+00
4.231298340855214890e-02 9.776694867385680610e+00 2.897755113749183931e+00
4.803731672242388118e-02 9.831562721892957768e+00 2.520495850912880087e+00
5.453606935747442458e-02 9.869174867808720109e+00 2.173545460007966224e+00
6.191400902238379522e-02 9.634846764024919352e+00 1.843387360127349606e+00
7.029007697817235556e-02 9.540225667429950818e+00 1.678292225288874340e+00
7.979930551438177422e-02 9.421927598471118159e+00 1.437395565820247079e+00
9.059499483198910075e-02 9.625857215727672056e+00 1.343049892447774951e+00
1.028511844270242614e-01 9.679125885616846503e+00 1.168986909686460685e+00
1.167654588165673857e-01 9.657954314286065767e+00 1.087745655023422353e+00
1.325621328388037201e-01 9.618832911994012136e+00 9.522644242031780282e-01
1.504958678780040082e-01 9.827025504488398511e+00 8.585834325235480735e-01
1.708557773123260681e-01 9.792107525817549174e+00 7.716279813330522153e-01
1.939700873691944105e-01 9.740071169274639118e+00 6.980707172797762095e-01
2.202114285268512439e-01 9.796625846996461107e+00 6.570214913422276481e-01
2.500028427658376184e-01 9.807594305308898086e+00 6.178520607143128673e-01
2.838246035145223223e-01 9.508529145388607162e+00 5.668585264888972297e-01
3.222219582344032496e-01 9.391910917862761110e+00 5.066003918783062998e-01
3.658139184649685238e-01 9.490964989974152388e+00 4.754763327963013597e-01
4.153032390342134561e-01 9.380714216985669651e+00 4.502877734576342106e-01
4.714877473116866891e-01 9.322525522353254601e+00 4.314446092708096869e-01
5.352732051452535611e-01 9.357596049379436565e+00 4.239796868323415513e-01
6.076879108314652278e-01 9.325619548178956109e+00 4.052523742525424577e-01
6.898992765208573630e-01 9.240885126405242289e+00 3.959855723851477549e-01
7.832326483058905664e-01 9.210943814103107030e+00 3.858685932961910536e-01
8.891926723939862498e-01 9.067787491802208777e+00 3.782494922441983487e-01
1.009487551814064021e+00 9.062605821061115563e+00 3.846187357624318848e-01
1.146056584703862846e+00 9.056582285814453570e+00 3.932286828349452756e-01
1.301101428128361270e+00 8.866398267287740609e+00 3.946040467988141121e-01
1.477121591439650938e+00 8.737048856649726858e+00 3.938697990781925840e-01
1.676954731373910379e+00 8.772211456039794797e+00 4.082288084304016018e-01
1.903822398490908396e+00 8.583550612529831980e+00 4.129902262846658068e-01
2.161381972443663813e+00 8.321063533794012201e+00 4.171401091800696626e-01
2.453785623337266131e+00 8.190521477782038318e+00 4.306918504789195024e-01
2.785747249704884076e+00 7.996034312409095790e+00 4.334191589875254769e-01
3.162618472221637944e+00 7.901875681248824002e+00 4.425895458778738023e-01
3.590474908266402476e+00 7.561116960915583718e+00 4.558434203979707666e-01
4.076214118181242796e+00 7.184783756393802179e+00 4.554133409402789101e-01
4.627666802239984278e+00 6.994320006899384268e+00 4.635958316049066941e-01
5.253723040954803025e+00 6.447137299411023648e+00 4.634895134905343550e-01
5.964475613866374815e+00 5.986959356785781949e+00 4.834222077400337492e-01
6.771382707288909231e+00 5.685742965684032590e+00 4.833639772586572625e-01
7.687452634054564804e+00 5.363968806296697700e+00 4.877668332969930520e-01
8.727453543161701077e+00 4.857245943418849521e+00 4.687656425942562377e-01
9.908151500098743014e+00 4.569085767571564816e+00 5.101582272310311028e-01
1.124858077598478090e+01 4.124880225581913251e+00 4.941113310864552188e-01
1.277035070291298169e+01 3.695697104812383671e+00 5.468677878228455080e-01
1.449799404237400324e+01 3.359504519847611448e+00 5.383043806452690871e-01
1.645936248287733505e+01 3.036986823158893234e+00 5.726342909627083477e-01
1.868607564266794796e+01 2.673259200854214868e+00 6.003880074894598629e-01
2.121403081600208651e+01 2.338718591034444128e+00 7.783837057414328964e-01
2.408398168070518608e+01 1.739600771199803386e+00 1.043851639589278513e+00
