1.068451114256878907e-03 8.628942044513133069e+00 7.784610827859438587e+01
1.214724452856653578e-03 8.627601859464567369e+00 6.842788475131256121e+01
1.381022937482885137e-03 8.625857416634181263e+00 6.013736856822613674e+01
1.570088055252907584e-03 8.623581974535342809e+00 5.283771597060088965e+01
1.785036608979862459e-03 8.620605663047481215e+00 4.640833004043910393e+01
2.029412098727847481e-03 8.616698353180062497e+00 4.074282428109108167e+01
2.307243137616472525e-03 8.611543899920865996e+00 3.574719047718934917e+01
2.623109864879243081e-03 8.604700002068385700e+00 3.133811844954778536e+01
2.982219451017632458e-03 8.595532865927074440e+00 2.744139731607855381e+01
3.390491939779020913e-03 8.583105029326432600e+00 2.399028441516421140e+01
3.854657842092703342e-03 8.565969502801651814e+00 2.092362099648626739e+01
4.382369090833228634e-03 8.541758180948569645e+00 1.818318745458572394e+01
4.982325185538109304e-03 8.506258026430057129e+00 1.570891471026918751e+01
5.664416606618500466e-03 8.450957700303025177e+00 1.342727960608725901e+01
6.439887863294912161e-03 8.354425905516954742e+00 1.121088433269688167e+01
7.321522863158685598e-03 8.122404728504765359e+00 8.581900469011548793e+00
8.323855659239536020e-03 8.268142584352517588e+00 8.252985458028021526e+00
9.463410048816286307e-03 9.396739310843758020e+00 1.199717622671133732e+01
1.075897197383872406e-02 9.394968943896660818e+00 1.053898398216080601e+01
1.223189921357430848e-02 9.392594274336531157e+00 9.254114547966544535e+00
1.390647347486831734e-02 9.389369226169929306e+00 8.121145309128792178e+00
1.581030068434524996e-02 9.384912529728188346e+00 7.120990523375627212e+00
1.797476608150470542e-02 9.378597410246321431e+00 6.236432535500439300e+00
2.043555161507620843e-02 9.369301689236607444e+00 5.451473717461555957e+00
2.323322417208806626e-02 9.354727470291713587e+00 4.750027359850667708e+00
2.641390433680662619e-02 9.328803411939126988e+00 4.111349503622938606e+00
3.003002670426467569e-02 9.242830088446408965e+00 3.435518242055461968e+00
3.414120428240616234e-02 9.286624022232480513e+00 3.101294785866254955e+00
3.881521123281102270e-02 9.217115357669438680e+00 2.677611250919653241e+00
4.412910015081510096e-02 9.616760820660108067e+00 2.571946170265030585e+00
5.017047230376849715e-02 9.671306936964198187e+00 2.355655051975467540e+00
5.703892176774216782e-02 9.466073576139773849e+00 2.033734710903561727e+00
6.484767726976797819e-02 9.735997005804385651e+00 1.814125027114196875e+00
7.372546880194016938e-02 9.761183293665697036e+00 1.675145030461107520e+00
8.381864977914729731e-02 9.604440161632872730e+00 1.496728418464596366e+00
9.529360972492678661e-02 9.616041044388174086e+00 1.303170227943793558e+00
1.083395172593895894e-01 9.572551345953693058e+00 1.144950120517290504e+00
1.231714386083047064e-01 9.542854297133263941e+00 1.003878707086294453e+00
1.400338830430271075e-01 9.744653877453606228e+00 9.116624469514458262e-01
1.592048336990524726e-01 9.464346394431736087e+00 7.969281630091549218e-01
1.810003302226150246e-01 9.529000171528087648e+00 7.315536090431011829e-01
2.057796787918171333e-01 9.589444514161034050e+00 6.565934996817524016e-01
2.339513754012622071e-01 9.446790084970336565e+00 5.993281695114356378e-01
2.659798400575537070e-01 9.408028765044706532e+00 5.525363701335628264e-01
3.023930729011655716e-01 9.492851065939087007e+00 5.154081108928521004e-01
3.437913584684584301e-01 9.556583994850994301e+00 4.854963724015295967e-01
3.908571615865626958e-01 9.517026063459365304e+00 4.571296478492156146e-01
4.443663780383251272e-01 9.471524871518630206e+00 4.455593552294688231e-01
5.052011254683589359e-01 9.539528014656880828e+00 4.394839651575892514e-01
5.743642853926356207e-01 9.445662582417464037e+00 4.175327922596123731e-01
6.529960360415992815e-01 9.377620406904208394e+00 4.097997656285225498e-01
7.423926485863445723e-01 9.193076478435108001e+00 3.922136475277357981e-01
8.440278566100464230e-01 9.089687034820725486e+00 3.890766760281172409e-01
9.595771511076524041e-01 9.066131238871385278e+00 3.836067728000259192e-01
1.090945401525173164e+00 8.987207547037963096e+00 3.903590849559797626e-01
1.240298258180805302e+00 8.906687194680149133e+00 3.857405102798593388e-01
1.410097853747489527e+00 8.801556406104054986e+00 3.862886872793753201e-01
1.603143392347988083e+00 8.764341866194289565e+00 4.066338365304058011e-01
1.822617295387533698e+00 8.702568424615636289e+00 4.057435265365114674e-01
2.072137664853805461e+00 8.584660904047577645e+00 4.136299134127480182e-01
2.355817928959586194e+00 8.353269064899153662e+00 4.207272626593830944e-01
2.678334653406818422e+00 8.138748962445866653e+00 4.440731627039493645e-01
3.045004636163834100e+00 8.024795124118945466e+00 4.544147837036652815e-01
3.461872556689388425e+00 7.612214216401930855e+00 4.499951554727784631e-01
3.935810624530787116e+00 7.368702323117357622e+00 4.604916456093496868e-01
4.474631870037177883e+00 6.941845227362596127e+00 4.581408099451965699e-01
5.087218944823948874e+00 6.735378204314453221e+00 4.852843824086079394e-01
5.783670555307754313e+00 6.328915704359202365e+00 4.806319713456851384e-01
6.575467943318789921e+00 5.822072841875491456e+00 4.655219568410154385e-01
7.475664158279910154e+00 5.530393175655734517e+00 4.725379868154770957e-01
8.499099241168858399e+00 5.134053806962514344e+00 4.817661757711706461e-01
9.662644867644464952e+00 4.747562526776627934e+00 4.891863611201380246e-01
1.098548248336201993e+01 4.189277768297832161e+00 5.002730619807186363e-01
1.248941951663313255e+01 3.915223261717782233e+00 5.104780784347723310e-01
1.419924888130343277e+01 3.635993865721263152e+00 5.819393764304617855e-01
1.614315769637534004e+01 3.283367761241954508e+00 6.118997171388854683e-01
1.835319196025813326e+01 2.984263529359675537e+00 7.294479371324209538e-01
2.086578483995825906e+01 2.645902423731528064e+00 9.288081281961896307e-01
2.372235728423713397e+01 1.939805141676272493e+00 1.269219148363322835e+00
2.697000086204877789e+01 1.528654202344172708e+00 1.290565700831069806e+00