1.077620855812363738e-03 6.381751315875455965e+00 1.554729360990646683e+02
1.244912561951177794e-03 6.381950514434063138e+00 1.345657932875119513e+02
1.438174918891602094e-03 6.382216675921337234e+00 1.164658597520266738e+02
1.661439654916086655e-03 6.382572452258875373e+00 1.007955314101986630e+02
1.919364390706455262e-03 6.383048269304002709e+00 8.722788166995070469e+01
2.217329803951275866e-03 6.383685083391394066e+00 7.547983705894128548e+01
2.561551877953191503e-03 6.384538185254954534e+00 6.530626524749608564e+01
2.959211575902177729e-03 6.385682506008185655e+00 5.649485066073516748e+01
3.418604646004936611e-03 6.387220120604221840e+00 4.886164827609212580e+01
3.949314682618985418e-03 6.389291049319131055e+00 4.224721861959052660e+01
4.562413053693420775e-03 6.392089163968930343e+00 3.651325583328294755e+01
5.270689865287783542e-03 6.395886296765783463e+00 3.153962476327006570e+01
6.088920781418158748e-03 6.401070138291569123e+00 2.722171895364629535e+01
7.034175265472885144e-03 6.408206613866027190e+00 2.346803087110499320e+01
8.126172673553212419e-03 6.418148718377222117e+00 2.019776623274488259e+01
9.387693628353691033e-03 6.432241281979797165e+00 1.733816930731558514e+01
1.084505525542785870e-02 6.452747138271851313e+00 1.482072693752188641e+01
1.252866019594521541e-02 6.483871431976015565e+00 1.257362454781687866e+01
1.447363084912833484e-02 6.534861988944221878e+00 1.049918725991318347e+01
1.672054207557146371e-02 6.635265233336547830e+00 8.348810664110152047e+00
1.931626764667643617e-02 6.709421871888425315e+00 6.672877112474914441e+00
2.231495809834781879e-02 5.492040803468607457e+00 9.397742795364697699e+00
2.577917038836938929e-02 5.490689597171801495e+00 8.122606276202372300e+00
2.978117292372532698e-02 5.488776211556270823e+00 7.016421845247012179e+00
3.440445318259641866e-02 5.486002598041412881e+00 6.055767876235068847e+00
3.974545938217546176e-02 5.481839811792639239e+00 5.219961341337792327e+00
4.591561252597543136e-02 5.475244716157114055e+00 4.490266127569625176e+00
5.304363080480559156e-02 5.463800921771603925e+00 3.848444814518031443e+00
6.127821484173369415e-02 5.440097373965207872e+00 3.272082772836222730e+00
7.079114979907215333e-02 5.356539717526583644e+00 2.693639708746309758e+00
8.178088906176253503e-02 5.469547160511003980e+00 2.402544783681435980e+00
9.447669425790243547e-02 5.738319966769963365e+00 2.191938687309336498e+00
1.091434179831452245e-01 5.527788463072001335e+00 1.865235550066081327e+00
1.260870290034216690e-01 5.603343811742368175e+00 1.676957349214867721e+00
1.456609951995894159e-01 5.555255613833849360e+00 1.592443061203826726e+00
1.682736574113347372e-01 5.522396318725853348e+00 1.329727273495544759e+00
1.943967480092232136e-01 5.588412895888596132e+00 1.136698147371772549e+00
2.245752319044556911e-01 5.656876052541177202e+00 9.814656667859161798e-01
2.594386752938233065e-01 5.594879157822707505e+00 8.489273924176281572e-01
2.997143793080880858e-01 5.448036928399234924e+00 7.605571412118800056e-01
3.462425525504182477e-01 5.439458959347492240e+00 6.606715835615660781e-01
3.999938390456595494e-01 5.653953574696558348e+00 6.531596843184394041e-01
4.620895672584531821e-01 5.670792703136156909e+00 5.761290419123125117e-01
5.338251426035847125e-01 5.724839122505053446e+00 4.992522505124313281e-01
6.166970714496788908e-01 5.720398333879594510e+00 4.683218283089447542e-01
7.124341803754834501e-01 5.638387633377711872e+00 4.121616061294287592e-01
8.230336819569327167e-01 5.604512680922915102e+00 3.725385292866035258e-01
9.508028394687283447e-01 5.599206870621645571e+00 3.377547137079556783e-01
1.098407099685503763e+00 5.533013882959497920e+00 3.116303351010893397e-01
1.268925697901433391e+00 5.474729052020712139e+00 2.899865517735421006e-01
1.465915895168252492e+00 5.328696069261916080e+00 2.687750969269055434e-01
1.693487187832065421e+00 5.278347293482094749e+00 2.624076906689653543e-01
1.956387037485660230e+00 5.248218461243222777e+00 2.630255625277976850e-01
2.260099909785362460e+00 5.194405866580484421e+00 2.598300335960582186e-01
2.610961688223332189e+00 5.282180592771442917e+00 2.720498365904945870e-01
3.016291849689708204e+00 5.142302516456389583e+00 2.680492745178063019e-01
3.484546159195251125e+00 5.049087763142998675e+00 2.677718058884686059e-01
4.025493069184088668e+00 5.078318338565228629e+00 2.906730671810516253e-01
4.650417503377701323e+00 5.017185115951474650e+00 2.984473306645635260e-01
5.372356276371643702e+00 4.665500600252947550e+00 2.959826155367777378e-01
6.206370060173419745e+00 4.480961471568386756e+00 3.123510600753250932e-01
7.169857571291199605e+00 4.230619316770472871e+00 3.082524041781048996e-01
8.282918532763950736e+00 3.988524340596499407e+00 3.213509889768175198e-01
9.568772983038396518e+00 3.853290951607106773e+00 3.408305926668563912e-01
1.105424567907372335e+01 3.393991483102110518e+00 3.582883938651717504e-01
1.277032569901337311e+01 3.214882493117154016e+00 3.647759757251241020e-01
1.475281291853343646e+01 2.742692905884267507e+00 3.814675060997654299e-01
1.704306484728593674e+01 2.423558331852146530e+00 4.159277045652461924e-01
1.968885940550982383e+01 2.389475985319503337e+00 4.924114875173034034e-01
2.274539163955978083e+01 2.196036515507579612e+00 4.677531018859159562e-01
2.627642516925977390e+01 2.317677736266849031e+00 5.606244728021780865e-01
3.035562238791469269e+01 2.179690257171596368e+00 6.048308933543681265e-01
3.506808116484846494e+01 1.720242294002860994e+00 5.130569190882753317e-01
4.051211010827439907e+01 1.648311278326181517e+00 6.244759136107936870e-01
4.680127942301227506e+01 1.616475484928133755e+00 7.229945930262806630e-01
5.406679014686777407e+01 1.208695003634162379e+00 5.370340213146036490e-01
6.246021119132246469e+01 1.103585538913736119e+00 5.734806613111720353e-01
7.215664128510530873e+01 9.956140937947112191e-01 6.714879769073217597e-01
8.335836178329643076e+01 5.963768418327649590e-01 5.836705799246115767e-01
9.629905654476851851e+01 6.303060045250288290e-01 5.488433345041267009e-01
