2.221667400696656003e+01 1.345493631998586004e+01
2.564220694053527083e+01 1.344877779799429618e+01
2.959591415776518986e+01 1.344038926071025841e+01
3.415923351937202312e+01 1.342887035350711500e+01
3.942615958442484470e+01 1.341287143790506953e+01
4.550517969599660262e+01 1.339028200990122741e+01
5.252150858697818592e+01 1.335759841645288049e+01
6.061966753412709608e+01 1.330847118575779042e+01
6.996646118537407233e+01 1.322969914036946548e+01
8.075441337662473984e+01 1.308616855255674771e+01
9.320573270848821323e+01 1.269306785448661401e+01
1.075768895652801831e+02 1.312921426577721640e+01
1.241638988530429515e+02 1.463195848956229739e+01
1.433084172696171095e+02 1.465291050635620351e+01
1.654047806974078014e+02 1.463777189880930507e+01
1.909081266739933653e+02 1.461355140463182067e+01
2.203437692459916946e+02 1.455507280312367513e+01
2.543180193080003733e+02 1.457853104871299088e+01
2.935306733023086281e+02 1.449341793726378924e+01
3.387894275197204479e+02 1.445871517999091793e+01
3.910265149050682680e+02 1.412205507110399161e+01
4.513179070498101169e+02 1.479161173942122254e+01
5.209054768914365923e+02 1.503530761712331021e+01
6.012225786236041358e+02 1.497832680212973067e+01
6.939235717080982795e+02 1.482908803300249367e+01
8.009178971197393366e+02 1.473035864070860157e+01
9.244094077215498828e+02 1.493865635760650790e+01
1.066941762891273811e+03 1.546518404898160526e+01
1.231450822430873131e+03 1.553659824448011939e+01
1.421325118960789496e+03 1.557904405392761760e+01
1.640475654400160010e+03 1.574394767070678647e+01
1.893416458190291905e+03 1.582401994831217351e+01
2.185357566587438669e+03 1.597836979017228387e+01
2.522312338198232283e+03 1.636199345506850733e+01
2.911221316226869931e+03 1.657995152465834110e+01
3.360095188729807887e+03 1.665034286650445239e+01
3.878179791551569451e+03 1.693087678279240649e+01
4.476146552647077442e+03 1.703418975274272285e+01
5.166312300533758389e+03 1.714197771514759694e+01
5.962892964454478715e+03 1.742519305126903362e+01
6.882296391928767662e+03 1.791336042148874341e+01
7.943460315103789981e+03 1.800997973015412157e+01
9.168242427284569203e+03 1.834044962520488298e+01
1.058187060438061962e+04 1.858067570782752398e+01
1.221346254486198814e+04 1.873414728214390124e+01
1.409662553168952581e+04 1.912403849353365004e+01
1.627014867002455503e+04 1.919671265533715854e+01
1.877880185932515815e+04 1.969611989830972121e+01
2.167425795693492546e+04 1.982061029313476297e+01
2.501615712774974963e+04 2.016499592913341132e+01
2.887333530327528570e+04 2.049969532712342968e+01
3.332524205368839466e+04 2.077366300772602870e+01
3.846357707801572542e+04 2.108298007633243998e+01
4.439417902060561755e+04 2.128477291638243685e+01
5.123920551944808540e+04 2.157257112963351631e+01
5.913964939064709324e+04 2.189059373782376028e+01
6.825824277703082771e+04 2.216844770637463569e+01
7.878280908011154679e+04 2.239769014143105252e+01
9.093013171798046096e+04 2.284995988582459603e+01
1.049504193972257926e+05 2.318332687197045416e+01
1.211324598738657805e+05 2.328934785599548007e+01
1.398095683596816380e+05 2.426745058294956436e+01
1.613664530983215955e+05 2.484410173086530804e+01
1.862471395272686204e+05 2.546440422722559660e+01
2.149641162463566870e+05 2.566693991215451476e+01
2.481088911801062932e+05 2.621596259268793006e+01
2.863641753681070404e+05 2.692073846412119309e+01
3.305179453433110029e+05 2.722168396734524620e+01
3.814796737529709935e+05 2.777319769105545433e+01
4.402990625380830024e+05 2.832830957601844801e+01
5.081876645345246652e+05 2.900675200644714735e+01
5.865438388543404872e+05 2.937169221700994370e+01
6.769815540743286256e+05 2.951006434260825273e+01
7.813636325156368548e+05 3.047894707294739547e+01
9.018401203749763081e+05 3.113173293279051990e+01
1.040892574049605057e+06 3.227022900654573334e+01
1.201385174859068124e+06 3.292536907988554162e+01
1.386623725016958080e+06 3.364958210708411457e+01
1.600423740042783087e+06 3.480713407833375328e+01
1.847189040171086788e+06 3.759223310734780910e+01
