1.076073692771622493e-03 2.997152839973282301e+00 3.951540479287628500e+02
1.239795491778690820e-03 2.997150754818239893e+00 3.429710610518217209e+02
1.428427134461121399e-03 2.997147986528448715e+00 2.976790134428248962e+02
1.645758588408411608e-03 2.997144311998205968e+00 2.583679019700235244e+02
1.896156454870094252e-03 2.997139433765221295e+00 2.242478918068117366e+02
2.184651702059528695e-03 2.997132958095766853e+00 1.946334471856353900e+02
2.517040746850488040e-03 2.997124361185710573e+00 1.689295576974622861e+02
2.900001915789608784e-03 2.997112948144782241e+00 1.466197833748324513e+02
3.341229625347401713e-03 2.997097796016644722e+00 1.272558784530145459e+02
3.849588977343647994e-03 2.997077678876423956e+00 1.104487852163007489e+02
4.435293875662581382e-03 2.997050968268395899e+00 9.586081708694074166e+01
5.110112242960613421e-03 2.997015500447344660e+00 8.319887382065904546e+01
5.887602460559601333e-03 2.996968399524659432e+00 7.220855251587623513e+01
6.783385782051723142e-03 2.996905841531429804e+00 6.266903609498536554e+01
7.815460193922117715e-03 2.996822739005377656e+00 5.438865654377045900e+01
9.004562029244683741e-03 2.996712318630609939e+00 4.720104374983382911e+01
1.037458259995624466e-02 2.996565553839484863e+00 4.096178251560214534e+01
1.195304821864203587e-02 2.996370399656115069e+00 3.554551052963984148e+01
1.377167325438077156e-02 2.996110755927950731e+00 3.084339889874155816e+01
1.586699733459065106e-02 2.995765052943689888e+00 2.676096447939580969e+01
1.828111949547026743e-02 2.995304305817515722e+00 2.321616983325349892e+01
2.106254403150973134e-02 2.994689408152585663e+00 2.013777227045312657e+01
2.426715503879343233e-02 2.993867314023217041e+00 1.746388822205377167e+01
2.795933923251845213e-02 2.992765553036282888e+00 1.514074311082496926e+01
3.221327959826282561e-02 2.991284167825074114e+00 1.312157990788025685e+01
3.711444586891209790e-02 2.989283515369129951e+00 1.136570143546067513e+01
4.276131177375339099e-02 2.986565131959205033e+00 9.837621600863293736e+00
4.926733356252958884e-02 2.982840337064952774e+00 8.506297649590017329e+00
5.676322955675547344e-02 2.977675742049157304e+00 7.344405454127270971e+00
6.539960652880691394e-02 2.970391709181066542e+00 6.327592455590092868e+00
7.534998567772188682e-02 2.959854866859055633e+00 5.433566057939018812e+00
8.681428899930827836e-02 2.943997729201535130e+00 4.640632250532608971e+00
1.000228560983487669e-01 2.918484086952556122e+00 3.924354483936895566e+00
1.152410721482808459e-01 2.871677302039388202e+00 3.245776756831545651e+00
1.327746999828423313e-01 2.743715822228051326e+00 2.455048485074206255e+00
1.529760234515206707e-01 2.865359202059836630e+00 2.408531780058757565e+00
1.762509254704717754e-01 3.257174611421809196e+00 2.928132905479688297e+00
2.030670429803815291e-01 3.237428551110851149e+00 2.452387074668055167e+00
2.339631626598444869e-01 3.194681005175379340e+00 1.945078372997583349e+00
2.695600461719689922e-01 3.273699370347354254e+00 2.069023538389505479e+00
3.105729024439507491e-01 3.219974990508983836e+00 1.719244359513636633e+00
3.578257575713753580e-01 3.158501029034209040e+00 1.408101875370620704e+00
4.122680110658913932e-01 3.382607392067194851e+00 1.378817939063100573e+00
4.749935110926807313e-01 3.380576018695516272e+00 1.228925786402966347e+00
5.472625319554388357e-01 3.402779826135177377e+00 1.066936134981810946e+00
6.305270953982359261e-01 3.449278734797771584e+00 9.193267041410247975e-01
7.264601444772542660e-01 3.556506463522593364e+00 8.472611157586239505e-01
8.369891561608366892e-01 3.614235842319348802e+00 8.188328463812380997e-01
9.643348679987555627e-01 3.679061394812308983e+00 7.344911811652276024e-01
1.111055896952957145e+00 3.819614378257722542e+00 6.360624416076104959e-01
1.280100146866755662e+00 3.589342426116227447e+00 5.369962943666616306e-01
1.474864037446057541e+00 3.565153270711969302e+00 5.061482517121143054e-01
1.699260744775231036e+00 3.524235452409672842e+00 4.669278728183863802e-01
1.957798824449051178e+00 3.521947863155395986e+00 4.298457731262496084e-01
2.255672797008614339e+00 3.742662592657625353e+00 4.488140294675416198e-01
2.598867515714495369e+00 3.606938175264290170e+00 4.045980944043194860e-01
2.994278413603726818e+00 3.416083745501927726e+00 3.670858088321676815e-01
3.449850045822111078e+00 3.343212511910923723e+00 3.803493493616554866e-01
3.974735710810192835e+00 3.427953269781538470e+00 3.777976918299812970e-01
4.579481357435337685e+00 3.231151590192383516e+00 3.634473989992310639e-01
5.276237473113159382e+00 2.973984438268538089e+00 3.255214250125215147e-01
6.079003210152627901e+00 2.995401813711431327e+00 3.367459162995141142e-01
7.003907655286349510e+00 2.734361391487889037e+00 3.422383333978636921e-01
8.069533893624491583e+00 2.597174834157792489e+00 3.422969610652755179e-01
9.297292378092063103e+00 2.524999380021347939e+00 3.993135836800146832e-01
1.071185110604990953e+01 2.180273709142410699e+00 3.511869382158239739e-01
1.234163124616393148e+01 2.099221987137303902e+00 3.824797909463197310e-01
1.421937817360661072e+01 1.972771969402047354e+00 3.797135534424293524e-01
1.638281938677155836e+01 1.751302758765379330e+00 3.814087591434360269e-01
1.887542252429604162e+01 1.670522556799918013e+00 3.543231678270631901e-01
2.174726871239177228e+01 1.523817224671473625e+00 4.280954707087532007e-01
2.505605878968862044e+01 1.553482720926062877e+00 4.075263796387115778e-01
2.886827262655762283e+01 1.279830754421556582e+00 3.673293260848259911e-01
3.326050483183799855e+01 1.265054170750096851e+00 4.675294914454744544e-01
3.832100368385062694e+01 9.950675795043080196e-01 5.528832968562915617e-01
4.415144420574161188e+01 8.838869289184312361e-01 4.671144977582349922e-01
5.086897100960371887e+01 8.006774861603260796e-01 3.692378984590762858e-01
5.860855195399005879e+01 8.792869134059219105e-01 5.995398505488090946e-01
6.752568990426510709e+01 6.380781546826229667e-01 7.628832891516927894e-01
7.779954708020304111e+01 8.066887077087013802e-01 8.093956633224882458e-01