2.217056621425231455e+01 1.703314563749147226e+01
2.548987120950316410e+01 1.703292182116576825e+01
2.930613174233586093e+01 1.703262539219558036e+01
3.369375037795200711e+01 1.703223254370796980e+01
3.873826899139071855e+01 1.703171147371395833e+01
4.453803650873244635e+01 1.703101955438026494e+01
5.120612633708625339e+01 1.703009938567347703e+01
5.887254086595260105e+01 1.702887320497708146e+01
6.768674601935296664e+01 1.702723480353234464e+01
7.782058527285309424e+01 1.702503752845996132e+01
8.947162994772801881e+01 1.702207587543444944e+01
1.028670311002621247e+02 1.701805604133943817e+01
1.182679481033753461e+02 1.701254625217337590e+01
1.359746402610723521e+02 1.700488710369743828e+01
1.563323207228311844e+02 1.699401475643974280e+01
1.797378868269963164e+02 1.697806771869986164e+01
2.066476580892726247e+02 1.695334372958301472e+01
2.375862726976657484e+02 1.691054899093230901e+01
2.731569159616808520e+02 1.680176512457112281e+01
3.140530801316360225e+02 1.664145035717968923e+01
3.610720848598386397e+02 1.716913684133899665e+01
4.151306219011905227e+02 1.710294827225791181e+01
4.772826271157620681e+02 1.716207072074859497e+01
5.487398282094071646e+02 1.718264823486611448e+01
6.308953688152071209e+02 1.708854058851987290e+01
7.253509694954792622e+02 1.704446067833337253e+01
8.339481552005802314e+02 1.713638055799120963e+01
9.588041580011774840e+02 1.720371200774989262e+01
1.102353195060713688e+03 1.728285026531133539e+01
1.267393926611518964e+03 1.734691965566289085e+01
1.457144019184609760e+03 1.722959725410045806e+01
1.675302877868611859e+03 1.751666728720422483e+01
1.926123770638262158e+03 1.817429647562993011e+01
2.214496750902565054e+03 1.814128474727594309e+01
2.546043994946894145e+03 1.828208898093529911e+01
2.927229412986550869e+03 1.835374092838753768e+01
3.365484670830410323e+03 1.825658507974914002e+01
3.869354079097768590e+03 1.824461381921864955e+01
4.448661174777038468e+03 1.875762444916217220e+01
5.114700242833107040e+03 1.891670005681293176e+01
5.880456511806195522e+03 1.899564379704271389e+01
6.760859316378952826e+03 1.918056107486543027e+01
7.773073162618866263e+03 1.962123121880124543e+01
8.936832370561189236e+03 1.963810359643591141e+01
1.027482581838994884e+04 1.981639561608648492e+01
1.181313928926511653e+04 1.988149014581517093e+01
1.358176404487667605e+04 2.002364646143583826e+01
1.561518154097548359e+04 2.021159714141010966e+01
1.795303568460980387e+04 2.012557775256870940e+01
2.064090573952674094e+04 2.032676750624641571e+01
2.373119494845408917e+04 2.046270200424615382e+01
2.728415219701717797e+04 2.100616715491751307e+01
3.136904663785129742e+04 2.119099568470922179e+01
3.606551817561207281e+04 2.131995352459568238e+01
4.146513014220508194e+04 2.157410889790158848e+01
4.767315443349581619e+04 2.195605762642719583e+01
5.481062391087628203e+04 2.229690429874420943e+01
6.301669208171228820e+04 2.249875742008808288e+01
7.245134606346520013e+04 2.267737946712815145e+01
8.329852572396981122e+04 2.295860513047373175e+01
9.576970980923961906e+04 2.333128908341647545e+01
1.101080389746526780e+05 2.361998971539384939e+01
1.265930561029428354e+05 2.390031805443646462e+01
1.455461563271691557e+05 2.400391243200641256e+01
1.673368530133803724e+05 2.468029917385052130e+01
1.923899818658047880e+05 2.511042437392314497e+01
2.211939836072155740e+05 2.538868348652648876e+01
2.543104267152351676e+05 2.593275501341162581e+01
2.923849558717170148e+05 2.626454422921950993e+01
3.361598795783247333e+05 2.673555750770259110e+01
3.864886423489371082e+05 2.695120965887676689e+01
4.443524636315821554e+05 2.735174565438546423e+01
5.108794678555956925e+05 2.759435706754913298e+01
5.873666785671592224e+05 2.778550972850043621e+01
6.753053054552060785e+05 2.909227950033361410e+01
7.764098172685261816e+05 2.945385730139365776e+01
8.926513674353644019e+05 3.064157561315020217e+01
1.026296224057968473e+06 3.126478252931749324e+01
1.179949953520809766e+06 3.291161225844709293e+01
1.356608219124773052e+06 3.609514476870997157e+01
