1.073141729200112297e-03 1.428342359746321844e+00 1.892754740209780451e+01
1.230124612701102502e-03 1.427413729645653273e+00 1.647855849513763005e+01
1.410071495310256722e-03 1.426187144314830624e+00 1.433701488458955176e+01
1.616341630235817398e-03 1.424564256394077466e+00 1.246284499897647891e+01
1.852785673862970221e-03 1.422412151854401063e+00 1.082091767509923486e+01
2.123817569910036764e-03 1.419549541596197839e+00 9.380356526009473228e+00
2.434496949047637755e-03 1.415726078607958849e+00 8.113914118179938129e+00
2.790623582219122628e-03 1.410590204326111374e+00 6.997378782110338591e+00
3.198845650919357984e-03 1.403636724435381566e+00 6.008971899269991646e+00
3.666783855624360274e-03 1.394115889791597507e+00 5.128656932590931028e+00
4.203173679231201817e-03 1.380862209708777488e+00 4.337184729527033156e+00
4.818028461285939375e-03 1.361933022609965960e+00 3.614405115539903957e+00
5.522826327273559592e-03 1.333701110063416850e+00 2.935254907754803355e+00
6.330724462570944469e-03 1.287754412651567648e+00 2.255538346427531593e+00
7.256804731134727793e-03 1.181419708941973568e+00 1.356157725840551942e+00
8.318355224140228446e-03 1.478997745838307898e+00 2.690990669078901831e+00
9.535192994529038610e-03 3.459176728459504968e+00 1.699194880400525065e+01
1.093003400228234265e-02 3.460160356760578537e+00 1.478441761265143128e+01
1.252891717656825360e-02 3.461499514314938075e+00 1.285164428007047555e+01
1.436169051116663840e-02 3.463345320122511062e+00 1.115678704728110482e+01
1.646256826761378911e-02 3.465933630419713474e+00 9.666894245928837393e+00
1.887076968795012993e-02 3.469653644741375498e+00 8.351770757096907971e+00
2.163125114057760576e-02 3.475199510894241062e+00 7.182201399068570247e+00
2.479554536694510494e-02 3.483960362141421463e+00 6.126057967217831468e+00
2.842272349614150678e-02 3.499306765945831899e+00 5.135551471989956873e+00
3.258049778631041254e-02 3.534041092726872613e+00 4.064308296580160906e+00
3.734648567889276016e-02 3.531884946153968308e+00 3.522280076444299191e+00
4.280965876309565654e-02 3.224763347238091882e+00 4.625304206275963281e+00
4.907200369989477007e-02 3.212045516580667393e+00 3.959372818372338010e+00
5.625042611174400908e-02 3.190277244516363631e+00 3.351144387636168620e+00
6.447893297985622663e-02 3.147008544502772676e+00 2.765861084127378522e+00
7.391113429010591485e-02 3.016394909439877203e+00 2.064090130260074041e+00
8.472311062834605999e-02 3.181412398187262625e+00 2.081179043551091734e+00
9.711670025748533885e-02 3.769032632615707534e+00 2.742702927613026809e+00
1.113232670395682689e-01 3.860661182805147362e+00 2.287627947862632016e+00
1.276080195425280672e-01 3.897510085903287624e+00 1.908521409631708243e+00
1.462749619608125218e-01 3.944033627826256438e+00 1.792701821193146028e+00
1.676725692738015305e-01 2.794372776208455811e+00 1.238415744192833401e+00
1.922002925860245015e-01 2.724792511084372482e+00 1.200799801657990384e+00
2.203160160910432319e-01 3.099103453042828082e+00 1.276472766228719413e+00
2.525446048658006037e-01 2.729054911683218787e+00 1.127291187890911317e+00
2.894877030658881689e-01 2.798870218235998575e+00 1.055563962072486150e+00
3.318349654347036437e-01 3.095956326746764020e+00 1.161508550699309916e+00
3.803769317966111396e-01 3.229975954605099009e+00 1.120805796980433922e+00
4.360197848754858718e-01 2.801798534002093000e+00 9.362522401450997789e-01
4.998022669379940108e-01 2.612422609724276423e+00 8.526983058452560771e-01
5.729150710619561604e-01 2.881579905811630482e+00 9.426759560491309031e-01
6.567230690265095649e-01 2.736899160222733496e+00 7.292090597162196319e-01
7.527907907749169514e-01 2.983260102227093924e+00 8.558172698304412629e-01
8.629116311013118601e-01 3.022115839535049808e+00 8.565721023230689068e-01
9.891413287925907571e-01 2.786442748749787146e+00 7.779262626949362547e-01
1.133836343214964959e+00 2.640092550521336623e+00 7.374867752702126689e-01
1.299697844760314247e+00 2.521216299770576708e+00 6.165882772483451957e-01
1.489822140367170533e+00 2.549448627752695984e+00 5.218625261237188617e-01
1.707758475461304659e+00 2.294008292652053971e+00 5.272022864285761390e-01
1.957575291364079817e+00 2.542502704716094186e+00 5.440328838376052856e-01
2.243936175063645067e+00 2.131912250494013783e+00 5.362647775016424756e-01
2.572186919181327802e+00 2.129526660169547725e+00 5.128604994357975899e-01
2.948455317370991757e+00 2.215679817405087793e+00 4.848345814824489008e-01
3.379765558134552705e+00 2.238927164374257650e+00 4.722470717217680525e-01
3.874169352560441038e+00 2.088648507008188382e+00 4.582715948638438896e-01
4.440896243881142347e+00 1.950051318747245466e+00 4.201117752887605916e-01
5.090525904832643889e+00 1.893680352722597826e+00 3.793797003702160664e-01
5.835185639267496782e+00 1.987076944126002775e+00 3.665438078963524360e-01
6.688776774986873619e+00 1.522194826306373372e+00 3.377558733953499037e-01
7.667234174099054833e+00 1.588092077418215009e+00 3.717620154476881655e-01
8.788823705450656831e+00 1.609475623806735145e+00 3.580799007206459383e-01
1.007448323235385246e+01 1.466907452665159983e+00 3.579431868371407699e-01
1.154821348117764934e+01 1.303443894869950714e+00 3.653172490523518001e-01
1.323752608754841376e+01 1.234536510110633145e+00 3.667719705141622710e-01
1.517395718429819595e+01 1.144175194601712242e+00 4.329948086611489222e-01
1.739365611883427221e+01 1.093135245306511294e+00 3.478669335244949923e-01
1.993806029012158021e+01 1.159853254338152340e+00 3.681782581621208528e-01
2.285466870315275401e+01 9.568217492957382664e-01 3.075286559569072597e-01
2.619792868164132216e+01 8.780410556620367180e-01 3.327220191650998582e-01
3.003025229211425540e+01 7.805443032923952140e-01 3.485642348866277995e-01
3.442318145403600482e+01 7.141905225523844658e-01 3.223891629814439885e-01
3.945872348627086978e+01 7.062125295454644291e-01 2.927863265900033096e-01
4.523088202190075435e+01 5.915895704705241842e-01 3.174733154664301504e-01
5.184741187055696798e+01 4.913119573155446673e-01 3.605523102603462871e-01
