1.073595953533101541e-03 4.943321540813731652e+00 1.467484284691550442e+02
1.231620589352198231e-03 4.943482622941576032e+00 1.279087783654481427e+02
1.412905172680950158e-03 4.943694817118783114e+00 1.114847590190489797e+02
1.620873379551563244e-03 4.943974425962172070e+00 9.716618771949507050e+01
1.859452823400600460e-03 4.944343014228973487e+00 8.468264215960118690e+01
2.133149230576571707e-03 4.944829153448725201e+00 7.379835212092460495e+01
2.447131533881942954e-03 4.945470779029705888e+00 6.430774493683436788e+01
2.807329491195870337e-03 4.946318400274582139e+00 5.603156025558548947e+01
3.220545672768185784e-03 4.947439516406808124e+00 4.881346016170387259e+01
3.694583932136743208e-03 4.948924770786505611e+00 4.251706972884939972e+01
4.238396786924105049e-03 4.950896668707404302e+00 3.702339062112950785e+01
4.862254492894737060e-03 4.953522182724423573e+00 3.222853639801925851e+01
5.577939004345130666e-03 4.957031450164659070e+00 2.804174242268243233e+01
6.398966483893648964e-03 4.961746395910327401e+00 2.438360501995861895e+01
7.340842563910675300e-03 4.968126281807476730e+00 2.118450201236064601e+01
8.421355180365448431e-03 4.976843734420569376e+00 1.838313567143346461e+01
9.660910509445289757e-03 4.988919376923016458e+00 1.592510808926751587e+01
1.108291835132647375e-02 5.005978738903721137e+00 1.376135490300313435e+01
1.271423423931724445e-02 5.030792840437800173e+00 1.184601533878563195e+01
1.458566662388877458e-02 5.068580604972760639e+00 1.013245400621609171e+01
1.673255871009084184e-02 5.130869199007419112e+00 8.562220516416580551e+00
1.919545593672632861e-02 5.252451156957053335e+00 7.011954075338087122e+00
2.202087170305836242e-02 5.499923428207484477e+00 5.186316612108745616e+00
2.526216580429172659e-02 3.186623829550108145e+00 5.186280643714865413e+00
2.898055216564806441e-02 3.145821384442999413e+00 4.034148104773524146e+00
3.324625490674140704e-02 3.109759523755735167e+00 3.116738133956534096e+00
3.813983456927379223e-02 3.586953672066405918e+00 6.292653147703584970e+00
4.375370955471472034e-02 3.592472191894189759e+00 5.420410127704958114e+00
5.019390150529395855e-02 3.600612507496349757e+00 4.642514542984617520e+00
5.758203759095137375e-02 3.613344500933461489e+00 3.935491548819577634e+00
6.605764751672132951e-02 3.635852358283055086e+00 3.256395741579733549e+00
7.578079863101463975e-02 3.680302007009642384e+00 2.510817236728223989e+00
8.693511890051364155e-02 3.738908565004880113e+00 2.358315830882158348e+00
9.973126484250738333e-02 3.207704976737013602e+00 2.156293972222736333e+00
1.144108999088006978e-01 3.084083214659773642e+00 2.845336785269259927e+00
1.312512584555376449e-01 3.021235522722168110e+00 2.239616615335534355e+00
1.505703814924474193e-01 3.081687013093684868e+00 2.099039420114418242e+00
1.727331230920065575e-01 3.098564834101559473e+00 1.870162975349532797e+00
1.981580408934203452e-01 3.474386275204086605e+00 2.122461021144926629e+00
2.273253008330256564e-01 3.507076166559292218e+00 1.768272575363192045e+00
2.607857453870372488e-01 3.476016405308228308e+00 1.473229719410268812e+00
2.991712965862366458e-01 3.377173739495398674e+00 1.502217894153814903e+00
3.432068902702335444e-01 3.084537509956923884e+00 1.094700700535861992e+00
3.937241669673705591e-01 3.039338436424193990e+00 1.212806171490768303e+00
4.516771779613502069e-01 3.062368417811523358e+00 1.190338651455678409e+00
5.181604031637624397e-01 3.124437238366009950e+00 9.099478633710553765e-01
5.944294210716296600e-01 3.108900825396604617e+00 9.340000248135061911e-01
6.819246211754222964e-01 2.505494096640568991e+00 8.646902834017246020e-01
7.822984066416311943e-01 2.439135740283647991e+00 7.197100969503347212e-01
8.974464010100655642e-01 2.565906990054560577e+00 7.226363038043578380e-01
1.029543248264438216e+00 2.490466867526442751e+00 7.638126086488802313e-01
1.181083682383614830e+00 2.321912296855368041e+00 6.406937589941358313e-01
1.354929641998433576e+00 2.646514228223403098e+00 7.323497781515698746e-01
1.554364319944711026e+00 2.481648734818556523e+00 6.098115137020992949e-01
1.783154168473036094e+00 2.473144094800673987e+00 5.854825794033082786e-01
2.045620031123632998e+00 2.505708949059586743e+00 5.477989420764861617e-01
2.346718744637547260e+00 2.653235962731630426e+00 5.626459110729316038e-01
2.692136752008755796e+00 2.219329688584122717e+00 5.017854554593057514e-01
3.088397494619940176e+00 2.220358479945116592e+00 4.659491828968725380e-01
3.542984611631535330e+00 2.319365488284025556e+00 4.900854428757732695e-01
4.064483273323793888e+00 2.296930091355809722e+00 4.579048052507087019e-01
4.662742317563009387e+00 2.135137700507490077e+00 4.587896398881865512e-01
5.349060251443399139e+00 2.058473263164004585e+00 4.171639568897785311e-01
6.136398630865381065e+00 1.945027450203595354e+00 3.825800641029624138e-01
7.039626847860894543e+00 1.849826631901517970e+00 3.798900533443461125e-01
8.075802948631988443e+00 1.823814476820124098e+00 4.322596857950579685e-01
9.264495785732002275e+00 1.835841582040452780e+00 4.558047730614235293e-01
1.062815458844069738e+01 1.584202348467710353e+00 4.128057665271816501e-01
1.219253293090771528e+01 1.312157999068634950e+00 3.346248787960153237e-01
1.398717510497552041e+01 1.279044238205844231e+00 3.408504651583116885e-01
1.604597408314578644e+01 9.582766135890239401e-01 2.898349155880903250e-01
1.840781160917888570e+01 9.627745781291096039e-01 2.928744297138234365e-01
2.111729250484934539e+01 9.082883421015914838e-01 2.807901653719468982e-01
2.422558706071298218e+01 9.362469240840882723e-01 3.342499906406766197e-01
2.779139741997766322e+01 7.061014437455900294e-01 2.727066137107597710e-01
3.188206620625893351e+01 7.664452344188549260e-01 3.096737040282406817e-01
3.657484833236912891e+01 7.216402509166425228e-01 2.546583223430077259e-01
4.195837000906773540e+01 5.174524802144365720e-01 2.563157784392793292e-01
4.813430250809184230e+01 3.730145338218801565e-01 2.022142919090346436e-01
5.521928228955938778e+01 1.922950279476214608e-01 1.942371942677575958e-01