1.073349788933433691e-03 3.026293917151600343e+00 7.467136967056795527e+01
1.230809749873459794e-03 3.026283344183851920e+00 6.511029500715461893e+01
1.411369020614321223e-03 3.026269439400509409e+00 5.677117594505703124e+01
1.618416260152816515e-03 3.026251151996441457e+00 4.949750415186078101e+01
1.855837242330109476e-03 3.026227099138236287e+00 4.315276544934623359e+01
2.128087782369548348e-03 3.026195460660690895e+00 3.761787689287008618e+01
2.440277361706799306e-03 3.026153840093999126e+00 3.278895052779918728e+01
2.798265020547260375e-03 3.026099081167403337e+00 2.857534160231816500e+01
3.208769317821165423e-03 3.026027025392300285e+00 2.489794420789364082e+01
3.679494422217685027e-03 3.025932191824685091e+00 2.168770172538942731e+01
4.219274700720513152e-03 3.025807354523590398e+00 1.888430308872510111e+01
4.838240518220569483e-03 3.025642987263160055e+00 1.643503868670805801e+01
5.548008359861902536e-03 3.025426541083044985e+00 1.429379151524910263e+01
6.361898844255493152e-03 3.025141526586028640e+00 1.242013951326628529e+01
7.295186719139487921e-03 3.024766415129248820e+00 1.077854281619629973e+01
8.365387531297230339e-03 3.024273531816342064e+00 9.337582474568232982e+00
9.592586350831287800e-03 3.023628654349490130e+00 8.069198836784092776e+00
1.099981471914971559e-02 3.022793907455605389e+00 6.947831325939439751e+00
1.261348289506273451e-02 3.021743612628021936e+00 5.949233956372739662e+00
1.446387551119939462e-02 3.020533802869422857e+00 5.048337185335896038e+00
1.658571994301127200e-02 3.019642862702513142e+00 4.213909868423818317e+00
1.901883805726911278e-02 3.022469096726298599e+00 3.387827551299203765e+00
2.180889357178880661e-02 3.054237445010182128e+00 2.334439184149742719e+00
2.500824905251367025e-02 2.667608106012212321e+00 3.096685506756390538e+00
2.867694863170691666e-02 3.226381066356868388e+00 5.270377019031926125e+00
3.288384489048817166e-02 3.229533355131368744e+00 4.534412699959695203e+00
3.770789105456232720e-02 3.234380801407975792e+00 3.875881514036346509e+00
4.323962275451644077e-02 3.242439413985152452e+00 3.274071346717288389e+00
4.958285715972661489e-02 3.257686204471648139e+00 2.690280066482562127e+00
5.685664137449170097e-02 3.393446238887029676e+00 1.967541831010118036e+00
6.519748666305752449e-02 2.921448322265928432e+00 2.068305487444418667e+00
7.476193043450879427e-02 2.987338819381544663e+00 1.965522802225721177e+00
8.572947406976336171e-02 2.846716940234275572e+00 1.945794204029086760e+00
9.830595172654618685e-02 3.439338280577344698e+00 2.622711355390923593e+00
1.127273933466311912e-01 3.560391443071749595e+00 2.145666279569923063e+00
1.292644543646143118e-01 3.095853049523511480e+00 1.844878233282918334e+00
1.482274952530942269e-01 2.987322265285134115e+00 1.616349555805636662e+00
1.699724062349862730e-01 3.065234572376092093e+00 1.470002727199966941e+00
1.949072864786745019e-01 2.620883325665435137e+00 1.287879727014741960e+00
2.235001031282727035e-01 2.837453528455284868e+00 1.233552691509489208e+00
2.562874739103916943e-01 3.088933683017779597e+00 1.421836250832286375e+00
2.938847381456120011e-01 3.002054451804692103e+00 1.347812881600048529e+00
3.369975051730880189e-01 3.006601357078280135e+00 1.217647311117406428e+00
3.864348969241676590e-01 2.878169332069605346e+00 1.032443563375367024e+00
4.431247331759695096e-01 2.751068459999810756e+00 9.290308238863713708e-01
5.081309444752526439e-01 2.869565168083682671e+00 8.701096855930262608e-01
5.826735395308649812e-01 2.900821973028326450e+00 8.678723653885511702e-01
6.681515018142365481e-01 2.915561579273712400e+00 8.989697575907644733e-01
7.661690450814986342e-01 2.685549625842064358e+00 7.522868737737575806e-01
8.785657205696155714e-01 2.611323207709283611e+00 8.000234669339915117e-01
1.007450940905478598e+00 2.843141071090963923e+00 8.812511092530521672e-01
1.155243568657891018e+00 2.597952832828977154e+00 7.542445905965826647e-01
1.324717312513417067e+00 2.375986486743969728e+00 6.510693590592436797e-01
1.519052783052066147e+00 2.456004160985291396e+00 5.866243203317093036e-01
1.741897185083294719e+00 2.672957490814765080e+00 6.050064329193195478e-01
1.997432766822499151e+00 2.259477511528076743e+00 5.086153706615953451e-01
2.290455310532808930e+00 2.099587126578727592e+00 4.617396592856048421e-01
2.626464137710897262e+00 2.205390897373668224e+00 4.179685023088856033e-01
3.011765317995553026e+00 2.043853330443327287e+00 4.179569470963331868e-01
3.453590018779572723e+00 2.046509774189206876e+00 3.913517775249545361e-01
3.960230216659763602e+00 2.062704972270267056e+00 3.856222922956589194e-01
4.541194317699364547e+00 2.126298402922755404e+00 4.093222326845785131e-01
5.207385607117279491e+00 1.934646009657859489e+00 3.644640479554241419e-01
5.971306877471386443e+00 1.895534944363792773e+00 3.870314134979654375e-01
6.847295075709959100e+00 1.988319518565210942e+00 4.242457184966341721e-01
7.851790372846492616e+00 1.989830039353069679e+00 5.034298495950241259e-01
9.003644706042209123e+00 1.850201940423239266e+00 4.498674818187068936e-01
1.032447558368185270e+01 1.581449314546052864e+00 4.268442960988703128e-01
1.183907179350476824e+01 1.377317927846509082e+00 4.108455637939442684e-01
1.357585862794746490e+01 1.360348061804314668e+00 4.012412847467916044e-01
1.556743135784762089e+01 1.321970499051530634e+00 5.284770242147049935e-01
1.785116696651529722e+01 1.263468328624884673e+00 6.448572487547146181e-01
2.046992562493407775e+01 1.274638214449340223e+00 5.061821945266449241e-01
2.347285507307809382e+01 1.129512206212985426e+00 5.591375470052596386e-01
2.691631300362879742e+01 8.011910534300644704e-01 4.258716928331763851e-01
3.086492475899360599e+01 6.058569004681256809e-01 3.216158823418834856e-01
3.539279619203058047e+01 6.232611529453074839e-01 4.034712214284690290e-01
4.058490445292957105e+01 5.957772421600309176e-01 3.779130946806412150e-01
4.653869280394151531e+01 2.536828002372762403e-01 4.485219147391668604e-01
5.336589939275554428e+01 2.536828002372762403e-01 2.564193687736129323e-01
