2.216630119433352419e+01 1.547464913214747284e+01
2.547580082374145505e+01 1.547105955452128256e+01
2.927941932760783672e+01 1.546604923764316020e+01
3.365093023348548229e+01 1.545889897235171517e+01
3.867512169242955622e+01 1.544834386734938292e+01
4.444944099749802291e+01 1.543188378406166628e+01
5.108588463412128533e+01 1.540354265612724483e+01
5.871317052103420053e+01 1.534253146657423450e+01
6.747923457372328926e+01 1.512459773006258246e+01
7.755410001277802223e+01 1.564397617087296055e+01
8.913317506915083754e+01 1.563532623010732792e+01
1.024410430473553362e+02 1.562128755336503616e+01
1.177358182572153993e+02 1.559306060871096911e+01
1.353141523001499138e+02 1.551372058875433524e+01
1.555169878100036271e+02 1.567419507783527877e+01
1.787361712457775980e+02 1.565299666798449607e+01
2.054220529954538961e+02 1.561041528399564626e+01
2.360922221996178507e+02 1.558325861591597139e+01
2.713415457121698751e+02 1.562172738644877334e+01
3.118537059099642192e+02 1.555394677629835520e+01
3.584144611343114093e+02 1.537219616192659721e+01
4.119268859587866132e+02 1.551868679065054657e+01
4.734288868777431389e+02 1.580946468531010396e+01
5.441133331431142324e+02 1.585698356124330566e+01
6.253511931995039959e+02 1.590376372603266120e+01
7.187181254629988416e+02 1.588039343096846778e+01
8.260250391882625536e+02 1.593758784636453107e+01
9.493532181707829523e+02 1.592205246804536145e+01
1.091094688530150279e+03 1.602640815078525094e+01
1.253998613532422951e+03 1.632135790730352198e+01
1.441224615307790145e+03 1.642339485731561055e+01
1.656404057671139071e+03 1.699737059662573557e+01
1.903710478663639833e+03 1.707498805751790982e+01
2.187940538897951228e+03 1.710069307824956297e+01
2.514607055750135260e+03 1.746046314361628760e+01
2.890045927853842841e+03 1.750522536818651531e+01
3.321539023763287787e+03 1.797056593638245658e+01
3.817455418286460826e+03 1.826632511186461727e+01
4.387413715854391739e+03 1.851857141534845397e+01
5.042468609288360312e+03 1.884325685908570946e+01
5.795325292387432455e+03 1.887489759954225477e+01
6.660585885000764392e+03 1.911785883633248062e+01
7.655032650150952577e+03 1.948698035871344203e+01
8.797953496379303033e+03 1.969902131397549638e+01
1.011151607863181016e+04 1.978261881885891782e+01
1.162119775360331369e+04 1.977772201676507891e+01
1.335627972878906621e+04 2.010081718232390102e+01
1.535041498956932264e+04 2.013104790542391243e+01
1.764228101962328947e+04 2.061742330966179892e+01
2.027632997458739555e+04 2.086620705308604329e+01
2.330365085903897489e+04 2.127776222701659137e+01
2.678296042925977235e+04 2.145806500874011036e+01
3.078174204094974993e+04 2.186954558393416193e+01
3.537755453054523969e+04 2.195410829560157850e+01
4.065953651670213731e+04 2.226308793472408354e+01
4.673013529879948328e+04 2.277170610305158505e+01
5.370709388551643497e+04 2.291253756375872541e+01
6.172573469312807720e+04 2.318534749929895611e+01
7.094158420725725591e+04 2.352721202021155023e+01
8.153338951501640258e+04 2.381595609562548077e+01
9.370658521504135570e+04 2.415458978702803350e+01
1.076972779482764454e+05 2.440848887236896658e+01
1.237768258319431188e+05 2.490939712877059620e+01
1.422571016176400299e+05 2.521742180116518739e+01
1.634965416557722783e+05 2.559866737590107277e+01
1.879070979897076031e+05 2.594909654182599112e+01
2.159622284198143170e+05 2.610011448668698364e+01
2.482060795096024813e+05 2.628297554355928511e+01
2.852640406440389925e+05 2.641500046216972208e+01
3.278548738425067859e+05 2.628178565860419624e+01
3.768046545916167670e+05 2.835299847242815474e+01
4.330627940889237216e+05 2.897205381489690268e+01
4.977204536588495830e+05 2.922972980162214540e+01
5.720317084997695638e+05 2.955780991840726557e+01
6.574378712461969117e+05 3.031675735597427490e+01
7.555954471165561117e+05 3.056406010983385357e+01
8.684082628538887948e+05 3.124716702024515058e+01
9.980643926201134454e+05 3.292298920492430625e+01
1.147078597044345690e+06 3.422621412862393697e+01
1.318341098556797719e+06 3.734161110042406051e+01
