2.216936662255437440e+01 1.537986017859837951e+01
2.548591337601328988e+01 1.537925166503421259e+01
2.929861694599976119e+01 1.537844411381378684e+01
3.368170260502955671e+01 1.537737094125823489e+01
3.872049975821626333e+01 1.537594212498935242e+01
4.451310312626965526e+01 1.537403500876434848e+01
5.117228244218289035e+01 1.537148070025349433e+01
5.882767783936314743e+01 1.536804322820294999e+01
6.762832367076792650e+01 1.536338607537274292e+01
7.774554989246641412e+01 1.535701492345431340e+01
8.937631749542593695e+01 1.534817053565887690e+01
1.027470529193238491e+02 1.533559901000549885e+01
1.181180560963100561e+02 1.531691852426108902e+01
1.357885679400065442e+02 1.528429171006269272e+01
1.561025959330342516e+02 1.523375344878090232e+01
1.794556112249326247e+02 1.521249053304806509e+01
2.063022476187990435e+02 1.512232697505625723e+01
2.371651523296314679e+02 1.506786700185909567e+01
2.726451608199145653e+02 1.540864203007975064e+01
3.134329937949725036e+02 1.543078745672426777e+01
3.603227040738423739e+02 1.543473367434576637e+01
4.142271351177973884e+02 1.539381327593018867e+01
4.761956921613647182e+02 1.554195159872681842e+01
5.474347719121655018e+02 1.517279536806410078e+01
6.293312485426115472e+02 1.617013808364743710e+01
7.234794731960300851e+02 1.626998767772433752e+01
8.317123126304835523e+02 1.626329968843593932e+01
9.561368312570160697e+02 1.650312141846613656e+01
1.099175311226119220e+03 1.654077552174581456e+01
1.263612409136729184e+03 1.658852701106033578e+01
1.452649367409105253e+03 1.679531958240168166e+01
1.669966335702343031e+03 1.694149699458469627e+01
1.919794015642669819e+03 1.690494347454331248e+01
2.206996023633818368e+03 1.691750466764016991e+01
2.537163575179145937e+03 1.694638932255771024e+01
2.916724334018952050e+03 1.681780150252973272e+01
3.353067545145413987e+03 1.721797721030605288e+01
3.854687887770211091e+03 1.781161305076963330e+01
4.431350848757802851e+03 1.812624557856681662e+01
5.094282835995231835e+03 1.852700297351909242e+01
5.856389732803579136e+03 1.898039457613843339e+01
6.732508148183094818e+03 1.895007605867482425e+01
7.739694254202733646e+03 1.909893111699791746e+01
8.897555833587048255e+03 1.939762141949990237e+01
1.022863400176443247e+04 1.942921118117970281e+01
1.175884203469751810e+04 1.965503452644930249e+01
1.351796984554513256e+04 1.983365838002010406e+01
1.554026393124925926e+04 1.987173554789267271e+01
1.786509407938007644e+04 2.032590699900300990e+01
2.053771981461089672e+04 2.099380615470069600e+01
2.361017150591449172e+04 2.111358257576031150e+01
2.714226328777372692e+04 2.120935097258664825e+01
3.120275751483979548e+04 2.162867946759314819e+01
3.587070341950652801e+04 2.159212024032176203e+01
4.123697603323197109e+04 2.189657780656771280e+01
4.740604533114953665e+04 2.192493247103281817e+01
5.449801004147170897e+04 2.271309272828863612e+01
6.265093571365263779e+04 2.320654508421215212e+01
7.202354256255035580e+04 2.353068496178735103e+01
8.279829541522855288e+04 2.376369127966794892e+01
9.518495591512462124e+04 2.422037579728092638e+01
1.094246661374847172e+05 2.433318885602500359e+01
1.257946431154190359e+05 2.472519620467657475e+01
1.446135756690679409e+05 2.519997887169513362e+01
1.662478286027256981e+05 2.536564769156782617e+01
1.911185750525147014e+05 2.578587650017735200e+01
2.197099958363295009e+05 2.576867049694405409e+01
2.525787054300496820e+05 2.654473573821691801e+01
2.903645880738348351e+05 2.748350700894093279e+01
3.338032549645695253e+05 2.792956302874165075e+01
3.837403650496389600e+05 2.825355345162702392e+01
4.411480882175946608e+05 2.832347485785653518e+01
5.071440313892039703e+05 2.849228159169937413e+01
5.830129959598360583e+05 2.934191522645561179e+01
6.702319901645589853e+05 2.922646106692544876e+01
7.704989833037818316e+05 3.030149966267520512e+01
8.857659616133822128e+05 3.113412468420234447e+01
1.018276929307180690e+06 3.299919574112063003e+01
1.170611594591665082e+06 3.380325070148597888e+01
1.345735591127251973e+06 3.642454316875276987e+01
