22.194855836583887 16.067000869199752
25.57007040943379 16.066385380803474
29.458560378017552 16.065555867611565
33.93838052261044 16.064432000357616
39.099455564604085 16.062898311286617
45.04538525136618 16.060784391990897
51.89552394383944 16.057829680171757
59.78737645104131 16.053616091826
68.8793582037409 16.047426400817155
79.35397517307544 16.03790609493724
91.42148736552939 16.02209142133575
105.32412943266709 15.991603907380822
121.34097311713515 15.901396278097327
139.79352914021493 15.949571731056164
161.05220097922935 16.21029277414913
185.54372008333868 16.210101829291748
213.75971177695533 16.209846350234972
246.26656379662685 16.209503535809233
283.71679555537395 16.209041646161612
326.862156353003 16.20841560296658
376.5687154565472 16.20755923037127
433.83424695836993 16.20636850214504
499.8082583832006 16.204578471416497
575.8150650841069 16.202413778694176
663.3803736064049 16.198664262670995
764.2619076350383 16.19413889309004
880.4846912888961 16.186600922666436
1014.3816980138083 16.152002828589456
1168.6406810311726 16.193055140972557
1346.358125383303 16.19522381732344
1551.1014045704696 16.193190430681167
1786.9803894677195 16.186828878282356
2058.7299469479176 16.190848467466544
2371.8049842296477 16.16995894794313
2732.489946802583 16.18020400624301
3148.0249679137387 16.166508783708053
3626.751201849628 16.14267475685045
4178.278258331192 16.12988098446515
4813.6770989803845 16.136446168765985
5545.702267924808 16.221056074697863
6389.0479174394 16.18078586353709
7360.642767901691 16.203874638657496
8479.989922876852 16.379592233064177
9769.558360538738 16.352508911317987
11255.233959947063 16.384257270859592
12966.83911576121 16.330603054253178
14938.731371766666 16.467660088148477
17210.493089757514 16.64120385302434
19827.72599769709 16.732610888756412
22842.96656635142 17.024631018074494
26316.740589014295 17.15690449512803
30318.77813320692 17.350273691818884
34929.41325242802 17.544222357413815
40241.19655477171 17.81147123326364
46360.752997968135 18.122686415290335
53410.92220290231 18.386388272851757
61533.22424874137 18.75088434476965
70890.70044628714 19.09284168770843
81671.18611321607 19.45984072346736
94091.08104656797 19.875896684709673
108399.69337826481 20.263209801224175
124884.24400912368 20.638102459666005
143875.6320768109 21.087732330475472
165755.07718963784 21.684451285589862
190961.7717576723 22.350800871591595
220001.69702861467 22.933991432977244
253457.77979526814 23.635853348131484
292001.59365312115 24.253072385414825
336406.839690759 24.653980899741814
387564.8772148898 25.47663243774611
446502.6162627059 26.173975679189795
514403.1310631414 26.78280801991797
592629.4082269745 27.232418057634526
682751.7063700459 28.07828804667259
786579.0763671922 28.790372447847773
906195.6749520466 29.082224550616747
1044002.6005960597 29.246190637556733
1202766.0914504058 31.63411486459352
1385673.0528419588 32.449402270086146
1596395.028942771 32.79171924233844