22.19478578684412 16.10948486788083
25.569838955491964 16.109463383683938
29.45812005076174 16.109434833161774
33.93767314825838 16.109396876503574
39.098410106731684 16.10934638663273
45.04391524416068 16.1092791753985
51.89352444215628 16.10918961544747
59.78472040966229 16.10907011390826
68.8758921827622 16.108910366595126
79.34951424820555 16.108696278291966
91.41580910079279 16.108408352013022
105.31696674805512 16.108019190156497
121.33200585449674 16.107489400921068
139.7823740964083 16.10676038058064
161.03840013540898 16.105740214109687
185.52672671223758 16.10427178579476
213.73887405497766 16.102042479703822
246.2411054831391 16.098200070071616
283.68579322618706 16.083759448621205
326.82451258683744 16.097810660292517
376.5231272701035 16.08781656391234
433.7791686649888 16.10916622913937
499.7418579090542 16.103684496125183
575.7351726109998 16.0956538579166
663.2844212176053 16.0845289799983
764.1468584154525 16.066334724411018
880.3469560679416 16.032844879561694
1014.217037632224 15.965098880827107
1168.4440916543567 15.818699266540047
1346.1237039650741 16.185788477791892
1550.8221910823634 16.211067635145845
1786.6481819384874 16.244145832420188
2058.3350846922267 16.257473886825476
2371.3360938683254 16.23132897722777
2731.9336447707215 16.232877608585937
3147.365512096265 16.214981914831753
3625.9700837515547 16.291546854645823
4177.353725752819 16.291701314217182
4812.583597492421 16.27705762808583
5544.409787485534 16.295022453180543
6387.521228219829 16.43164519394598
7358.840526732153 16.449393414990155
8477.863628637615 16.452724768444632
9767.051133216195 16.48416609637603
11252.279113882103 16.546676267255766
12963.358492730107 16.60347326292299
14934.63339384407 16.624936143936807
17205.670485284027 16.743811452839186
19822.05314595784 16.878271169956346
22836.29639758796 16.962349278107194
26308.900965934183 17.147538926384662
30309.567627981934 17.368224544891113
34918.596219003644 17.63235472621152
40228.497379822205 17.87710113289098
46345.849394644974 18.135753926163165
53393.437389199506 18.43246004780945
61512.71782632968 18.84054753752646
70866.65776545511 19.168573541478466
81643.00587441295 19.51075969387071
94058.06084816733 20.07681928041098
108361.012872631 20.416126988922922
124838.94527378283 20.83995192767275
143822.59674325015 21.319003162237287
165692.99979752032 21.80930210084571
190889.12871537026 22.27146347816855
219916.71045995824 22.92771685548024
253358.37543500145 23.58038641672034
291885.35181709507 24.221033413784113
336270.9381882921 24.576915079148776
387406.0248864168 25.141644614539594
446316.9756116625 25.626253259677178
514186.22820216714 26.219662466039413
592376.028069372 27.606319764173108
682455.7706615098 28.430090286345795
786233.501762587 28.781452779262317
905792.2078886814 29.374319978415485
1043531.6251883669 30.39220875889888
1202216.4060193615 31.404565915574246
1385031.609982318 31.698000985573614
1595646.6332063354 35.42107346448174