22.19523780528329 15.92514855597658
25.571332503113844 15.925107313719877
29.460961478374237 15.925052496914773
33.94223789959166 15.92497960495027
39.105156648677436 15.92488262037568
45.05340163607768 15.924753477681897
51.90642802476479 15.924581331110623
59.801861179169556 15.924351533075399
68.89826051575761 15.924044185555346
79.37830376006241 15.92363204472193
91.45245555776638 15.923077408412531
105.36319411442489 15.922327334826829
121.38988074499245 15.921305971050725
139.85437012549818 15.91990153691306
161.12747391430884 15.917942578395056
185.63640754814634 15.915150270643704
213.87336976255537 15.911028976559582
246.40542713436875 15.904555595681664
283.88590215171655 15.893188661062712
327.0674935116033 15.864443805636196
376.817392132397 15.85797001962721
434.1346964473657 15.933772825378483
500.1704767205259 15.937814876245245
576.2508913248513 15.920238440562198
663.9038192136826 15.904063994623616
764.889543429858 15.848920707739378
881.2361018517225 15.707994243584366
1015.2800151046038 16.07197472528463
1169.7132095528318 16.088008096675086
1347.6370776996127 16.07107884375775
1552.6247616584892 16.065647711107605
1788.7929104993145 16.073915388501057
2060.884352530004 16.026746109587663
2374.3633427736813 16.084337297721806
2735.5252984411864 16.049785408712907
3151.623226152971 16.032857387255763
3631.0133798751317 16.00376556624383
4183.3230747336465 16.0594350604711
4819.644026814575 16.043131171103358
5552.7551016815505 16.18213197874197
6397.378944940223 16.175425816104614
7370.477648612791 16.19272966034595
8491.593391019347 16.27044885990034
9783.240891039784 16.30692465671885
11271.35955818812 16.410413916566377
12985.834418767561 16.402059387677024
14961.096279565052 16.354762470890098
17236.813181825444 16.502184025247768
19858.687031575515 16.721196784739284
22879.371404563826 16.88871249903007
26359.528957561844 17.049864976574515
30369.04968140613 17.3161684161306
34988.454461252295 17.524354252560627
40310.51213092958 17.801255418833506
46442.10249576319 18.093792313403775
53506.36273787361 18.384768769870107
61645.160308969396 18.74704282763586
71021.94197230828 19.135846934953683
81825.01620948825 19.61743459479584
94271.3349107456 20.015699371586212
108610.85029425805 20.429698835089432
125131.5345519428 20.824708057098583
144165.16302839253 21.198003254036678
166093.97707318628 21.72192050086724
191358.3603727828 22.352852969643155
220465.68292133036 22.776598450932138
254000.49023874174 23.34476849523199
292636.24246020505 23.75204326956411
337148.83904647717 24.521739697453526
388432.20072389016 25.195036481213876
447516.221577157 26.003370984297277
515587.45181647304 26.607513180813708
594012.9265789565 27.343321166984275
684367.6193044677 27.997893276927115
788466.071016066 28.910072200395565
908398.8306976488 29.301753964142872
1046574.438579794 30.92676694920032
1205767.7954598535 31.960567206750568
1389175.8894293564 33.43846900206523
1600481.9991363708 34.920031677573114