22.194641346358683 16.07318549537693
25.569361707333822 16.073170975029576
29.457212122408656 16.07315170014487
33.93621459763296 16.073126112540177
39.09625447346736 16.07309214211539
45.04088425822043 16.073047038568088
51.889401736403464 16.072987145514947
59.7792440558149 16.072907600108753
68.8687458382782 16.072801930414535
79.340316664242 16.07266151497445
91.4041016975136 16.072474855147036
105.30219891213017 16.07222659011989
121.31351755335359 16.0718961556083
139.7593753331634 16.07145594227737
161.0099466856657 16.070868740176135
185.49169148704237 16.070084142715764
213.6959133207843 16.069033394520694
246.18861903684888 16.06762183540118
283.6218774679571 16.065717478306265
326.7469052515732 16.063133047788334
376.429142365939 16.059596207243043
433.66561991844344 16.05469640335797
499.6049687258881 16.04777772518182
575.5704702220509 16.03762915873086
663.086612281858 16.02256472028273
763.9096828887072 15.99794429504857
880.063015603567 15.966172880687672
1013.8775941475812 15.901781425886664
1168.0388309574603 15.703547037549932
1345.640458473214 16.20004645224352
1550.2466146572388 16.19455987503228
1785.9633686869176 16.193079375191594
2057.521122209812 16.0722945990453
2370.369539803055 16.291127325460838
2730.786913716647 16.30484323025045
3146.006157649867 16.288653222945225
3624.3599580241194 16.226883736003494
4175.447995671265 16.30611510069653
4810.329593769108 16.269871094296022
5541.74565811372 16.359151103242763
6384.374363661615 16.517587487046516
7355.125718500307 16.493102584127524
8473.480916604338 16.555645937358683
9761.88328956228 16.522215679234552
11246.188702956744 16.57705004165983
12956.18443602424 16.658759635902847
14926.186957555128 16.75309099006684
17195.730594296398 16.863377907848538
19810.360912165263 16.993978873620183
22822.548731975134 17.136985401217686
26292.74312228818 17.247525992355673
30290.584501024063 17.507418881284867
34896.30219054261 17.680973629680935
40202.32447256009 17.886118751398097
46315.13345373952 18.144077504884883
53357.40196569539 18.547465074199632
61470.45538306497 18.887656417638446
70817.10776380629 19.289389188762527
81584.92922784165 19.695311063549035
93990.01014432531 20.075391366331736
108281.29766784972 20.423475463617827
124745.59164989484 20.952580244997367
143713.300184273 21.4676007375446
165565.07028977948 21.893528853724934
190739.42679565158 22.55779065975127
219741.57272821566 22.986111908153667
253153.52780629444 23.648589469034683
291645.80850632687 24.12544568626651
335990.8840946214 24.6732427100312
387078.6786645566 25.454357102766696
445934.4302761022 25.814292875776694
513739.2655977375 26.17587258573394
591853.9029459795 26.875770515090263
681845.959398926 27.22109893937189
785521.4099873487 28.171383408212357
904960.8302914357 29.52106902333526
1042561.1497654214 30.378282228445293
1201083.753702532 31.746909540067065
1383709.899158195 33.135231674130516
1594104.556927158 34.96229317433604