22.196169889066518 16.15352379903453
25.57441239530582 16.15351393389191
29.466821196360872 16.153500828975513
33.951652065236786 16.153483416800107
39.11907125228889 16.153460275084708
45.07296825206736 16.153429507231646
51.93304447208734 16.15338857993924
59.837219795616555 16.153334102615943
68.94440542174162 16.15326152500374
79.43769872987455 16.153164718156308
91.52806440054299 16.153035385900882
105.45857580035131 16.152862222944698
121.50930190295233 16.152629681863274
140.00293799618748 16.15231610892686
161.31129337916195 16.15189080696819
185.86276648256245 16.151309144755007
214.150957697386 16.15050378578482
246.74459307055585 16.14936725170449
284.29895838050385 16.147711579447456
327.5690734715615 16.145144989804606
377.4248717134084 16.140769518316446
434.86868976429713 16.128261526378182
501.055419264777 16.13782098141545
577.3157256059903 16.143085040664637
665.1828005792828 16.12867748854003
766.423186761547 16.126466219571505
883.0722933518075 16.14143846367083
1017.4753174948513 16.153101542017755
1172.334393803489 16.16707688932444
1350.762920007196 16.152420444705918
1556.3481509288602 16.133798417056596
1793.2233192237604 16.140706326130427
2066.1507328477346 16.141445781086023
2380.6175199055297 16.147258646428416
2742.9459458023043 16.127375698343528
3160.4205205932726 16.08440889364044
3641.4344519886304 16.061276622575868
4195.658388409834 16.187217433024443
4834.234844628411 16.195348076259393
5570.002218859556 16.211360778496662
6417.752905110496 16.260162691114395
7394.53069005909 16.265369007461047
8519.973413542375 16.27646839321888
9816.707781746842 16.35494943087067
11310.804270707446 16.448830552150135
13032.301265820954 16.45874556782663
15015.808975049624 16.505467634368372
17301.205257318557 16.64483615500278
19934.437355539027 16.7636972338423
22968.445652872288 16.95150078776427
26464.22802409128 17.125085807299918
30492.06618052173 17.279262446973235
35132.93866387939 17.354027834618755
40480.148896843035 17.787165336499957
46641.20102185735 18.125657043096083
53739.96124137183 18.431790409916935
61919.14811264741 18.77082090529528
71343.2018637998 19.061125736187073
82201.59041786379 19.420531862021523
94712.6185915529 19.867426048166873
109127.81705157296 20.25463662331479
125736.99926720951 20.71244434598527
144874.0881277837 21.20687143970165
166923.82936746572 21.631199364876835
192329.52676894318 22.332549711514428
221601.9546600176 22.947105857031772
255329.6268863393 23.64928651184851
294190.62871506205 24.32209778723091
338966.24954647594 25.07424856259402
390556.69051541487 25.524306517129887
449999.1627793003 26.00835193206321
518488.74035376107 26.947921521081643
597402.3867361647 27.542950242354443
688326.6383654985 28.00923012404804
793089.5014866968 28.96775400204786
913797.2036968091 29.43951754474917
1052876.5390524012 30.94504624309147
1213123.6580745443 31.7500647853595
1397760.2835605773 32.973342980061325
1610498.4824055694 34.264661272996754