1.072916867394919926e-03 8.445192521607886249e+00 2.357634833692971768e+02
1.229384341286136103e-03 8.445193802945009764e+00 2.057567263241282660e+02
1.408670051268039614e-03 8.445195485559670701e+00 1.795689584892309654e+02
1.614101665931052219e-03 8.445197694928973320e+00 1.567141164799956528e+02
1.849492140204279282e-03 8.445200596575730856e+00 1.367679984043627428e+02
2.119210486474722328e-03 8.445204407446869510e+00 1.193603902730221762e+02
2.428262866523123696e-03 8.445209413026413259e+00 1.041681946224698834e+02
2.782385509399671816e-03 8.445215988791872519e+00 9.090943358247386641e+01
3.188151179860555882e-03 8.445224628753353002e+00 7.933801514902157237e+01
3.653091173494255658e-03 8.445235983631528498e+00 6.923916553779494620e+01
4.185835102852719994e-03 8.445250911010630190e+00 6.042544280193738615e+01
4.796271069116141150e-03 8.445270542890574106e+00 5.273325774758166062e+01
5.495729192189803547e-03 8.445296375624549157e+00 4.601983754476808031e+01
6.297191905680392388e-03 8.445330391588091956e+00 4.016057568385141252e+01
7.215534919974109923e-03 8.445375224280761373e+00 3.504671906569721784e+01
8.267803325860439978e-03 8.445434385047324355e+00 3.058334927824232707e+01
9.473527963378525207e-03 8.445512578044274576e+00 2.668762055367513142e+01
1.085508792791399502e-02 8.445616144797437386e+00 2.328722164759654589e+01
1.243812594191379128e-02 8.445753703728511752e+00 2.031903300259274303e+01
1.425202430180946833e-02 8.445937091879098801e+00 1.772795413192856273e+01
1.633045023405789442e-02 8.446182790966581422e+00 1.546587922414116179e+01
1.871198078249016600e-02 8.446514160171691543e+00 1.349080156029823740e+01
2.144081882531640587e-02 8.446965072387145668e+00 1.176602942885751979e+01
2.456761351156459480e-02 8.447586117544297224e+00 1.025949772297847851e+01
2.815040034482937936e-02 8.448455783462245350e+00 8.943160016615840036e+00
3.225567836294503110e-02 8.449701984743770211e+00 7.792444852565779456e+00
3.695964440679312679e-02 8.451547033140014875e+00 6.785754999593183179e+00
4.234960738714017847e-02 8.454411896696479189e+00 5.903972436429042681e+00
4.852560879929020132e-02 8.459194663679530990e+00 5.129877884024849344e+00
5.560227956344138134e-02 8.468189023084596201e+00 4.447169345978301713e+00
6.371096765500679215e-02 8.489506782127557827e+00 3.837338569363651253e+00
7.300217601521108435e-02 8.627404848339590870e+00 3.228847721750976785e+00
8.364835599129455401e-02 8.343294281780904598e+00 2.874066078829708992e+00
9.584710815453509336e-02 8.213399689064791787e+00 2.535899472094631069e+00
1.098248499055166083e-01 7.976473534098933449e+00 2.027212198416087130e+00
1.258410179399716555e-01 8.465738773574617682e+00 1.981682499960989663e+00
1.441928835759128669e-01 8.647289910964451209e+00 1.809420668768923157e+00
1.652210703179047557e-01 8.816031557176383870e+00 1.643794182589607855e+00
1.893158760683394670e-01 8.723341698712850700e+00 1.407581513212004642e+00
2.169245173303958052e-01 8.649207966060716402e+00 1.248003571330412731e+00
2.485594298601706553e-01 8.403690433410799798e+00 1.063469085472910969e+00
2.848077798339124778e-01 8.291085103808560675e+00 9.355967127745563605e-01
3.263423620642943446e-01 8.407764992072081611e+00 8.566113218592603662e-01
3.739340875442683787e-01 8.289319707138719906e+00 7.488732688823327432e-01
4.284662920960797816e-01 8.365681179789849153e+00 6.733851669310229049e-01
4.909511317040053391e-01 8.229587940714827354e+00 5.925701111042476210e-01
5.625483688396988313e-01 8.266455711820617225e+00 5.320493339930116861e-01
6.445868984675240387e-01 8.239989278282301655e+00 4.768419778949372079e-01
7.385894132676421586e-01 8.145492865101088498e+00 4.394671536729984340e-01
8.463006658806985216e-01 8.013023452275607639e+00 3.927074692992178484e-01
9.697198527412087543e-01 8.062737023779298795e+00 3.654353031146402864e-01
1.111137720566312215e+00 8.072391994009951333e+00 3.424371139149240961e-01
1.273179084222366697e+00 7.885184113486240598e+00 3.213537523380496364e-01
1.458851545130822380e+00 7.788313447816496371e+00 2.990232389989625483e-01
1.671601314461177878e+00 7.723543197732822385e+00 2.854443359381158007e-01
1.915377177228656524e+00 7.642034058735192481e+00 2.741658217349570714e-01
2.194703784515131595e+00 7.602018134150407391e+00 2.705795175393078122e-01
2.514765634168367736e+00 7.634794800554467464e+00 2.691626302748212352e-01
2.881503298720279993e+00 7.477655036167996982e+00 2.723039717003334359e-01
3.301723686581900630e+00 7.270570041509727410e+00 2.697897391435997716e-01
3.783226383040215524e+00 7.165797581412804540e+00 2.788615505197870603e-01
4.334948416034425378e+00 7.026399136984615268e+00 2.903604759864421569e-01
4.967130133666024960e+00 6.847170436280337391e+00 3.051686590552832312e-01
5.691505272245695579e+00 6.588040246006597656e+00 3.053489924639394282e-01
6.521518742673348967e+00 6.398589399309742021e+00 3.199778494084365987e-01
7.472576177419341548e+00 6.050170677899773253e+00 3.517957603832332913e-01
8.562329869873984478e+00 5.728284761321928542e+00 3.622963392581228237e-01
9.811006413300312090e+00 5.331338148100591923e+00 3.638465010944664790e-01
1.124178212059896254e+01 4.826715431049359850e+00 3.891206778639699770e-01
1.288121319293954414e+01 4.625628692358738192e+00 4.431496786479687255e-01
1.475972862149006204e+01 4.280371666480283999e+00 4.452334617679120643e-01
1.691219497084645340e+01 3.900556072878309521e+00 4.752095514614061988e-01
1.937856352693894024e+01 3.374866898517485225e+00 4.703012909688385479e-01
2.220461182093459485e+01 3.057724931999957096e+00 5.015753822452053701e-01
2.544279329234012010e+01 2.787429234100947451e+00 4.885420056009157075e-01
2.915321086164796327e+01 2.726450269728661890e+00 5.571755760086505305e-01
3.340473248271778317e+01 2.622763358602747008e+00 6.548611681743214952e-01
3.827626938032796033e+01 2.196580943233796823e+00 6.701352798803706934e-01
4.385824069788317559e+01 1.841483539609673592e+00 6.382350504122834556e-01
5.025425174016726260e+01 2.121203516339642547e+00 1.202013555018834223e+00
