2.194032709102700807e+01 1.767519289589228748e+01
2.473535253094026132e+01 1.767518511892232524e+01
2.788644227095946349e+01 1.767517523262333157e+01
3.143895610781470396e+01 1.767516266460317809e+01
3.544403232026532180e+01 1.767514668637655006e+01
3.995932380234921766e+01 1.767512637120123387e+01
4.504982797422974272e+01 1.767510053975372841e+01
5.078882241716964074e+01 1.767506769037864700e+01
5.725891970105568873e+01 1.767502591049990457e+01
6.455325658866988192e+01 1.767497276258954741e+01
7.277683473524953683e+01 1.767490513775593541e+01
8.204803218264650866e+01 1.767481906716047391e+01
9.250030740597743772e+01 1.767470947796607561e+01
1.042841204424402122e+02 1.767456987626412257e+01
1.175690987568611945e+02 1.767439193244399220e+01
1.325464790215105779e+02 1.767416493515856146e+01
1.494318599594984960e+02 1.767387506514265638e+01
1.684683058788104972e+02 1.767350441797773186e+01
1.899298455722153278e+02 1.767302966900849270e+01
2.141254169495555288e+02 1.767242021458224599e+01
2.414033141852263782e+02 1.767163552198379151e+01
2.721562013973327794e+02 1.767062123698682896e+01
3.068267650302147445e+02 1.766930324841819910e+01
3.459140863061343225e+02 1.766757819982392164e+01
3.899808254772836449e+02 1.766529738173883501e+01
4.396613212951037895e+02 1.766223717439693175e+01
4.956707222884125486e+02 1.765803888211151218e+01
5.588152812946854056e+02 1.765206704814946193e+01
6.300039614338112415e+02 1.764299163616530208e+01
7.102615205917957155e+02 1.762690669771875562e+01
8.007432627649750430e+02 1.757402454927085955e+01
9.027516686096880676e+02 1.762714365366968394e+01
1.017755144593422870e+03 1.757961035853865539e+01
1.147409160640639357e+03 1.770320984529101338e+01
1.293580080548741989e+03 1.768766429523419248e+01
1.458372028211975930e+03 1.767468689599211729e+01
1.644157176391347775e+03 1.765273004072840379e+01
1.853609894036070500e+03 1.763424185243950149e+01
2.089745243705700432e+03 1.759739396628428310e+01
2.355962383261649848e+03 1.760098056217221085e+01
2.656093496593502095e+03 1.751481798169471560e+01
2.994458957735743297e+03 1.745581997160807219e+01
3.375929522459932741e+03 1.763127256094276873e+01
3.805996442587510046e+03 1.754133743707157933e+01
4.290850512315668311e+03 1.728381579654946520e+01
4.837471184424603962e+03 1.740858886499622926e+01
5.453727039190033793e+03 1.809643351572863423e+01
6.148489052246485699e+03 1.849251020719728089e+01
6.931758291887186715e+03 1.845633405240589653e+01
7.814809883997579163e+03 1.847496491860624346e+01
8.810355316991224754e+03 1.869222220674241797e+01
9.932725423120429696e+03 1.869689109806197891e+01
1.119807667016945561e+04 1.885168970790359921e+01
1.262462373309008763e+04 1.899364186840088919e+01
1.423290169343783600e+04 1.917952557918908241e+01
1.604606164095805070e+04 1.923371087290442816e+01
1.809020393249371045e+04 1.940756146880868016e+01
2.039475390546185736e+04 1.979685322451926766e+01
2.299288545427767167e+04 1.992351898789850395e+01
2.592199856708993320e+04 2.006557078081221945e+01
2.922425769694777046e+04 2.023309172599000050e+01
3.294719871722794778e+04 2.053063173804686059e+01
3.714441319841910445e+04 2.090190888891293142e+01
4.187631985639642517e+04 2.102949296968941084e+01
4.721103427715088765e+04 2.136833592210921751e+01
5.322534943762173498e+04 2.154654355328315773e+01
6.000584113718559820e+04 2.192314335824983829e+01
6.765011425244002021e+04 2.216063899860433040e+01
7.626820775506322389e+04 2.239334455762758935e+01
8.598417871791963989e+04 2.240965949052273842e+01
9.693788811110907409e+04 2.317727446837594130e+01
1.092870140944141458e+05 2.380433719793101588e+01
1.232093217874006368e+05 2.436642349714156097e+01
1.389052221904114704e+05 2.486244922083145781e+01
1.566006570920079248e+05 2.527771054942116535e+01
1.765503514909716323e+05 2.586210920815249281e+01
1.990414803513385705e+05 2.630962599456277928e+01
2.243978024732410558e+05 2.825140523863521480e+01
2.529843209864422097e+05 3.038909574187394469e+01
2.852125375541644753e+05 3.262939001739999867e+01
