2.202184275224461985e+01 1.376050466224013391e+01
2.500131272295368845e+01 1.375920945449737687e+01
2.838389343267901310e+01 1.375752768068867837e+01
3.222412420200704020e+01 1.375533893918052897e+01
3.658392331021258315e+01 1.375248159369686007e+01
4.153358633976954195e+01 1.374873566595588770e+01
4.715291959300432723e+01 1.374379594961253659e+01
5.353252685562976865e+01 1.373722684778636705e+01
6.077527025439769659e+01 1.372837870712826103e+01
6.899792876312986323e+01 1.371620694947582564e+01
7.833308109818662501e+01 1.369876044895837097e+01
8.893124336239480954e+01 1.367062662903682480e+01
1.009632959039137461e+02 1.362442866087286575e+01
1.146232385196997257e+02 1.364431705040184184e+01
1.301313184273204229e+02 1.357970944389217571e+01
1.477375814392320876e+02 1.344344393127034643e+01
1.677259035971728167e+02 1.300068900792711268e+01
1.904185682710627248e+02 1.400724486232659771e+01
2.161814625216457557e+02 1.404922093933820548e+01
2.454299765108557381e+02 1.396580543109093675e+01
2.786357010795406950e+02 1.372611007645536318e+01
3.163340314814930707e+02 1.427258734442091281e+01
3.591327998732243714e+02 1.436080815860918669e+01
4.077220757461473681e+02 1.428700202444640688e+01
4.628852923192467870e+02 1.412817535558622239e+01
5.255118782895563072e+02 1.365190443825540356e+01
5.966115986095126118e+02 1.465033967007563831e+01
6.773308355159057328e+02 1.581725452871538984e+01
7.689710723189417649e+02 1.577887316076795621e+01
8.730098779763251287e+02 1.585455593288918053e+01
9.911247307988811599e+02 1.559000966833554713e+01
1.125220065411211863e+03 1.600346036804062422e+01
1.277457979061298374e+03 1.716802793697114282e+01
1.450293092374778098e+03 1.734755686698610688e+01
1.646512126634161177e+03 1.757469497719672447e+01
1.869278835710529620e+03 1.760178633817668370e+01
2.122185017111440175e+03 1.771277818365149059e+01
2.409308424625907264e+03 1.789923884986360747e+01
2.735278516325776309e+03 1.798605711442551325e+01
3.105351098016861215e+03 1.795470284524859395e+01
3.525493065659719832e+03 1.801050046985251640e+01
4.002478613111489722e+03 1.832904884672909773e+01
4.543998456402324337e+03 1.823423582243424335e+01
5.158783835633091257e+03 1.818600375182650453e+01
5.856747293849208290e+03 1.871945963961538695e+01
6.649142502750456515e+03 1.900622253541691720e+01
7.548745712199900481e+03 1.951669753956191400e+01
8.570061749148078889e+03 1.953754569946911346e+01
9.729557887413189746e+03 1.960416843786313024e+01
1.104592935913611473e+04 1.975376998639426773e+01
1.254040078890622499e+04 1.967639670515303507e+01
1.423706841075608463e+04 1.981673417046381402e+01
1.616328858578910877e+04 2.034431933342297683e+01
1.835011888473648287e+04 2.085357256979474272e+01
2.083281884727440047e+04 2.084379613667841724e+01
2.365141849213606110e+04 2.070588753606454802e+01
2.685136374443834211e+04 2.108131755680015118e+01
3.048424918682419229e+04 2.143963719250742628e+01
3.460864994899462181e+04 2.183387592028687507e+01
3.929106614866988093e+04 2.200419040106353208e+01
4.460699511175235239e+04 2.256781441796648835e+01
5.064214865972169355e+04 2.278264198018013076e+01
5.749383509129637241e+04 2.319165328423094508e+01
6.527252814085764112e+04 2.355038466173646583e+01
7.410364821086745360e+04 2.367895953646748808e+01
8.412958459812840738e+04 2.388701549623078080e+01
9.551199131941891392e+04 2.410095152348080205e+01
1.084343935534384509e+05 2.417357353965250155e+01
1.231051467242460058e+05 2.465903525140782193e+01
1.397607959372184123e+05 2.487434885768836423e+01
1.586698899336731702e+05 2.511589443607223870e+01
1.801373110587697010e+05 2.581662752804405159e+01
2.045091910572850902e+05 2.618176741347130942e+01
2.321784919575049425e+05 2.720434822575647615e+01
2.635913420270749484e+05 2.739555754788306530e+01
2.992542289591199951e+05 2.735526555468265997e+01
3.397421662685674964e+05 2.988034227734605253e+01
3.857079645702406997e+05 3.064096186994755300e+01
4.378927572249430232e+05 3.203935708870742616e+01
4.971379500646623783e+05 3.403847311896557670e+01
