2.198599657888153658e+01 1.699702353343708339e+01
2.488419909819316800e+01 1.699636125269670117e+01
2.816444378752004951e+01 1.699551007595306373e+01
3.187709159255092572e+01 1.699441510306477099e+01
3.607914205819137976e+01 1.699300480434495597e+01
4.083510843126409640e+01 1.699118553488314376e+01
4.621800811958350863e+01 1.698883393752516824e+01
5.231048371372627059e+01 1.698578621717352988e+01
5.920607178232243228e+01 1.698182263820289961e+01
6.701063892042940040e+01 1.697664447027386814e+01
7.584400709835482246e+01 1.696983850135820404e+01
8.584179326458567516e+01 1.696082008090856164e+01
9.715749144588261288e+01 1.694873691149611616e+01
1.099648293106090051e+02 1.693229589925495304e+01
1.244604353751439874e+02 1.690942531696715889e+01
1.408668578024694966e+02 1.687654117696343903e+01
1.594359811399478417e+02 1.682669495626216616e+01
1.804528934527860997e+02 1.674365814532862373e+01
2.042402632245202767e+02 1.657212323172606716e+01
2.311632932222028671e+02 1.617874363755320033e+01
2.616353273820044478e+02 1.759384536427456780e+01
2.961241967966298603e+02 1.756217674818932295e+01
3.351594022332343457e+02 1.747649524964867140e+01
3.793402434536122882e+02 1.739307108815512493e+01
4.293450201444977097e+02 1.771915441475610109e+01
4.859414457180336058e+02 1.768683586758920256e+01
5.499984338634210417e+02 1.758794331133830369e+01
6.224994388063363431e+02 1.761322437430412791e+01
7.045575540864749655e+02 1.757899106970807424e+01
7.974326016617501409e+02 1.750244747990255334e+01
9.025504737047773460e+02 1.768744069401946817e+01
1.021525024042406358e+03 1.774147686600357687e+01
1.156182845333224805e+03 1.784093140012561562e+01
1.308591312382121714e+03 1.783351869539427170e+01
1.481090322135360793e+03 1.789294638404973981e+01
1.676328217653997399e+03 1.782341063031094208e+01
1.897302447599280185e+03 1.815661538081922899e+01
2.147405585467050514e+03 1.832502291196408706e+01
2.430477415095302149e+03 1.823019897404143919e+01
2.750863882103364631e+03 1.812780648165202990e+01
3.113483816332468450e+03 1.852318147064718445e+01
3.523904449664057665e+03 1.918185993432814129e+01
3.988426888625946049e+03 1.942552703811377057e+01
4.514182854030265844e+03 1.946688706473089425e+01
5.109244172867669477e+03 1.959820074592031602e+01
5.782746703465106293e+03 1.967959088205730467e+01
6.545030596505544963e+03 1.960573889218294852e+01
7.407799045309194298e+03 2.010445459434482629e+01
8.384297962637847377e+03 2.043844654012298889e+01
9.489519342564601175e+03 2.055056290641254435e+01
1.074043142958341377e+04 2.053375424485682643e+01
1.215623922869915077e+04 2.069864308466883074e+01
1.375867935605784623e+04 2.061846840904255984e+01
1.557235375690032015e+04 2.084889224804825147e+01
1.762510741434476950e+04 2.095332700529034398e+01
1.994845584788620545e+04 2.122129639486330177e+01
2.257806896491242878e+04 2.166159581144945534e+01
2.555431869371274297e+04 2.160945117885897915e+01
2.892289880568045191e+04 2.170305853286292574e+01
3.273552644271625832e+04 2.201566098194934540e+01
3.705073612024357863e+04 2.236957035001571370e+01
4.193477839600665902e+04 2.265438987833728390e+01
4.746263700173487450e+04 2.384027336121418017e+01
5.371918005349399755e+04 2.411565470029822933e+01
6.080046301502856659e+04 2.418436598314734454e+01
6.881520341823267518e+04 2.426204977782130712e+01
7.788644998184012366e+04 2.418376198113750775e+01
8.815347175398170657e+04 2.551866742286039269e+01
9.977389628224076296e+04 2.583862504957052053e+01
1.129261296381070279e+05 2.621711309925935041e+01
1.278120954499839281e+05 2.647078947514872382e+01
1.446603349965801754e+05 2.697358631390294192e+01
1.637295159558033047e+05 2.721583578600111153e+01
1.853124036782810581e+05 2.756952341100552317e+01
2.097403559556851105e+05 2.790303691602465364e+01
2.373884102911419177e+05 2.784220995219929051e+01
2.686810417755848030e+05 2.884071240205504694e+01
3.040986799695814843e+05 3.029212834042400004e+01
3.441850848430246115e+05 3.225483768577010579e+01
3.895556950140323606e+05 3.386452116641807208e+01
