1.065279771556873001e-03 1.642100665390598513e+00 4.002206934372829750e+01
1.204362211819653451e-03 1.642108952205992622e+00 3.539885514046548565e+01
1.361603191938287171e-03 1.642119548978221655e+00 3.130935986681672745e+01
1.539373482579967870e-03 1.642133101338471235e+00 2.769192471694641355e+01
1.740353381147024571e-03 1.642150436472204822e+00 2.449200817943676611e+01
1.967573123446041822e-03 1.642172614876128645e+00 2.166136365270974551e+01
2.224458571486041987e-03 1.642200997311569655e+00 1.915731194985349717e+01
2.514882866254715930e-03 1.642237331703874759e+00 1.694209771492830185e+01
2.843224824257517373e-03 1.642283866408318582e+00 1.498232003327501793e+01
3.214434958282238238e-03 1.642343498593718421e+00 1.324842862992058556e+01
3.634110117804420156e-03 1.642419969918019751e+00 1.171427802905380489e+01
4.108577874410004015e-03 1.642518126677000589e+00 1.035673290565008209e+01
4.644991924540218045e-03 1.642644269186866568e+00 9.155318607503408757e+00
5.251439947975227937e-03 1.642806626921896829e+00 8.091911468329742618e+00
5.937065548272147351e-03 1.643016014654023582e+00 7.150464069567464165e+00
6.712206113690920468e-03 1.643286755669626231e+00 6.316761031487840405e+00
7.588548677179694779e-03 1.643638010551581763e+00 5.578201196545300888e+00
8.579306125368692942e-03 1.644095742669956950e+00 4.923602150941044364e+00
9.699416413329789433e-03 1.644695722577146135e+00 4.343022786081273345e+00
1.096576778872409078e-02 1.645488305760600012e+00 3.827598746901771154e+00
1.239745342111133776e-02 1.646546403894613597e+00 3.369383491306158884e+00
1.401605927554557679e-02 1.647979593170393331e+00 2.961182650242661474e+00
1.584598957081598258e-02 1.649961015652246177e+00 2.596356909422905090e+00
1.791483472936689081e-02 1.652783927202568171e+00 2.268534630993737089e+00
2.025378736659129777e-02 1.656997721665858680e+00 1.971067774922751203e+00
2.289811259149641259e-02 1.663808894924578619e+00 1.695636265534561815e+00
2.588767970960928824e-02 1.676776550118100007e+00 1.426861979701224969e+00
2.926756334477086108e-02 1.727107857927331347e+00 1.067120236962117552e+00
3.308872304311675366e-02 1.552109229073565411e+00 1.078596142077216991e+00
3.740877160584334116e-02 1.537500744676837838e+00 1.388690384387166743e+00
4.229284373514871631e-02 1.537831080057475708e+00 1.194664862068914202e+00
4.781457809019076799e-02 1.538219330804538210e+00 1.004841843627376274e+00
5.405722755982257655e-02 1.522550895861812581e+00 7.567999486341427939e-01
6.111491449202879206e-02 1.573137421300695449e+00 8.086593603318450452e-01
6.909404980554370579e-02 1.539572759613439867e+00 8.307125907520643837e-01
7.811493738003386089e-02 1.521692511864060737e+00 6.423044510773479043e-01
8.831358791472994352e-02 1.694994186448723683e+00 7.608041720236937699e-01
9.984376960361267261e-02 1.445879004944554902e+00 6.284791085552120515e-01
1.128793265458144235e-01 1.267573215887582760e+00 5.114225324304338960e-01
1.276167998466232745e-01 1.431388420868994649e+00 6.350715376278055491e-01
1.442783909282366883e-01 1.487271634644837137e+00 5.759441755604185476e-01
1.631153117290136401e-01 1.504982086561567067e+00 4.832467418297055062e-01
1.844115723032099252e-01 1.644309334303019510e+00 5.372191655903891805e-01
2.084882629280045141e-01 1.617088116783252261e+00 5.218732008861799443e-01
2.357083952804631677e-01 1.625175878275515462e+00 5.409233778131349313e-01
2.664823756763545770e-01 1.380701779089988479e+00 5.035505278449387001e-01
3.012741928925249946e-01 1.436997173511232351e+00 4.786864529515437172e-01
3.406084138685354645e-01 1.493450681579453931e+00 5.222503613268598688e-01
3.850780927639089191e-01 1.560946700194524306e+00 5.330365005802264466e-01
4.353537126182775996e-01 1.503562221153708967e+00 5.723928143086145504e-01
4.921932944305930091e-01 1.519407132473911570e+00 4.388180081412004774e-01
5.564538260751002996e-01 1.447752743642476858e+00 4.829416056770589050e-01
6.291041833713608700e-01 1.430963783282483082e+00 4.427663133741374102e-01
7.112397381232720139e-01 1.428503327137981005e+00 4.620865500639504408e-01
8.040988733769867114e-01 1.465162914568651775e+00 4.093980422659941887e-01
9.090816549033635674e-01 1.272264407757712767e+00 3.359553590429730785e-01
1.027770940420634105e+00 1.241346226295529043e+00 3.018529034056368632e-01
1.161956244827537343e+00 1.218657598039302403e+00 3.138218390294762461e-01
1.313660721270383691e+00 1.120019707197085657e+00 3.176038669317384766e-01
1.485171664845918116e+00 1.123108395254666547e+00 3.457919047665529710e-01
1.679074998853682610e+00 1.089329345691801398e+00 3.199817808625526894e-01
1.898294263557732897e+00 1.108480046876570091e+00 2.925141173887979562e-01
2.146134695303274054e+00 1.073365365539769023e+00 2.982618073052229479e-01
2.426333060582626544e+00 1.067230261047179107e+00 2.667188951655607432e-01
2.743113996414071387e+00 1.015284947412145033e+00 2.777508484121397059e-01
3.101253706494812690e+00 9.566745702028071063e-01 2.854941240208490605e-01
3.506151973494584517e+00 9.742719614210559875e-01 2.528419305056735511e-01
3.963913573241396371e+00 7.733434393037103005e-01 2.038767398972962108e-01
4.481440318306169068e+00 9.162858599073063770e-01 2.517602421053871664e-01
5.066535118755739475e+00 8.183739983966337173e-01 2.753921222761841481e-01
5.728019629030235649e+00 7.409911336942777149e-01 2.350899442517096205e-01
6.475867254742991186e+00 6.538295315771711635e-01 2.130748190493087224e-01
7.321353524787500788e+00 6.349775481716272152e-01 1.960965792742457581e-01
8.277226095957965768e+00 6.748393571724814466e-01 2.018669090719110160e-01
9.357896953295412601e+00 5.449348723312261722e-01 1.998884677745867422e-01
1.057965970402317168e+01 4.646560304044792811e-01 1.905023562271615511e-01
1.196093524127934415e+01 3.871464155945482100e-01 1.588616989313345607e-01
1.352254948159387737e+01 2.678883538151113908e-01 1.761789503893194386e-01
1.528804736364378059e+01 2.670423171487306124e-01 4.776152959757928307e-01
1.728404784254241733e+01 2.670423171487305569e-01 2.764625084365746610e-01
