1.065243877313196271e-03 1.745975738597614679e+00 1.429448376754958439e+01
1.204245158993306856e-03 1.745097823156137595e+00 1.261270940959436260e+01
1.361384405810045712e-03 1.743961388127538870e+00 1.112046713331837822e+01
1.539028400107584011e-03 1.742484739332308852e+00 9.795068580246878653e+00
1.739852760343871697e-03 1.740556449145547635e+00 8.616226291694292883e+00
1.966882240421673547e-03 1.738021637213804205e+00 7.565680685193483690e+00
2.223536287588825065e-03 1.734659616181036812e+00 6.626807875809539006e+00
2.513680545086595126e-03 1.730145363722230378e+00 5.784154788728669061e+00
2.841685075262989461e-03 1.723978182311531437e+00 5.022785010715107745e+00
3.212490180089386249e-03 1.715336361944157062e+00 4.327141518943534493e+00
3.631680810448585824e-03 1.702737986538974457e+00 3.678536831495944792e+00
4.105570684923776775e-03 1.683058118319388674e+00 3.047737069398027021e+00
4.641297385059418336e-03 1.647098337610587215e+00 2.358710759593030559e+00
5.246929859389168338e-03 1.604810254400995229e+00 1.717759733321242654e+00
5.931589955423029886e-03 2.183726604544713457e+00 5.543213102995117048e+00
6.705589810070642157e-03 2.185435181202698640e+00 4.887495287961505674e+00
7.580587167832377078e-03 2.187767621362230575e+00 4.304844461542844947e+00
8.569760966112466988e-03 2.191026459082961342e+00 3.786149309567834464e+00
9.688009832265385979e-03 2.195736614058591218e+00 3.322990989237623261e+00
1.095217648207610223e-02 2.202909645316565967e+00 2.907186003421716514e+00
1.238130139949419201e-02 2.214839117501799404e+00 2.529640004077843951e+00
1.399690961846679696e-02 2.238526384832849825e+00 2.175496952250812299e+00
1.582333492628907462e-02 2.354620203180984639e+00 1.700962401844913874e+00
1.788808637152190448e-02 2.040513792212939048e+00 1.767368974356992917e+00
2.022226259670476672e-02 2.037833626504070406e+00 1.490674588563644543e+00
2.286102023641404385e-02 2.020994472693466104e+00 1.152414423062596338e+00
2.584410343553222855e-02 2.073845966302665822e+00 1.095921708815456475e+00
2.921644246316704857e-02 2.033185932925691386e+00 9.631423541275033751e-01
3.302883043835689453e-02 2.292897190843982358e+00 1.247868719783121305e+00
3.733868836019392512e-02 1.785965881008261924e+00 9.437960838421682874e-01
4.221092996501023265e-02 2.022298617931972853e+00 1.133386619024304931e+00
4.771893943683630512e-02 1.881019183111612758e+00 1.007459250857751121e+00
5.394567669710186031e-02 1.872132241651739859e+00 1.057151185598707022e+00
6.098492692110796948e-02 2.060811554310183702e+00 1.074708362397713612e+00
6.894271310109795214e-02 2.314064108802035946e+00 1.210202654698715907e+00
7.793889293151178010e-02 1.885764955112552821e+00 9.246991902576765510e-01
8.810896406821153160e-02 1.820184337641420846e+00 7.605985669128396687e-01
9.960610495192992464e-02 1.962518442951167952e+00 9.019852961786775092e-01
1.126034819341880100e-01 2.075013292895770078e+00 9.475966643608403350e-01
1.272968574548936638e-01 2.082499392741276267e+00 8.125464971779353673e-01
1.439075385551786823e-01 1.876468187058823123e+00 7.763074780320042834e-01
1.626857101350549506e-01 1.897381501322028985e+00 6.078255771246715566e-01
1.839142031603783201e-01 1.796990580568580853e+00 5.671245001128778496e-01
2.079127545746781713e-01 1.747280623365130792e+00 5.903047381771293622e-01
2.350428230773161098e-01 1.817233064638013929e+00 5.983889678684639613e-01
2.657130333017234114e-01 1.831989069862382857e+00 6.126825727031811608e-01
3.003853303922329743e-01 2.011738062097194746e+00 5.931732813856829267e-01
3.395819376778225207e-01 1.852191736389761312e+00 6.050336653841323908e-01
3.838932222370808889e-01 1.854722511483350322e+00 5.736203856577627436e-01
4.339865868230879942e-01 1.948415251212830324e+00 6.091193985482643569e-01
4.906165220756046885e-01 2.047119278540536325e+00 5.747729293412628948e-01
5.546359704238601473e-01 1.709695610377243602e+00 4.992036664371546917e-01
6.270091728394996400e-01 1.714791570746979632e+00 4.286217374869288887e-01
7.088261919334772898e-01 1.492056345259253236e+00 3.665976260612934801e-01
8.013193301392529388e-01 1.492689988686053626e+00 3.686169680614376776e-01
9.058816902678483718e-01 1.518371097071483655e+00 3.501556706492658932e-01
1.024088157988060743e+00 1.568427739449652414e+00 3.566606773387819285e-01
1.157719122263400902e+00 1.435852757407042768e+00 3.448526710646060978e-01
1.308787291015589105e+00 1.466351840300540665e+00 3.457808295891781625e-01
1.479568005903771688e+00 1.411541611511565097e+00 3.488218635511609600e-01
1.672633512811203982e+00 1.386696029491631510e+00 3.402639912506362219e-01
1.890891704210793112e+00 1.287011463146249923e+00 3.138262155794283581e-01
2.137629916934931096e+00 1.227878275870313063e+00 2.847622199830744938e-01
2.416564445017970630e+00 1.210264051051122225e+00 2.946234525927458603e-01
2.731896513358339718e+00 1.082954800207965196e+00 2.628470753657873860e-01
3.088375555258138228e+00 1.072150999122055026e+00 2.389136990415949291e-01
3.491370746906809153e+00 1.126094183042220642e+00 3.186089395846077310e-01
3.946951876238949275e+00 1.039763171630702088e+00 3.028745740572872935e-01
4.461980764187796211e+00 1.067310004861536710e+00 3.132318559948708558e-01
5.044214615292814230e+00 9.693159045364326820e-01 2.900507491367814161e-01
5.702422854296003152e+00 9.135086596175439055e-01 2.533564442370741521e-01
6.446519208483312724e+00 7.572127854033184891e-01 2.639376613240662639e-01
7.287711025154203881e+00 6.505930895056013519e-01 2.752105036593529563e-01
8.238668073192577879e+00 7.079258194248839731e-01 2.952500291717166103e-01
9.313713371175623479e+00 7.203667315183568398e-01 2.240336969679821710e-01
1.052903891621413734e+01 6.172625279227268447e-01 2.357008626156948949e-01
1.190294956276482097e+01 5.625009673132773669e-01 2.838317449039674534e-01
1.345613872464118721e+01 5.365864910119058084e-01 2.339478904183792396e-01
1.521200005276086387e+01 4.455276182054263012e-01 4.301666492345615489e-01
1.719697978302220065e+01 1.353314627838658191e-01 1.401214161751049847e-01
