22.216724455064124 15.781810968145667
25.642373842004606 15.781787519764283
29.596232225099378 15.781756267104274
34.159745401072996 15.781714605675024
39.426917487035254 15.781659056404518
45.50624731765883 15.781584967661928
52.5229634200259 15.78148611237804
60.62160360454228 15.781354140819058
69.96899230908703 15.781177832212812
80.75767702691151 15.780942062607512
93.20989460549875 15.780626364925261
107.58214911844209 15.780202889392367
124.17049561023676 15.77963345597966
143.31663855420015 15.778865179654261
165.41497064606983 15.777823744142093
190.92069692586458 15.776402564182877
220.35921157734634 15.774444196793159
254.33692055840902 15.771705654474157
293.5537329984917 15.767785708338511
338.8174786741579 15.761944849273242
391.0605485493972 15.75252626873694
451.3591011602657 15.73387784850399
520.9552304774852 15.686090750405462
601.2825518843028 15.772627626423908
693.9957333169045 15.746132956815753
801.0045798813433 15.730799207501772
924.5133740583169 15.717426069900167
1067.0662818673368 15.77527435374138
1231.599760314944 15.752623438426149
1421.5030456715417 15.724280651787584
1640.6879685789677 15.668479514165828
1893.6695341149286 15.531143359125728
2185.658926688505 15.644610106651715
2522.670855580877 15.933285210662024
2911.6474523493293 15.96185410977375
3360.601272265557 16.036567628341267
3878.7803454845975 16.081697171782853
4476.858677844589 16.057789367358374
5167.156125436228 16.145220031629744
5963.892172153125 16.25771941941258
6883.478837803954 16.5259654291678
7944.858750420461 16.86421478228088
9169.89534673576 16.983955298392313
10583.823238598932 17.154693702823003
12215.76802245426 17.211121347733535
14099.346239475763 17.552184823234313
16273.357844976515 17.707273233018178
18782.585451317027 18.08592082843346
21678.71680797141 18.28989139466277
25021.40952098095 18.5963979881202
28879.519944022974 19.09454966225465
33332.52155510556 19.329135202181103
38472.14203612566 19.58556363536819
44404.2527776036 19.86846842855872
51251.04973062948 20.2103453936387
59153.57052953906 20.579039681935196
68274.59973569939 20.8429403302185
78802.0220477178 21.01723931861455
90952.69255107826 21.518693225921858
104976.90373074061 21.8289782979859
121163.5412629963 22.25443874173918
139846.0347910876 22.71969213569119
161409.22626502014 23.30618953526487
186297.2973269659 23.913526202932406
215022.91903900547 24.245593250844966
248177.8124290715 24.724734903566905
286444.9373924949 25.166971393168417
330612.56102916197 25.474415049277344
381590.49521091394 26.160553729205866
440428.8378579384 26.613417949916048
508339.60397697537 27.23777955308701
586721.6920405627 27.812366254181043
677189.6999914515 28.292484505156175
781607.1844550244 28.826604456068885
902125.048268487 29.705273130541677
1041225.8470741449 30.127089037085447
1201774.9276512822 30.66387340828033
1387079.4513886075 32.34885936802612
1600956.5187257784 33.47278915872443
1847811.7978639796 35.761715313100524