1.075415421628908574e-03 3.788728460847242463e+00 9.878045400613366667e+01
1.237621236525657080e-03 3.788685013817052027e+00 8.583083580037822458e+01
1.424292691264603464e-03 3.788627441554406339e+00 7.457794370668494821e+01
1.639119958933988284e-03 3.788551138684967512e+00 6.479932656462619889e+01
1.886349804540719257e-03 3.788449988261422874e+00 5.630167663076500872e+01
2.170869536238814387e-03 3.788315858248147983e+00 4.891700797453584215e+01
2.498303618992419282e-03 3.788137924298093040e+00 4.249933531225899941e+01
2.875124860559100711e-03 3.787901754990081304e+00 3.692178755372128762e+01
3.308782367748741744e-03 3.787588068127092811e+00 3.207409888845722179e+01
3.807848802432879220e-03 3.787171026451523481e+00 2.786042763820856294e+01
4.382189848302096846e-03 3.786615877385328233e+00 2.419745947147838905e+01
5.043159238437344705e-03 3.785875640404590126e+00 2.101275701993789724e+01
5.803823199054300441e-03 3.784886377564149473e+00 1.824332250119551446e+01
6.679218746286937416e-03 3.783560293682897591e+00 1.583434362237873927e+01
7.686650942092811481e-03 3.781775393782332628e+00 1.373809567519148089e+01
8.846034985517163551e-03 3.779359448005668032e+00 1.191297393088407297e+01
1.018028990187086480e-02 3.776064068990433675e+00 1.032262920465904088e+01
1.171579161237907771e-02 3.771520572844168750e+00 8.935173277100831868e+00
1.348289434070707241e-02 3.765159778792044776e+00 7.722403040812860553e+00
1.551653066367196347e-02 3.756053675171672435e+00 6.658942994360665502e+00
1.785690206810937319e-02 3.742566487123555774e+00 5.721057699640937244e+00
2.055027366501455469e-02 3.721456949214836829e+00 4.884360023849393606e+00
2.364988877108759741e-02 3.684937002745936052e+00 4.117175277882481943e+00
2.721702143738430682e-02 3.605180546812697617e+00 3.346421527569725551e+00
3.132218773175105692e-02 3.452974690760211018e+00 2.539414961983919472e+00
3.604653972001071321e-02 4.044254543055708417e+00 3.441375441360934317e+00
4.148346970250629817e-02 4.032015847051671820e+00 2.938508428126603622e+00
4.774045641899540837e-02 4.007312171761587827e+00 2.471101047032810527e+00
5.494118971818551939e-02 3.922748543771864771e+00 1.945778491327805559e+00
6.322801569296712665e-02 4.128782749287775999e+00 1.893049694862784182e+00
7.276475061745583950e-02 4.046798693958086446e+00 1.676041081489894946e+00
8.373991931253142729e-02 4.034253080978121631e+00 1.454461086158524763e+00
9.637048195678207807e-02 4.070165681503311816e+00 1.330230864916708278e+00
1.109061230154856914e-01 4.124986015758665303e+00 1.286625382561052966e+00
1.276341870723665395e-01 4.249718602456695749e+00 1.168658130967046738e+00
1.468853591370174461e-01 4.398336226420206607e+00 1.114274872592698751e+00
1.690402017178810334e-01 4.575245539236395764e+00 1.035130625550036987e+00
1.945366778874605129e-01 4.207735145120044429e+00 7.962036754654829851e-01
2.238788090578003875e-01 4.229764008460995761e+00 6.929507051510940263e-01
2.576466386155440991e-01 4.436627588626340213e+00 6.642065051902841244e-01
2.965076983804685318e-01 4.516703423689971686e+00 6.514485671116576615e-01
3.412302045596288802e-01 4.489747596136012042e+00 6.166911611758929546e-01
3.926982440583951517e-01 4.494306297945505513e+00 5.691311922326166561e-01
4.519292513555866475e-01 4.481407530436820608e+00 5.218156921624096389e-01
5.200941214304234395e-01 4.573079641783285965e+00 5.428415903070474835e-01
5.985403563392074355e-01 4.365159201801480648e+00 5.230816526921683307e-01
6.888187030096840635e-01 4.251839261125759606e+00 4.990862128337237857e-01
7.927138088363900881e-01 4.325486756398521315e+00 4.583364512224132326e-01
9.122795010852984277e-01 4.192484254158052259e+00 4.448649257786118083e-01
1.049879387520814555e+00 4.087041947807710685e+00 4.047905455787750295e-01
1.208233580859578771e+00 4.127355108269910033e+00 4.384211274726633745e-01
1.390472470713040254e+00 4.103910287566220561e+00 4.192620348405882158e-01
1.600198605997467549e+00 4.065430517837821611e+00 4.217542747201429854e-01
1.841557911120048185e+00 4.072154546580583734e+00 4.173649170398725516e-01
2.119321643762388963e+00 3.905713078337288646e+00 4.040477939039422983e-01
2.438980714425611929e+00 3.838154360938326626e+00 4.182079317812940622e-01
2.806854232271978056e+00 3.670105791504743475e+00 3.986000311077755875e-01
3.230214423027331527e+00 3.749681791668478148e+00 4.276582352204943982e-01
3.717430388356105730e+00 3.562783740716010339e+00 4.028423852344216183e-01
4.278133548584091450e+00 3.415519728821061030e+00 4.061002298840400981e-01
4.923408039286583993e+00 3.285023795671499158e+00 4.202970406197000242e-01
5.666009825554492174e+00 3.100354264274551408e+00 4.200402323654459646e-01
6.520618865449949730e+00 2.987581025969721527e+00 4.040832451466596087e-01
7.504129307488591749e+00 2.901892845800430276e+00 4.206397456240387744e-01
8.635983458852795280e+00 2.711583291221465686e+00 4.091576158147113840e-01
9.938556126312121819e+00 2.832399960428499952e+00 4.437134327475481532e-01
1.143759692760891866e+01 2.485676627662641636e+00 4.395842657508134965e-01
1.316273931704317413e+01 2.233683571502746545e+00 4.577784982696608829e-01
1.514808638781560290e+01 2.257984085340201119e+00 4.522974170053216669e-01
1.743288503143208956e+01 2.042020904318253116e+00 4.446748254700508274e-01
2.006230178113956697e+01 1.866989509340494902e+00 4.232539574585452713e-01
2.308831567648162775e+01 1.724520813050539392e+00 4.310736874055960399e-01
2.657074579936803360e+01 1.549017951934118953e+00 3.875308374423718227e-01
3.057843379427580999e+01 1.445536772282380422e+00 4.401988986790671410e-01
3.519060474896972579e+01 1.483317483580351315e+00 7.046338665445276428e-01
4.049843333800937728e+01 1.209700459527800920e+00 5.988120288904257293e-01
4.660684618900181420e+01 9.337233917487424151e-01 6.568091805454064902e-01
5.363659610127628241e+01 6.706627784004282056e-01 3.940649289641370290e-01
6.172664912071066112e+01 6.662154697193412023e-01 4.806344852393085731e-01
7.103693165906686602e+01 5.217913214114121567e-01 5.244613595097683545e-01
