2.216182705412786191e+01 1.945992189907486036e+01
2.546104433724478611e+01 1.945991734753640046e+01
2.925141402646216804e+01 1.945991133954587227e+01
3.360605367219195472e+01 1.945990340748183911e+01
3.860896578868188556e+01 1.945989293443777512e+01
4.435665829174936192e+01 1.945987910684504030e+01
5.096000617006396283e+01 1.945986084621989320e+01
5.854639030226498875e+01 1.945983672898539396e+01
6.726215467844100715e+01 1.945980486940131371e+01
7.727542942662843473e+01 1.945976277057997450e+01
8.877937410149343123e+01 1.945970712167673611e+01
1.019959037993638873e+02 1.945963352569805949e+01
1.171799699776672412e+02 1.945953613233226420e+01
1.346244785572715159e+02 1.945940713607794592e+01
1.546659401796346174e+02 1.945923608632073609e+01
1.776909616141888364e+02 1.945900892357387235e+01
2.041437035374682694e+02 1.945870661025523063e+01
2.345344485471338771e+02 1.945830313920611943e+01
2.694494446908689724e+02 1.945776254611048728e+01
3.095622143952417105e+02 1.945703424239524537e+01
3.556465469477103056e+02 1.945604532307759627e+01
4.085914251612683756e+02 1.945468695546737337e+01
4.694181741622874142e+02 1.945278788504829492e+01
5.393001631076409694e+02 1.945005565126270497e+01
6.195854398840920112e+02 1.944591908118326984e+01
7.118227354211694546e+02 1.943895795211222932e+01
8.177913392497810037e+02 1.942299884299351831e+01
9.395354226164843112e+02 1.941092230568762034e+01
1.079403471258236550e+03 1.946148124055033080e+01
1.240093588509569145e+03 1.945358789403927346e+01
1.424705542654892497e+03 1.944144438310518552e+01
1.636800562537469432e+03 1.942081795527787236e+01
1.880470034903163878e+03 1.935615351408068463e+01
2.160414428674633200e+03 1.939835992590014868e+01
2.482033968632683354e+03 1.931917438466899029e+01
2.851532807631653668e+03 1.933092017801979523e+01
3.276038706867112523e+03 1.956226024559186172e+01
3.763740532869890558e+03 1.958213197482278645e+01
4.324046223591322814e+03 1.957299268508453949e+01
4.967764270800418672e+03 1.954418837783396867e+01
5.707312219651622399e+03 1.963995260414269239e+01
6.556956207452336457e+03 1.963068148580645911e+01
7.533086162416412662e+03 1.954549113043539776e+01
8.654531971083346434e+03 1.970129710668962275e+01
9.942926713382703383e+03 1.977388827499882851e+01
1.142312397227463225e+04 1.975287270230187531e+01
1.312367726801456956e+04 1.972280183661693087e+01
1.507739086549603053e+04 1.981286815239248611e+01
1.732195257993682389e+04 1.984356487301653615e+01
1.990066078795050635e+04 1.987084776820783460e+01
2.286325966829977187e+04 1.984631813106387810e+01
2.626689878441653127e+04 1.997450117385050916e+01
3.017723551936945296e+04 2.001608407082433416e+01
3.466970162963309122e+04 1.998480264924301508e+01
3.983095834992171876e+04 2.016819442154292830e+01
4.576056811856645800e+04 2.025213527920169199e+01
5.257291517159984505e+04 2.036397768544590292e+01
6.039941205447640095e+04 2.049863553770545366e+01
6.939103461580816656e+04 2.070093820776742888e+01
7.972123438402611646e+04 2.099621186855167210e+01
9.158928450772759970e+04 2.122443685548440229e+01
1.052241238040627504e+05 2.141322876720813895e+01
1.208887730681917456e+05 2.172266249708152941e+01
1.388854088359584275e+05 2.206427163322536700e+01
1.595611924744289718e+05 2.257468056249129518e+01
1.833149670454803563e+05 2.293716340910954443e+01
2.106049511272669188e+05 2.349858377508038032e+01
2.419575780100604461e+05 2.395141081388825199e+01
2.779776507776264334e+05 2.449833294282342067e+01
3.193600091691905400e+05 2.496380896488086165e+01
3.669029332798236283e+05 2.574229470552011634e+01
4.215235426612879965e+05 2.639501227698290364e+01
4.842754878773642704e+05 2.698178274249197628e+01
5.563692757899125572e+05 2.749116027947544438e+01
6.391956206575132674e+05 2.838245584596998938e+01
7.343522714975039707e+05 2.911226453192406183e+01
8.436748332205659244e+05 3.045600521886010625e+01
9.692721760882713133e+05 3.113639206526708847e+01
1.113567116554343840e+06 3.371226617835286277e+01
1.279343154237232637e+06 3.543665767507162201e+01
