2.216021504187245483e+01 1.958932158581692562e+01
2.545572859393877607e+01 1.958931609634949211e+01
2.924132807483437801e+01 1.958930885146191159e+01
3.358989566630173584e+01 1.958929928936375120e+01
3.858515208288557830e+01 1.958928666879694802e+01
4.432326840339150920e+01 1.958927000914502514e+01
5.091471760274490066e+01 1.958924801591984988e+01
5.848640143083184739e+01 1.958921897675075030e+01
6.718409358601641657e+01 1.958918062704361063e+01
7.717524622048566130e+01 1.958912996795107020e+01
8.865221380961313002e+01 1.958906302549428347e+01
1.018359564528242061e+02 1.958897452465350852e+01
1.169802939036922425e+02 1.958885745128619504e+01
1.343767922298991095e+02 1.958870245512190778e+01
1.543603771833876692e+02 1.958849703078926296e+01
1.773157823520073180e+02 1.958822438009575251e+01
2.036849562355702403e+02 1.958786180730219328e+01
2.339755708509073884e+02 1.958737841086443154e+01
2.687707956776816900e+02 1.958673167989057973e+01
3.087405251176631396e+02 1.958586231532416733e+01
3.546542756239109053e+02 1.958468603231061778e+01
4.073960008015969265e+02 1.958307991895656031e+01
4.679811097079154933e+02 1.958085824402978758e+01
5.375760159955738118e+02 1.957772584498664870e+01
6.175205942693747829e+02 1.957317767876278936e+01
7.093539759964689893e+02 1.956624437322738785e+01
8.148441816055462823e+02 1.955462494539492369e+01
9.360221592663878027e+02 1.953075346512021682e+01
1.075220885680737410e+03 1.946643612068194784e+01
1.235120281671716384e+03 1.959256191162560867e+01
1.418798807308314963e+03 1.955187390401235703e+01
1.629792729899104870e+03 1.953584864436449919e+01
1.872164205911091585e+03 1.966975478974421776e+01
2.150579487559556583e+03 1.967647710683857909e+01
2.470398759739755860e+03 1.966598600930962704e+01
2.837779336884294935e+03 1.967102229107992173e+01
3.259794206541703716e+03 1.968440951294447672e+01
3.744568201934202079e+03 1.966825322718512226e+01
4.301434425154212477e+03 1.967197719439706205e+01
4.941113932534233754e+03 1.966391248864338337e+01
5.675922141579229901e+03 1.963115150323397984e+01
6.520005933307052146e+03 1.962023888710798047e+01
7.489616014805190389e+03 1.969744734151827714e+01
8.603419785658756155e+03 1.965751555072648316e+01
9.882860731704653517e+03 1.960004222591026490e+01
1.135257126533333212e+04 1.966604283008759424e+01
1.304084696053811422e+04 1.969872649928740671e+01
1.498019131291335725e+04 1.958495343504878861e+01
1.720794151258293277e+04 1.963048520940775887e+01
1.976698727774036161e+04 1.992457913919343326e+01
2.270659658812959970e+04 2.001257084381793305e+01
2.608336421588458325e+04 1.997717940065959041e+01
2.996230131529939899e+04 2.009168687776059059e+01
3.441808704883533210e+04 2.019405761204852823e+01
3.953650634627060208e+04 2.041315600651883244e+01
4.541610147742331901e+04 2.052444085209650382e+01
5.217006923532019573e+04 2.068147313061947656e+01
5.992844025529328792e+04 2.085318975391217222e+01
6.884058242730479105e+04 2.103986315978627530e+01
7.907807659839710686e+04 2.125281226932460044e+01
9.083801992967519618e+04 2.157512423645232857e+01
1.043468205056384031e+05 2.186643940137837205e+01
1.198645562515053607e+05 2.210758482260299473e+01
1.376899820785046613e+05 2.235024663932603062e+01
1.581662816571002477e+05 2.268112235805620713e+01
1.816876745540560805e+05 2.321853790452677657e+01
2.087070059371198586e+05 2.370128016427301532e+01
2.397444649679707945e+05 2.406713670509436298e+01
2.753975997341250186e+05 2.461207442331607353e+01
3.163528215320835588e+05 2.505082680198283640e+01
3.633986199877157924e+05 2.579601611490576829e+01
4.174407434377291938e+05 2.642622763259565488e+01
4.795196368322327617e+05 2.697550265670550118e+01
5.508304728812775575e+05 2.784832633286527681e+01
6.327461620946421754e+05 2.865364619677022517e+01
7.268437847152145114e+05 2.944597462284743727e+01
8.349349534262625966e+05 3.095587597959242032e+01
9.591006913900410291e+05 3.213348952125402036e+01
1.101731497106490657e+06 3.352143210287280795e+01
1.265573367439982016e+06 3.637492512279635548e+01
