1.073228564615622124e-03 6.031747016854670740e+00 4.696603181795702540e+02
1.230410539198194915e-03 6.031760201735447247e+00 4.096622982700288844e+02
1.410612934545028927e-03 6.031777532781998907e+00 3.573288734056332601e+02
1.617207255394954163e-03 6.031800313567147853e+00 3.116809089640628940e+02
1.854058787392038731e-03 6.031830259146105710e+00 2.718643523806982785e+02
2.125598914819437028e-03 6.031869623142873671e+00 2.371342539094630126e+02
2.436908029780938782e-03 6.031921370935585891e+00 2.068408293032429697e+02
2.793810584023222014e-03 6.031989401526873351e+00 1.804173023065185362e+02
3.202984061775129149e-03 6.032078845104993370e+00 1.573693007513026032e+02
3.672083912436144466e-03 6.032196452300371270e+00 1.372656069565383063e+02
4.209886780547775209e-03 6.032351110268506567e+00 1.197300898865887433e+02
4.826454712815364881e-03 6.032554524028507892e+00 1.044346678568669091e+02
5.533323414418912095e-03 6.032822120880815930e+00 9.109317029489018580e+01
6.343718076802729033e-03 6.033174250680747974e+00 7.945598353935936586e+01
7.272800814983601710e-03 6.033637787901348304e+00 6.930538066182231205e+01
8.337954343816752698e-03 6.034248275795852656e+00 6.045144779071262775e+01
9.559107200673336302e-03 6.035052815197017750e+00 5.272853078715046138e+01
1.095910659929766502e-02 6.036113983674424865e+00 4.599213573023900636e+01
1.256414589076997740e-02 6.037515203311843770e+00 4.011622518617482314e+01
1.440425462917467939e-02 6.039368181136048008e+00 3.499085960557652442e+01
1.651386041087946066e-02 6.041823380543684507e+00 3.052013960343395738e+01
1.893243299918235742e-02 6.045085042103124806e+00 2.662041041043311296e+01
2.170522278560546581e-02 6.049433248719561007e+00 2.321869452425424285e+01
2.488410740410982452e-02 6.055257305797116629e+00 2.025132251959950835e+01
2.852856233799769964e-02 6.063108097509706695e+00 1.766273497520553803e+01
3.270677367911542510e-02 6.073783933878909913e+00 1.540443009954152487e+01
3.749691385857466253e-02 6.088479237685524126e+00 1.343403056973545695e+01
4.298860421733276260e-02 6.109060358911793998e+00 1.171443533029735740e+01
4.928459178066146862e-02 6.138624472823742906e+00 1.021299404061275951e+01
5.650267160819090473e-02 6.182775355292164043e+00 8.900539422422998115e+00
6.477789068582223697e-02 6.253085191097312645e+00 7.749663060330569841e+00
7.426507459332309935e-02 6.379610276232127397e+00 6.728801300391143769e+00
8.514172422040539034e-02 6.701159987249932115e+00 5.746757321994285128e+00
9.761133672752425605e-02 6.506222151941558174e+00 5.079668137796219618e+00
1.119072128850617243e-01 5.161199720712104977e+00 4.314277618918425539e+00
1.282968220244775082e-01 5.166805827397504380e+00 3.758673727524744379e+00
1.470868062676743415e-01 5.174587816783893679e+00 3.273251945331432822e+00
1.686287176614299776e-01 5.185629796339904729e+00 2.848840993261984256e+00
1.933255955560689299e-01 5.201837355319806733e+00 2.477342900173084672e+00
2.216395072881313655e-01 5.227017003742013834e+00 2.151512378550632043e+00
2.541001932497785054e-01 5.270742384296931426e+00 1.864655134972152739e+00
2.913149780902454244e-01 5.378442220567502652e+00 1.610197931582155295e+00
3.339801334834053836e-01 5.430497959190333290e+00 1.364963089832393894e+00
3.828939050536525057e-01 5.204161100035863186e+00 1.142715376131097527e+00
4.389714471879510027e-01 4.983748433245808407e+00 1.029984048105492933e+00
5.032619451575827130e-01 4.889741617614803637e+00 9.344101919338353435e-01
5.769682448966939603e-01 4.728482760827517950e+00 8.122903980948013025e-01
6.614693577018531112e-01 4.762767618044401630e+00 7.107011887740679601e-01
7.583462609053014392e-01 4.646950480930549077e+00 6.171806287189478546e-01
8.694114772407399716e-01 4.678292923845941864e+00 5.398044504214138950e-01
9.967429863181134220e-01 4.616489437642417926e+00 4.755902143492339862e-01
1.142723102675641034e+00 4.632926040384645283e+00 4.276807595722388333e-01
1.310083047799735834e+00 4.525725016848981319e+00 3.843349088716748185e-01
1.501954050035003041e+00 4.484734427425820513e+00 3.368978526263574080e-01
1.721925928440369180e+00 4.479282295513752565e+00 3.101485965954129953e-01
1.974114256668590528e+00 4.553464919599726990e+00 2.895616909255563365e-01
2.263237363474743802e+00 4.447033896502233574e+00 2.636928894949090996e-01
2.594704610498144604e+00 4.470625867926925068e+00 2.458989834363456695e-01
2.974717598954774722e+00 4.411692727827193572e+00 2.273445622062173765e-01
3.410386198771348631e+00 4.305001938304065412e+00 2.162337506025613643e-01
3.909861571013255599e+00 4.281006649714938384e+00 2.084809529864973809e-01
4.482488672395417595e+00 4.163119391876011655e+00 2.003597436518019803e-01
5.138981095166018420e+00 4.136337201979881861e+00 1.931222585751500576e-01
5.891621513537668164e+00 4.126626594226157962e+00 1.967965801261947201e-01
6.754491486927433286e+00 4.017408740346249729e+00 2.056108786606126171e-01
7.743734919519702942e+00 3.969855126053278838e+00 2.157498527290006574e-01
8.877860105360293019e+00 3.877850686367980693e+00 2.208023037435033475e-01
1.017808601010795400e+01 3.744790585331617017e+00 2.311599343483921043e-01
1.166873926821704543e+01 3.644254999226055336e+00 2.440119565263646484e-01
1.337770932318798955e+01 3.409365756940517578e+00 2.570016772760945201e-01
1.533697022635215390e+01 3.163574406472928313e+00 2.695586240235134934e-01
1.758317885680875392e+01 3.071890626399583990e+00 2.910026894861532654e-01
2.015836075493647428e+01 2.671259013224181356e+00 2.932617719725648664e-01
2.311069640111224643e+01 2.444534465846351701e+00 3.493133451316288163e-01
2.649542265055399071e+01 2.257367147866290669e+00 3.965893050416195997e-01
3.037586618972257924e+01 1.980663307724825239e+00 4.155672870425836107e-01
3.482462834978172594e+01 1.690791813794106480e+00 4.105876817379041643e-01
3.992494344443575471e+01 1.315162019390460513e+00 4.472916777381035214e-01
4.577223604602760076e+01 1.307495291681535665e+00 5.715497034878028737e-01
5.247590633582365172e+01 1.124942166412356226e+00 6.991954943764783215e-01
