2.219071106097992185e+01 1.202437150112018749e+01
2.555637714030451235e+01 1.202380334205613188e+01
2.943251393534379190e+01 1.202304358378664872e+01
3.389654456100596747e+01 1.202202474595645043e+01
3.903763489929161778e+01 1.202065319409929067e+01
4.495847462527207483e+01 1.201879690671343326e+01
5.177732836135292871e+01 1.201626553458876145e+01
5.963039793019085977e+01 1.201277576425387572e+01
6.867454289060962935e+01 1.200788571645156289e+01
7.909041369731285442e+01 1.200085396781929781e+01
9.108606006706193625e+01 1.199026334129984939e+01
1.049010866259042132e+02 1.197218202934354991e+01
1.208114388435904658e+02 1.194748299199547326e+01
1.391349148508668350e+02 1.189284227802458815e+01
1.602375132343275368e+02 1.186086284477501351e+01
1.845407436015786971e+02 1.204256407296844600e+01
2.125300459401286446e+02 1.208063198651182013e+01
2.447644869407947681e+02 1.206143701019415992e+01
2.818879269628893667e+02 1.203181581979387360e+01
3.246418806934838130e+02 1.201382340398467186e+01
3.738803283834043327e+02 1.191037151064545796e+01
4.305867735040139337e+02 1.195674207195675010e+01
4.958938875395155037e+02 1.195760047030077189e+01
5.711061343057282329e+02 1.196874405522014406e+01
6.577258257002454229e+02 1.202102869918302019e+01
7.574831293293126464e+02 1.207904070882212721e+01
8.723706273927357415e+02 1.239003118986686047e+01
1.004683117116316112e+03 1.258819957081042595e+01
1.157063447717545614e+03 1.277518687731298463e+01
1.332555309465815981e+03 1.310002017562010224e+01
1.534664029261608903e+03 1.318255899208868875e+01
1.767426587083733466e+03 1.332469660879884543e+01
2.035492251834065883e+03 1.348128264337749904e+01
2.344215447224246418e+03 1.383527681332982695e+01
2.699762702635311598e+03 1.397395246993575668e+01
3.109235825218708214e+03 1.414282630266395380e+01
3.580813753515040389e+03 1.438101929276394841e+01
4.123915926017138190e+03 1.471532237411735622e+01
4.749390427849953994e+03 1.512492705255841230e+01
5.469730673665295399e+03 1.539344659196433440e+01
6.299324954840330975e+03 1.569822130843595076e+01
7.254743835510159442e+03 1.581746212841581922e+01
8.355071137968736366e+03 1.613629858706259768e+01
9.622285128639457980e+03 1.636988676074155080e+01
1.108169751853793423e+04 1.665148937957052055e+01
1.276245904695340505e+04 1.696889476362204974e+01
1.469814174702833770e+04 1.720085768378947932e+01
1.692740952358300638e+04 1.761009377941743637e+01
1.949479043750689016e+04 1.786495502646812383e+01
2.245156612255611253e+04 1.819026370790062686e+01
2.585679610003406560e+04 1.843722565958874782e+01
2.977849745132253884e+04 1.875633361440309699e+01
3.429500341139538068e+04 1.894500653410261037e+01
3.949652802026735299e+04 1.923306330869052516e+01
4.548696808519409387e+04 1.949539025074689036e+01
5.238597844655461813e+04 2.006583588195755752e+01
6.033136199939747894e+04 2.048638385419937791e+01
6.948182220965530723e+04 2.088395429767078681e+01
8.002013310460922366e+04 2.130632817534003465e+01
9.215679005594033515e+04 2.178538358670813935e+01
1.061342142772000225e+05 2.215733404418826780e+01
1.222315950175883481e+05 2.260333528331596042e+01
1.407704661714661634e+05 2.320897273781625714e+01
1.621211286924665910e+05 2.369767053864532613e+01
1.867100470954244374e+05 2.408538049332182496e+01
2.150283677860645985e+05 2.459339309642844285e+01
2.476417293661117437e+05 2.499084936038491023e+01
2.852015608677887940e+05 2.553110234315705185e+01
3.284580935920160264e+05 2.592759744676796885e+01
3.782753464526573080e+05 2.631240183248989695e+01
4.356483841485589510e+05 2.687268515024285520e+01
5.017231928832653211e+05 2.758495667210885216e+01
5.778195706359785981e+05 2.805531461982793928e+01
6.654574892008795869e+05 2.855860931094132127e+01
7.663874545580599224e+05 2.933384095094820765e+01
8.826254720031885663e+05 2.981667181908385089e+01
1.016493314439861686e+06 3.028228566495027962e+01
1.170664898165551480e+06 3.206712716653156292e+01
1.348219692474958021e+06 3.347540616419928483e+01
1.552704229900143575e+06 3.549359839773187986e+01
