2.209080132451659040e+01 1.914042025568774363e+01
2.522730917986018540e+01 1.914041497494665478e+01
2.880914635495616949e+01 1.914040808724080023e+01
3.289954183317638581e+01 1.914039910288655122e+01
3.757070200890264999e+01 1.914038738284948948e+01
4.290508532305231881e+01 1.914037209343345580e+01
4.899685787458000163e+01 1.914035214485089398e+01
5.595355570338259810e+01 1.914032611397723826e+01
6.389798308833646701e+01 1.914029214010234980e+01
7.297038037049188119e+01 1.914024778896809664e+01
8.333089956928859010e+01 1.914018987288660156e+01
9.516243149302439974e+01 1.914011421236577348e+01
1.086738342496195457e+02 1.914001531821914881e+01
1.241036201495069520e+02 1.913988596587677549e+01
1.417241660843214675e+02 1.913971661982728989e+01
1.618465217058064809e+02 1.913949464776927556e+01
1.848259002821247634e+02 1.913920323355762321e+01
2.110679491598390598e+02 1.913881984818043236e+01
2.410359105219462492e+02 1.913831405388974716e+01
2.752587988484530115e+02 1.913764426725533951e+01
3.143407394334902847e+02 1.913675283010699602e+01
3.589716328087098418e+02 1.913555819507964628e+01
4.099393333284949108e+02 1.913394189996948214e+01
4.681435569015067131e+02 1.913172544903527239e+01
5.346117633771357305e+02 1.912862586263858233e+01
6.105172939533640601e+02 1.912416073087820934e+01
6.972000837796741735e+02 1.911741352922940607e+01
7.961903153877173054e+02 1.910630807406829135e+01
9.092354304959046658e+02 1.908403620488859076e+01
1.038330977018345266e+03 1.901583191098572811e+01
1.185755835810148483e+03 1.910661658859585899e+01
1.354112448995135765e+03 1.919069747676184434e+01
1.546372760013289962e+03 1.917768375191488062e+01
1.765930676352351611e+03 1.918140650300819772e+01
2.016661981070769343e+03 1.916555113768301055e+01
2.302992750710230212e+03 1.912462851718680668e+01
2.629977487356494294e+03 1.913339962770432479e+01
3.003388344087875339e+03 1.914772817497279078e+01
3.429817018878612089e+03 1.916495465484090488e+01
3.916791115656395505e+03 1.912024399806711017e+01
4.472907026597218646e+03 1.917189381825281913e+01
5.107981681384591866e+03 1.914993268316948871e+01
5.833225842212448697e+03 1.916951471786287442e+01
6.661442003650992774e+03 1.916079166837792869e+01
7.607250390836079532e+03 1.913265119314709040e+01
8.687347045453254395e+03 1.914600049686736938e+01
9.920798555422703430e+03 1.913339419165362543e+01
1.132937863105044016e+04 1.935155509911854566e+01
1.293795246911283903e+04 1.929746999973035315e+01
1.477491568992630891e+04 1.952475190432431518e+01
1.687269559581242356e+04 1.952048969303521986e+01
1.926832359950798491e+04 1.965901161578194234e+01
2.200408892740887677e+04 1.980610555661871430e+01
2.512828513725402445e+04 1.991226996267493377e+01
2.869606262827882165e+04 2.003864124425260940e+01
3.277040219291651010e+04 2.003786040836179438e+01
3.742322679583303398e+04 2.026913097776044026e+01
4.273667120616177272e+04 2.078420054120674010e+01
4.880453189533470140e+04 2.132994463091655035e+01
5.573392279507537751e+04 2.159116489957932927e+01
6.364716614410054171e+04 2.186966243349664296e+01
7.268395180201962648e+04 2.220970515451436711e+01
8.300380314808383991e+04 2.250635945738382304e+01
9.478889309447832056e+04 2.294120990242015878e+01
1.082472599243046279e+05 2.317352310602447929e+01
1.236164797223751229e+05 2.345444770139480184e+01
1.411678602270221745e+05 2.383139429533704501e+01
1.612112301355962409e+05 2.449562096916303489e+01
1.841004084076735599e+05 2.497848103165100397e+01
2.102394501137701445e+05 2.523987198713104974e+01
2.400897790854554041e+05 2.577897338029543306e+01
2.741783332771727000e+05 2.620041528382625273e+01
3.131068666271361872e+05 2.687537885307372676e+01
3.575625716199708404e+05 2.743257951675311190e+01
4.083302100676649134e+05 2.786509573368995873e+01
4.663059662494910881e+05 2.785815187261464132e+01
5.325132669557784684e+05 2.991924688922554765e+01
6.081208477015184471e+05 3.105726481862657806e+01
6.944633840266804909e+05 3.249161188718674254e+01
7.930650520807399880e+05 3.511246209802728657e+01
