22.214079672955826 11.215066237817558
25.63362456348071 11.201869873903416
29.57956025796721 11.18358967427021
34.13291721145139 11.157872050659869
39.38719937697478 11.120850730890643
45.45030432503124 11.065619200441265
52.446738938375816 10.97811127400807
60.520176181862226 10.822142554485842
69.83640545100913 10.425350042003409
80.5867370852004 10.739381185587018
92.99193095777206 12.946743966902787
107.30672981724601 12.937141937566677
123.82509047263807 12.917578149111671
142.88622024611163 12.904126533008945
164.8815426525515 12.903684916859254
190.2627353474623 12.93387470316228
219.55100540380766 12.889809664969057
253.34779238716396 12.870324066404041
292.3471190186423 12.838314351262929
337.34984304852543 12.847029288427837
389.28010300524863 12.741029876957379
449.2042955359525 12.916421980780601
518.352974041498 12.722649767496732
598.1461182981077 12.76774736286534
690.2222939815736 13.080205288765258
796.4723008897823 13.174670659123432
919.0780008354807 13.576970660655968
1060.5571225466076 13.716106347405358
1223.8149636503829 13.624549840985882
1412.2040514501082 14.028947360150042
1629.5929876388027 13.986013258336497
1880.445890687474 14.560524932084018
2169.9140672708727 14.966477064603806
2503.9417952189133 15.135737570633673
2889.3883902645166 15.143099792675876
3334.1690632491213 15.336458363837
3847.417460312362 15.49030490933946
4439.673223856078 15.960286605855227
5123.098425878733 16.168902809582516
5911.727318175248 16.483565303635302
6821.754528064727 16.667962646676806
7871.867617793951 16.888153862196823
9083.630836780092 17.298779591461376
10481.927947109692 17.507197117791964
12095.47321579017 17.59251578343313
13957.401067065959 18.04600940030248
16105.946503409088 18.182586483032537
18585.230267743922 18.392874356017145
21446.1648703448 18.67145154171159
24747.50008582184 18.817475589457636
28557.029389651696 19.126260175405406
32952.98210863099 19.616782722481982
38025.62987329677 19.862418411644583
43879.14036108555 20.249303481768827
50633.716397159034 20.650183315638206
58428.06433969309 20.718369953362785
67422.2424383382 21.052731509441536
77800.94765737248 21.47847155266922
89777.30845901546 22.054634032921044
103597.26143234756 22.264547061688805
119544.60164264843 22.786448732138034
137946.8104109291 23.29973647869672
159181.78019809426 23.714031929577374
183685.57469036544 23.846531692579738
211961.3834406267 24.682811925149533
244589.85495076491 25.043521962573703
282241.0203865925 25.370461178086742
325688.0527808489 25.861582058026407
375823.14427183766 26.341495805666327
433675.8274194695 26.653407670449823
500434.1168300281 26.90387407511273
577468.9052364904 27.112057370055027
666362.1150120224 27.200801001416174
768939.1832127293 26.933794008522707
887306.5472354945 28.940509827839556
1023894.9008652127 29.81248005782361
1181509.1089816387 31.302385415967137
1363385.8059327824 32.650047510380254
1573259.860367162 34.04307297511211
1815441.071391449 36.158007879049386