22.21512580011404 12.656007112459495
25.63708512417194 12.65546614972428
29.5861540275709 12.654742735384463
34.14352707819479 12.653773972199453
39.40290584078781 12.652474167406968
45.4724254217288 12.650725629657543
52.476877773676016 12.64836491033434
60.56027747218933 12.645161416691938
69.88882271780878 12.640782308631243
80.65431244307554 12.634730046041517
93.07808978169608 12.626215191453397
107.41559297928487 12.613807824696023
123.96160731438195 12.591775954803703
143.05632601151746 12.574618732895965
165.09234476132193 12.52600504923003
190.5227336580477 12.377065180120606
219.870352517033 12.554546378733512
253.73860109907324 12.218919545773376
292.82382527097167 12.836301097500357
337.9296341783044 12.753486343289705
389.98342279767786 12.719191988629614
450.05543957931025 12.688763851242427
519.3807912189346 12.757854528653358
599.3848369866646 12.717817722692983
691.712494731232 13.191677540682404
798.2620611037411 12.985042891429124
921.2242413593938 13.324010382487279
1063.1271912068246 13.053075586306381
1226.8884967849822 13.420030815749696
1415.8751614984085 14.426016809220547
1633.972833066246 14.638835009668062
1885.6656941230867 14.842136497639004
2176.128658957051 15.087090104405725
2511.3337719899673 15.251953572348135
2898.1729955985256 15.255128441723308
3344.5999118471964 15.526678284066087
3859.793251581963 15.761963978603674
4454.34561311389 16.102352322546583
5140.481250630434 16.334201263928932
5932.307410158612 16.598735689837692
6846.104380656335 16.684026557733418
7900.660223808045 16.90021248874542
9117.657064714282 17.1704196901738
10522.116885779136 17.377073452270324
12142.91598951116 17.675727102685148
14013.378707815737 17.901665711836703
16171.962564699332 18.33277129678283
18663.048979627674 18.675866447353044
21537.855768741527 18.785574058551326
24855.49020535052 18.94138501383885
28684.164291085042 19.047068627113187
33102.59722420772 19.515679492509673
38201.63390044069 19.723002822189365
44086.11272338702 20.138735220322516
50877.021127537824 20.49258742148263
58713.983132352354 20.73498719563584
67758.13007260059 20.967989359465122
78195.4135284284 21.612939257867286
90240.42857042266 22.0035299736252
104140.8259272521 22.433057032813633
120182.40379196181 22.848962329075086
138694.9839566658 23.16878020004796
160059.19309151286 23.528266697621028
184714.28859395985 23.90806362204755
213167.1899112047 24.534427004191038
246002.9010236812 25.29620921799087
283896.538380394 25.800044926915877
327627.2115856552 26.19605454044783
378094.0422301556 26.522810457181336
436334.6502204815 27.001769543545898
503546.4876940216 27.499244725090037
581111.4591537972 27.98103032361892
670624.3340238566 28.40527600952162
773925.5357996874 28.546308953600736
893138.9819527881 29.052150537795754
1030715.752594224 30.17645451021249
1189484.485743826 30.24995047769724
1372709.535353601 32.288934069094196
1584158.0878395087 33.91379176658293
1828177.6170665864 36.741685239903966