22.215480981153213 13.055279687765388
25.638260101820634 13.055040221370865
29.588392959227576 13.054720074693762
34.147129892308826 13.054291492337901
39.40823962588912 13.053716682361848
45.47993800091797 13.052943743939082
52.487113867641426 13.051900501727461
60.57389792613949 13.050484674841213
69.90662735274618 13.048546971974094
80.67726719179579 13.045858594403558
93.10735888735046 13.042037374628388
107.45257717231456 13.036329455318889
124.0079890456528 13.026566558643328
143.11412300968914 12.993837847675504
165.1639734057154 13.036953372215082
190.61108392018718 13.024026135896872
219.9788765312628 13.004381957417634
253.8714177829175 12.974803747685582
292.9858438382789 12.924552307940564
338.12669988328406 12.903797135892333
390.2224888280529 12.80975497345048
450.34476969645493 12.813846797515058
519.730198538914 12.870199920880623
599.8059652283007 12.857898072437576
692.2191493487295 12.92501891731569
798.8705989989546 13.04202474576186
921.9540293639523 13.349091630950443
1064.0011452737658 13.789713323088902
1227.9337158761707 14.047979351479281
1417.1236725478334 14.261433494980615
1635.4624661987677 14.281685510627186
1887.4411105814565 14.43165782789365
2178.2425580166127 14.468559920850549
2513.848307613192 14.63180279904971
2901.1614388086487 14.838531284711319
3348.148600908086 14.98988215818865
3864.0038792071355 15.613866255509546
4459.337908263191 15.989335863295578
5146.396122188557 16.23623176899332
5939.310631158885 16.272253756815417
6854.390904988427 16.698119061251596
7910.459242846633 16.93364023225927
9129.237929397521 17.2671741706994
10535.79604078192 17.37501473031498
12159.065090801238 17.77791797901034
14032.434123636394 17.954229518046244
16194.436493572499 18.321900050934328
18689.542458111337 18.564077648766183
21569.07388733048 18.788995177566104
24892.25990415897 18.92191543591192
28727.4551690494 19.250373045123702
33153.54586796109 19.668728936286378
38261.57232344126 19.832226372107947
44156.60160431452 20.33705530379443
50959.88865171617 20.711934242333733
58811.370373701226 20.857949775849573
67872.54400949678 21.229738906179104
78329.7889685131 21.396868178454874
90398.20047106678 21.85752644309762
104326.01384502748 22.253736218108354
120399.71048180782 22.748614738766822
138949.9104761787 23.181659134998583
160358.17315570154 23.619590738956454
185064.8453799648 24.005211334591856
213578.1190414026 24.285336460641524
246484.48407155942 24.92994315686068
284460.7919608349 25.444606415247403
328288.1779264178 25.711707038239716
378868.12809368 25.795460633662056
437241.0221771138 25.95125862816792
504607.5330654782 27.03386649231762
582353.3234795269 27.435118257937113
672077.5476882231 27.984292125022236
775625.7445356445 28.365746156467484
895127.798355724 29.05058866081943
1033041.7485934079 29.44319271424201
1192204.3492529658 30.07737690152285
1375889.418131458 32.166182505510086
1587875.1760235708 33.17794873656487
1832521.960998894 35.796415121198365