1.075385141402529759e-03 4.386268271330095558e+00 3.840291965010979425e+01
1.237521263296147145e-03 4.386440725132871421e+00 3.336914339699738719e+01
1.424102694140580525e-03 4.386669917288098297e+00 2.899452119986232645e+01
1.638815060079601947e-03 4.386974870457893694e+00 2.519263840734224402e+01
1.885899670152992686e-03 4.387381257808690371e+00 2.188839352829697305e+01
2.170237296763927442e-03 4.387923938726024709e+00 1.901651449788267811e+01
2.497444587751110508e-03 4.388650624443909187e+00 1.652026899035288920e+01
2.873985014536308696e-03 4.389627302730987779e+00 1.435034323819504642e+01
3.307296547955448744e-03 4.390946498064125514e+00 1.246386710940281262e+01
3.805938583810885949e-03 4.392740289105550922e+00 1.082356602563251968e+01
4.379761020430739810e-03 4.395201685263245395e+00 9.397022716317001922e+00
5.040098828099658090e-03 4.398621505206065763e+00 8.156033822679487955e+00
5.799995953777687535e-03 4.403455916272712045e+00 7.076047995505396315e+00
6.674462983996946354e-03 4.410459623827349240e+00 6.135673349746443961e+00
7.680773655666061489e-03 4.420974686016823973e+00 5.316242894776860517e+00
8.838806071892479216e-03 4.437642721936116530e+00 4.601426631231555042e+00
1.017143536301077893e-02 4.466526335187424479e+00 3.976875329217420152e+00
1.170498554922528786e-02 4.525821451181474053e+00 3.429809437160665997e+00
1.346974953071111356e-02 4.730045384857558766e+00 2.944568035505693349e+00
1.550058747676973797e-02 4.420280099403705698e+00 2.480006540231853851e+00
1.783761543428686452e-02 3.840791560201195498e+00 1.919204021324933507e+00
2.052699775788217884e-02 3.910501658299074812e+00 1.696192982493389234e+00
2.362185901497688631e-02 3.959297647568034151e+00 1.566124155498180626e+00
2.718333337904617342e-02 3.837873826675028965e+00 1.249085832626096293e+00
3.128177224018915958e-02 4.203566306371103067e+00 1.325155593594595782e+00
3.599813388748591275e-02 4.534208737248969001e+00 1.285142623187141897e+00
4.142558271415654192e-02 4.340140969172071372e+00 1.067430898996434063e+00
4.767132953533428225e-02 4.233163893891522811e+00 9.279512974337962294e-01
5.485874937106977739e-02 4.466919429009822196e+00 1.060428884764401447e+00
6.312981852807782179e-02 4.583338623185476024e+00 9.178505255619756609e-01
7.264791912098816917e-02 4.453839381926275820e+00 7.811287769222692301e-01
8.360106643205858501e-02 4.537511512860710639e+00 7.588607367557028693e-01
9.620562286082456893e-02 4.286841463493102466e+00 7.235732886651038420e-01
1.107105718269879024e-01 4.304476450535364762e+00 6.907151290769211194e-01
1.274024360508526355e-01 4.320566687151491614e+00 6.865002265634524425e-01
1.466109373642930924e-01 4.465307304230051955e+00 6.911922356444446525e-01
1.687155098530223052e-01 4.441591179033462566e+00 6.876670562314820545e-01
1.941527949871622583e-01 4.447220554758762212e+00 6.369601351760830754e-01
2.234252667947692617e-01 4.289712834613149006e+00 5.972369904094922965e-01
2.571111574552123469e-01 4.310849198835367879e+00 5.736816583144918047e-01
2.958758793770708273e-01 4.455727213937533904e+00 6.128477932474276635e-01
3.404851693859471951e-01 4.528293287841338000e+00 6.057200841679246661e-01
3.918202146651947881e-01 4.501636601647384772e+00 5.825939668540502936e-01
4.508950592390051915e-01 4.342131783678443213e+00 5.652674845716335605e-01
5.188766348358736513e-01 4.076279100821280643e+00 5.190687287688529050e-01
5.971078118110155764e-01 3.951328723133076704e+00 4.753810261746466148e-01
6.871339254628721083e-01 3.836861840355490827e+00 4.540692223132967165e-01
7.907333017298594502e-01 3.846505254171043831e+00 4.374852078026025270e-01
9.099523852550486236e-01 3.864498899169680701e+00 4.379499858719351213e-01
1.047146163719089973e+00 3.770246160630100984e+00 4.198782905850597102e-01
1.205024686961249536e+00 3.709218146221587631e+00 4.031068767166846034e-01
1.386706599801474260e+00 3.672601474873153471e+00 3.877616468346153922e-01
1.595780746021183916e+00 3.598577482642083325e+00 3.854829323387862772e-01
1.836377060393666216e+00 3.608006166666906989e+00 3.978205982607560531e-01
2.113248149125941389e+00 3.434518425292518273e+00 3.760605905602499854e-01
2.431863170206926661e+00 3.336720095673629150e+00 3.833295019747888221e-01
2.798515868122232852e+00 3.235441469886497057e+00 3.606663552774406756e-01
3.220448896993466370e+00 3.333499188929077484e+00 3.692038677230357058e-01
3.705996887952410557e+00 3.336309599750712174e+00 3.571057087420904108e-01
4.264751086823665105e+00 3.178841236797490311e+00 3.517347024927406918e-01
4.907748814277249849e+00 3.019731850260358286e+00 3.490983250993005549e-01
5.647691490942023052e+00 2.920298455023953910e+00 3.520889442458294827e-01
6.499195534227074411e+00 2.742693996032042669e+00 3.469679886497256671e-01
7.479081082927865332e+00 2.781814769031547563e+00 3.998256724902457537e-01
8.606704252922869003e+00 2.446159723919187901e+00 3.677770672201601809e-01
9.904339487155557009e+00 2.299853272155421902e+00 3.675886368334025933e-01
1.139761955263130133e+01 2.036532742374929761e+00 3.714213947944149941e-01
1.311604187588598336e+01 1.988130535047406999e+00 3.891190329238379819e-01
1.509355121879631234e+01 1.850891027773844177e+00 3.836585519737102934e-01
1.736921020458687792e+01 1.869839561063113775e+00 4.006135489361046242e-01
1.998797093923296586e+01 1.561137449197041560e+00 3.966589005998542028e-01
2.300156297044039988e+01 1.430357384050292779e+00 3.574306218034317695e-01
2.646951512445205168e+01 1.494457689808469381e+00 4.095668588943203736e-01
3.046033140547848106e+01 1.374257236179753150e+00 3.986859331024561470e-01
3.505284418581830153e+01 1.081558190203124603e+00 3.410421261260665471e-01
4.033777141683580680e+01 1.095044029217509651e+00 3.575623483168595129e-01
4.641950862107797349e+01 9.196427561929972905e-01 3.206395014869329319e-01
5.341819106354972746e+01 8.866465923807858029e-01 3.799914548621809995e-01
6.147206683713575615e+01 6.577378721513575943e-01 2.821006295472987535e-01
7.074022773878220960e+01 5.619015794375313844e-01 2.779451712555159881e-01