1.075757246822382079e-03 3.796595040901432405e+00 2.531920768133606359e+01
1.238750061359360785e-03 3.794369934849373127e+00 2.195617717503165522e+01
1.426438649658644513e-03 3.791376618400558396e+00 1.903042850146942655e+01
1.642564779376995236e-03 3.787330034114425814e+00 1.648338534137173639e+01
1.891437150203024217e-03 3.781822853796014350e+00 1.426387019861899930e+01
2.178017292276930930e-03 3.774258689657862931e+00 1.232698062343502698e+01
2.508018479465808949e-03 3.763735480146586099e+00 1.063300495799386347e+01
2.888019629433780620e-03 3.748827613226766164e+00 9.146264649582196427e+00
3.325596461223578534e-03 3.727141967352122887e+00 7.833636647347564264e+00
3.829472525112688139e-03 3.694301558655052276e+00 6.662102067589502852e+00
4.409693115681673561e-03 3.641192121696359862e+00 5.593159256046345007e+00
5.077825535232984022e-03 3.544117150987502907e+00 4.564228690205250238e+00
5.847189700020263142e-03 3.297804602659773376e+00 3.364948906471111556e+00
6.733123686663712582e-03 3.378817118225789340e+00 3.067765039934267524e+00
7.753289512696128621e-03 4.588248241023166862e+00 5.118563284935125246e+00
8.928025247293537234e-03 4.601152813749111559e+00 4.423361676348537053e+00
1.028075047188489050e-02 4.620680131427626236e+00 3.815236029617875335e+00
1.183843317392069966e-02 4.652193153875042952e+00 3.281174812519984219e+00
1.363212738181466752e-02 4.709338441413080112e+00 2.808499666203116085e+00
1.569759225937123609e-02 4.846465768621632364e+00 2.380519261261881514e+00
1.807600500199183641e-02 4.986710272579300884e+00 1.964688845949220664e+00
2.081478174698885020e-02 4.016368137820106377e+00 1.564656171080174740e+00
2.396852286371014412e-02 3.675502461459966508e+00 1.160791981575020504e+00
2.760010146881813897e-02 3.975109314734026178e+00 1.278674446357387584e+00
3.178191686741022037e-02 4.214198877676558652e+00 1.495781468137791892e+00
3.659733790863585468e-02 4.038324879344927787e+00 1.311994107438752000e+00
4.214236503060914130e-02 4.107187115432441971e+00 1.187079512644063639e+00
4.852754412921470029e-02 4.122927667868395041e+00 9.967993409111305381e-01
5.588017040577660660e-02 4.100827458631742140e+00 9.288394766912858591e-01
6.434682612959095882e-02 4.123127285270358655e+00 9.569181796122366856e-01
7.409630290826359211e-02 4.253235528046690916e+00 9.456603399482690353e-01
8.532296672435821239e-02 3.922684520893806148e+00 8.460478540012480453e-01
9.825063282386839458e-02 4.089725403373615009e+00 7.693037917038794138e-01
1.131370277064544516e-01 4.028009472450333917e+00 7.246314249591115919e-01
1.302789271718715336e-01 3.962624379958199050e+00 7.189194260349868193e-01
1.500180728549007358e-01 3.927627473106151790e+00 6.460879761395292853e-01
1.727479852010743444e-01 4.016857073297559033e+00 6.402577422144452024e-01
1.989218087069682117e-01 3.844880630090490303e+00 5.820251900396679057e-01
2.290613458281050008e-01 3.942488284080234884e+00 5.693814184658466671e-01
2.637674596548385542e-01 4.166534536047103998e+00 6.002350549894953646e-01
3.037320527444071216e-01 4.003504598314387763e+00 5.625814148169999696e-01
3.497518609196607065e-01 3.727535937571760272e+00 5.227155550029722875e-01
4.027443370282171031e-01 3.701045413325641853e+00 5.037865960259503284e-01
4.637659413213435777e-01 3.763101106360229764e+00 4.885727795503482795e-01
5.340332030903343075e-01 3.750054249746966217e+00 4.675189484596272149e-01
6.149469734460577541e-01 3.649171894042699815e+00 4.585239170482447446e-01
7.081203527461172875e-01 3.763101646171827408e+00 4.467821216356772651e-01
8.154108494319970424e-01 3.556752575857520693e+00 4.165860085876095242e-01
9.389574113961324242e-01 3.556999874057818811e+00 3.765872983221216774e-01
1.081223068137815435e+00 3.600841958754330996e+00 3.815492235604785454e-01
1.245044033823754726e+00 3.490967632040955060e+00 3.821343596391882369e-01
1.433686250173995536e+00 3.588318636505308135e+00 3.936921740042376161e-01
1.650910496414568662e+00 3.454671652312821806e+00 3.781615366198669004e-01
1.901047364331648115e+00 3.410936087514897963e+00 3.712224073111419220e-01
2.189083593133070771e+00 3.454808355793700603e+00 3.733725718471039290e-01
2.520761485292688953e+00 3.276583367082120279e+00 3.552319435744970000e-01
2.902693385336034382e+00 3.233062291441877178e+00 3.527033799801940761e-01
3.342493503821229339e+00 3.140473392149870424e+00 3.360719074272798257e-01
3.848929714563613658e+00 2.924863847091578872e+00 3.149225360763476256e-01
4.432098351340004072e+00 2.979304022924214923e+00 3.368148062872781678e-01
5.103625488827078449e+00 2.980840823076104318e+00 3.522556446975940170e-01
5.876898720519224462e+00 2.798257218569437654e+00 3.501505643811808066e-01
6.767334054360256701e+00 2.734284793092974120e+00 3.316070420921034545e-01
7.792683246931619401e+00 2.631235586762158629e+00 3.526423766653883907e-01
8.973387703224499745e+00 2.431533399808945894e+00 3.515915311644109420e-01
1.033298599735671175e+01 2.276665938977161296e+00 3.430913225116692944e-01
1.189858313858465166e+01 2.238621163172415773e+00 3.675062963673044192e-01
1.370139093791743079e+01 2.081885859388370008e+00 3.710884362719531482e-01
1.577735024810495013e+01 1.915515835314367088e+00 3.403179922251147738e-01
1.816784748200266364e+01 1.679451646791409791e+00 3.600504429451350519e-01
2.092053969385359835e+01 1.491104195650099440e+00 3.391632515866594422e-01
2.409030467234301298e+01 1.266397724660810908e+00 3.313070857420086224e-01
2.774033498652115881e+01 1.219999488507007346e+00 3.248591767134827446e-01
3.194339779554004721e+01 1.201015966084693298e+00 3.046955865158595955e-01
3.678328553782452559e+01 1.327153117145195571e+00 4.057533362419296630e-01
4.235648642067874192e+01 1.130981608486695489e+00 3.800409338617184996e-01
4.877410801327920353e+01 8.527576690145635130e-01 3.592083894435438851e-01
5.616409229188623442e+01 8.680550338990686843e-01 4.574524395858629577e-01
6.467376629650917153e+01 2.749052668086282014e-01 3.210597032550153163e-01
7.447277924902456903e+01 2.642682759287195426e-01 2.653781267556991064e-01
