1.075209795168746100e-03 4.890792453852432331e+00 3.685701124131078643e+01
1.236942412084887470e-03 4.891457107012044503e+00 3.202386581698456069e+01
1.423002782981765395e-03 4.892344462950849682e+00 2.782041366443073471e+01
1.637050278646993203e-03 4.893532612645483226e+00 2.416390460268213403e+01
1.883294710922950484e-03 4.895129819072272070e+00 2.098229985104529760e+01
2.166579129824746947e-03 4.897288490959716079e+00 1.821282580722032662e+01
2.492475074966744690e-03 4.900227636481059079e+00 1.580068797360036825e+01
2.867392154669651944e-03 4.904270816900773156e+00 1.369789909704132036e+01
3.298704107911998740e-03 4.909914502025124250e+00 1.186215264721298368e+01
3.794893828468723015e-03 4.917961590994030630e+00 1.025560720515906254e+01
4.365720203521264095e-03 4.929811929545588889e+00 8.843244356774862425e+00
5.022410048063044585e-03 4.948198706847963813e+00 7.589714953864548974e+00
5.777878909999593221e-03 4.979565503917991798e+00 6.449885965274344102e+00
6.646985088661365795e-03 5.046675976780798045e+00 5.314673844194570229e+00
7.646821862677224621e-03 5.111827596017489483e+00 4.336752594651597903e+00
8.797053674644908505e-03 4.590765942958930701e+00 4.997357922342136050e+00
1.012030288456192313e-02 4.594765852675834594e+00 4.309602697926005810e+00
1.164259469854906671e-02 4.600680774285296870e+00 3.698327193914304978e+00
1.339386902357027169e-02 4.610431359553176733e+00 3.133959874077488106e+00
1.540856931512973524e-02 4.628670406222140876e+00 2.554867727549839707e+00
1.772631999919839496e-02 4.614696784210072344e+00 2.520102177263881416e+00
2.039270579166910582e-02 4.654207334726075729e+00 2.064263203884135756e+00
2.346016824272497553e-02 4.673993214549651221e+00 1.862783904951203384e+00
2.698903713904431123e-02 4.660300903343455481e+00 1.587603905548066185e+00
3.104871704910270452e-02 4.794323247645096764e+00 1.504532970422093552e+00
3.571905234813343294e-02 4.320899748001248319e+00 1.160877188833739249e+00
4.109189756958309125e-02 4.168078419153537162e+00 9.598736273029967458e-01
4.727292396818995324e-02 4.093113038800325398e+00 9.378376138647399607e-01
5.438369782554049181e-02 4.287535185885270828e+00 9.716879996906049310e-01
6.256407137349626058e-02 4.277192532012008996e+00 8.633817597374124908e-01
7.197493335934315728e-02 4.172209082969146721e+00 8.672755938872751535e-01
8.280137334982383412e-02 4.048090017506687843e+00 8.227628238451673015e-01
9.525632200848604958e-02 3.961647630632402439e+00 8.047630187741225960e-01
1.095847389420587514e-01 4.035102079097644179e+00 7.334050653720913804e-01
1.260684304809642220e-01 4.027189398466146208e+00 7.044462810751823678e-01
1.450315921484014170e-01 4.196311484164701788e+00 6.605834154140187708e-01
1.668471848253581524e-01 4.245321307073427697e+00 6.510025627245931146e-01
1.919442700157523163e-01 4.278063952019131477e+00 6.224000060293259917e-01
2.208164484791508009e-01 4.206112342665211834e+00 6.196950295004497455e-01
2.540315681991645036e-01 4.075089973456055503e+00 5.838059007269927880e-01
2.922428926204734267e-01 4.089143289140240611e+00 5.791190403251175178e-01
3.362019488074886597e-01 4.028501436991092532e+00 5.413485411218327270e-01
3.867733082177775561e-01 4.088884375127311621e+00 5.109615699811038692e-01
4.449515907933720982e-01 4.023693530297195231e+00 5.061193916935290416e-01
5.118810268005264952e-01 3.991532312318656572e+00 5.160309868574742831e-01
5.888779611533965230e-01 3.936857683091545823e+00 4.985650634826777616e-01
6.774567428288678084e-01 3.737045323243398887e+00 4.472031333980789336e-01
7.793595085565576674e-01 3.785566924747745254e+00 4.494229175875151805e-01
8.965904465592640094e-01 3.742951729867953770e+00 4.341065497432908815e-01
1.031455214231217443e+00 3.748265314567119866e+00 4.354078715540858902e-01
1.186606285007346884e+00 3.633778485734723507e+00 4.170596519482318576e-01
1.365095116290045318e+00 3.545271550237654168e+00 4.197611370449718105e-01
1.570432164454105273e+00 3.546011604473436662e+00 3.926873905912573459e-01
1.806655927284112284e+00 3.420142409452314070e+00 3.739965856678779121e-01
2.078412371746989784e+00 3.357392395388822504e+00 3.800103672990328141e-01
2.391046309257546909e+00 3.199360877953958404e+00 3.469340500355696522e-01
2.750706515574038669e+00 3.229365417904479507e+00 3.502113597467386152e-01
3.164466662785357265e+00 3.285304880511256798e+00 3.370043552816505694e-01
3.640464441838179965e+00 3.171002684349899070e+00 3.541819720917723791e-01
4.188061611817685659e+00 3.216748304768284772e+00 3.478218850510890192e-01
4.818028123775476956e+00 2.890316156596157260e+00 3.446037097419839546e-01
5.542753940388298162e+00 2.744491529821117659e+00 3.607770679751492460e-01
6.376492717443024816e+00 2.662449803816848259e+00 3.396707117071753324e-01
7.335642139790804706e+00 2.768114100670859834e+00 3.569095341601669635e-01
8.439066425320582709e+00 2.548274048916745027e+00 3.659762014391604867e-01
9.708467339848187549e+00 2.302275831075427437e+00 3.290559322444988610e-01
1.116881101991306480e+01 2.280867863505543269e+00 3.698756745033931481e-01
1.284881899808525851e+01 2.062749198967654074e+00 4.076951998377165709e-01
1.478153308809783084e+01 1.793465661349397111e+00 3.947813558332590733e-01
1.700496523976957874e+01 1.727748325266954321e+00 3.675270758215126721e-01
1.956284514483901660e+01 1.734203957903371229e+00 3.827665777257926449e-01
2.250548029736150468e+01 1.740792642598064877e+00 4.267088949573490386e-01
2.589074542403910328e+01 1.636311121435265026e+00 4.514147624707137707e-01
2.978522074425534072e+01 1.456711984324309261e+00 4.112684709060100974e-01
3.426550144671801235e+01 1.145631814372895407e+00 3.407246318122114093e-01
3.941970413704208909e+01 9.336038755939638500e-01 3.069853003425609406e-01
4.534919988456105955e+01 9.494598192882106602e-01 3.535610842530909625e-01
5.217060795332979950e+01 8.007206083831215349e-01 3.127110604415184181e-01
6.001808942932758839e+01 8.214067839649124014e-01 4.889681687637110197e-01
6.904598585412595924e+01 7.376333802525723016e-01 7.418170241454681291e-01
