1.075425367853014838e-03 4.255939177820570407e+00 3.858674849687675135e+01
1.237654075790569057e-03 4.255723967656209084e+00 3.352283959817739856e+01
1.424355103673142098e-03 4.255437858623365877e+00 2.912176465350723831e+01
1.639220118968872774e-03 4.255057024932202836e+00 2.529649082826788131e+01
1.886497679899451843e-03 4.254549272224783962e+00 2.197136540401796623e+01
2.171077242820002376e-03 4.253870816348979567e+00 1.908061691283031891e+01
2.498585842174016504e-03 4.252961600991988611e+00 1.656704987813347429e+01
2.875499354690635480e-03 4.251738317036026338e+00 1.438090617537945803e+01
3.309270547867929416e-03 4.250083667432517309e+00 1.247886841071691322e+01
3.808476444664100555e-03 4.247829221609511485e+00 1.082318175529974447e+01
4.382987918260762214e-03 4.244726742099107497e+00 9.380869376154292283e+00
5.044164870321035145e-03 4.240397458438882161e+00 8.123010428511253878e+00
5.805080852031472942e-03 4.234235833430659568e+00 7.024031514287866429e+00
6.680781569393402439e-03 4.225209920548305575e+00 6.060911012373707329e+00
7.688582384227676814e-03 4.211394409343705014e+00 5.212033331865203678e+00
8.848410693424837645e-03 4.188671903879273906e+00 4.454810218438488789e+00
1.018319995635707034e-02 4.145935210318926423e+00 3.757905076534101774e+00
1.171934316161513980e-02 4.031507393975126696e+00 3.028142082973398708e+00
1.348721469953620411e-02 4.034024680220818837e+00 2.610662031813276496e+00
1.552177095958641104e-02 4.512541919484241326e+00 2.930481977472215505e+00
1.786324152830049902e-02 4.483073250381576003e+00 2.450513959306242828e+00
2.055792465493912202e-02 4.545232276052217912e+00 2.073907303880950792e+00
2.365910271372580892e-02 4.875846525068228132e+00 2.055986095786241474e+00
2.722809576423586286e-02 4.436115244129409163e+00 1.651077814437470925e+00
3.133547404214505339e-02 4.506195799574793881e+00 1.364238831378483452e+00
3.606245335509981886e-02 4.485223751947884807e+00 1.314146106431206995e+00
4.150250097508097896e-02 4.235836947091967453e+00 1.026926460174115485e+00
4.776318378081213789e-02 4.322232386389557313e+00 9.561460028659810595e-01
5.496829519380994067e-02 4.424030084538901342e+00 9.312272905357745767e-01
6.326030296430236455e-02 4.571141449845679716e+00 8.877070127724135951e-01
7.280316620745366785e-02 4.542933171165082662e+00 8.484087818838847994e-01
8.378557739157636852e-02 4.569658039413405426e+00 8.485458960316588639e-01
9.642469338265011181e-02 4.395415588853197164e+00 7.600655247585273999e-01
1.109704293196511760e-01 4.446200686663683399e+00 7.355307085038901294e-01
1.277104002241344627e-01 4.410225639348330340e+00 7.097354849174639657e-01
1.469756080552565569e-01 4.378752616901715911e+00 6.726483476016543728e-01
1.691469866612329842e-01 4.355194793508220918e+00 6.562001301347067939e-01
1.946629340415378939e-01 4.396343159663941513e+00 6.582232350607737370e-01
2.240279808563981900e-01 4.151099695318483995e+00 5.898569606924829456e-01
2.578227665873220609e-01 4.070683333968724504e+00 5.833228309280035218e-01
2.967155206087834229e-01 3.881035594714921988e+00 5.249977097513381930e-01
3.414752751880157922e-01 3.915982028706305851e+00 4.978301583363535787e-01
3.929870716755468063e-01 4.025615644601571397e+00 4.933321207399821717e-01
4.522694605607610052e-01 4.117539275922015740e+00 4.944528410349404157e-01
5.204946414237207053e-01 4.001109014766867311e+00 4.599853299386712502e-01
5.990116410135351011e-01 4.028378041544503851e+00 4.738702649548574009e-01
6.893729877569025888e-01 4.157519109113658295e+00 4.750246047987033982e-01
7.933654101358947885e-01 3.917725259565062679e+00 4.546623409215123646e-01
9.130451659386099594e-01 3.945447042065426402e+00 4.407304768392577010e-01
1.050778700953282740e+00 3.972271539530507933e+00 4.201795212576995842e-01
1.209289441056311087e+00 3.908409026816193954e+00 4.008663644711731311e-01
1.391711642921188208e+00 3.835902166930944102e+00 3.854114579061262980e-01
1.601652368146496697e+00 3.619146226952454359e+00 3.706575299638073528e-01
1.843262806226699357e+00 3.670395866992502310e+00 3.675870961692223049e-01
2.121320356645556959e+00 3.676019288286824782e+00 3.797118418638490422e-01
2.441323093113715093e+00 3.674201029681201991e+00 3.781810570445344188e-01
2.809598477806037664e+00 3.283468602064899322e+00 3.551144477968200541e-01
3.233428475221619358e+00 3.282181006470673346e+00 3.687383156350176883e-01
3.721193539561624686e+00 3.374838444917258151e+00 3.845611442798278490e-01
4.282538322709018352e+00 3.163981397642256610e+00 3.733043028398848606e-01
4.928562379378937486e+00 3.030493356912843161e+00 3.587597495577586892e-01
5.672039640281307804e+00 2.925959257928294477e+00 3.534148787887729792e-01
6.527670992971502884e+00 2.881750637238302382e+00 3.663304229911947263e-01
7.512374964708159908e+00 2.640515467326081556e+00 3.720214729291924649e-01
8.645622255033945436e+00 2.595309502896472775e+00 3.823701112454473972e-01
9.949820732842233895e+00 2.467300269614443486e+00 3.880391887125922423e-01
1.145075851053458038e+01 2.198465879548024748e+00 3.693109628213325779e-01
1.317811385624080245e+01 2.018893023142208420e+00 3.606704368091925850e-01
1.516604202667254953e+01 1.900812461608737847e+00 3.756042141660673184e-01
1.745385062414464983e+01 1.827244049958115957e+00 4.201610726330423096e-01
2.008677683170002126e+01 1.600283703948002012e+00 3.843538864296665580e-01
2.311688189472479849e+01 1.577907874671957922e+00 3.737070816495213221e-01
2.660408053577340581e+01 1.428178714349832346e+00 3.630832503635081365e-01
3.061732565737725764e+01 1.254151566333774781e+00 3.041046194925635660e-01
3.523597175814371951e+01 1.089153126868337651e+00 3.306896392755664382e-01
4.055134402117657544e+01 1.227580482601629441e+00 3.681942713580435567e-01
4.666854410063932335e+01 9.837405295923191684e-01 4.460609795546580658e-01
5.370852831255006521e+01 8.027626117965475094e-01 4.916294472451768760e-01
6.181049932218635945e+01 5.496995443303838158e-01 6.167732828031284864e-01
7.113465861929515199e+01 5.616368930510539093e-01 4.346220320378076374e-01