2.215725629562450294e+01 1.921084979364911050e+01
2.544597319556323001e+01 1.921084909610299718e+01
2.922282178038381772e+01 1.921084817392409860e+01
3.356025357116125463e+01 1.921084695871359571e+01
3.854147379144194474e+01 1.921084535544528649e+01
4.426203749821691247e+01 1.921084324093261841e+01
5.083168262051721342e+01 1.921084045171164689e+01
5.837643506892517564e+01 1.921083677239935739e+01
6.704102629844761907e+01 1.921083191878321728e+01
7.699166970101006768e+01 1.921082551565864449e+01
8.841924908728148580e+01 1.921081706762983998e+01
1.015429804226750861e+02 1.921080592007510290e+01
1.166146170608334103e+02 1.921079120832977694e+01
1.339232791438539323e+02 1.921077178849886735e+01
1.538009998119393913e+02 1.921074614691060134e+01
1.766290946157567703e+02 1.921071227764772971e+01
2.028454763163387327e+02 1.921066751846899123e+01
2.329530553927877463e+02 1.921060832870047008e+01
2.675293874052449610e+02 1.921052998564779557e+01
3.072377522790865214e+02 1.921042616482197829e+01
3.528398780449445553e+02 1.921028834914260486e+01
4.052105531148479258e+02 1.921010497559133157e+01
4.653544074026856947e+02 1.920986015376507439e+01
5.344251842022662231e+02 1.920953161658723118e+01
6.137478725166099593e+02 1.920908705719356391e+01
7.048441244043222014e+02 1.920847593241793305e+01
8.094614449255798263e+02 1.920759658354614885e+01
9.296067146402808703e+02 1.920638970816643720e+01
1.067584687722522403e+03 1.920482629958283027e+01
1.226042204203124811e+03 1.920349992792424487e+01
1.408018964466405578e+03 1.920143420115053701e+01
1.617005840011519922e+03 1.919683330483643502e+01
1.857011839057333418e+03 1.918778526906797666e+01
2.132641011596179851e+03 1.917186115230056842e+01
2.449180769170937765e+03 1.919847887527351560e+01
2.812703313619184883e+03 1.918490747306521627e+01
3.230182120498342556e+03 1.916269022650002540e+01
3.709625711700588909e+03 1.920565498185790787e+01
4.260231283425915535e+03 1.920877472289754451e+01
4.892561136568298934e+03 1.919899083996078915e+01
5.618745293990037680e+03 1.917469214904311769e+01
6.452714191503995607e+03 1.918868622345756592e+01
7.410465906289377017e+03 1.918055265755440786e+01
8.510373049000278115e+03 1.917407869238355289e+01
9.773535206697448302e+03 1.916259905747928016e+01
1.122418369753786283e+04 1.917470073310104084e+01
1.289014640165654782e+04 1.919691635715200206e+01
1.480338158512028531e+04 1.919790508121889161e+01
1.700059095733125650e+04 1.913562268496404783e+01
1.952392372219896060e+04 1.914838024907806258e+01
2.242178512893773586e+04 1.925555123895842158e+01
2.574976503297007002e+04 1.929532735165298263e+01
2.957170427957717766e+04 1.939136437613161945e+01
3.396091936680078652e+04 1.953882952521888683e+01
3.900160888038054691e+04 1.965311257553049629e+01
4.479046868045591691e+04 1.974555006218174569e+01
5.143854682425931242e+04 1.988796569777166567e+01
5.907337380789792223e+04 2.010079862786417593e+01
6.784140899178464315e+04 2.028958353712455676e+01
7.791085013964894461e+04 2.053269221030498670e+01
8.947485996668940061e+04 2.079568991349491114e+01
1.027552715919414477e+05 2.107155998857808044e+01
1.180068439767833625e+05 2.127489121508535064e+01
1.355221489819214330e+05 2.190131756373349958e+01
1.556371837915729557e+05 2.239780910358483723e+01
1.787378163683280291e+05 2.282452608494641311e+01
2.052671875822513248e+05 2.330191157015818959e+01
2.357342120097275474e+05 2.382185398516355690e+01
2.707233404734004871e+05 2.445660540351436651e+01
3.109057715986183612e+05 2.495864889378472284e+01
3.570523274583696038e+05 2.546418055292430793e+01
4.100482403010022826e+05 2.620249516479395879e+01
4.709101340154481004e+05 2.694201677610741541e+01
5.408055260904512834e+05 2.733506625407981971e+01
6.210752241750984685e+05 2.830856602575960324e+01
7.132590468752598390e+05 2.867993088778670341e+01
8.191253621895823162e+05 2.975381079175089383e+01
9.407050102226861054e+05 3.128947506196352890e+01
1.080330260917073349e+06 3.250203077647382344e+01
1.240679554132352117e+06 3.513355108666033999e+01
