22.15193882585877 9.04284888109127
25.42844502448805 9.040917743672622
29.18958116698139 9.03835643215988
33.50702915114443 9.03495068279549
38.46307338611766 9.030404045520248
44.152169016015065 9.024290063345925
50.68274210043638 9.015906580928965
58.17925606072946 9.003485607046418
66.7845837755251 8.993012433240306
76.66273053430668 8.973201192519722
88.00195974463132 8.945607620136784
101.01838096453018 8.9061609683344
115.96006864287476 8.847257767224168
133.11179006503457 8.75917755155472
152.80043261173574 8.600048037010685
175.4012337669447 8.351593680975729
201.34493260985346 8.170875791515876
231.12597908821755 10.77215896115214
265.3119575301045 10.676105547838889
304.55440399276335 10.724015908560148
349.60122361187854 10.636442766663826
401.3109446081984 10.31024207961029
460.6690806126011 10.097112062708899
528.8069131522105 12.82719365758022
607.0230522649938 12.858357595145094
696.8081861574447 13.018986275974186
799.8734915985808 13.002398577497818
918.1832465118912 13.098628905811193
1053.992266314795 13.486763270335652
1209.888877488913 13.60457217944354
1388.8442473961954 13.82635426168271
1594.2690104969408 13.941379197577461
1830.078270184768 14.064652268919945
2100.766215080927 14.137053190938142
2411.4917718682464 14.545737219217337
2768.1769270857376 14.958024080572933
3177.6195917572077 15.00653525196098
3647.6231598929526 15.110791284502465
4187.145230065049 15.338110935722199
4806.468324477633 15.49546896281582
5517.395859194484 15.578421510781897
6333.477100437321 15.834461589266091
7270.265394301479 15.985344357476665
8345.614591379508 15.997512458590945
9580.019315723806 16.31242635548506
10997.005563190134 16.615257052198107
12623.579073410012 16.724210513224406
14490.740020723222 17.050153542457053
16634.073833346476 17.31691479358126
19094.42940095011 17.551863524040392
21918.69759631322 17.816246182382223
25160.704948571096 18.09123144612975
28882.239500194253 18.286055710077562
33154.22839907175 18.621263752038406
38058.0896689269 18.798857655760415
43687.28392088393 19.177846193821733
50149.095579597924 19.524907475447343
57566.67757158117 19.82576340095784
66081.39844457303 20.19708764013594
75855.53665070552 20.47418171941715
87075.3733426639 20.75325692335995
99954.74262713265 21.309909094541332
114739.10693830023 21.732685854336914
131710.23520223695 22.0967814728319
151191.57295129597 22.575588988445602
173554.40673526961 22.939570117072044
199224.9403141963 23.22762362944783
228692.41749497555 23.649968127150096
262518.4464214867 24.01223805502845
301347.7030258996 24.63913672975074
345920.2176337164 25.068854649578853
397085.4788877331 25.481100165816535
455818.62379162636 26.127205262898716
523239.02243233286 26.914874990106185
600631.6115795629 27.267970387346416
689471.3837504684 27.913971662684325
791451.4984661534 28.27330219154468
908515.5514605418 28.583749896160214
1042894.6168467589 29.197210476132714
1197149.7682119596 34.08611599185205