22.15083768965052 11.789224488176375
25.4248159940323 11.78706902811712
29.182700780315248 11.784197084785323
33.496015272374294 11.780355982788372
38.446854099396745 11.775192157023202
44.12944578991184 11.76820081381009
50.65194620839795 11.758641271350855
58.13849706866133 11.745385069097779
66.73158870334451 11.72661982996628
76.59477205978064 11.699204329383452
87.91577153917983 11.657026684088255
100.91005792532147 11.585669663915551
115.82494940573588 11.434311858195251
132.94431873945976 11.113538650520333
152.5939961621412 12.212101923541631
175.14797086112918 12.170782534529968
201.0355090522357 12.076674998671876
230.74932413539574 12.13835978016983
264.85495443049825 12.118032762090786
304.0015269783447 12.118581782495935
348.93411227244684 12.059080172871695
400.5079050673112 12.401492179009601
459.7045011642808 12.37080693333364
527.6505799684115 12.561227927683312
605.6393483985187 12.662834030005628
695.1551542889257 12.740870167358944
797.9017377458794 13.315608494475335
915.8346581622067 13.571150146645868
1051.1985140684287 13.570586123751221
1206.5696642198477 13.846502055540366
1384.9052630232586 14.243504371167285
1589.5995435867774 14.31419676133736
1824.5484196191223 14.45840738335722
2094.223635736031 14.437648621176749
2403.7578774648127 14.483682454750861
2759.0424608322223 14.93590064214277
3166.8394608460544 15.207960612249291
3634.9104129940342 15.226888125523413
4172.164037315167 15.43300611718994
4788.825796652326 15.614591778369768
5496.632516261352 15.695974070349692
6309.055768940742 15.889876585465576
7241.558277335615 16.104392108206017
8311.888213480217 16.216319579653646
9540.416996935459 16.418602253360916
10950.527020779646 16.665746542913496
12569.056684979658 16.8804214086375
14426.811207391915 17.015261404879407
16559.14893457781 17.289711140012052
19006.654311594084 17.514691342374046
21815.91031928529 17.885439049599235
25040.38508075448 18.160934354493996
28741.44951165225 18.34896813638199
32989.54538306029 18.567970733738655
37865.52602852462 18.867339045193162
43462.19521270251 19.029059362741712
49886.07345066536 19.568474651028836
57259.4253959322 19.881842562539738
65722.58688418771 20.16177886970283
75436.63592293861 20.644465215337945
86586.45846362939 20.928996592766968
99384.26730657116 21.24474206229065
114073.6411134417 21.544202451848292
130934.16040123996 21.89604076319494
150286.7287538307 22.20031364395662
172499.6805288529 22.688226049230195
197995.79130700754 23.17523144301596
227260.32451249083 23.851311436449695
260850.26735462053 24.197922674105694
299404.93187686714 24.524118134463045
343658.12288136664 24.971996841653223
394452.1043190916 25.564715952367308
452753.6299657641 26.34755734860623
519672.34349281853 26.879709382783453
596481.898139037 27.4320164935488
684644.1979502136 28.1301063053213
785837.2219665094 28.57600921112829
901986.960930832 29.903173221659234
1035304.0743645398 31.637853338337038
1188325.9656987558 34.43507784265258