1.072566523529377026e-03 9.376471833872219719e+00 7.803250238001494665e+01
1.228231371262409688e-03 9.379059887446912214e+00 6.814202743151454911e+01
1.406488332666874308e-03 9.382473157213722104e+00 5.950494744333477115e+01
1.610616270039403426e-03 9.386982975675060459e+00 5.196238581359031627e+01
1.844369916952626242e-03 9.392956047352127413e+00 4.537559503237051217e+01
2.112048942903461957e-03 9.400892677997580549e+00 3.962340225908327795e+01
2.418577041524260472e-03 9.411484001454368808e+00 3.459997639947101788e+01
2.769592497107021753e-03 9.425700595871361998e+00 3.021287396175713624e+01
3.171551895323226032e-03 9.444935520408018093e+00 2.638132420492274477e+01
3.631848885796450099e-03 9.471247279101545402e+00 2.303471390793993123e+01
4.158950181049028000e-03 9.507799588535501556e+00 2.011122365267810963e+01
4.762551293390227328e-03 9.559724549342659472e+00 1.755653469466725980e+01
5.453754874373558693e-03 9.636009448287161661e+00 1.532240602770953153e+01
6.245274937202923218e-03 9.754301227875689762e+00 1.336441842956788051e+01
7.151670718558851905e-03 9.956490426553463280e+00 1.163533210435633691e+01
8.189614481504162505e-03 1.039175761481773463e+01 1.004031265274116613e+01
9.378198185441355764e-03 1.085142527215444730e+01 8.553170109905179785e+00
1.073928466401533402e-02 7.500518048205777610e+00 7.047178277830425053e+00
1.229790977053522166e-02 7.515137117792748178e+00 6.128024629491582331e+00
1.408274288798661358e-02 7.538668364998678761e+00 5.320368037737306821e+00
1.612661427426510113e-02 7.580942393879893437e+00 4.608801162118499661e+00
1.846711894263038112e-02 7.676606809108613483e+00 3.980733627824215137e+00
2.114730818517076075e-02 8.188653108565757677e+00 3.454673780477250933e+00
2.421648145917511957e-02 6.887109135540012694e+00 2.610949967002454741e+00
2.773109320238701173e-02 6.951075636113077216e+00 2.272629321559575200e+00
3.175579125711971984e-02 6.863069667238772986e+00 2.228874912007242859e+00
3.636460600402723065e-02 7.192402050564501437e+00 2.024719710886934365e+00
4.164231207848274885e-02 7.087896378192792390e+00 1.926627901086789940e+00
4.768598771700449657e-02 7.415470711118334890e+00 1.728771004471993944e+00
5.460680041637966387e-02 7.256542922494420012e+00 1.458191463821825407e+00
6.253205175093805301e-02 7.201022233748028079e+00 1.298493010541942327e+00
7.160751896038734798e-02 7.067014313095568490e+00 1.175538489716720258e+00
8.200013637942582534e-02 7.349713269889918799e+00 1.095599577051550977e+00
9.390106603140525865e-02 7.776716868689968365e+00 1.137403405643503174e+00
1.075292138666083114e-01 7.154077849437455505e+00 9.972625050595316232e-01
1.231352563229015512e-01 7.477198507334864352e+00 1.004936601834199861e+00
1.410062512734048812e-01 7.793490738113739269e+00 9.233843789034136273e-01
1.614709181750463851e-01 7.381552462064576936e+00 9.013143239635649229e-01
1.849056845411656269e-01 7.403720210572248384e+00 8.247456441487077683e-01
2.117416099571096111e-01 7.194412602801294021e+00 7.903318553906957256e-01
2.424723149993110172e-01 6.975665111982739752e+00 7.565572203610910762e-01
2.776630609025508845e-01 7.021792160141045791e+00 7.262209268393641226e-01
3.179611469869983997e-01 7.113572509077553008e+00 7.106025502204692534e-01
3.641078170955176496e-01 7.202839423652982020e+00 6.627604629438782480e-01
4.169518940485014147e-01 6.908472082110827195e+00 6.383308297110779073e-01
4.774653929086792314e-01 6.925783725378130917e+00 6.281942738675110327e-01
5.467614002466207879e-01 6.780515830912846376e+00 5.764234445413357610e-01
6.261145482785235306e-01 6.927448923011968240e+00 5.812725437962796837e-01
7.169844604780006847e-01 6.892350266149065874e+00 5.752531354650111117e-01
8.210425999209493009e-01 6.853776643213156383e+00 5.652481508033828650e-01
9.402030142125177292e-01 6.689338300995800068e+00 5.247734339225190725e-01
1.076657542519004807e+00 6.532242996467801710e+00 5.039485887602629388e-01
1.232916132303578216e+00 6.656069152558568014e+00 5.117126522600542460e-01
1.411853007352689593e+00 6.332434487008184121e+00 4.926758338756998534e-01
1.616759536308850276e+00 5.912631119584633055e+00 4.642807687731166921e-01
1.851404774174650880e+00 6.003480158997057003e+00 4.645850793723972916e-01
2.120104790389741201e+00 5.861557856910679654e+00 4.512149849473813812e-01
2.427802058702865473e+00 5.757940362087831332e+00 4.760025881154795191e-01
2.780156369137927186e+00 5.574521856248970231e+00 4.545177577540385205e-01
3.183648934290714827e+00 5.355883649529100232e+00 4.456112252060967505e-01
3.645701604889679537e+00 5.205560081602904177e+00 4.452485855199736497e-01
4.174813387474307191e+00 5.097721926535776937e+00 4.556900015194166320e-01
4.780716775300128951e+00 4.920203235268300723e+00 4.639974469551276237e-01
5.474556768024335440e+00 4.476582503080126507e+00 4.562234407355278965e-01
6.269095873063831093e+00 4.123608698713333354e+00 4.568455827752306853e-01
7.178948859425041462e+00 3.901792545636390219e+00 4.502315376221949772e-01
8.220851582072359776e+00 3.737611438372491435e+00 4.674808229779440771e-01
9.413968821596300884e+00 3.553089705397717957e+00 4.757156508840948428e-01
1.078024680159066939e+01 3.072901135995708799e+00 4.160435640732398355e-01
1.234481686795090027e+01 2.922958620729025014e+00 4.436602258579679936e-01
1.413645775537891680e+01 2.560820520052091265e+00 4.050866507276458250e-01
1.618812494403441349e+01 2.309969964847071733e+00 3.874238555798951711e-01
1.853755684332995202e+01 2.063975404562484961e+00 3.633699794239353409e-01
2.122796895302726483e+01 2.134714134805846264e+00 3.812175563237550358e-01
2.430884877004871214e+01 1.980542271342871974e+00 4.200199256235481737e-01
2.783686606253633045e+01 2.064455559945507002e+00 5.193752250119062497e-01
3.187691525475865006e+01 1.774016187464980465e+00 5.331124460076622773e-01
3.650330909651545142e+01 1.387892551591837664e+00 5.155291747517101175e-01
4.180114557342022863e+01 1.281939961466829203e+00 6.576998864942805723e-01
4.786787320103719878e+01 9.654788806411982449e-01 5.766828706316941000e-01