1.072865570636483048e-03 7.804527259874615375e+00 5.720415632122757899e+01
1.229215494677809647e-03 7.803700666874553882e+00 4.990425589635606229e+01
1.408350471587620136e-03 7.802605861657187170e+00 4.352922566458281040e+01
1.613590993124403277e-03 7.801151666704240206e+00 3.796080810588491516e+01
1.848741450100201134e-03 7.799212756880584685e+00 3.309564894132291357e+01
2.118160651541942368e-03 7.796614428362478755e+00 2.884335292557195984e+01
2.426842620690638011e-03 7.793108639334948684e+00 2.512476103369469982e+01
2.780509165493760208e-03 7.788334716616116538e+00 2.187040219782585382e+01
3.185715939501109276e-03 7.781751600582999195e+00 1.901906113771374152e+01
3.649973959136084724e-03 7.772513638028834215e+00 1.651637198499734183e+01
4.181888829817591302e-03 7.759224738714096681e+00 1.431326223516175489e+01
4.791320261663579647e-03 7.739400547874219605e+00 1.236382444436461192e+01
5.489564831600097540e-03 7.708116647016780121e+00 1.062135597852733859e+01
6.289565379601116599e-03 7.653809286633897813e+00 9.027666962243070969e+00
7.206150920481324551e-03 7.539006413244549343e+00 7.465798819948513021e+00
8.256311518308301345e-03 7.089016768208025177e+00 5.250893477021340239e+00
9.459513218576499904e-03 8.390456129030752663e+00 7.632109190028960377e+00
1.083805887580636083e-02 8.403095589918144981e+00 6.559043487350108670e+00
1.241750156496122109e-02 8.405616178913824399e+00 5.550150011274855189e+00
1.422711823978186317e-02 8.237589651460440976e+00 4.323542684655297563e+00
1.630045241789070121e-02 9.479827695048982150e+00 4.811784490490361499e+00
1.867593595201559598e-02 8.084813764675983450e+00 3.720937075835850205e+00
2.139760141264364368e-02 8.335141973520689973e+00 3.512215268136656299e+00
2.451589828701222773e-02 7.836993630568487745e+00 2.859160770852799516e+00
2.808862812371046985e-02 7.176502146956119432e+00 2.258712857890420089e+00
3.218201595697071926e-02 7.798890995502170576e+00 2.477119095023851081e+00
3.687193787084486890e-02 7.754109911704840208e+00 1.975997187224379115e+00
4.224532745770899489e-02 8.167339826994629348e+00 1.831747292419688700e+00
4.840178724157108425e-02 7.611111162844844458e+00 1.747642692735337011e+00
5.545543493593652062e-02 8.007300330319205628e+00 1.905161552963995142e+00
6.353701875893927320e-02 8.332258890145148200e+00 1.869596532133288136e+00
7.279634101576132332e-02 8.086467769000853067e+00 1.593608633778652361e+00
8.340503487248422665e-02 7.800802322937654409e+00 1.471759222082590357e+00
9.555974579236287125e-02 7.814589677608167584e+00 1.369121951113951186e+00
1.094857766064384341e-01 7.459451143265159345e+00 1.183834398314638214e+00
1.254412637844516953e-01 7.571886252299790954e+00 1.148416048688484903e+00
1.437219623184829986e-01 7.299031430032582257e+00 1.088472542299552703e+00
1.646667279131457939e-01 7.715998888088797081e+00 1.082373868232247460e+00
1.886637981016134336e-01 7.637863591340701142e+00 1.014106932255248283e+00
2.161579887158539826e-01 7.138383374326520148e+00 8.593931105499842404e-01
2.476589391066843782e-01 7.334546633785500092e+00 8.233521625874647976e-01
2.837505589491534086e-01 7.273178139252097552e+00 7.685286981478680612e-01
3.251018517416555120e-01 7.237289085559724278e+00 7.409445882699452479e-01
3.724793156259217364e-01 7.228252401650337333e+00 7.318949653074574568e-01
4.267611513926604649e-01 6.835368143875557578e+00 6.567311404555657983e-01
4.889535410360777989e-01 6.649481344540720151e+00 6.172089447820010566e-01
5.602092986007234376e-01 6.311686011153319953e+00 5.686267367518313964e-01
6.418492390375345469e-01 6.407687105138397676e+00 5.698382205642318343e-01
7.353866611676593834e-01 6.215110910884487083e+00 5.415539712294052954e-01
8.425553985765381615e-01 6.179885256160307705e+00 5.406689295254745176e-01
9.653419583967957074e-01 6.352872393913052917e+00 5.098820565975639152e-01
1.106022343712640632e+00 6.287814573163815091e+00 4.991886296639174714e-01
1.267204242135284264e+00 5.976988631857365952e+00 4.861756015218720584e-01
1.451875362567603744e+00 5.890753656562383256e+00 4.828645575323264327e-01
1.663458816140681584e+00 5.835690649436259037e+00 4.801589096415291302e-01
1.905876567877439642e+00 5.805054558527348085e+00 4.701023192369316317e-01
2.183622135239622786e+00 5.607142896647695274e+00 4.667216085063202735e-01
2.501843881117003843e+00 5.493654035021440230e+00 4.712853145560671475e-01
2.866440445198970899e+00 5.343484337840630261e+00 4.417522822974665475e-01
3.284170082668806945e+00 5.014456507371237493e+00 4.229463422728154121e-01
3.762775936950662814e+00 4.788221781778709385e+00 4.152953955959230448e-01
4.311129568596935968e+00 4.689385676916885792e+00 4.234151873809618993e-01
4.939395400804196257e+00 4.440407636590710361e+00 4.225719689620245911e-01
5.659219129761829947e+00 4.285696045056840653e+00 4.272691747048611988e-01
6.483943592255824839e+00 3.931984747419482673e+00 4.298413620326483886e-01
7.428856091904799896e+00 3.693479424197912753e+00 4.138103476861239027e-01
8.511471768530711302e+00 3.561974468727830079e+00 4.176951258826978042e-01
9.751858263271319771e+00 3.271454325549997488e+00 4.080223288793839442e-01
1.117300769751005873e+01 3.190731886041419330e+00 4.031913206962006724e-01
1.280126286071983621e+01 2.901333603694273400e+00 4.038040584989430748e-01
1.466680550714776210e+01 2.578276171748522305e+00 3.679294273215379385e-01
1.680421581253301611e+01 2.432323698624715202e+00 3.674863879677744971e-01
1.925311336109068350e+01 2.364619543296049287e+00 4.026656402411765145e-01
2.205889154426022714e+01 2.133780441871518718e+00 4.848016888023507498e-01
2.527355898422182889e+01 1.623871200491705746e+00 3.967410949344447046e-01
2.895670357902211123e+01 1.590985090676760194e+00 4.388070202098405814e-01
3.317659703909599500e+01 1.304518553545387816e+00 4.157003008454918103e-01
3.801146038915672420e+01 1.277272751761104219e+00 4.169537707569521690e-01
4.355091389312069339e+01 1.204852679429347928e+00 5.115821777641993418e-01
4.989763827824585007e+01 7.126966329871260442e-01 4.253676450395955655e-01