1.073199525824229585e-03 6.521722672718945901e+00 6.858659212150067219e+01
1.230314918634472458e-03 6.521464958969082737e+00 5.982069079268354983e+01
1.410431855951509942e-03 6.521125557463157030e+00 5.217316285365023987e+01
1.616917742077586713e-03 6.520678280290363560e+00 4.550102574061740768e+01
1.853632966111312718e-03 6.520088325877090973e+00 3.967952882204790654e+01
2.125003074454328861e-03 6.519309283269102195e+00 3.459981917234267712e+01
2.436101509304500895e-03 6.518278972758052348e+00 3.016690349641562463e+01
2.792744459986057706e-03 6.516913579111359489e+00 2.629786746832116862e+01
3.201599600424503804e-03 6.515099210940503482e+00 2.292031813630135417e+01
3.670310745684735726e-03 6.512679452792327517e+00 1.997101846592608609e+01
4.207640758108128695e-03 6.509436435377966568e+00 1.739468528588370333e+01
4.823635374772561671e-03 6.505060937640878116e+00 1.514292223207270638e+01
5.529811019137222984e-03 6.499102908137722956e+00 1.317325617810743132e+01
6.339370108134109727e-03 6.490884700096431814e+00 1.144823507792239248e+01
7.267447880013527123e-03 6.479337415016367174e+00 9.934515994525805027e+00
8.331395357552107833e-03 6.462661669229802008e+00 8.601789655430868820e+00
9.551103736806110939e-03 6.437528600173262561e+00 7.421125109869034731e+00
1.094937626607057901e-02 6.396813208020934560e+00 6.361288556535892091e+00
1.255235456756545118e-02 6.320832444826354646e+00 5.375861198152511733e+00
1.439000737221223306e-02 6.105961691231766686e+00 4.300657113338547610e+00
1.649669080471843560e-02 6.245440677633463444e+00 3.911752587351212895e+00
1.891179069386706574e-02 6.861358196975070101e+00 4.132051203152427021e+00
2.168045891642335354e-02 6.839907425255359996e+00 3.455342472749692195e+00
2.485445754109110589e-02 6.815356874893907957e+00 3.292795945009317826e+00
2.849312655434371733e-02 6.730680387968223322e+00 2.735452587560948778e+00
3.266449326039914947e-02 6.612951730215527846e+00 2.182986261964082075e+00
3.744654409629906422e-02 7.051168030171912626e+00 2.360434139104339746e+00
4.292868263950944119e-02 6.768075275717609252e+00 1.895957310351948033e+00
4.921340106645128581e-02 7.180718311894238148e+00 1.869166807389500473e+00
5.641819631097499260e-02 7.291542178189526879e+00 1.613682528389292603e+00
6.467776674661829261e-02 7.750458060873964605e+00 1.483988471645236951e+00
7.414653046106345347e-02 7.520369887512397433e+00 1.365216712153510592e+00
8.500151220358670434e-02 7.248882567720172254e+00 1.208503137750720713e+00
9.744565297887669564e-02 7.302259405654448088e+00 1.052376640653978956e+00
1.117116041622490535e-01 7.120206879787057908e+00 9.830716072843704856e-01
1.280660770697303330e-01 7.093584476870521627e+00 9.424496962989028503e-01
1.468148293010773098e-01 7.189375864214783363e+00 8.348049205556146157e-01
1.683083810786852874e-01 7.273383105170365681e+00 7.813653818645877047e-01
1.929485684530921619e-01 7.237112911439725238e+00 7.252443469460616576e-01
2.211960558915526120e-01 7.157220511198993940e+00 6.772538967632878437e-01
2.535789487024553979e-01 7.274984173018352429e+00 7.155646719046881987e-01
2.907026663105080622e-01 7.296754551959026891e+00 6.659058824552116507e-01
3.332612609700448258e-01 7.332330078917583371e+00 6.612420801886851329e-01
3.820503935272289153e-01 7.283276504975125576e+00 6.431827526406973528e-01
4.379822088215357123e-01 7.034374445255175523e+00 5.902929733001048840e-01
5.021023888319058326e-01 6.830787462392694742e+00 5.505239754462333268e-01
5.756097023873225638e-01 6.568111000049854376e+00 5.328686090348998539e-01
6.598784169364783070e-01 6.810031790363173521e+00 5.641405164102024639e-01
7.564839913792646975e-01 6.774634185809218501e+00 5.478670711843462993e-01
8.672325303044294831e-01 6.617241997139266196e+00 5.395141750159146987e-01
9.941945502996913930e-01 6.436192823320326717e+00 5.178744010133046194e-01
1.139743689617632061e+00 6.641306127839336604e+00 5.240367514859827214e-01
1.306601084899968956e+00 6.253351296223648603e+00 4.951505355211929249e-01
1.497886244612171680e+00 6.068310362039634143e+00 4.679333244751986975e-01
1.717175370300665360e+00 5.847770671486550498e+00 4.548711689382538004e-01
1.968568216026773676e+00 5.855126144797159427e+00 4.575898458816809455e-01
2.256764735958391999e+00 5.968954561323338126e+00 4.590422211370172589e-01
2.587152953096385488e+00 5.462312386228971306e+00 4.576110235960695327e-01
2.965909691899204059e+00 5.379803594050872384e+00 4.472320973490625517e-01
3.400116058068218372e+00 5.369580755211643464e+00 4.674480757284424359e-01
3.897889824464102038e+00 5.126194428287591087e+00 4.576387630560105890e-01
4.468537198195823734e+00 4.809422410559230698e+00 4.545355041655855244e-01
5.122726806267554167e+00 4.590301202033513661e+00 4.479566590187257225e-01
5.872689152559262382e+00 4.361119199430147475e+00 4.738329922377840231e-01
6.732445275120130468e+00 4.196966967306742013e+00 4.742890283541965069e-01
7.718068878672864841e+00 3.903811421027335804e+00 4.756262193241855285e-01
8.847986843068056828e+00 3.582907443645566126e+00 4.875005181100121598e-01
1.014332372589126052e+01 3.234066341428474711e+00 4.447406295695081613e-01
1.162829669992505544e+01 3.038204763952180976e+00 4.371269909034538048e-01
1.333066830908098588e+01 2.776697676094714851e+00 4.401668241333197562e-01
1.528226550737060663e+01 2.681364745507018199e+00 4.755667143221317672e-01
1.751957468468961920e+01 2.455556010364266406e+00 4.813052052916558243e-01
2.008442380381252690e+01 2.169232933488455473e+00 4.288772854884759789e-01
2.302476440159641413e+01 1.949565967141137834e+00 3.957140807797054904e-01
2.639556807441929465e+01 1.780385053962670661e+00 4.027762033839711875e-01
3.025985420823658600e+01 1.631945845629015235e+00 4.382778104474265302e-01
3.468986816734305023e+01 1.672603147466228846e+00 4.707336323914819154e-01
3.976843196885212706e+01 1.370481983094059775e+00 5.066223172463805158e-01
4.559049269463834264e+01 1.008812369017336730e+00 4.194606549927436534e-01
5.226489758931935370e+01 7.520055254456861071e-01 5.532283572530457549e-01