2.219234462920999462e+01 1.880932205561773429e+01
2.556177363046815998e+01 1.880931421307158757e+01
2.944277777100099414e+01 1.880930380103098187e+01
3.391302870467809072e+01 1.880928997341115760e+01
3.906199085118521452e+01 1.880927160254047337e+01
4.499271187322757015e+01 1.880924718638705428e+01
5.182388499908862656e+01 1.880921471656899513e+01
5.969222446439971463e+01 1.880917150191033471e+01
6.875520161352126536e+01 1.880911392565308660e+01
7.919419641892039863e+01 1.880903710669965889e+01
9.121812749081024663e+01 1.880893441629373797e+01
1.050676332254795113e+02 1.880879678388074439e+01
1.210198877708384089e+02 1.880861166105291105e+01
1.393941481924866821e+02 1.880836142881146600e+01
1.605581438573361197e+02 1.880802082960455124e+01
1.849354359073626597e+02 1.880755256128037445e+01
2.130138941107565529e+02 1.880689903151400344e+01
2.453554607401347312e+02 1.880596471189837260e+01
2.826073968851214886e+02 1.880456747935289741e+01
3.255152362749923896e+02 1.880212318374608671e+01
3.749377058599650354e+02 1.879967822386832310e+01
4.318639117610285894e+02 1.879419973514760756e+01
4.974331345356754355e+02 1.876305612310464355e+01
5.729576299278921852e+02 1.881341166068225235e+01
6.599488914203877812e+02 1.881915938157168711e+01
7.601479001890792233e+02 1.881660202081276267e+01
8.755599678608921295e+02 1.880939593095393292e+01
1.008494869393023464e+03 1.880778040451633970e+01
1.161613069264538581e+03 1.879630701145718419e+01
1.337978966118393600e+03 1.879299715958442007e+01
1.541122221454241298e+03 1.871839915127360854e+01
1.775108399760817974e+03 1.883735931370916106e+01
2.044620333829227548e+03 1.880931205080213431e+01
2.355051843634579200e+03 1.885534177429566682e+01
2.712615684408952347e+03 1.883610456481877904e+01
3.124467884301571303e+03 1.884127710228629482e+01
3.598850960031601517e+03 1.885893551732948126e+01
4.145258876749681804e+03 1.886562507109297115e+01
4.774627053497416455e+03 1.883603472769739540e+01
5.499551216898833445e+03 1.880978874759513175e+01
6.334539483065786953e+03 1.891864308665832084e+01
7.296302712705059093e+03 1.891687073004929687e+01
8.404088950387607838e+03 1.890322358494481136e+01
9.680068641209365524e+03 1.889021062253738137e+01
1.114977833429561724e+04 1.891209923175840046e+01
1.284263175311497798e+04 1.892395733502634414e+01
1.479250846080041629e+04 1.889294415479981382e+01
1.703843190160595259e+04 1.891830545788823414e+01
1.962535038833807630e+04 1.891160954047862930e+01
2.260503666588817578e+04 1.883417112578493402e+01
2.603712405409034545e+04 1.904756812638104435e+01
2.999029990652985362e+04 1.914887969022468894e+01
3.454368027033726685e+04 1.920864180921881115e+01
3.978839325843072584e+04 1.926632357164022125e+01
4.582940282269116869e+04 1.937717385682994831e+01
5.278760942776835145e+04 1.947165160225329927e+01
6.080226966690790141e+04 1.964230366216784773e+01
7.003378324426767358e+04 1.969982427477450670e+01
8.066690310040360782e+04 1.997440278507291822e+01
9.291443292609100172e+04 2.022456937481084083e+01
1.070214860638906248e+05 2.055013272521230761e+01
1.232703910320835130e+05 2.090387554360179934e+01
1.419863418466380099e+05 2.136151069875275965e+01
1.635439062227301765e+05 2.175342360322609281e+01
1.883745219063299301e+05 2.214088253659020822e+01
2.169751311620958149e+05 2.263277103221594189e+01
2.499181262220722565e+05 2.325039673542912055e+01
2.878628047363192309e+05 2.383152472615586959e+01
3.315685644867074443e+05 2.441130016702996031e+01
3.819101014334873180e+05 2.494982967457641720e+01
4.398949152575167827e+05 2.545095776230938966e+01
5.066834727416044916e+05 2.623263010350912339e+01
5.836124325265327934e+05 2.697916680504348363e+01
6.722213960454866756e+05 2.747885471881182795e+01
7.742837200110533740e+05 2.826656254444165128e+01
8.918420071139599895e+05 2.899835392555248248e+01
1.027248985219140886e+06 2.965431696131646078e+01
1.183214593186252052e+06 3.055242178963029076e+01
1.362860215656722896e+06 3.248914780890809340e+01
1.569781152223766316e+06 3.460523057182562212e+01
