1.068660245554243745e-03 8.244557095276226377e+00 2.546730186982177315e+02
1.215409195301869923e-03 8.244554339418282751e+00 2.239233346357525534e+02
1.382309782898495133e-03 8.244550774137085369e+00 1.968863276836928264e+02
1.572129241150184041e-03 8.244546161861165956e+00 1.731137208572268094e+02
1.788014800630941849e-03 8.244540195010662487e+00 1.522113613346959085e+02
2.033545871162828391e-03 8.244532475095430968e+00 1.338326853132070369e+02
2.312793388882546011e-03 8.244522486592700261e+00 1.176729720029200479e+02
2.630387312876361627e-03 8.244509561809630682e+00 1.034642912664547936e+02
2.991593390486079959e-03 8.244492835666598296e+00 9.097106131127510764e+01
3.402400464064535800e-03 8.244471187264524659e+00 7.998614270281335337e+01
3.869619766737625137e-03 8.244443162899774080e+00 7.032740394665576389e+01
4.400997853509149016e-03 8.244406876320338640e+00 6.183470170514943476e+01
5.005345040120427400e-03 8.244359877466662212e+00 5.436722556285824481e+01
5.692681479197196463e-03 8.244298980223941697e+00 4.780116332137230017e+01
6.474403295644750103e-03 8.244220034708959588e+00 4.202764809930316403e+01
7.363471535837104627e-03 8.244117624887238094e+00 3.695095319044212800e+01
8.374627063401628504e-03 8.243984663881528618e+00 3.248690473205908802e+01
9.524634964598373971e-03 8.243811847364952428e+00 2.856148583444800337e+01
1.083256251556609893e-02 8.243586907014154974e+00 2.510960898560013987e+01
1.232009532016703490e-02 8.243293576517315202e+00 2.207403630814585682e+01
1.401189686003575727e-02 8.242910135010168560e+00 1.940442965630612804e+01
1.593601741821734988e-02 8.242407313066053121e+00 1.705651462824096143e+01
1.812435915640037837e-02 8.241745208224230623e+00 1.499134434056815834e+01
2.061320505678389259e-02 8.240868609247602450e+00 1.317465026183256072e+01
2.344382049850142133e-02 8.239699664542088797e+00 1.157626846342433069e+01
2.666313744281487499e-02 8.238125919422548904e+00 1.016963015325584507e+01
3.032453257095533289e-02 8.235979851958498799e+00 8.931304883064086653e+00
3.448871227623426239e-02 8.233001807975066200e+00 7.840582263484883185e+00
3.922471918370609018e-02 8.228767933074665919e+00 6.879070302734958453e+00
4.461107688560514428e-02 8.222536605005581478e+00 6.030265914331851995e+00
5.073709187241496471e-02 8.212877704226013265e+00 5.278979802433315882e+00
5.770433424575147074e-02 8.196596878314569068e+00 4.610205388924926595e+00
6.562832176346640456e-02 8.164477442913094407e+00 4.005354019971812285e+00
7.464043513865148416e-02 8.065340009866357462e+00 3.411605635702560146e+00
8.489009634844235652e-02 8.121850239864567556e+00 3.027962189971311613e+00
9.654724606925733921e-02 8.377845360666526631e+00 2.826268679615818069e+00
1.098051613146597827e-01 8.296098446971717166e+00 2.390014495645503612e+00
1.248836599926356206e-01 8.567181169506637772e+00 2.179856615202640846e+00
1.420327455142497697e-01 8.620567991547037678e+00 1.932355997558003358e+00
1.615367518817534820e-01 8.450152368869686015e+00 1.672764070083655241e+00
1.837190579822258196e-01 8.420769856758784755e+00 1.498766519558723420e+00
2.089474492503338721e-01 8.598599150099270005e+00 1.334013548316903108e+00
2.376402155972556218e-01 8.393455652789501897e+00 1.151459332968953975e+00
2.702730867101977852e-01 8.330283935660158789e+00 1.048897555390909453e+00
3.073871197106491371e-01 8.237491663710599710e+00 9.211841264793665385e-01
3.495976699497390650e-01 8.239749467873432209e+00 8.161537344762003210e-01
3.976045936776203549e-01 8.261888062900865748e+00 7.519779075395152113e-01
4.522038517484218145e-01 8.208893728753587027e+00 6.592576821492627248e-01
5.143007067516649489e-01 8.093768521124671267e+00 5.821021060329127916e-01
5.849247323802461151e-01 7.933505740099032977e+00 5.261434806623620508e-01
6.652468838922025451e-01 8.012461674209660600e+00 4.827100614384638999e-01
7.565989126966711220e-01 7.925312273430964893e+00 4.344794635164598295e-01
8.604954469603260936e-01 7.988706810503137135e+00 4.057030014560547571e-01
9.786591043335359785e-01 7.885735994457501619e+00 3.731254554472288043e-01
1.113049053168410296e+00 7.879093992745685782e+00 3.451228965918498592e-01
1.265893495777334010e+00 7.808415952958698725e+00 3.216336022374152170e-01
1.439726612308518394e+00 7.768578118459697812e+00 3.111151162632798672e-01
1.637430577772683860e+00 7.679768812690721091e+00 2.943759170042766216e-01
1.862283348868484234e+00 7.585282730273072538e+00 2.875994535555462805e-01
2.118013012918264160e+00 7.547330037258719315e+00 2.778410972089087605e-01
2.408859600026369119e+00 7.425804764123935975e+00 2.741256666542695730e-01
2.739645383313385807e+00 7.277013445255223090e+00 2.762714762171428196e-01
3.115854832813082176e+00 7.226158470279143486e+00 2.768442468709086390e-01
3.543725548677730597e+00 7.065951592967840256e+00 2.768002768436881866e-01
4.030351681375851314e+00 7.048561785995437035e+00 2.882239499390515380e-01
4.583801553602302903e+00 6.844868472465042153e+00 2.948186667444612219e-01
5.213251434086822123e+00 6.704909278770864844e+00 3.093197419325357522e-01
5.929137681287654615e+00 6.404147936654331907e+00 3.115359513021526694e-01
6.743329779531917367e+00 6.034821934979090585e+00 3.295237224130040943e-01
7.669327136563733660e+00 5.985127176801303683e+00 3.539469666962982708e-01
8.722482905428320166e+00 5.504766530431065341e+00 3.702448905328362128e-01
9.920258541687129394e+00 5.084379613981938384e+00 3.640167307161946142e-01
1.128251331655478040e+01 4.633564356381946858e+00 3.781591299135851347e-01
1.283183358612213176e+01 4.294085660539284532e+00 4.063990101804902388e-01
1.459390727599082282e+01 3.859971472315739671e+00 4.321906545416475676e-01
1.659794979032162843e+01 3.593667579093233311e+00 4.914422808970900225e-01
1.887718840692260969e+01 3.429075152654132541e+00 6.092646137690953534e-01
2.146941318970866774e+01 2.886337452653814584e+00 6.818825327556458094e-01
2.441760355273052951e+01 2.225629632057144036e+00 8.584150824932210710e-01
2.777064086428385536e+01 2.162519818567755436e+00 1.450939550409445555e+00
