1.068116779183932684e-03 1.003298140323473753e+01 2.447929737496460803e+02
1.213630128764582160e-03 1.003308323456817064e+01 2.154389407323712646e+02
1.378967279748630767e-03 1.003321475022920417e+01 1.896039500839631557e+02
1.566828899141641928e-03 1.003338462127758035e+01 1.668660040995819429e+02
1.780283575425311475e-03 1.003360406483887779e+01 1.468536926484410685e+02
2.022817941809366277e-03 1.003388759821159226e+01 1.292401261186718671e+02
2.298393627952417199e-03 1.003425402458755933e+01 1.137375955664856093e+02
2.611511970418400538e-03 1.003472772141250502e+01 1.000928726373066411e+02
2.967287538868772397e-03 1.003534033142685722e+01 8.808307241947574084e+01
3.371531678989490161e-03 1.003613299332154618e+01 7.751201154081182665e+01
3.830847436768210212e-03 1.003715930192300831e+01 6.820700179444237676e+01
4.352737414643556221e-03 1.003848926673645003e+01 6.001602658508063115e+01
4.945726321281387027e-03 1.004021465848810735e+01 5.280525355545459831e+01
5.619500216743161108e-03 1.004245632035713243e+01 4.645684189964799771e+01
6.385064727519066882e-03 1.004537432597637725e+01 4.086700713932055606e+01
7.254924815758128850e-03 1.004918237540866244e+01 3.594430931025430453e+01
8.243289039100185761e-03 1.005416871512590404e+01 3.160813228527306151e+01
9.366301637551619624e-03 1.006072751065572213e+01 2.778732136902226912e+01
1.064230623838203181e-02 1.006940780170456229e+01 2.441894119773072092e+01
1.209214548647734137e-02 1.008099385359524369e+01 2.144710077514012525e+01
1.373950149440206214e-02 1.009664594424707573e+01 1.882175179530394615e+01
1.561128267318505000e-02 1.011816938527787535e+01 1.649725226088905217e+01
1.773806326243964129e-02 1.014859409549681502e+01 1.443012454384936305e+01
2.015458273923608629e-02 1.019366539102274416e+01 1.257402165200116961e+01
2.290031326322176236e-02 1.026699401368410847e+01 1.086214299245282078e+01
2.602010442680927071e-02 1.042523713713114475e+01 9.073705824945530907e+00
2.956491584197691938e-02 1.041501424940184251e+01 8.118840230312443396e+00
3.359264952997589176e-02 9.973751248765285737e+00 8.392340875398515365e+00
3.816909571044908855e-02 1.014570269063878172e+01 7.378234196556863189e+00
4.336900743876716258e-02 1.057520162037079636e+01 6.473337446434853426e+00
4.927732164503280388e-02 1.058171647581249708e+01 5.621568505770659918e+00
5.599054651957342810e-02 9.254050107245326728e+00 4.771749985175586239e+00
6.361833790689636059e-02 8.136279314044463362e+00 3.835405052516084101e+00
7.228529045740206271e-02 8.320216985216593031e+00 3.589474694570642832e+00
8.213297279406861495e-02 8.462267982432331692e+00 3.277882692003317278e+00
9.332223993713557875e-02 8.494716232999804717e+00 2.799572812596366145e+00
1.060358607586312230e-01 8.419907098042790139e+00 2.453041629016936565e+00
1.204815033843790184e-01 8.568755752943495452e+00 2.245684440827149686e+00
1.368951273079428432e-01 8.779283273616025340e+00 2.039485287177200235e+00
1.555448376243257491e-01 8.105928972770552576e+00 1.675890118586945476e+00
1.767352643396394307e-01 8.338294268666594178e+00 1.614438330758835027e+00
2.008125382897136268e-01 8.419477452204128909e+00 1.413811381858717686e+00
2.281699449458043372e-01 8.701715287812440636e+00 1.256413521382535148e+00
2.592543484583711422e-01 8.394543591179788322e+00 1.095765404344074989e+00
2.945734908711973299e-01 8.414246839625056040e+00 9.792116916287101347e-01
3.347042857334241450e-01 8.242130410545525976e+00 8.496343550418256063e-01
3.803022415798631428e-01 8.214821932193192566e+00 7.514540368425867145e-01
4.321121692055631680e-01 8.135435773284921623e+00 6.811272445674850795e-01
4.909803476304938075e-01 8.083417494308806184e+00 6.083540125435403789e-01
5.578683474768872941e-01 7.998814139643779519e+00 5.448479109756640959e-01
6.338687375544639346e-01 7.979396469408191805e+00 4.882536911296381232e-01
7.202229312096545266e-01 7.981027631635464026e+00 4.461452420823434073e-01
8.183414639464798856e-01 7.864596767298640323e+00 4.080905429356906922e-01
9.298270335398762798e-01 7.886243831863160025e+00 3.830932240356441087e-01
1.056500678985649255e+00 7.919733786407609166e+00 3.687294158349237461e-01
1.200431525901929808e+00 7.851747552878517666e+00 3.357286559684426464e-01
1.363970584252514939e+00 7.678967212496759842e+00 3.112594853406539519e-01
1.549789150454329967e+00 7.625131548251499858e+00 2.988210970824660140e-01
1.760922441140634120e+00 7.541904251015692395e+00 2.871817393842663879e-01
2.000819171307048894e+00 7.502666804546431756e+00 2.826120897593926151e-01
2.273397886664850098e+00 7.421282741741481281e+00 2.796439184928275479e-01
2.583110970351186975e+00 7.311658354865751441e+00 2.752461361933521977e-01
2.935017369501196072e+00 7.208320507851021297e+00 2.738491289253520700e-01
3.334865229619833560e+00 7.137730664517364154e+00 2.788754447747251453e-01
3.789185786528211253e+00 7.036152782642296266e+00 2.859476555726322422e-01
4.305400049543884222e+00 6.726950803011515490e+00 2.790189202162053905e-01
4.891940018490426922e+00 6.599736626866580913e+00 2.943194834047260233e-01
5.558386414531538477e+00 6.520144347074476876e+00 3.025936385654710570e-01
6.315625174566765310e+00 6.236206422914941427e+00 3.118628849946123993e-01
7.176025265415660215e+00 5.993671702923769828e+00 3.244666428128119562e-01
8.153640722260938389e+00 5.829543468324204447e+00 3.523773506333782723e-01
9.264440211507672274e+00 5.359449734517380826e+00 3.821495084355367999e-01
1.052656786780769771e+01 4.888888406642529993e+00 3.653672296162916999e-01
1.196063966583997029e+01 4.427444823897181969e+00 3.950521787989921263e-01
1.359008016787316819e+01 4.049829530330670835e+00 4.455386569975153810e-01
1.544150514764708326e+01 3.706044588820909702e+00 4.626495376813927751e-01
1.754515634046674677e+01 3.487103881807593453e+00 5.754053648826348288e-01
1.993539542084901939e+01 2.977508251827225561e+00 6.755054450286830381e-01
2.265126527650172861e+01 2.729321044911235283e+00 8.037371342185442025e-01
2.573712774665402492e+01 2.650157659475583127e+00 1.329114538792171896e+00
