1.068362444713450744e-03 8.574418861237724343e+00 2.477520617362137898e+02
1.214434181834752029e-03 8.574406966409693354e+00 2.179513815887144403e+02
1.380477561062358862e-03 8.574391593666419453e+00 1.917349605154043104e+02
1.569223202954928486e-03 8.574371724825747165e+00 1.686716634947050579e+02
1.783775071865070349e-03 8.574346043259538419e+00 1.483822093070440928e+02
2.027661521328286143e-03 8.574312845520163151e+00 1.305329331256687908e+02
2.304893318627078847e-03 8.574269926283911047e+00 1.148302992819984780e+02
2.620029602757171713e-03 8.574214430483991123e+00 1.010160740013186285e+02
2.978252860489356228e-03 8.574142658112783977e+00 8.886307857090856999e+01
3.385454153525116645e-03 8.574049811375713759e+00 7.817145327211633798e+01
3.848329998325684433e-03 8.573929661649398071e+00 6.876537046579854007e+01
4.374492491824993716e-03 8.573774112278416126e+00 6.049014285578651595e+01
4.972594494068576301e-03 8.573572619496474090e+00 5.320967928081008580e+01
5.652471926434922758e-03 8.573311421926987919e+00 4.680424616909525071e+01
6.425305525565405511e-03 8.572972505707015856e+00 4.116849774164003151e+01
7.303804713082397496e-03 8.572532201127989637e+00 3.620974245038682682e+01
8.302416604874275630e-03 8.571959254283772367e+00 3.184641692876399688e+01
9.437563597151785860e-03 8.571212135292929801e+00 2.800674203293407061e+01
1.072791343643171580e-02 8.570235206806355421e+00 2.462753832818036059e+01
1.219468621480921527e-02 8.568953139443904021e+00 2.165318063303688589e+01
1.386200333912477115e-02 8.567262535065403029e+00 1.903467284459185294e+01
1.575728421290194942e-02 8.565018919347984649e+00 1.672882496464614732e+01
1.791169715457923556e-02 8.562015681784000520e+00 1.469751334348468674e+01
2.036067196748723648e-02 8.557948198490032965e+00 1.290700097670770674e+01
2.314448259089934429e-02 8.552348741899660212e+00 1.132728277252508242e+01
2.630890941398291230e-02 8.544458549702541816e+00 9.931387961554868582e+00
2.990599214455211263e-02 8.532948269504446515e+00 8.694474139992687256e+00
3.399488561371778739e-02 8.515208930884545779e+00 7.592204911426346570e+00
3.864283259033353402e-02 8.485087869563390228e+00 6.596339437826339136e+00
4.392626960338916892e-02 8.421751758984219904e+00 5.653814422534511941e+00
4.993208395784883014e-02 8.190114425706330081e+00 4.507623989768806183e+00
5.675904261584048538e-02 8.726365591714708714e+00 4.908548710334920351e+00
6.451941644146810817e-02 8.705884541257990605e+00 4.283715139142374895e+00
7.334082652031606586e-02 8.656790258938574567e+00 3.708396262107093388e+00
8.336834291678385522e-02 8.446563298643322781e+00 3.079816504895506402e+00
9.476687038378517336e-02 8.936971872269266370e+00 3.024716336682776063e+00
1.077238602583417415e-01 8.945482114824216069e+00 2.631291128093944387e+00
1.224523931408025013e-01 8.947158809546854386e+00 2.258000435951594831e+00
1.391946830530382817e-01 8.972352126300593866e+00 1.913246464042549722e+00
1.582260607022776266e-01 9.266255989906124313e+00 1.843507235459950877e+00
1.798595013562507283e-01 9.328053002145120232e+00 1.617555603714998735e+00
2.044507717915618472e-01 8.742040897946976585e+00 1.385450258212114871e+00
2.324042809580079139e-01 8.746991169379366937e+00 1.202014617724892487e+00
2.641797305743300850e-01 8.866862478501422729e+00 1.098668709547736766e+00
3.002996750259341874e-01 8.697235345163980114e+00 9.698072290142986107e-01
3.413581148887896433e-01 8.754837190073986974e+00 8.589277237109955720e-01
3.880302654019349706e-01 8.767396356552143999e+00 7.843372473183650717e-01
4.410836605333059435e-01 8.598925284497543231e+00 6.962078239047458927e-01
5.013907752477353430e-01 8.401402981663656178e+00 6.242714949841726702e-01
5.699433735531505008e-01 8.285482579254821900e+00 5.586577728015517108e-01
6.478688182818005403e-01 8.193691232774396482e+00 4.910944027340340412e-01
7.364486108245174023e-01 8.154248650467200932e+00 4.359627012882884012e-01
8.371394657080947210e-01 8.164738191819086666e+00 4.050054959147461608e-01
9.515972665919298912e-01 8.040616128693601539e+00 3.681168937776176375e-01
1.081704297645653678e+00 7.975732712020249693e+00 3.497262896040378433e-01
1.229600198133860012e+00 7.981777197712782268e+00 3.259922080402758993e-01
1.397717149263008718e+00 7.930163179274428487e+00 3.165653951878897310e-01
1.588819871946078433e+00 7.916441266166272861e+00 3.039811518959408820e-01
1.806051093257169615e+00 7.799598389221479522e+00 2.873562740196520249e-01
2.052983229282091759e+00 7.641517357820970524e+00 2.779516486537303988e-01
2.333677134300970124e+00 7.512835495316389611e+00 2.777525627500544436e-01
2.652748882446358536e+00 7.370187437636118055e+00 2.791353308923826826e-01
3.015445680076175083e+00 7.371160042820458891e+00 2.814086386396085215e-01
3.427732157257419310e+00 7.334706788930557941e+00 2.832135084685573068e-01
3.896388457443474618e+00 7.076845630699089007e+00 2.849280014655352633e-01
4.429121738451691215e+00 6.952932353520344222e+00 2.908842725255705863e-01
5.034692918399787942e+00 6.751581586437465532e+00 3.027910252468449803e-01
5.723060750966402210e+00 6.572531248225351952e+00 3.144904625636043560e-01
6.505545599325726513e+00 6.387256145785466188e+00 3.267641921028023311e-01
7.395015602055206472e+00 6.010082327655645429e+00 3.392977653876142474e-01
8.406098292556414719e+00 5.580129388838935611e+00 3.533476122321115853e-01
9.555421152117862249e+00 5.339498021086226842e+00 3.816855764817229102e-01
1.086188505256865611e+01 4.841060335275090942e+00 4.054074670933782154e-01
1.234697508534882004e+01 4.334820517388550343e+00 4.115222958876396109e-01
1.403511388864984610e+01 3.828642233309636378e+00 4.254964842592460772e-01
1.595406328316946620e+01 3.461288537261459908e+00 4.462998183515217709e-01
1.813538082147061914e+01 3.230517018656721362e+00 4.857742746919711530e-01
2.061493875900096029e+01 2.782541693317131859e+00 5.977565898563255153e-01
2.343351398136771024e+01 2.593741862871174142e+00 7.351516124999603052e-01
2.663745858935396171e+01 1.883711030685935262e+00 8.932416944255291424e-01
