1.068316408209959685e-03 7.937134441197422063e+00 1.973211294972932421e+02
1.214283487891298788e-03 7.937007369959652614e+00 1.735942967440312827e+02
1.380194460774090059e-03 7.936843090372106779e+00 1.527186437064273150e+02
1.568774317156825969e-03 7.936630664417224423e+00 1.343512978149166486e+02
1.783120370437198945e-03 7.936355910861345286e+00 1.181905829857306145e+02
2.026753128665763435e-03 7.936000423395883629e+00 1.039710641855290447e+02
2.303674116823250205e-03 7.935540280038034133e+00 9.145918714758930435e+01
2.618431599518480923e-03 7.934944336270749687e+00 8.044944125939015578e+01
2.976195283563605378e-03 7.934171953270964472e+00 7.076098258083644055e+01
3.382841227372581413e-03 7.933169950122470837e+00 6.223466116414701332e+01
3.845048351769914195e-03 7.931868472926874247e+00 5.473040348558956936e+01
4.370408137343005997e-03 7.930175325402590403e+00 4.812490633385723982e+01
4.967549310052715196e-03 7.927968066581649431e+00 4.230960325195502492e+01
5.646279562990045783e-03 7.925082786148877290e+00 3.718886847331415879e+01
6.417746641975606570e-03 7.921297792413731997e+00 3.267842609747592775e+01
7.294621440738214418e-03 7.916309247765966894e+00 2.870393367056001921e+01
8.291306112903407133e-03 7.909693564201473848e+00 2.519970856960312133e+01
9.424170618909093189e-03 7.900847049632715446e+00 2.210756084491225337e+01
1.071182159299249696e-02 7.888884390745186437e+00 1.937568323782419455e+01
1.217540794623077002e-02 7.872457878508277496e+00 1.695751739430211913e+01
1.383896822498574541e-02 7.849411834738559079e+00 1.481043574100249316e+01
1.572982542991132118e-02 7.816058765496938676e+00 1.289386071705149917e+01
1.787903578019377215e-02 7.765462890721514633e+00 1.116575699814044853e+01
2.032189879371416180e-02 7.682556336446029199e+00 9.573757491846475176e+00
2.309853706089988815e-02 7.525227231150548590e+00 8.022289513554243356e+00
2.625455523471052766e-02 7.062637164507895804e+00 6.094563981257949514e+00
2.984178906028136374e-02 7.541200114049886771e+00 6.187756018185368134e+00
3.391915674659674862e-02 8.869265826024111732e+00 7.720515769335242418e+00
3.855362666347297157e-02 8.895591525216607565e+00 6.764617183172004111e+00
4.382131725770538333e-02 8.940382794353572748e+00 5.910058763343912780e+00
4.980874725385649182e-02 9.042888643718793418e+00 5.111945976672065406e+00
5.661425667349882784e-02 9.081655512964672994e+00 4.479909247434066266e+00
6.434962201231918255e-02 8.907090407939232790e+00 4.124559506327664771e+00
7.314189210341959235e-02 9.176632770416819795e+00 3.612687990870938393e+00
8.313547481979167986e-02 8.234587883336175196e+00 2.968474727662509860e+00
9.449450888882710009e-02 8.265876293702872246e+00 2.518398389474163501e+00
1.074055597745246643e-01 8.391651400979750264e+00 2.408098871572349697e+00
1.220806839056759741e-01 8.383752286690061339e+00 2.103575402198771815e+00
1.387609115781783808e-01 8.655760428393485029e+00 1.931862226209280164e+00
1.577202057361003218e-01 8.316521807330254035e+00 1.722749826038442400e+00
1.792699616521528372e-01 8.452044711030490376e+00 1.573829630098800392e+00
2.037641214121774236e-01 8.387561431249849875e+00 1.372892616718041525e+00
2.316049872060536308e-01 8.413672290364248241e+00 1.236846844129446454e+00
2.632498289049161611e-01 8.385356419159398556e+00 1.083116863891810944e+00
2.992183944502567750e-01 8.123145378617033785e+00 9.245380944775891674e-01
3.401014464086417055e-01 8.279582135862057157e+00 8.429622692448348609e-01
3.865704648999426785e-01 8.284292709154463807e+00 7.495572077453671600e-01
4.393886762639794830e-01 8.403045600064094955e+00 6.691647464665509970e-01
4.994235886049471218e-01 8.253324496772096452e+00 5.976464004480125380e-01
5.676612401025842303e-01 8.274246284420842201e+00 5.445605549781997734e-01
6.452223941102244176e-01 8.236186761105519949e+00 4.889918199255484654e-01
7.333809470347075754e-01 8.228221337338119667e+00 4.516518707965122004e-01
8.335848513367674073e-01 8.034141532192508706e+00 4.107239993278586909e-01
9.474798972998896840e-01 7.991550123820718277e+00 3.857425278993151796e-01
1.076936744169229687e+00 7.956393048825006531e+00 3.569151903383165902e-01
1.224081644631169752e+00 7.807254869849469259e+00 3.332194420570402382e-01
1.391331367265053354e+00 7.737413970596019652e+00 3.096121748655083494e-01
1.581432890547854964e+00 7.643260009388378684e+00 2.971797473262916545e-01
1.797508520362502527e+00 7.653989759493341261e+00 2.859845373902775156e-01
2.043107172038433283e+00 7.547427526120798369e+00 2.762342040056784964e-01
2.322262659201780988e+00 7.488896901681451723e+00 2.740729186005087525e-01
2.639559946795331680e+00 7.399167576178031780e+00 2.728513218546212982e-01
3.000210456435190132e+00 7.372153357749544611e+00 2.771428567020030598e-01
3.410137660950422145e+00 7.295651300747332257e+00 2.851163289885339513e-01
3.876074373945714413e+00 7.089136021963597045e+00 2.819519698882773651e-01
4.405673332310993118e+00 6.936288651369003411e+00 2.899809147440041701e-01
5.007632887930776100e+00 6.884626964113730985e+00 3.098029963162593492e-01
5.691839873005772432e+00 6.722797401742097279e+00 3.230859205394984168e-01
6.469531985465748036e+00 6.486228689319676555e+00 3.439698485075700640e-01
7.353482361558685731e+00 6.030414211976451888e+00 3.411634758731294514e-01
8.358209367112648280e+00 5.709607265528744868e+00 3.536314567328472380e-01
9.500215053168602708e+00 5.292029250665045481e+00 3.729503574576089053e-01
1.079825619247793611e+01 4.873525089118937004e+00 3.926480455686985893e-01
1.227365234848003261e+01 4.487919888178704575e+00 4.024492933440804165e-01
1.395063603661183294e+01 3.945124253325468011e+00 4.412697843017853172e-01
1.585675072914332873e+01 3.653067790118789127e+00 4.819766635038691960e-01
1.802330324053477284e+01 3.132451062080533255e+00 5.400142450584085596e-01
2.048587792347930048e+01 2.742188154178906156e+00 5.688362830693399763e-01
2.328492112099895195e+01 2.491312720485708176e+00 6.284562539299042294e-01
2.646640547387668718e+01 1.761221209006010202e+00 6.945856453248259177e-01
