2.205226304826288697e+01 1.859724522183278239e+01
2.510089483599093541e+01 1.859723634935101444e+01
2.857098703151500629e+01 1.859722485125200109e+01
3.252080474774725616e+01 1.859720994811160466e+01
3.701666800221217102e+01 1.859719063046068754e+01
4.213406527342826280e+01 1.859716558667005515e+01
4.795892100173413297e+01 1.859713311308487604e+01
5.458903831672516560e+01 1.859709099581202452e+01
6.213574121563615194e+01 1.859703635342572525e+01
7.072574376591654755e+01 1.859696543214757014e+01
8.050327771713008929e+01 1.859687333321732083e+01
9.163251424617079977e+01 1.859675364984751056e+01
1.043003204984785555e+02 1.859659797959975691e+01
1.187193972093801619e+02 1.859639526230830242e+01
1.351318500882668161e+02 1.859613087042857060e+01
1.538132549314782977e+02 1.859578533752614860e+01
1.750772847197934539e+02 1.859533254677220171e+01
1.992809763925136508e+02 1.859473708307572082e+01
2.268307257307139935e+02 1.859395024298953558e+01
2.581891110076641098e+02 1.859290378919376252e+01
2.938826599799639894e+02 1.859149970697639276e+01
3.345106906322452005e+02 1.858959240266085899e+01
3.807553741173109074e+02 1.858695543089324076e+01
4.333931888550485496e+02 1.858321318372112430e+01
4.933079581119121144e+02 1.857768175782693731e+01
5.615056899704416082e+02 1.856892402363529371e+01
6.391314688615973409e+02 1.855301545820312015e+01
7.274886822797579953e+02 1.851239235686593076e+01
8.280609055094806763e+02 1.849631940072129410e+01
9.425368118228661842e+02 1.864828710985071680e+01
1.072838526406004803e+03 1.864244380217233754e+01
1.221153900095432164e+03 1.863397277401529806e+01
1.389973244821699609e+03 1.861016857632186472e+01
1.582131147572126338e+03 1.862201312105056772e+01
1.800854064956471575e+03 1.861802677473999523e+01
2.049814497519334509e+03 1.859694896314508838e+01
2.333192653421365321e+03 1.860874675318551752e+01
2.655746636862726518e+03 1.858584281612239053e+01
3.022892339758255730e+03 1.858632434887545415e+01
3.440794378097697972e+03 1.857081501811549629e+01
3.916469599871860737e+03 1.853648365626848715e+01
4.457904902530307481e+03 1.846827543360216950e+01
5.074191338202638690e+03 1.858217521123368599e+01
5.775676758397527919e+03 1.894093416646249395e+01
6.574139561183650585e+03 1.895697335739832212e+01
7.482986458181087983e+03 1.894456414127344246e+01
8.517477582000075927e+03 1.893975227384303039e+01
9.694982713827892439e+03 1.891108918181357978e+01
1.103527293339235985e+04 1.891827553229917669e+01
1.256085258829517261e+04 1.892397045057642657e+01
1.429733715669684170e+04 1.892927203467068153e+01
1.627388334791438319e+04 1.892209114827183924e+01
1.852367866260151641e+04 1.906010207958555824e+01
2.108449863254627780e+04 1.906766103670040025e+01
2.399934109650610480e+04 1.914357190533142727e+01
2.731714816198549306e+04 1.918173602936763800e+01
3.109362797516576393e+04 1.932162403375539483e+01
3.539219009704048221e+04 1.935633605871563745e+01
4.028501019133238879e+04 1.945458289560273357e+01
4.585424190099671250e+04 1.958664981086113244e+01
5.219339626150856202e+04 1.979285275327158899e+01
5.940891181218378188e+04 1.991480989239126131e+01
6.762194176872707612e+04 2.011969245177176902e+01
7.697038826480113494e+04 2.029453184993530002e+01
8.761121781886032841e+04 2.054585839533286773e+01
9.972309690444846638e+04 2.085498310177855075e+01
1.135093918769063894e+05 2.106519638765228208e+01
1.292015836272164015e+05 2.138273220550803799e+01
1.470631542972507887e+05 2.173995082444371008e+01
1.673940113169103279e+05 2.207517477457294319e+01
1.905355230456234131e+05 2.244395496554894365e+01
2.168762505699140893e+05 2.288198032312546104e+01
2.468584718976609292e+05 2.345085141778486815e+01
2.809856080945268041e+05 2.403864060984398421e+01
3.198306760522368713e+05 2.457882984010435479e+01
3.640459098162023583e+05 2.536485359391421923e+01
4.143737120208599372e+05 2.612782156538110101e+01
4.716591193144743447e+05 2.721592414543199823e+01
5.368639910760230850e+05 2.954639017374285004e+01
6.110831596619806951e+05 3.320681637448881673e+01
