1.068419087108321130e-03 7.998016152828053116e+00 4.502143242890284114e+02
1.214619604286435676e-03 7.998024230958792558e+00 3.960231416293692064e+02
1.380825933304732564e-03 7.998034670613410668e+00 3.483547948463809121e+02
1.569775632929143157e-03 7.998048163710702596e+00 3.064241460693571071e+02
1.784580864468941763e-03 7.998065602419067055e+00 2.695405619839326050e+02
2.028779651704829511e-03 7.998088142555947577e+00 2.370965388768972275e+02
2.306394155131993862e-03 7.998117276791943731e+00 2.085576962460969526e+02
2.621996920344190317e-03 7.998154934454216658e+00 1.834539751589230718e+02
2.980786191725749018e-03 7.998203612293775855e+00 1.613718961656383044e+02
3.388671531931680345e-03 7.998266537606003368e+00 1.419477487042368296e+02
3.852371157381123158e-03 7.998347886450597244e+00 1.248616006548617037e+02
4.379522592962010498e-03 7.998453061770152139e+00 1.098320286921316011e+02
4.978808468523468651e-03 7.998589057211289877e+00 9.661148303073341026e+01
5.660099529130576193e-03 7.998764929648202404e+00 8.498221007642983693e+01
6.434617214581279943e-03 7.998992414274235685e+00 7.475266582141188110e+01
7.315118486007561246e-03 7.999286728444323202e+00 6.575436095086686805e+01
8.316105943811246889e-03 7.999667624086793438e+00 5.783908566993181921e+01
9.454066697754545667e-03 8.000160771445354868e+00 5.087646854656175321e+01
1.074774392359763991e-02 8.000799586939978170e+00 4.475182915876629863e+01
1.221844557905075318e-02 8.001627662964788001e+00 3.936428917750845358e+01
1.389039536385346281e-02 8.002702022817599570e+00 3.462511076153532485e+01
1.579113170459048657e-02 8.004097524256165386e+00 3.045623488927764200e+01
1.795196133586118847e-02 8.005912891542150689e+00 2.678899554281180073e+01
2.040847494866818851e-02 8.008279106285799642e+00 2.356298853792767289e+01
2.320113339919002704e-02 8.011371305630863304e+00 2.072507633875015642e+01
2.637593413329195058e-02 8.015426056923594444e+00 1.822851240830722119e+01
2.998516880335003881e-02 8.020767175555205242e+00 1.603217057849565208e+01
3.408828455597828766e-02 8.027845704173557806e+00 1.409986658675787474e+01
3.875286317679572934e-02 8.037304572237362166e+00 1.239976031594714634e+01
4.405573421957581504e-02 8.050088947026658559e+00 1.090382834885832608e+01
5.008424045395622193e-02 8.067647730511325221e+00 9.587397059271761890e+00
5.693767647470288767e-02 8.092335091988868356e+00 8.428726159377200489e+00
6.472892416763911805e-02 8.128310987051309056e+00 7.408629882311730697e+00
7.358631196974635413e-02 8.183937631045200334e+00 6.510110948005468856e+00
8.365572854702270356e-02 8.280207380731596345e+00 5.717910049757620072e+00
9.510302570416036272e-02 8.504961591184978076e+00 5.016679513911955546e+00
1.081167501039960732e-01 8.632515431528354100e+00 4.370447383512417794e+00
1.229112487904638479e-01 7.758451744566368546e+00 3.648416063010770038e+00
1.397301996656384604e-01 8.144010556251151556e+00 3.376141898135299080e+00
1.588506250708113798e-01 7.290284353250438443e+00 2.964809120102096074e+00
1.805874545786735341e-01 7.365544813244492950e+00 2.598766361453603402e+00
2.052987121496500089e-01 7.456941064958014564e+00 2.270908789402690697e+00
2.333914130892361938e-01 7.146198037904383682e+00 1.944220641279622797e+00
2.653282679342094941e-01 7.248251268413531179e+00 1.650635004883742374e+00
3.016353036863907988e-01 7.141018269815101682e+00 1.430473429480504155e+00
3.429105279221190683e-01 7.113638829015872744e+00 1.338705747213125186e+00
3.898337784826468866e-01 7.014715206808071812e+00 1.224629690428872708e+00
4.431779209781871454e-01 6.872152508695402950e+00 1.065065632546555729e+00
5.038215785379698275e-01 6.924140595777948270e+00 9.397001976433415615e-01
5.727636034760524852e-01 6.919877335473006319e+00 8.091923129896434475e-01
6.511395292334603013e-01 6.870891534326401207e+00 7.228703184306781715e-01
7.402402735740507556e-01 6.727825132693766363e+00 6.354110683282377936e-01
8.415334010915520579e-01 6.756793018504962056e+00 5.811441461962365551e-01
9.566872952392415641e-01 6.681054094081734895e+00 5.116872309715603251e-01
1.087598638016037178e+00 6.680693137406864324e+00 4.757177605137846710e-01
1.236423649922658852e+00 6.577615667553248890e+00 4.288658216792666233e-01
1.405613604736352773e+00 6.490364965923003382e+00 3.882719894777357794e-01
1.597955204062547985e+00 6.425895779568178590e+00 3.456679371893281449e-01
1.816616476666450097e+00 6.326997312275091545e+00 3.122334727770992857e-01
2.065198958585357403e+00 6.368042075961126258e+00 2.912388343027296211e-01
2.347797013472288086e+00 6.373913113390076823e+00 2.730306918150351980e-01
2.669065270227120923e+00 6.294457005618017575e+00 2.518950555834742477e-01
3.034295288670050272e+00 6.190225124576063109e+00 2.331220972060069618e-01
3.449502716005820702e+00 6.198454346169466334e+00 2.277303162240932599e-01
3.921526369619405372e+00 6.194357397036062807e+00 2.210092220794280249e-01
4.458140878180543609e+00 6.133860177642960210e+00 2.147376337211262531e-01
5.068184736351349251e+00 6.017042935551892846e+00 2.097056414067151875e-01
5.761705882266321410e+00 5.948312399199414457e+00 2.105741410900188737e-01
6.550127195568932414e+00 5.875914838573196519e+00 2.096467146097864553e-01
7.446434641897363704e+00 5.763324253316429058e+00 2.163731871947592034e-01
8.465391162718157503e+00 5.577171360232536124e+00 2.194965744418637399e-01
9.623779833454211285e+00 5.424531259510498415e+00 2.343560532526892948e-01
1.094068029492703076e+01 5.135835337470362028e+00 2.445801382003638391e-01
1.243778301117284002e+01 4.823730635234992903e+00 2.530022781791686493e-01
1.413974652972450130e+01 4.482352011776002065e+00 2.559466265938817320e-01
1.607460362873810311e+01 4.169182985861324298e+00 2.922292327751856433e-01
1.827422304055083302e+01 3.659367720440854121e+00 3.217918911180431274e-01
2.077483435664752420e+01 3.168406809261876234e+00 3.969770905397304595e-01
2.361762475966436625e+01 2.602193685205116847e+00 4.903325732930790548e-01
2.684941741111060409e+01 2.068394534266417839e+00 7.017469455367644215e-01