1.068701835730333271e-03 6.970499337616403501e+00 4.030560265274182257e+02
1.215545391656435315e-03 6.970498443214260931e+00 3.543645463210662001e+02
1.382565791297123408e-03 6.970497285953647371e+00 3.115551647900884973e+02
1.572535407057268873e-03 6.970495788198539877e+00 2.739172888735246829e+02
1.788607545488830322e-03 6.970493850795222990e+00 2.408261673560997735e+02
2.034368789041246777e-03 6.970491343557361219e+00 2.117325204350043748e+02
2.313898529760504124e-03 6.970488099685226757e+00 1.861534225804487903e+02
2.631836683137035900e-03 6.970483901702825946e+00 1.636642861464272301e+02
2.993460706084925642e-03 6.970478469087053597e+00 1.438918138363285379e+02
3.404773197474232106e-03 6.970471437661121428e+00 1.265078021957340582e+02
3.872601535298064810e-03 6.970462335890919903e+00 1.112236938332181779e+02
4.404711204352233442e-03 6.970450552007512179e+00 9.778578760623256017e+01
5.009934695554163486e-03 6.970435292329208998e+00 8.597102741774493495e+01
5.698318116501482899e-03 6.970415525785537803e+00 7.558329966735058747e+01
6.481287946859616393e-03 6.970389911753289702e+00 6.645017791610337099e+01
7.371840706551889208e-03 6.970356704202102627e+00 5.842006069774297572e+01
8.384758685055308455e-03 6.970313624853563539e+00 5.135965497405491931e+01
9.536855312693617859e-03 6.970257693566925816e+00 4.515176343634242784e+01
1.084725424684688209e-02 6.970184999539831061e+00 3.969333889461348974e+01
1.233770680563094774e-02 6.970090389830133404e+00 3.489377342649545710e+01
1.403295301812989074e-02 6.969967039322734870e+00 3.067339381700757173e+01
1.596113228425597580e-02 6.969805847915276686e+00 2.696213822087936407e+01
1.815425046078211757e-02 6.969594579817213642e+00 2.369839193076449746e+01
2.064871112671007661e-02 6.969316607564432609e+00 2.082796268131346906e+01
2.348591984645075070e-02 6.968949032735451965e+00 1.830317808886727704e+01
2.671297146098400993e-02 6.968459791982465568e+00 1.608208958884087636e+01
3.038343181534722270e-02 6.967803051619011256e+00 1.412776853023237855e+01
3.455822689835074540e-02 6.966911597849779980e+00 1.240768073045110498e+01
3.930665415335488772e-02 6.965683704294947987e+00 1.089312534623348050e+01
4.470753274686051215e-02 6.963959279075523590e+00 9.558721302044665080e+00
5.085051188822710400e-02 6.961473774920924562e+00 8.381916954868074754e+00
5.783755891732376975e-02 6.957761960381347421e+00 7.342478231833953650e+00
6.578465186088666705e-02 6.951935594937233454e+00 6.421851393384915951e+00
7.482370455233425255e-02 6.942092374046954006e+00 5.602098663324784233e+00
8.510475627011312993e-02 6.923372725109264714e+00 4.863260125562952396e+00
9.679846224039186098e-02 6.878612561259148883e+00 4.172429425899649047e+00
1.100989263439683952e-01 6.523209116056801982e+00 3.206098919956343440e+00
1.252269230475070994e-01 7.317267032017019446e+00 3.507097262993184472e+00
1.424335620399568569e-01 7.414897917871144273e+00 2.960501192804627202e+00
1.620044564034675560e-01 7.299735947355824095e+00 2.886035671412324533e+00
1.842644635062934966e-01 7.155768251993959161e+00 2.514151747308206453e+00
2.095830773117882129e-01 6.940122581972336668e+00 2.117456212429249973e+00
2.383805616104526237e-01 7.076981900531391645e+00 1.936561999694165204e+00
2.711349259805843070e-01 7.203396012628175527e+00 1.732099108998047310e+00
3.083898602715324788e-01 6.934221491439868323e+00 1.526975232897387347e+00
3.507637593140829901e-01 6.899585257578592312e+00 1.364156368270952102e+00
3.989599876591835570e-01 6.986178479690832610e+00 1.189987722169118189e+00
4.537785547294576061e-01 6.879065308574741522e+00 1.010157359684240364e+00
5.161293941794000695e-01 6.816305956514530529e+00 8.847838687898940124e-01
5.870474678884188835e-01 6.909632883406947812e+00 8.318646299230404439e-01
6.677099452979751160e-01 6.737628870217422516e+00 7.325743541047226026e-01
7.594557432527175855e-01 6.736492259776630576e+00 6.428609459170122609e-01
8.638077506875303513e-01 6.753272549073034980e+00 5.767788662861469406e-01
9.824981070681770845e-01 6.841281823990361666e+00 5.214006032560379866e-01
1.117496954182499724e+00 6.869178008008952396e+00 4.722641705382004118e-01
1.271045138533286822e+00 6.689018324046951847e+00 4.225553111989020505e-01
1.445691407159991115e+00 6.671554874246106159e+00 3.829386451501448074e-01
1.644334714302911227e+00 6.588246547255166341e+00 3.401568602218023596e-01
1.870272341158357499e+00 6.500771360480535499e+00 3.081440608123869329e-01
2.127254627464851833e+00 6.547083177335345283e+00 2.871279378291928253e-01
2.419547223410215331e+00 6.388917698764634778e+00 2.650569754703753778e-01
2.752001895179239099e+00 6.311601208355493320e+00 2.474672892621148645e-01
3.130137059443577119e+00 6.280489943379303774e+00 2.357884373138134648e-01
3.560229383586219321e+00 6.143473348550802626e+00 2.212498736320791248e-01
4.049417972133111832e+00 6.069795077015815110e+00 2.133399390396122919e-01
4.605822868783008062e+00 6.117464100440584751e+00 2.124539653790413485e-01
5.238679841051290254e+00 6.088237183141474773e+00 2.115359771525625321e-01
5.958493684818715330e+00 6.010009550388295985e+00 2.113011602240985332e-01
6.777212593488002312e+00 5.899476547787130265e+00 2.143742923730037886e-01
7.708426486102720077e+00 5.795679408254790665e+00 2.208324947034682184e-01
8.767592586477878314e+00 5.627734249239872533e+00 2.339380885345927197e-01
9.972291997731259627e+00 5.355115809627183587e+00 2.339600175819749328e-01
1.134252153109735950e+01 5.125099223032655971e+00 2.412752175532095755e-01
1.290102563309179828e+01 4.805675459653116377e+00 2.539306208192260716e-01
1.467367392068678100e+01 4.491105028516902742e+00 2.711451675234329284e-01
1.668989059120576002e+01 4.041028257247926803e+00 2.917872635628844802e-01
1.898314283471424702e+01 3.720483044462779443e+00 3.388158580383469065e-01
2.159149635606623008e+01 3.100886832739572885e+00 4.322140757426768398e-01
2.455824722771933111e+01 2.383627945665921288e+00 6.792962343767191546e-01
2.793264056144669638e+01 1.472176033196757938e+00 5.728262511088398901e-01
