1.068083786884391250e-03 6.832822255100849063e+00 4.083410209228333088e+02
1.213522164726212136e-03 6.832821370269596351e+00 3.594017128102026390e+02
1.378764533611620807e-03 6.832820228598222911e+00 3.163276361998863422e+02
1.566507554951961957e-03 6.832818754633603220e+00 2.784158465467953647e+02
1.779815088000237435e-03 6.832816851493936916e+00 2.450476449535364907e+02
2.022168190290300413e-03 6.832814394598397456e+00 2.156784814232932206e+02
2.297521926514540288e-03 6.832811222944894070e+00 1.898290679162612946e+02
2.610369912928603778e-03 6.832807127658791835e+00 1.670775566332910671e+02
2.965817650611119599e-03 6.832801840372574098e+00 1.470526558581900360e+02
3.369665844335466114e-03 6.832795012869075535e+00 1.294275705114501704e+02
3.828505066770162592e-03 6.832786196425278291e+00 1.139146691503326991e+02
4.349823312873743464e-03 6.832774810103223295e+00 1.002607899086177383e+02
4.942128199710647818e-03 6.832760102886299869e+00 8.824310903600060385e+01
5.615085805919526989e-03 6.832741102902042840e+00 7.766550451828011603e+01
6.379678416615113673e-03 6.832716551595506616e+00 6.835535541722947528e+01
7.248383748030660587e-03 6.832684817648853937e+00 6.016072473467628612e+01
8.235378576745069901e-03 6.832643784267595777e+00 5.294787978818878571e+01
9.356770096607854026e-03 6.832590700274243645e+00 4.659910961687209863e+01
1.063085877897523845e-02 6.832521983132500587e+00 4.101080378654474856e+01
1.207843702598685245e-02 6.832432955957081333e+00 3.609176120025093581e+01
1.372312849073450969e-02 6.832317493385897222e+00 3.176170125513968756e+01
1.559177360183507631e-02 6.832167539546583512e+00 2.794995297291657010e+01
1.771486758394910307e-02 6.831972442913940569e+00 2.459430057229869249e+01
2.012705812249070483e-02 6.831718023335572987e+00 2.163996643764414785e+01
2.286771079413352920e-02 6.831385237083996920e+00 1.903871454151157394e+01
2.598155149061688596e-02 6.830948221022837608e+00 1.674805912041707856e+01
2.951939631984287077e-02 6.830371345350467749e+00 1.473056470496698367e+01
3.353898089583499248e-02 6.829604622324411345e+00 1.295322432013731273e+01
3.810590255109838620e-02 6.828576266294663633e+00 1.138690239713424113e+01
4.329469084775109528e-02 6.827180054450058933e+00 1.000582671372318977e+01
4.919002385755885665e-02 6.825252576470631993e+00 8.787106955256746232e+00
5.588811005987116831e-02 6.822529175752239716e+00 7.710238894112626085e+00
6.349825840924649967e-02 6.818549929269316578e+00 6.756498253071877791e+00
7.214466219537678249e-02 6.812429446999999527e+00 5.907939086860936939e+00
8.196842580688962210e-02 6.802158100845309363e+00 5.144869456833695232e+00
9.312986747466020510e-02 6.781423413700441216e+00 4.434687322526626119e+00
1.058111355740928849e-01 6.695828777853655822e+00 3.570730202927072217e+00
1.202191811829367851e-01 6.861614569160609634e+00 3.705002104636187621e+00
1.365891354050869366e-01 6.823982641754092526e+00 3.191323245374758422e+00
1.551881465763733370e-01 6.723251791490238993e+00 2.671340335122844856e+00
1.763197399733522630e-01 7.065953264133727707e+00 2.535910326601977349e+00
2.003287711730662446e-01 7.105685220093115539e+00 2.343798131826984932e+00
2.276070538997842507e-01 7.334087995181971742e+00 2.035768462571117876e+00
2.585997542019782269e-01 7.070211886383403588e+00 1.883134359946680991e+00
2.938126553088649118e-01 6.945780582584931473e+00 1.624886130814092722e+00
3.338204117248366187e-01 6.847500040372167085e+00 1.382792292119622957e+00
3.792759272639035784e-01 6.868629046581194331e+00 1.223264955772111362e+00
4.309210100683345535e-01 6.883309305397165012e+00 1.056611624122328230e+00
4.895984784953326674e-01 6.814267541732869304e+00 9.710583801436796225e-01
5.562659154329294697e-01 6.914721750284678059e+00 8.768943284134960159e-01
6.320112955077021866e-01 6.825431021548829413e+00 7.611791708565944781e-01
7.180707402114510085e-01 6.661168648584498975e+00 6.609021340857823557e-01
8.158486907003974498e-01 6.721896955510765714e+00 5.928331565836005845e-01
9.269408274755078780e-01 6.739872251998260566e+00 5.265650073288686839e-01
1.053160110980075448e+00 6.742172352804162827e+00 4.791624825456405889e-01
1.196566368082293774e+00 6.613328375569518691e+00 4.398348523554793110e-01
1.359499907277383457e+00 6.553578855867186803e+00 3.999614684085031624e-01
1.544619711190229339e+00 6.535044649927137961e+00 3.669506552083965922e-01
1.754946829658440288e+00 6.466495968690470164e+00 3.301899600199914020e-01
1.993913681546245709e+00 6.434090117217799332e+00 2.984807154516885830e-01
2.265420069866777464e+00 6.386515564600609096e+00 2.817497436028247870e-01
2.573896824347642109e+00 6.375233061785724686e+00 2.622246224217026911e-01
2.924378110050234181e+00 6.264446615878153324e+00 2.452089253022341486e-01
3.322583582078311615e+00 6.167200787177190335e+00 2.296865539059920469e-01
3.775011727093905201e+00 6.113389690324249948e+00 2.220487399735160405e-01
4.289045914920983193e+00 6.063463987364531960e+00 2.139942281021209036e-01
4.873074890938681847e+00 6.059178477543857078e+00 2.113514516118812636e-01
5.536629675631375314e+00 5.931498193110892103e+00 2.099363417038325741e-01
6.290539105418337051e+00 5.816823401846323627e+00 2.082796231434165812e-01
7.147106553100795345e+00 5.696632586416759736e+00 2.128388283764351130e-01
8.120310711903496070e+00 5.582509536761666169e+00 2.187528323334198277e-01
9.226033719792049226e+00 5.470203052023961732e+00 2.282251250909153595e-01
1.048232034692510695e+01 5.202446595862223688e+00 2.362663551010368290e-01
1.190967247603303214e+01 4.904743423305023775e+00 2.453488302855889591e-01
1.353138368147529746e+01 4.632613764072460505e+00 2.677622383831044783e-01
1.537391936711628304e+01 4.332705381864622396e+00 2.928051714525475302e-01
1.746734866665340391e+01 3.888219481158703861e+00 3.177838280706840046e-01
1.984583515476496984e+01 3.499630539259585671e+00 3.939102792610988946e-01
2.254819437720452413e+01 3.091575222445713589e+00 5.420090780378052919e-01
2.561852729841535847e+01 2.356306925260484686e+00 7.382115413138613524e-01
