1.068689718363192119e-03 6.895848345517713973e+00 3.867922301154594038e+02
1.215505709907205474e-03 6.895848656930912313e+00 3.400729022467413074e+02
1.382491199671959971e-03 6.895849059317606056e+00 2.989965753323270974e+02
1.572417061962076527e-03 6.895849580211928398e+00 2.628816491157664927e+02
1.788434832233382890e-03 6.895850253577314959e+00 2.311288503598229056e+02
2.034129002107449603e-03 6.895851124653657571e+00 2.032112889901689812e+02
2.313576498645771723e-03 6.895852251705227864e+00 1.786657148465388332e+02
2.631414334853127319e-03 6.895853709532596021e+00 1.570848308174717829e+02
2.992916553968983512e-03 6.895855595100924162e+00 1.381105344061005553e+02
3.404081744322311892e-03 6.895858034089103583e+00 1.214279755373944596e+02
3.871732576927875390e-03 6.895861188745605830e+00 1.067603320740077635e+02
4.403629017501417900e-03 6.895865268862519493e+00 9.386421635813944420e+01
5.008597091477724750e-03 6.895870545577681199e+00 8.252563655807237808e+01
5.696675338694339071e-03 6.895877369267201296e+00 7.255644577398366835e+01
6.479281387937246492e-03 6.895886192556169192e+00 6.379122000727932829e+01
7.369401415403807956e-03 6.895897599834023950e+00 5.608451316061366754e+01
8.381805630862604328e-03 6.895912345239417540e+00 4.930844353719626127e+01
9.533293367180541156e-03 6.895931401148163609e+00 4.335057176582327543e+01
1.084297184011117146e-02 6.895956020096392969e+00 3.811203494121001967e+01
1.233257320394568618e-02 6.895987813384982346e+00 3.350590599671004099e+01
1.402681516409064189e-02 6.896028849917733794e+00 2.945575106136671195e+01
1.595381113039851320e-02 6.896081779622050156e+00 2.589436082877794121e+01
1.814553671713177441e-02 6.896149984877661510e+00 2.276263483048608194e+01
2.063836033042925483e-02 6.896237761869225658e+00 2.000860001138582334e+01
2.347364664757977185e-02 6.896350528904786614e+00 1.758654718525373895e+01
2.669844300193845166e-02 6.896495047153260671e+00 1.545627081778701850e+01
3.036626006301621980e-02 6.896679613850341894e+00 1.358239915393899722e+01
3.453795976596027439e-02 6.896914131831898054e+00 1.193380294689758614e+01
3.928276522428640616e-02 6.897209834087661307e+00 1.048307186872702346e+01
4.467940938385365351e-02 6.897578154609713685e+00 9.206047867294376630e+00
5.081744147827498004e-02 6.898027544296281732e+00 8.081403729124390978e+00
5.779871296443636619e-02 6.898555250485798318e+00 7.090251496931106345e+00
6.573906759500058872e-02 6.899126086253348333e+00 6.215755166690902556e+00
7.477026367211943303e-02 6.899614483875731175e+00 5.442692396119454656e+00
8.504216037927840588e-02 6.899627853118419196e+00 4.756811457074441307e+00
9.672520447017847467e-02 6.897854694189708091e+00 4.143416134630264480e+00
1.100132585775359384e-01 6.888619454649757223e+00 3.581958381959948312e+00
1.251268180733518531e-01 6.797042087724771697e+00 2.962927909339900800e+00
1.423166698596335378e-01 7.080843397665452343e+00 2.801353602554061517e+00
1.618680538017247539e-01 7.246082899514264319e+00 2.438653389777732272e+00
1.841053958570017801e-01 6.818348562795113033e+00 2.124947762517308103e+00
2.093976914381246168e-01 6.872651631045560983e+00 2.061065763826773534e+00
2.381646283396992025e-01 6.951076966298616711e+00 1.880955911844446993e+00
2.708835508291556060e-01 7.055849773730567875e+00 1.630924962665744049e+00
3.080973804605079414e-01 6.916473261889747093e+00 1.432783927917782529e+00
3.504236250450469270e-01 6.826120165509204085e+00 1.226873748411187792e+00
3.985646252693528235e-01 6.677022298592377503e+00 1.079429081734751605e+00
4.533192089879187758e-01 6.504287589053205920e+00 9.341744049700224650e-01
5.155959465759292204e-01 6.610652813319769727e+00 8.465221528436973619e-01
5.864282272949370434e-01 6.490390398392462679e+00 7.680050487299955320e-01
6.669914068411669783e-01 6.648232250734246840e+00 7.116948002308363108e-01
7.586223106143449302e-01 6.682308638016780655e+00 6.337370909612924930e-01
8.628414163346118659e-01 6.681549547589247240e+00 5.573393124400057852e-01
9.813780840948561623e-01 6.659167513942929162e+00 5.008910522803710075e-01
1.116199252503424777e+00 6.651372550500441072e+00 4.539197498505477824e-01
1.269542077086756038e+00 6.531051042674313578e+00 4.116516561695192089e-01
1.443951052537378654e+00 6.619720830192258099e+00 3.746525978810689161e-01
1.642320234795432654e+00 6.589232876352553170e+00 3.435902648933113479e-01
1.867941263575970900e+00 6.563058377601036497e+00 3.191919164803442288e-01
2.124557982204007711e+00 6.455371737565706702e+00 2.888847604845702910e-01
2.416428561091738203e+00 6.390671507475852664e+00 2.684177145311630319e-01
2.748396155704067478e+00 6.376661668591954601e+00 2.556437871084099589e-01
3.125969271475649514e+00 6.222824606471371034e+00 2.365645139454858881e-01
3.555413169214959090e+00 6.207030282048465075e+00 2.238945119072593415e-01
4.043853827731279438e+00 6.171024028713909537e+00 2.176179992290308285e-01
4.599396188788833939e+00 6.075670733946320290e+00 2.127458498931491526e-01
5.231258646486117492e+00 6.008411020541760905e+00 2.052148340905093904e-01
5.949926012710406553e+00 5.942452668812157057e+00 2.066582518901256271e-01
6.767323496900225166e+00 5.798905651797271688e+00 2.109865971799670392e-01
7.697014587049599399e+00 5.789799568189478052e+00 2.192653559715503353e-01
8.754426115493227911e+00 5.499345637207693649e+00 2.254604090728116739e-01
9.957104244102435331e+00 5.277713563816638143e+00 2.285320528817926800e-01
1.132500561658311966e+01 5.065922967311668579e+00 2.465685732568026201e-01
1.288082850911244748e+01 4.857513688601601487e+00 2.659664529603876781e-01
1.465038947426345572e+01 4.498490680420542454e+00 2.764356024029268055e-01
1.666305172805990509e+01 3.988664767804353417e+00 3.016683692942211392e-01
1.895221238860338175e+01 3.551360477813630290e+00 3.411462822850857557e-01
2.155585665126849548e+01 3.034897165980950717e+00 3.991053031862372147e-01
2.451718809617442574e+01 2.464383317747381508e+00 5.453816189751515831e-01
2.788534558694169618e+01 1.848887516530778097e+00 8.159867297430732913e-01