2.224893684430291430e+01 1.981863953772068498e+01
2.574904543109811428e+01 1.981863783081627872e+01
2.979977628830055281e+01 1.981863554415120987e+01
3.448775098125602767e+01 1.981863248025556601e+01
3.991321801338786202e+01 1.981862837603676297e+01
4.619219655842604055e+01 1.981862287722796268e+01
5.345895743551837853e+01 1.981861550856751464e+01
6.186889438084656234e+01 1.981860563355886740e+01
7.160184701554179298e+01 1.981859239635604197e+01
8.286594656884999210e+01 1.981857464756970799e+01
9.590206659419007451e+01 1.981855084034285852e+01
1.109889738530275025e+02 1.981851889005003287e+01
1.284492895139999860e+02 1.981847598075369632e+01
1.486563881426616547e+02 1.981841829587526860e+01
1.720423820110977147e+02 1.981834063804580737e+01
1.991073614653377604e+02 1.981823587896872496e+01
2.304300889482652508e+02 1.981809413281341392e+01
2.666803753609539740e+02 1.981790143705650564e+01
3.086334034207936838e+02 1.981763741989385963e+01
3.571863043096986416e+02 1.981727037786752277e+01
4.133773420904610134e+02 1.981674306352149273e+01
4.784081161342952555e+02 1.981589602051203514e+01
5.536692563403239546e+02 1.981459507162258404e+01
6.407701606182512251e+02 1.981522024591429698e+01
7.415734105459602006e+02 1.981373508638573355e+01
8.582346011527170049e+02 1.981162936002767339e+01
9.932484365553087855e+02 1.980856162400871412e+01
1.149502077164582943e+03 1.980387945282156537e+01
1.330336879248751302e+03 1.979601490280110099e+01
1.539619847103513166e+03 1.978063368042697689e+01
1.781826325775198256e+03 1.974349955050425720e+01
2.062135702653152293e+03 1.980292560223317366e+01
2.386542164431636138e+03 1.981456915260768525e+01
2.761982877888237908e+03 1.981524930074545665e+01
3.196486335519892236e+03 1.977297114034381309e+01
3.699344038286553314e+03 1.982725613775473761e+01
4.281309186757541283e+03 1.983414149238678448e+01
4.954826629508174847e+03 1.982988356454478307e+01
5.734298986025010890e+03 1.980143268953245794e+01
6.636394634940317701e+03 1.980921348952017524e+01
7.680404153672176108e+03 1.976414950359139766e+01
8.888652831640312797e+03 1.984798130596742638e+01
1.028697807831528189e+04 1.982873267386498384e+01
1.190528193508158438e+04 1.985900428762734293e+01
1.377817050592881242e+04 1.995743010935500550e+01
1.594569398067310613e+04 1.994700406111514113e+01
1.845420307549997233e+04 1.992531276484988823e+01
2.135734020510889604e+04 1.993832454066214055e+01
2.471718658186507673e+04 2.007146842443865609e+01
2.860558977173513267e+04 2.012916450680434366e+01
3.310570009570454567e+04 2.019471836113953955e+01
3.831374873136385577e+04 2.019719285894416316e+01
4.434110553791161510e+04 2.042922480498822324e+01
5.131666060947795631e+04 2.057867344115357611e+01
5.938958048433843214e+04 2.071656671331442467e+01
6.873249794929700147e+04 2.091105743017581986e+01
7.954520365059521282e+04 2.119609220957012496e+01
9.205891845342690067e+04 2.149867557155755549e+01
1.065412379109710164e+05 2.183881293979516158e+01
1.233018545763676084e+05 2.219759776268040241e+01
1.426991805245971191e+05 2.261852296411742813e+01
1.651480117014753050e+05 2.303130048748149861e+01
1.911283979955961113e+05 2.350836605206761831e+01
2.211959087124550715e+05 2.396611326362805272e+01
2.559935129695175565e+05 2.449375011599517293e+01
2.962653290647622198e+05 2.499640239756851656e+01
3.428725368376948172e+05 2.546488201374105387e+01
3.968117932956572040e+05 2.617374826687164457e+01
4.592365453085320769e+05 2.678022108763514453e+01
5.314816951263827505e+05 2.747204695687187836e+01
6.150921461719420040e+05 2.799077871514027294e+01
7.118558395363716409e+05 2.854374538053860277e+01
8.238419876367273973e+05 2.910231336798088009e+01
9.534453226306017023e+05 2.972074824001144222e+01
1.103437305804107338e+06 3.054750636890496196e+01
1.277025393004060257e+06 3.099935595427234603e+01
1.477921623457137262e+06 3.225658070914881392e+01
1.710421998691795859e+06 3.328656775675100477e+01
1.979498349016259890e+06 3.451613137260282826e+01
2.290904652042053174e+06 3.681716861702800259e+01
