22.28611714630644 17.82683767819033
25.872418471359573 17.826834246928183
30.035830520081742 17.826829621317454
34.86922245130441 17.8268233857455
40.48040800954825 17.82681497904676
46.99455042073065 17.8268036447755
54.55695428577874 17.8267883607637
63.336306748187326 17.82676774687576
73.52844023307487 17.8267399374721
85.36070068947605 17.82670240750045
99.0970187739777 17.826651736087165
115.04379709362908 17.826583278008968
133.55674482909427 17.826490710401085
155.04881219129717 17.826365396120945
179.99940169772088 17.82619548001473
208.965061735288 17.825964583059868
242.59190094066633 17.825649871731013
281.63000031343483 17.825219115669555
326.95014453901507 17.82462602072386
379.56324573062 17.823802418573976
440.64289285662426 17.82264417281712
511.55152984136976 17.820982394174454
593.8708462686869 17.81849433980804
689.4370585838186 17.814871083638145
800.3818687769957 17.80874845706048
929.1800141739459 17.796118385147764
1078.7044689799814 17.737750682300177
1252.290528904502 17.84122923331782
1453.8102083389263 17.833076508910935
1687.758609593102 17.83338562305686
1959.3541907442461 17.838135106787725
2274.6551686752123 17.811281325032603
2640.6946537907634 17.80866132210411
3065.63753072974 17.813786436661523
3558.962584457676 17.807334748912872
4131.673934248388 17.827880456189227
4796.546491805512 17.832868781131886
5568.410918718118 17.794399722265144
6464.484439517538 17.731634603556294
7504.754889458588 17.819556641608497
8712.426563603267 17.831760030848226
10114.437812326189 17.93384432640635
11742.061928738256 17.850767113108148
13631.60473143635 17.904269516578992
15825.214402874912 18.164853588048576
18371.82164763161 18.211225513083473
21328.231141757453 18.200025461008078
24760.388619104328 18.253949974213576
28744.851858284645 18.369148578967145
33370.49838212997 18.433239245223973
38740.507961629584 18.604378679706823
44974.66414612447 18.737513293914528
52212.02615773882 18.854985330875273
60614.03074938392 19.00766379859454
70368.09321644556 19.173566593277233
81691.78788639956 19.435901728799347
94837.70133644665 19.695825129837992
110099.06659514361 19.938017091400212
127816.3040046542 20.311447549279976
148384.61464423343 20.69986308821266
172262.79569401348 21.09464055233796
199983.47437478526 21.54247430360674
232164.988742257 22.172231308894016
269525.18034904357 22.704095814563267
312897.40643379977 23.26324920087928
363249.12880573387 23.854260420522063
421703.4940685631 24.65842039775334
489564.3865528453 25.507144350140816
568345.5127879407 26.202044376400114
659804.1662724583 27.039798965165307
765980.4257008826 27.62658967828492
889242.6610028768 28.660676908119783
1032340.362253941 29.544641463256646
1198465.4698602578 30.14555450482144
1391323.57405014 31.12302067096642
1615216.571849473 31.15541949846461
1875138.6252894357 33.87930682517602
2176887.561292329 34.97437974209464
2527194.19812378 36.84524781708983
2933872.483169952 39.61488627322046