22.282050630462326 17.799289388977524
25.858911752732745 17.799286592639923
30.009954116226925 17.799282825216753
34.82734906517754 17.799277750435554
40.418063893402035 17.799270913987577
46.906236987314074 17.79926170393091
54.43593424249194 17.799249294348723
63.17434795833934 17.799232571994413
73.31550924032854 17.79921003342216
85.08459634143559 17.799179647996006
98.74293460684139 17.799138669849697
114.59379904259701 17.79908338038359
132.98914835072438 17.79900873457649
154.3374399558624 17.79890787003289
179.11269955132155 17.798771419663904
207.865046548243 17.79858653691787
241.23290913899027 17.798335489409276
279.9572002027497 17.79799358355193
324.89776882060823 17.797526010345944
377.05249269589115 17.796882856993697
437.5794354152157 17.795990728897582
507.82256053862574 17.794737195680245
589.3415734843718 17.792957854230206
683.9465538290459 17.790335498914306
793.7381470120109 17.786301063060534
921.1542078762131 17.779507886865225
1069.0239317365374 17.764919717278374
1240.6306749228017 17.745603474743675
1439.784859688937 17.756738301769637
1670.9085822970512 17.80237185526942
1939.1338029468748 17.814514860728845
2250.4162977976257 17.815097273724465
2611.6679033168903 17.810400796630827
3030.9099893610082 17.804690842582403
3517.451568762378 17.80793270267547
4082.0959982375925 17.822593357988403
4737.380860283019 17.812173065425952
5497.856352487872 17.796611819449026
6380.4083657283745 17.798621766475502
7404.633424995697 17.778257695935835
8593.273818188341 17.796461459388496
9972.722574636318 17.85031751693206
11573.609506094883 17.84884627646331
13431.48132288786 17.848582789222487
15587.590926761512 17.955599300800984
18089.813406211622 17.96646280551213
20993.70907339699 17.955167607971187
24363.757146720636 17.99171745120652
28274.78747224211 18.12521655145207
32813.64207441492 18.155538030084326
38081.10342986182 18.231374477392364
44194.13228032203 18.483871844171393
51288.46467403135 18.618721443126972
59521.62590124268 18.80308062412904
69076.42824647287 19.008332099618457
80165.03022291423 19.272705308514556
93033.64742181633 19.46810695536318
107968.0195783526 19.73280013272424
125299.75524680925 20.1065101794968
145413.69496470905 20.45653788225467
168756.45640040396 20.93490213658466
195846.35122388607 21.43132512991496
227284.89389883837 21.948479956382066
263770.1579415781 22.441017675350192
306112.27621441387 23.01655926977548
355251.4294279043 23.59639500320608
412278.72227565 24.41321120136859
478460.4107433644 25.19846111480004
555266.0185447301 25.980404255894054
644400.9669922161 26.872476645404596
747844.4428290769 27.51960943689561
867893.3448544737 28.044864642954842
1007213.2851495184 29.375693779712687
1168897.77735511 30.006659832586035
1356536.9262408908 30.993078884707813
1574297.1437749886 31.521704071183045
1827013.6617408774 33.17963707890999
2120297.895087145 33.539609439452626
2460662.0399473486 35.36481414133643
2855663.6729524173 36.542723417920975