22.28507494255313 17.82629320104531
25.86895654075322 17.826291825413794
30.029197309520487 17.826289972441096
34.858487223229005 17.826287474088268
40.464422640653765 17.82628410798855
46.9719035469314 17.826279571280168
54.52591631952614 17.826273456713476
63.29476401809976 17.8262652152482
73.47381616899625 17.826254105792124
85.28986158936827 17.826239128431297
99.00616123166827 17.826218933074905
114.92831362564877 17.82619169545712
133.41106359965198 17.82615494831503
154.8662059791874 17.826105350213407
179.77176035684244 17.826038367651133
208.6826213469789 17.825947834057857
242.2429216124045 17.825825331838985
281.20038311069015 17.825659312445215
326.4229763052438 17.82543381539616
378.91825850760387 17.8251265399326
439.8558222083363 17.82470578820168
510.5933535443214 17.82412519473328
592.7068814838923 17.82331318383976
688.025891680289 17.82214427423534
798.6740873284791 17.820041791052784
927.1167051753757 17.818335131300937
1076.2154408819947 17.81253513482688
1249.2922074721228 17.816273103617426
1450.2031474028083 17.811031232469283
1683.4245472422358 17.802157054154414
1954.15256913008 17.779400276531835
2268.419021032726 17.769606194451736
2633.2257451493506 17.804560518595416
3056.700618636417 17.80150330162803
3548.2786423396137 17.786840086642606
4118.912152181894 17.749720149936923
4781.314836707766 17.758678114863102
5550.2449974835645 17.771208049186296
6442.834363382487 17.684707094820467
7478.9697847216785 17.806113817787377
8681.736311379258 17.86593786618284
10077.931526651575 17.750337211191578
11698.662596185477 17.72946047429329
13580.039334208574 18.09090206249482
15763.978728541508 18.142169768750033
18299.138849172676 18.208944200336543
21242.002947835874 18.204012912352237
24658.13790227993 18.266262565573534
28623.65504331122 18.38452617205268
33226.90591176883 18.430319361367484
38570.450726820345 18.619352106212144
44773.34342296212 18.725392830370843
51973.78416624388 18.77346404225212
60332.19844765823 18.94840819819122
70034.81135575497 19.16821305514516
81297.79666311105 19.421759995353092
94372.09316811335 19.671717193818274
109548.9955999289 20.02754254868791
127166.64465177039 20.400118455935235
147617.56074010185 20.72646791365987
171357.3893415947 21.214800262972297
198915.05275354418 21.678762565691212
230904.5344585026 22.17130820554656
268038.55864823604 22.758425428556315
311144.4696861744 23.36567298855322
361182.6653020541 24.051977924587504
419267.9942094829 24.659858612894187
486694.59488437726 25.41890400656819
564964.7289111165 26.0577169516729
655822.2513020507 26.81953178282486
761291.4635075496 27.789273779405743
883722.2147598912 28.545088175091976
1025842.2566068657 29.481000235851624
1190818.0170917087 30.212217139251667
1382325.1486253277 30.37082782620635
1604630.421354196 30.04576466669692
1862686.7866043877 33.58985622862472
2162243.728410979 34.66245697881999
2509975.361759833 35.99218512812653
2913629.131564755 39.651018569333175