22.285084822143794 17.695092834604623
25.868989357202558 17.695088435705344
30.029260184735648 17.69508250752593
34.85858897659171 17.695074516089477
40.46457415080201 17.695063744823166
46.97211818600262 17.695049223101005
54.52621047381185 17.695029642763192
63.29515771167407 17.695003235540472
73.4743338099729 17.694967610501365
85.29053286209981 17.69491953064443
99.00702216252748 17.694854606054484
114.92940785514845 17.694766869854508
133.41244389970504 17.694648187258338
154.86793606145443 17.694487420951386
179.77391702654933 17.694269236467946
208.68529706655355 17.693972354196386
242.2462275510424 17.693566923112087
281.2044527698388 17.693010431098813
326.42796982637356 17.692241029241753
378.9243677879509 17.69116593861532
439.8632769730797 17.689639583810504
510.602428550515 17.68741742308623
592.7179050631224 17.684041067477573
688.0392558643309 17.678454796234814
798.690259846169 17.667976949340208
927.1362436606738 17.62819382228477
1076.2390096941754 17.6860088296785
1249.3205976007844 17.70704837416182
1450.2373000148905 17.6985485510998
1683.4655815276533 17.685736927875258
1954.2018152195785 17.66340656469911
2268.478058899219 17.619378683621346
2633.2964505659065 17.674327868314492
3056.7852174544964 17.640624501998534
3548.3797745750503 17.597811122813
4119.032947659404 17.607778425655113
4781.459004324193 17.846356916325046
5550.416930513797 17.858763694733497
6443.039263679399 17.87769165386047
7479.213809163627 17.853074896206344
8682.026744508652 17.890129927916774
10078.276984141023 17.9100254864818
11699.07326458196 17.909671277577885
13580.52725336183 17.884074333063527
15764.558124245032 17.824661785390624
18299.826524863318 17.90077202351634
21242.818745744487 18.011476979624035
24659.1052462408 18.05268005760558
28624.801577568112 18.09804148631116
33228.26425261548 18.21987678172616
38572.059346845854 18.293087565148735
44775.24769111254 18.47214374681286
51976.03757094756 18.60506494956438
60334.864034996215 18.792251980686896
70037.96342020982 18.99112957420309
81301.52273493822 19.201216968957215
94376.4963490121 19.496086037299648
109554.19730764112 19.764810315070626
127172.78784472696 20.16846597749776
147624.81370553497 20.487423687913868
171365.95014495094 20.958152049758112
198925.1544639257 21.46758296935842
230916.45128466366 21.909015105495897
268052.6131428607 22.53888874631944
311161.0412033397 23.14325737321182
361202.19992462744 23.81938320773361
419291.01640051394 24.373811980822655
486721.72116022964 25.063489415029366
564996.6838852739 26.291029564510566
655859.8865084713 27.18834921527235
761335.7794826458 27.990152776473618
883774.3869443996 28.403488638363665
1025903.6657251355 29.183101562028995
1190890.2847786252 29.827640515400603
1382410.1792030144 30.47215252646885
1604730.450815087 30.568109248934142
1862804.440038065 30.915195781952058
2162382.0873237615 32.830483144926156
2510138.0429837923 34.96849383387476
2913820.3797426852 38.763010639004555