2.228380825668276444e+01 1.872943896053801538e+01
2.586474922234692642e+01 1.872943425237934889e+01
3.002113663109050634e+01 1.872942790899786303e+01
3.484544299559325253e+01 1.872941936047903155e+01
4.044500088320049969e+01 1.872940784012999060e+01
4.694439088201464472e+01 1.872939231303153917e+01
5.448821330595529844e+01 1.872937138284087055e+01
6.324430530448645271e+01 1.872934316325180504e+01
7.340747495220094265e+01 1.872930510555753969e+01
8.520383539537030515e+01 1.872925376095725269e+01
9.889583548280991465e+01 1.872918445650933350e+01
1.147880988039939467e+02 1.872909084710094518e+01
1.332342010430336359e+02 1.872896429361350101e+01
1.546445364330563166e+02 1.872879298928377878e+01
1.794954483261436167e+02 1.872856071561898972e+01
2.083398270183980401e+02 1.872824503680778108e+01
2.418194106136227219e+02 1.872781461495017297e+01
2.806790625987988506e+02 1.872722508518630491e+01
3.257833437830005892e+02 1.872641244145927431e+01
3.781357472970516369e+02 1.872528181172945594e+01
4.389010245997751554e+02 1.872368691034486332e+01
5.094310992062992227e+02 1.872138832475731718e+01
5.912951446745634030e+02 1.871795534991015941e+01
6.863144960337941711e+02 1.871247483347013940e+01
7.966031713745336447e+02 1.870217186109350038e+01
9.246149051363148601e+02 1.867922965664534019e+01
1.073197739503208368e+03 1.869265068713333022e+01
1.245657388472442335e+03 1.872466186880134842e+01
1.445830784338272679e+03 1.871161572297263476e+01
1.678171442874615195e+03 1.869004303685830948e+01
1.947848546445782176e+03 1.865734047014289487e+01
2.260861949475101028e+03 1.875091323923756192e+01
2.624175664946458710e+03 1.877375451918684135e+01
3.045872801785161300e+03 1.872991366695832482e+01
3.535335400209907675e+03 1.873424036010473159e+01
4.103453166084949771e+03 1.880870842448530311e+01
4.762865748254842401e+03 1.883145493314680152e+01
5.528243949118225828e+03 1.882823713218009232e+01
6.416616124895032954e+03 1.883202379813156568e+01
7.447747037434953199e+03 1.882093034467836645e+01
8.644577586372051883e+03 1.880320307892479548e+01
1.003373520491414456e+04 1.876981330987706542e+01
1.164612627470037114e+04 1.884575723713204809e+01
1.351762373994469453e+04 1.891207780681252260e+01
1.568986521910415649e+04 1.890211113956225120e+01
1.821117937069178151e+04 1.902541887691101508e+01
2.113766112328949021e+04 1.903435866307144408e+01
2.453441969179021544e+04 1.904140272674448298e+01
2.847702714609650502e+04 1.916115602688488195e+01
3.305319976045230578e+04 1.916623271123225081e+01
3.836474955055555620e+04 1.928525885124332717e+01
4.452984941681518831e+04 1.943478827635489381e+01
5.168566228931687510e+04 1.955494025885866449e+01
5.999139276847736619e+04 1.977692334003110375e+01
6.963182915517376387e+04 1.999138018881276579e+01
8.082145467446144903e+04 2.021839230135843124e+01
9.380921936057851417e+04 2.044921204239709311e+01
1.088840787695186009e+05 2.076604358631911040e+01
1.263814227460555703e+05 2.112004737244522445e+01
1.466905372742938052e+05 2.147339212537671571e+01
1.702632654251598287e+05 2.190567023767638588e+01
1.976240600921065197e+05 2.230654319837935518e+01
2.293816521712104732e+05 2.283159055422654404e+01
2.662425937827181770e+05 2.344436619835322588e+01
3.090269778475603671e+05 2.407942013951117133e+01
3.586866837525353767e+05 2.470881090468331109e+01
4.163265550390103017e+05 2.563829608769532697e+01
4.832289802825022489e+05 2.666618277624415967e+01
5.608824240456790430e+05 2.747060026490774831e+01
6.510145426696965005e+05 2.807021798589708794e+01
7.556306216736042406e+05 2.891271801647238249e+01
8.770581899282286176e+05 2.955082351374075245e+01
1.017998803193619708e+06 3.036454103448477326e+01
1.181588149115221342e+06 3.118541924900192441e+01
1.371465810912148794e+06 3.194381167738334781e+01
1.591856241880353075e+06 3.332853520662889224e+01
1.847662752254900755e+06 3.479687762834324616e+01
2.144576599478351418e+06 3.564422635749615864e+01
2.489203608947153203e+06 3.628954779405304976e+01
2.889211142331164330e+06 4.099629241500530696e+01
