2.228610170844002170e+01 1.882284645272393320e+01
2.587236718923366396e+01 1.882281427288053521e+01
3.003573225733923024e+01 1.882277087349893918e+01
3.486906341565762091e+01 1.882271232858603227e+01
4.048017118637284995e+01 1.882263332781074894e+01
4.699421489314314471e+01 1.882252667728099382e+01
5.455649441933108079e+01 1.882238261548759795e+01
6.333569121421341919e+01 1.882218786491882412e+01
7.352763083987342441e+01 1.882192430698690799e+01
8.535965098477448976e+01 1.882156711082162559e+01
9.909567237533282480e+01 1.882108204544512020e+01
1.150420856953933963e+02 1.882042154610562434e+01
1.335545858250885090e+02 1.881951880686673917e+01
1.550461058411179636e+02 1.881827861742078412e+01
1.799960277513685298e+02 1.881656256026466423e+01
2.089608754151590801e+02 1.881416383914477564e+01
2.425867281614922319e+02 1.881076162177082267e+01
2.816236319989524191e+02 1.880583109212984283e+01
3.269423298684450288e+02 1.879844584604081348e+01
3.795536841176906364e+02 1.878677270047293746e+01
4.406312244281090784e+02 1.876644367522220946e+01
5.115373241399270228e+02 1.872250611816558319e+01
5.938535888550710524e+02 1.853198549258706862e+01
6.894161351549389565e+02 1.894746677775992083e+01
8.003565463472643842e+02 1.894214686551949711e+01
9.291494187860274678e+02 1.893371694477174572e+01
1.078667559315282688e+03 1.891883772991544177e+01
1.252246065050959714e+03 1.888034151570901997e+01
1.453756714840877066e+03 1.888005912568417344e+01
1.687694331751750724e+03 1.889292233144823285e+01
1.959277042953335012e+03 1.900392112806912337e+01
2.274562673360109784e+03 1.898358741475137990e+01
2.640583869264633904e+03 1.898850397724095274e+01
3.065504965981065652e+03 1.902331544645376482e+01
3.558804098531283671e+03 1.898574635888903117e+01
4.131484617468171564e+03 1.903876424748098728e+01
4.796320525600316614e+03 1.902753987544552672e+01
5.568141410240193181e+03 1.899703861859348564e+01
6.464163226570666666e+03 1.905375624407729873e+01
7.504372310462924361e+03 1.905742815102506071e+01
8.711971186395752738e+03 1.901363929698650779e+01
1.011389611450499069e+04 1.911071738959078203e+01
1.174141792097892903e+04 1.908596851664507099e+01
1.363083951370332579e+04 1.911406167304550152e+01
1.582430564168565616e+04 1.915115474830212960e+01
1.837074296045699884e+04 1.915662733790799166e+01
2.132695137220760080e+04 1.911688960708305984e+01
2.475887098369117302e+04 1.928086216370313366e+01
2.874305294219891221e+04 1.935450434311503543e+01
3.336836695753405365e+04 1.941209094291533077e+01
3.873798359734953556e+04 1.950569801153766036e+01
4.497167557220545132e+04 1.971221792016907060e+01
5.220848934197175549e+04 1.981564495843064222e+01
6.060984663545431249e+04 2.000850360955872631e+01
7.036314506460976554e+04 2.013251578579264134e+01
8.168593814733724867e+04 2.042466386486945851e+01
9.483078797691052023e+04 2.061560125421170753e+01
1.100908987799254974e+05 2.088946094543732457e+01
1.278066570228519558e+05 2.125124402303575977e+01
1.483732239484217425e+05 2.162824565145478317e+01
1.722493498982003366e+05 2.208877970177766059e+01
1.999676070304075547e+05 2.250849209816247765e+01
2.321462686802587414e+05 2.308689231728867952e+01
2.695031003395061707e+05 2.358893707885592050e+01
3.128713698717412190e+05 2.419955793369307173e+01
3.632184340814821771e+05 2.501679411693308452e+01
4.216673162222758983e+05 2.578069469673171099e+01
4.895217557438433869e+05 2.648080093517102185e+01
5.682952890287956689e+05 2.728372048284100160e+01
6.597450097832236206e+05 2.807901893930733195e+01
7.659107621281220345e+05 2.888500005728540998e+01
8.891606406184552470e+05 2.971893935273843113e+01
1.032243812096699141e+06 3.063434798551231353e+01
1.198351837605856825e+06 3.152483963599264882e+01
1.391189862186171580e+06 3.199246232051944361e+01
1.615059260489189997e+06 3.254585088051514674e+01
1.874953581672106404e+06 3.365662874348066680e+01
2.176669933684203774e+06 3.538837196951519815e+01
2.526938291442655493e+06 3.667849248087320291e+01
2.933571613198721781e+06 3.920170147349730172e+01
