22.283270036066753 17.70519189148226
25.862961607718695 17.70516706346885
30.01771203417139 17.705133575428952
34.839901533068016 17.70508838675673
40.43675072410897 17.70502737546672
46.93270466254779 17.70494493414096
54.47219985528329 17.704833415701927
63.222875783712524 17.70468234393015
73.37930234104655 17.704477281617987
85.16730606306717 17.704198175477213
98.84899134538033 17.703816870329558
114.72856829313662 17.703293254585912
133.15911678453423 17.70256903788186
154.55043714598474 17.701557179586935
179.37816199746075 17.70012274338565
208.19433186846373 17.69804527236989
241.6396697317569 17.694936465561256
280.4578273771782 17.690031157518362
325.51192039139676 17.681522477577083
377.8037193962703 17.663381332918394
438.4959242599469 17.55953650171018
508.9380165442682 17.75633455840874
590.6962650135467 17.753847103572824
685.588551372453 17.749508384082286
795.7247905777754 17.73921661720336
923.5538444632866 17.730066860613185
1071.9179717947313 17.766594877169478
1244.1160254432864 17.759909801147145
1443.9768018566283 17.757007459563457
1675.9441737414904 17.742442328439477
1945.175898869414 17.734638661649562
2257.658302003834 17.74073656814302
2620.339379882998 17.75317653764701
3041.2832888269177 17.771979838978808
3529.8496499758257 17.770656852038258
4096.901658983721 17.76580833288632
4755.04762745306 17.774982614925865
5518.921326746155 17.79528309704613
6405.507367573517 17.7692864075085
7434.518850122724 17.746398065990867
8628.835681718656 17.728656111808274
10015.013307938823 17.648748156861995
11623.873168739525 17.794611694231186
13491.188008291356 17.80566770910312
15658.47727627964 17.870164733735386
18173.93030629173 17.835210367345187
21093.47779801641 17.98497843354083
24482.035427492374 18.09810459731376
28414.94723688264 18.080008331610152
32979.66089731799 18.246158990249214
38277.67209401337 18.321837295046787
44426.781266752296 18.463311779844673
51563.71288400649 18.662040645693335
59847.15548983598 18.79296881363149
69461.29011853095 19.016734363272686
80619.8855307358 19.224484625617396
93571.05132798251 19.558875229420945
108602.7546303814 19.82311450661352
126049.22297992448 20.082257858047626
146298.37583694194 20.471136489839893
169800.44990785833 20.896561474554865
197078.01008704465 21.374102898007536
228737.56860447372 21.978322675459648
265483.0707290857 22.395918206272007
308131.5468803418 23.184191824776455
357631.2791701871 23.783488436864893
415082.88630560896 24.557793322883374
481763.7956712536 25.27736512795566
559156.6467249871 26.026894641166443
648982.2572513991 26.97243714853333
753237.8854726757 27.532511776080074
874241.638768816 28.446397981086253
1014684.0164280471 28.807400374710596
1177687.7324723445 29.407183859745537
1366877.1487090862 29.616745044649168
1586458.861841762 30.715445818214054
1841315.2364813772 33.45932510441349
2137112.963750231 34.3250068051148
2480429.0592614603 35.77467112442761
2878897.1020194273 37.63359044612792