2.228257299269757397e+01 1.775184986689020761e+01
2.586064657193000471e+01 1.775184178349751107e+01
3.001327725202313701e+01 1.775183089511815737e+01
3.483272581376847654e+01 1.775181622822726268e+01
4.042606801745999690e+01 1.775179647163706420e+01
4.691757355108624239e+01 1.775176985837796906e+01
5.445146698340447244e+01 1.775173400767797105e+01
6.319513206317856202e+01 1.775168571122082284e+01
7.334283055587356159e+01 1.775162064481199309e+01
8.512001824080088852e+01 1.775153297894134852e+01
9.878835395907742623e+01 1.775141485212715864e+01
1.146515130005703611e+02 1.775125565862768084e+01
1.330619339883443786e+02 1.775104108213004039e+01
1.544286491590427488e+02 1.775075178314868651e+01
1.792263720079080827e+02 1.775036160960614140e+01
2.080060442025572627e+02 1.774983514773177973e+01
2.414070760908284115e+02 1.774912435090600837e+01
2.801715527553241145e+02 1.774816386365911214e+01
3.251607212366695876e+02 1.774686446727411848e+01
3.773741252292145418e+02 1.774510375850903898e+01
4.379718123729350623e+02 1.774271262148333506e+01
5.083001075304876508e+02 1.773945500873828607e+01
5.899215246653882332e+02 1.773499626138438501e+01
6.846494818863736782e+02 1.772885184395645553e+01
7.945885909370042555e+02 1.772028382736082008e+01
9.221814162594191657e+02 1.770802940224240984e+01
1.070262742498463695e+03 1.769016667363760575e+01
1.242122556130650082e+03 1.765974695924994364e+01
1.441579140507878492e+03 1.763862005323924009e+01
1.673063908299920968e+03 1.760141097876731919e+01
1.941719856094511215e+03 1.753655840840637126e+01
2.253515828563203286e+03 1.740780473775296855e+01
2.615379130849100875e+03 1.710477368690904143e+01
3.035349435482854005e+03 1.721429717140735960e+01
3.522757403243064800e+03 1.889152031657209108e+01
4.088431986457500898e+03 1.891707489255469099e+01
4.744941020491696690e+03 1.891398600249661754e+01
5.506870448749441493e+03 1.891845512703055832e+01
6.391148384847017951e+03 1.895869905864581639e+01
7.417421211789823246e+03 1.898320277514124399e+01
8.608490074108418412e+03 1.898870323341647293e+01
9.990817460687443599e+03 1.889969251723273658e+01
1.159511513325582564e+04 1.896931615449466335e+01
1.345702646279830151e+04 1.904880399977781735e+01
1.561791833364957165e+04 1.913449099687590405e+01
1.812580020934475760e+04 1.910719214157331436e+01
2.103639077950721185e+04 1.913361952295956314e+01
2.441435588592607746e+04 1.923818411215642499e+01
2.833474523135932395e+04 1.928488477687463032e+01
3.288465979103940481e+04 1.924207413947977940e+01
3.816518697247963428e+04 1.945320980310568615e+01
4.429364651785833121e+04 1.965297015415042736e+01
5.140619704715978878e+04 1.980555100597416285e+01
5.966086115276096098e+04 1.991345373816997366e+01
6.924103625529096462e+04 2.018121160453960172e+01
8.035956922295692493e+04 2.045060337950012297e+01
9.326348528190542129e+04 2.072375193281616390e+01
1.082394762818531890e+05 2.100053436830032894e+01
1.256202702521445171e+05 2.129200907939573995e+01
1.457920237633992219e+05 2.169207199181186496e+01
1.692029013340281381e+05 2.213355324697256776e+01
1.963730324939783895e+05 2.255668962511112952e+01
2.279060677260730299e+05 2.298745964425103949e+01
2.645025900282623479e+05 2.356539987441573558e+01
3.069756800672285608e+05 2.424006189843449377e+01
3.562689807410519570e+05 2.495303368741977579e+01
4.134776624990962446e+05 2.572061127140130310e+01
4.798727552146298112e+05 2.644518276144849267e+01
5.569293872018621769e+05 2.696301281870479016e+01
6.463595587757709436e+05 2.787062772295748303e+01
7.501501784989888547e+05 2.882940575651567272e+01
8.706072071833938826e+05 3.011079064714357045e+01
1.010406890412665321e+06 3.055627118118500363e+01
1.172655217840775382e+06 3.118877020634172581e+01
1.360956930299215019e+06 3.246289451962716299e+01
1.579495607873512665e+06 3.325383225224016570e+01
1.833126618300271453e+06 3.442796357907130300e+01
2.127484990759206936e+06 3.591097403893836315e+01
2.469110611738605425e+06 3.705942880012516127e+01
2.865593524504541419e+06 3.961890924370231204e+01
