1.077744458125318768e-03 7.324219257893791024e+00 4.266515953708454276e+02
1.245321775914354657e-03 7.324221423328840963e+00 3.692389158289475404e+02
1.438955509234596773e-03 7.324224314980417816e+00 3.195519846255810990e+02
1.662697141898368145e-03 7.324228175148177478e+00 2.765511801316102947e+02
1.921228118545177449e-03 7.324233329717634966e+00 2.393367777112279953e+02
2.219957796568017977e-03 7.324240212204932376e+00 2.071301239928253040e+02
2.565136628478532216e-03 7.324249402276855392e+00 1.792573450164487667e+02
2.963986942875472628e-03 7.324261673618324586e+00 1.551352463274439799e+02
3.424854060404219566e-03 7.324278060315798200e+00 1.342591106422490270e+02
3.957380906573066542e-03 7.324299943462606599e+00 1.161921373798644055e+02
4.572709774927076823e-03 7.324329168811293478e+00 1.005563032930873391e+02
5.283715462159183779e-03 7.324368203021997203e+00 8.702445290771908049e+01
6.105274653147050277e-03 7.324420344873784572e+00 7.531345333152516730e+01
7.054577192377370354e-03 7.324490006847351964e+00 6.517827009518666159e+01
8.151485754626592098e-03 7.324583095997049931e+00 5.640684020072345817e+01
9.418951440445990503e-03 7.324707526643818412e+00 4.881563500520031340e+01
1.088349399213832044e-02 7.324873915017844794e+00 4.224582014075463121e+01
1.257575667799622904e-02 7.325096523953980920e+00 3.655993210590275311e+01
1.453114745488957860e-02 7.325394555712914091e+00 3.163900198374344797e+01
1.679057982452856340e-02 7.325793934998573675e+00 2.738006608562841038e+01
1.940132888466433031e-02 7.326329793914150734e+00 2.369401141451078274e+01
2.241802048676297052e-02 7.327049981757430608e+00 2.050371082264414468e+01
2.590377419673432768e-02 7.328020109052406639e+00 1.774240877777373626e+01
2.993152397338577977e-02 7.329330958819731734e+00 1.535232384263677297e+01
3.458554419773751665e-02 7.331109686849463181e+00 1.328343841551658677e+01
3.996321298298223523e-02 7.333537359884283013e+00 1.149245001708876401e+01
4.617704965959953944e-02 7.336877671751167007e+00 9.941861412392002606e+00
5.335706906682252670e-02 7.341526682548973781e+00 8.599188919446378421e+00
6.165350191033316940e-02 7.348105378250194164e+00 7.436268648910987267e+00
7.123993810542747496e-02 7.357648854032344587e+00 6.428636666664054644e+00
8.231695887520287802e-02 7.372045930758830856e+00 5.554941539759850500e+00
9.511633359975643631e-02 7.395273654225319682e+00 4.796268956906867942e+00
1.099058692289166528e-01 7.438175911575777732e+00 4.134768821968616948e+00
1.269950137249051536e-01 7.560043007635110612e+00 3.543211880733505126e+00
1.467413307782254872e-01 7.481495692896930727e+00 3.073939933035255034e+00
1.695579812701080435e-01 7.285600470894740610e+00 2.679334832325947602e+00
1.959223680194430162e-01 7.400404550795360414e+00 2.298926655622176796e+00
2.263861246920447212e-01 7.008813989847726411e+00 1.904710145073494454e+00
2.615866578745923987e-01 7.037502084213881126e+00 1.657413095658599955e+00
3.022604838131389693e-01 7.083918328048399715e+00 1.421495038612687001e+00
3.492586388666372721e-01 7.144011108534757071e+00 1.311922684781349657e+00
4.035644861151834184e-01 7.121241435422307475e+00 1.124647444440561861e+00
4.663142906984786284e-01 7.056320217279356655e+00 9.779652327842566217e-01
5.388209943913697675e-01 7.024927365248897715e+00 8.677398490059796687e-01
6.226016868623744926e-01 6.885424725297942139e+00 7.493347185174673575e-01
7.194093484084238543e-01 6.849548262392965547e+00 6.469785182914834509e-01
8.312695283330266971e-01 6.848867958275854484e+00 6.005083110287193771e-01
9.605227264057079051e-01 6.792176904632261092e+00 5.192586860934479409e-01
1.109873364168639576e+00 6.794065663764363272e+00 4.443486014472548540e-01
1.282446370738670183e+00 6.702082682570644323e+00 3.987738409751423463e-01
1.481852567074388949e+00 6.688081734012730983e+00 3.585711720877102771e-01
1.712264216772010350e+00 6.577757866119863017e+00 3.189360078600841364e-01
1.978502324172636717e+00 6.525636382705183536e+00 2.920097513991425364e-01
2.286137506357607041e+00 6.493989478221612544e+00 2.665073229213650308e-01
2.641606549621085875e+00 6.430949891128453721e+00 2.431720273514726971e-01
3.052347089182253725e+00 6.380143372249951206e+00 2.262312150519728560e-01
3.526953230099989955e+00 6.310077763906549286e+00 2.116423678536064890e-01
4.075355365514921502e+00 6.216406841092037006e+00 2.044503215914627858e-01
4.709027954635057078e+00 6.081547438154598417e+00 1.964789076817414770e-01
5.441229607895216702e+00 6.013316104044451826e+00 1.959478626351753017e-01
6.287280502697724316e+00 5.905461870040972450e+00 1.977688145006724629e-01
7.264882934225955324e+00 5.780453228455371573e+00 1.979876707858819196e-01
8.394491708356500936e+00 5.693461216978449535e+00 2.058524073818273903e-01
9.699742126563812405e+00 5.484421321037409314e+00 2.152982064571728471e-01
1.120794451773387124e+01 5.274939346089947634e+00 2.304562198605466516e-01
1.295065566419358305e+01 4.945802059603217948e+00 2.426558609089924656e-01
1.496433907815422160e+01 4.565594767428589940e+00 2.540032421345998492e-01
1.729112794382348284e+01 4.135472319464329694e+00 2.658853409526698575e-01
1.997970668855970544e+01 3.855233195498926069e+00 3.167449637886134428e-01
2.308632962856946591e+01 3.517882773461633583e+00 3.345436561133042774e-01
2.667599800272070709e+01 3.067141340648219305e+00 3.698125529441463333e-01
3.082382002206791327e+01 2.863173677191699795e+00 4.033603479039489237e-01
3.561658239200394860e+01 2.494503082457828924e+00 4.926824453544724203e-01
4.115456618868817884e+01 2.113700587858994950e+00 4.870445696842365946e-01
4.755364508413241964e+01 1.823578298808486764e+00 4.911304808592412141e-01
5.494770982203161225e+01 1.786361118016098315e+00 6.145279081459440462e-01
6.349146967271381214e+01 1.594371593438139723e+00 6.581371081004704360e-01
7.336368948328428985e+01 1.653671147461317270e+00 9.726138392680044875e-01
8.477093005318843666e+01 1.329973256743210985e+00 9.891341993024579393e-01
9.795187009671728617e+01 1.318855042469927241e+00 1.012702109741211443e+00
