1.078287089367029441e-03 7.535262654817396211e+00 4.107446884859554643e+02
1.247119004824210134e-03 7.535270254374801802e+00 3.551389518061857871e+02
1.442385638788196839e-03 7.535280419211709102e+00 3.070609633545674342e+02
1.668225985599258634e-03 7.535294017553674450e+00 2.654916322122892893e+02
1.929427099237277518e-03 7.535312208779656018e+00 2.295498285936708101e+02
2.231525562727590482e-03 7.535336545593421143e+00 1.984737074910154888e+02
2.580924845035720283e-03 7.535369104456846046e+00 1.716045598240771994e+02
2.985031033021514745e-03 7.535412665802866172e+00 1.483728502809499332e+02
3.452409815512536007e-03 7.535470951428626663e+00 1.282861449118707071e+02
3.992968047029815323e-03 7.535548945006246058e+00 1.109186732551928429e+02
4.618163739704844034e-03 7.535653322704098933e+00 9.590230342753562809e+01
5.341248934508538090e-03 7.535793031939795661e+00 8.291873896014128320e+01
6.177550599843375893e-03 7.535980071517702328e+00 7.169277196221976567e+01
7.144795511601942026e-03 7.536230546692711307e+00 6.198644964600297413e+01
8.263486001053806790e-03 7.536566098638282085e+00 5.359403048441230766e+01
9.557334535149192983e-03 7.537015852513730962e+00 4.633762315239644636e+01
1.105376634087682636e-02 7.537619085748133330e+00 4.006341575899247687e+01
1.278450072761779313e-02 7.538428912570769747e+00 3.463841545085621476e+01
1.478622342956951823e-02 7.539517422633160493e+00 2.994762924362200351e+01
1.710136421963265319e-02 7.540982942202568928e+00 2.589162629303520902e+01
1.977899627755365375e-02 7.542960467971235872e+00 2.238442986503984500e+01
2.287587637589561657e-02 7.545636983530348729e+00 1.935169421193538142e+01
2.645764793227331838e-02 7.549274557022854104e+00 1.672912751086170502e+01
3.060023242850386585e-02 7.554246364795361934e+00 1.446112706270299775e+01
3.539143869006815268e-02 7.561095270760447740e+00 1.249959708826627214e+01
4.093282413718235535e-02 7.570634146473931736e+00 1.080292251804029213e+01
4.734184745972731811e-02 7.584129150981771872e+00 9.335073489499276178e+00
5.475435834548719738e-02 7.603663323004108854e+00 8.064812575366545389e+00
6.332747703554220120e-02 7.632940820837379903e+00 6.964961601709170225e+00
7.324292474368215844e-02 7.679359749826696557e+00 6.011618961162285224e+00
8.471087553350462040e-02 7.760794718747778376e+00 5.182865759395024696e+00
9.797441130000614229e-02 7.941096483828692598e+00 4.453285766069531526e+00
1.133146742862574663e-01 8.349316919603142040e+00 3.721811147010831711e+00
1.310568263511455445e-01 6.873304033257451984e+00 3.268090206041502022e+00
1.515769413045682246e-01 6.875155879824847993e+00 2.796186147220283136e+00
1.753099764043515585e-01 6.881995663328730473e+00 2.348365763597850986e+00
2.027589919837500254e-01 6.827458967453958749e+00 2.005065861499573998e+00
2.345058146345511685e-01 6.891717804477329068e+00 1.790729368846679659e+00
2.712233699693173405e-01 7.015357923088602732e+00 1.599383170067034898e+00
3.136899463757468753e-01 6.908652259548463626e+00 1.357064797608090734e+00
3.628056921066601936e-01 6.967530578202807412e+00 1.193511400426170210e+00
4.196116953883023415e-01 7.019363237719729476e+00 1.092437340908934074e+00
4.853120519809315248e-01 6.795029616271099471e+00 9.289666832938602292e-01
5.612993879495864480e-01 6.745552648778191163e+00 7.969037035152483073e-01
6.491843786417226259e-01 6.768896412508200733e+00 7.061516301728684164e-01
7.508298895745302293e-01 6.720477830536125019e+00 6.150054955319846917e-01
8.683904629036458545e-01 6.740035523464413814e+00 5.425303251689180817e-01
1.004357986453273011e+00 6.692171521282800128e+00 4.797950652117911052e-01
1.161614513337187127e+00 6.718939646894803275e+00 4.220794289846910852e-01
1.343493351768520139e+00 6.615542357379823102e+00 3.686628952111344892e-01
1.553849719956343467e+00 6.600574345344425886e+00 3.354071052027561284e-01
1.797142463734654250e+00 6.518974079845697212e+00 3.018145406042099244e-01
2.078528569062009890e+00 6.470934373594682043e+00 2.789714860992415502e-01
2.403972472738170829e+00 6.475060808366141174e+00 2.554963284863994710e-01
2.780372488356433358e+00 6.386165894404046917e+00 2.357103655803688969e-01
3.215707027295613862e+00 6.346418583681725956e+00 2.204087837206764322e-01
3.719203714143763939e+00 6.373557885678915902e+00 2.094312489451444770e-01
4.301534981230483723e+00 6.322517440877662764e+00 2.020993690553634370e-01
4.975044288212468580e+00 6.245193896577006853e+00 2.012829968636280775e-01
5.754007761804903254e+00 6.107610474033152492e+00 1.982869753738421004e-01
6.654936801538902991e+00 6.000858329730064611e+00 1.994176150483188414e-01
7.696928065766917015e+00 5.866618638135276065e+00 2.014964838026270522e-01
8.902068256439495286e+00 5.783902348656793535e+00 2.118514599349219096e-01
1.029590228272603980e+01 5.511054428861328347e+00 2.179283068183945071e-01
1.190797472696999115e+01 5.233500343493013851e+00 2.339348252404077622e-01
1.377245609023124651e+01 4.885764119711851983e+00 2.483765546806660507e-01
1.592886709171007453e+01 4.393214057862211419e+00 2.534471891337976013e-01
1.842291637475853605e+01 4.110447811878610302e+00 2.836320140752871533e-01
2.130746937602259905e+01 3.673291222951545532e+00 3.174458656644229548e-01
2.464366889447444464e+01 3.157393461905449339e+00 3.634249490873699417e-01
2.850223111262082654e+01 2.774845613472524786e+00 3.680648286699979566e-01
3.296494454116773909e+01 2.471468834841379358e+00 4.019462794648588355e-01
3.812640365971487455e+01 2.257632963232273138e+00 4.533180488141702047e-01
4.409601400081794509e+01 2.194468073019558041e+00 4.800881217537858459e-01
5.100031117844157791e+01 2.273187067079362134e+00 6.615319927667966393e-01
5.898564301638744212e+01 1.751347442596658421e+00 7.347232470585403075e-01
6.822127162877862361e+01 1.805067772334588483e+00 8.244370526946509514e-01
7.890296120624778098e+01 2.344826657882614462e+00 1.841273715334353467e+00
9.125712755680132204e+01 5.925822369595811212e-01 1.041837245163605319e+00
1.055456373576366218e+02 5.925822369595811212e-01 5.911521065060405533e-01