2.228431601326309774e+01 1.710644179847216506e+01
2.586643570699714445e+01 1.710640914200048357e+01
3.002436762187364749e+01 1.710636507003605900e+01
3.485067139921250856e+01 1.710630555797535735e+01
4.045278529333749873e+01 1.710622513367031772e+01
4.695541785246177824e+01 1.710611633330281833e+01
5.450332405324918739e+01 1.710596893309311284e+01
6.326452768852846020e+01 1.710576884708754264e+01
7.343406174167064648e+01 1.710549651514840974e+01
8.523831001203086544e+01 1.710512448492492510e+01
9.894004664029338869e+01 1.710461366430671859e+01
1.148442857184962094e+02 1.710390727191424176e+01
1.333050712027892359e+02 1.710292055270432954e+01
1.547333582790416528e+02 1.710152211630795094e+01
1.796061616282254931e+02 1.709949712131949795e+01
2.084771742409316175e+02 1.709646618650394245e+01
2.419890931662419575e+02 1.709167726981529967e+01
2.808879265782128982e+02 1.708333158251555162e+01
3.260396006492990750e+02 1.706523583909794795e+01
3.784492359160007027e+02 1.697646542889734533e+01
4.392835222475381443e+02 1.715378206358774449e+01
5.098966905062910655e+02 1.715121470568703543e+01
5.918606590546326061e+02 1.714853452379961141e+01
6.870000261989582668e+02 1.714677896382280053e+01
7.974326875370230709e+02 1.714124791561614458e+01
9.256169823905659086e+02 1.713215991160330987e+01
1.074406418849038118e+03 1.712178361272441407e+01
1.247113195657570031e+03 1.709855228014075124e+01
1.447581935008679693e+03 1.710610969388687863e+01
1.680275267601970427e+03 1.709721688038789011e+01
1.950373175179161535e+03 1.705091939281972557e+01
2.263888301996682003e+03 1.696618163012585256e+01
2.627799802182278199e+03 1.696575339137094929e+01
3.050208702549026384e+03 1.709398892438292350e+01
3.540518239395337332e+03 1.720944866681915286e+01
4.109643183764923378e+03 1.731706511939164272e+01
4.770252814952279550e+03 1.735699132567969016e+01
5.537052951082134314e+03 1.737048862731234422e+01
6.427113315040112866e+03 1.729943476817051007e+01
7.460247523241206181e+03 1.737542507517474277e+01
8.659454156158626574e+03 1.740108930622851346e+01
1.005142872927548524e+04 1.748309152508806719e+01
1.166715796143465741e+04 1.744117018510655726e+01
1.354260956958304087e+04 1.755795921197853460e+01
1.571953294541750438e+04 1.766130625770384199e+01
1.824638853777974145e+04 1.777508806159388399e+01
2.117942662976348947e+04 1.795975133238691157e+01
2.458393952517014259e+04 1.805038618137998441e+01
2.853571501921116578e+04 1.833341005136311352e+01
3.312272350914018170e+04 1.851076514831169817e+01
3.844707630155172956e+04 1.873251971798308801e+01
4.462729871018725680e+04 1.899410753633155835e+01
5.180096854563425586e+04 1.928176322825076028e+01
6.012777873228639510e+04 1.966966647359854292e+01
6.979309222942107590e+04 2.001338522182710733e+01
8.101206839242328715e+04 2.051005596651011231e+01
9.403445263100219017e+04 2.095050212011298640e+01
1.091501359868895233e+05 2.133813906566555119e+01
1.266956083926694264e+05 2.184407250815167956e+01
1.470614492676095979e+05 2.241967760216841654e+01
1.707010221985015378e+05 2.288887287338374321e+01
1.981405672576296492e+05 2.336731624927313788e+01
2.299909156227650237e+05 2.412233247816867632e+01
2.669610872781075304e+05 2.487021254160458028e+01
3.098740744943362079e+05 2.540245880570735437e+01
3.596851624435076956e+05 2.620525095899095191e+01
4.175031947836512118e+05 2.687067073322564781e+01
4.846152576058298582e+05 2.739299769906553550e+01
5.625153312325294828e+05 2.800460339468538962e+01
6.529375476844998775e+05 2.869134094277071512e+01
7.578947941598689649e+05 2.951374327521343233e+01
8.797235218768311897e+05 2.976475741444759393e+01
1.021135757768680924e+06 3.045134717076268061e+01
1.185279476862512995e+06 3.083365617011595816e+01
1.375808679289950291e+06 3.092609810899034883e+01
1.596964731912859250e+06 3.144601374970919849e+01
1.853670785308399005e+06 3.198818543593201724e+01
2.151641367928062100e+06 3.301069706697410311e+01
2.497509597104163840e+06 3.381935905946715337e+01
2.898974838745500892e+06 3.419836355032391140e+01
