22.28714700326315 14.626765216173606
25.875839596020462 14.626665818863566
30.04238607574793 14.626531776311753
34.87983289489468 14.626350985320212
40.496208913242576 14.62610709181099
47.01693787601327 14.625777978914957
54.58763935095196 14.625333701303148
63.3773806743338 14.624733649247258
73.58245252767782 14.623922628745856
85.43075246056429 14.622825391647835
99.18687425147911 14.621338898838777
115.15801676123678 14.619321155618211
133.70084423427153 14.616574594805426
155.22945125062398 14.612820043456022
180.2246102002792 14.607651915240313
209.2445077925379 14.600444431168143
242.93721036592177 14.590037956772743
282.05513637133015 14.571028896373573
327.4718592249436 14.565270748955989
380.20161576870186 14.539145609431095
441.42195599725267 14.499407121916331
512.50003986038 14.444859876491925
595.023168395651 14.349960408357159
690.8342310062136 14.158060879385117
802.072860484998 13.472628743110993
931.2232148508008 15.94134829870054
1081.1694530503073 15.919252170944205
1255.2601433979332 15.919458069279244
1457.3830431094163 15.923864793310468
1692.0519188902013 15.87330204450786
1964.507347438009 15.984857136250456
2280.833746915513 15.931614250371805
2648.0952529157285 16.005350857806054
3074.493473273994 15.902988428963884
3569.5506446743348 16.146617552095098
4144.322281265561 16.18742548125884
4811.644064111936 16.16938384876633
5586.418484962437 16.126817529246814
6485.947645607894 16.16465981309294
7530.3196448322315 16.07795728036829
8742.857181671177 16.27341579318158
10150.638393093375 16.266099685669133
11785.101557343096 16.415646305662076
13682.747167054267 16.56170668401355
15885.953050687076 16.671646246664878
18443.920745410134 16.847356073010562
21413.774255631284 16.93108034695687
24861.835734424854 17.1003756081855
28865.106576108454 17.232249255933013
33512.98699542206 17.436311927819037
38909.27249459493 17.73745104671958
45174.4718029893 18.04139126559344
52448.498053068564 18.335254242605668
60893.79329147369 18.72162346458048
70698.956101142 19.014136388160495
82082.95334577338 19.512735436206075
95300.0100924485 19.827220887476575
110645.28691313765 20.38549406837957
128461.47134942049 20.92187470962309
149146.4307396409 21.47583520915516
173162.0973098472 21.98884923062503
201044.78394852654 22.578084032146393
233417.16103487732 23.109447253479164
271002.16178466636 23.801258034738954
314639.12664497155 24.46695840929222
365302.5472710893 25.176158908727935
424123.8286722121 25.89298465672546
492416.5555136058 26.434859679295098
571705.8268171072 27.089633295167907
663762.3141563943 27.87528806018007
770641.8039275941 28.563277831640875
894731.1067450056 28.7039373339216
1038801.3592010613 29.189699009122926
1206069.90831438 30.364619427877358
1400272.1606565749 30.96169329004896
1625745.0006776317 31.036241803090768
1887523.641110605 32.341944672994146
2191454.0682988027 33.944403433899716
2544323.593551197 35.70485482299838
2954012.425971873 37.37082379822488