22.286350627982813 16.12132456198707
25.87319406582273 16.1213218341218
30.037316667144058 16.1213181573446
34.87162776528264 16.121313201250086
40.4839898475542 16.121306520888716
46.999625168303034 16.121297515829657
54.563909690695574 16.12128537656772
63.345616695306 16.12126901104976
73.54068242644435 16.121246945949146
85.37657779481209 16.12121719254953
99.11738367731685 16.121177065100845
115.0696830534406 16.121122934007126
133.58940144270076 16.121049889135094
155.08974826610898 16.120951278930853
180.05043631819711 16.120818075276958
209.02838505320693 16.120637990261315
242.67014649570075 16.120394230808227
281.7263310208088 16.120063704279918
327.06835487014666 16.119614337984608
379.7078830716854 16.11900080793034
440.81940157133994 16.118156808928937
511.7664222025861 16.116976517802218
594.1319051757982 16.115220396652486
689.7535778697284 16.11302004730972
800.7649379531614 16.110785468476227
929.6428556927851 16.107170226759877
1079.2628375434535 16.101287606629427
1252.963184054497 16.09285399425023
1454.6194735745034 16.079438247666683
1688.7310336247951 16.07707181652718
1960.5213292790445 16.064261558448596
2276.054508400808 16.04642987080551
2642.3707040803647 16.026101364488348
3067.6431131203085 15.967160814396891
3561.3603552835366 15.920183875521563
4134.5381820782395 15.717848510388936
4799.965258697297 16.044656896323875
5572.488502965052 16.275938492856998
6469.344347734987 16.360557516633847
7510.543317819586 16.39368489367595
8719.316502080124 16.456833680226264
10122.633882300583 16.505934758041032
11751.806083728521 16.50642775590721
13643.182973458635 16.624577708287635
15838.96469369036 16.647236277623954
18388.143225522665 16.76773200994944
21347.59549132848 17.009399105794717
24783.352384859107 17.126455094493295
28772.0720435048 17.36053898753661
33402.750234160354 17.637827134764485
38778.70601459079 17.904447316147838
45019.88697410204 18.106277474417027
52265.54548773051 18.40698114760363
60677.34569616859 18.793687775732636
70442.97053393704 19.17947088042816
81780.30928532293 19.511082185167854
94942.31910025737 20.00546729113397
110222.66893961029 20.49848895768563
127962.29187683703 20.906170668064952
148556.99195003306 21.42304981296104
172466.27528743885 22.045522445612157
200223.602545259 22.678467657658555
232448.29140878204 23.254604664491282
269859.3347237796 24.006593657128462
313291.4425664376 24.573372659663786
363713.66618028795 25.07121219912735
422251.0193148752 25.701558598762745
490209.5793785006 26.210202806626253
569105.6284585281 27.156664171905966
660699.4843997144 27.898149832233248
767034.77677494 28.51564692851916
890484.0440684253 28.993863547600867
1033801.6694295533 29.83153997352228
1200185.3360925678 29.901553126220275
1393347.373647074 31.004371545976937
1617597.5870275602 31.686338644895194
1877939.4162910022 32.7288027113536
2180181.5726863476 33.17144643628034
2531067.641824591 33.157955479992005
2938426.5456376006 33.31979491731632