1.078512158813548037e-03 8.632028526336423369e+00 2.498570118947397418e+02
1.247864794603771458e-03 8.632034921779101921e+00 2.159477574506538815e+02
1.443809912467304297e-03 8.632043483903151682e+00 1.866404333527306107e+02
1.670523178755718924e-03 8.632054947265171307e+00 1.613104891615788006e+02
1.932835940980082851e-03 8.632070295587279674e+00 1.394181339692276822e+02
2.236338185697606205e-03 8.632090846424944175e+00 1.204968331963415409e+02
2.587497663290190368e-03 8.632118364965998936e+00 1.041433665916730007e+02
2.993797718230036507e-03 8.632155216909652040e+00 9.000923543733806298e+01
3.463896762048663050e-03 8.632204573514227874e+00 7.779323591101768898e+01
4.007812787440061426e-03 8.632270688272987158e+00 6.723504030871772841e+01
4.637136855564983479e-03 8.632359269666039836e+00 5.810964935897952444e+01
5.365280106053533192e-03 8.632477985493384409e+00 5.022259739336876549e+01
6.207759553584822274e-03 8.632637147144269107e+00 4.340580819742320529e+01
7.182528761479560486e-03 8.632850642263981911e+00 3.751401322633564206e+01
8.310360439087879914e-03 8.633137213488399908e+00 3.242165584990968341e+01
9.615289116270863551e-03 8.633522225401604189e+00 2.802021565537052439e+01
1.112512332854053571e-02 8.634040130855941797e+00 2.421589577514597735e+01
1.287203822772189574e-02 8.634737959362810855e+00 2.092762394836518069e+01
1.489326124689981795e-02 8.635680335691205300e+00 1.808532469868683634e+01
1.723186543143633009e-02 8.636956858801942971e+00 1.562842578172997143e+01
1.993768734224955763e-02 8.638693254858235804e+00 1.350456703540468872e+01
2.306838909222867426e-02 8.641068829913686855e+00 1.166848406093794210e+01
2.669068714819222005e-02 8.644344992532023042e+00 1.008104287127283172e+01
3.088177408463540358e-02 8.648914469264189719e+00 8.708404858137457794e+00
3.573096358738940548e-02 8.655392247351224810e+00 7.521304293808221075e+00
4.134159376285782839e-02 8.664799131142778776e+00 6.494423445800802774e+00
4.783322931308716525e-02 8.678978705706100527e+00 5.605854535537649674e+00
5.534420950587506938e-02 8.701718536016651129e+00 4.836649411557968570e+00
6.403459623814611312e-02 8.742695979147322660e+00 4.170516571786910376e+00
7.408958501696760734e-02 8.841650308341048259e+00 3.594265472412761397e+00
8.572345154753163721e-02 8.976744776368295931e+00 3.088941496460326785e+00
9.918411803142218597e-02 8.465610631974882949e+00 2.597911414752595238e+00
1.147584364847515914e-01 8.477411673490758304e+00 2.204429594464920594e+00
1.327783016657221316e-01 8.649555868942503167e+00 1.926768558822553379e+00
1.536277238804667766e-01 8.352838051158220978e+00 1.669557047319500942e+00
1.777510123914008977e-01 8.059034554551599783e+00 1.370205329625306057e+00
2.056622438196860914e-01 8.370401797989540427e+00 1.265852641028598180e+00
2.379562173171297368e-01 8.470461209487412546e+00 1.157129643857489398e+00
2.753211299664768408e-01 8.419934278299137986e+00 9.934624232942180777e-01
3.185532425277837199e-01 8.337328592456076493e+00 8.732322425214286143e-01
3.685738480636077119e-01 8.296986325479471347e+00 7.614222223325076699e-01
4.264489050509886470e-01 8.214961981379909517e+00 6.512026924060088096e-01
4.934117533694423186e-01 8.170998848403371539e+00 5.747949492943010830e-01
5.708893972514677007e-01 8.160846569658867011e+00 5.181604990182412385e-01
6.605329152954232397e-01 8.075275041324516678e+00 4.606772006165110733e-01
7.642526455899234517e-01 8.009324144452865113e+00 4.041728453927449505e-01
8.842588957583839004e-01 8.040485917555427520e+00 3.701385701745283363e-01
1.023109045470533385e+00 7.977221722604094900e+00 3.446307329123470264e-01
1.183762045193652801e+00 8.050005248513706135e+00 3.212052881868695531e-01
1.369641472573041030e+00 7.849395294884068619e+00 2.948456188456599625e-01
1.584708490197593633e+00 7.840769707019321189e+00 2.807996246018196196e-01
1.833546259508736176e+00 7.696546624757460542e+00 2.669091650075905431e-01
2.121457609745808437e+00 7.645762681684969309e+00 2.626777129120289600e-01
2.454578043290952749e+00 7.454164614800544264e+00 2.599155666412509280e-01
2.840006485601167086e+00 7.368266697666610909e+00 2.560081201002663009e-01
3.285956566059217376e+00 7.157166195028549893e+00 2.543681173687947217e-01
3.801931653596941185e+00 7.170495168565168775e+00 2.693583864858321020e-01
4.398927377167854758e+00 6.888359336017320977e+00 2.702472201545041974e-01
5.089665946858785261e+00 6.784418125078557793e+00 2.854185269837799521e-01
5.888867269114154368e+00 6.561221007391768723e+00 3.055812789758631243e-01
6.813562633643344135e+00 6.138790439672295207e+00 3.046286107397047083e-01
7.883457656800664459e+00 5.797065294425792992e+00 3.315906748420922590e-01
9.121352215901890048e+00 5.381721915035487136e+00 3.396348693646044081e-01
1.055362632344028384e+01 5.114951397702943048e+00 3.577397168918250436e-01
1.221080229536984518e+01 4.518638720080922155e+00 3.581677772827925321e-01
1.412819519347967301e+01 4.084845859899311371e+00 4.027263376585785148e-01
1.634666540303823368e+01 3.711844084304885438e+00 4.009938063038044342e-01
1.891348938342876806e+01 3.572482298235423404e+00 4.766576914437740675e-01
2.188336714780899328e+01 3.416930390753808666e+00 5.101936275626294259e-01
2.531958794157688430e+01 2.906994864013484392e+00 4.919004293159934815e-01
2.929537896070224434e+01 2.611711956087308550e+00 5.426997829325383993e-01
3.389546585163369485e+01 2.286072053022944583e+00 5.505659067433961162e-01
3.921787824763900687e+01 2.180721131070963548e+00 6.189448225928821934e-01
4.537603881825705088e+01 2.108294094402726415e+00 6.050318438573706326e-01
5.250118035031442787e+01 1.857269308533412433e+00 6.557263962063808460e-01
6.074514236943964818e+01 1.739722263222590604e+00 6.244161381155712842e-01
7.028360689916169690e+01 1.719178263372094673e+00 7.729576757251276353e-01
8.131984231287353282e+01 1.743465475995093827e+00 1.210246482310726179e+00
9.408903506159555263e+01 1.460637893952998034e+00 1.587704228402132101e+00
1.088633015883344939e+02 1.361932095356783279e+00 1.069639366663846181e+00
