1.078249022529193879e-03 8.305898722453523675e+00 2.205503953778721211e+02
1.246992886641129375e-03 8.305899827778830513e+00 1.907046163010905673e+02
1.442144835602181003e-03 8.305901305724946226e+00 1.648974677258778456e+02
1.667837683064971261e-03 8.305903282362683271e+00 1.425824209539302387e+02
1.928851019939349090e-03 8.305905925583127569e+00 1.232869008716002668e+02
2.230712433768734185e-03 8.305909460061272398e+00 1.066022781082031656e+02
2.579814568740977643e-03 8.305914185863887411e+00 9.217521524891493812e+01
2.983550505362086991e-03 8.305920503883799100e+00 7.970018403059978596e+01
3.450470326784215759e-03 8.305928949340646739e+00 6.891299496044909745e+01
3.990462187457919155e-03 8.305940236367087337e+00 5.958520235626398431e+01
4.614961718674500876e-03 8.305955316937223998e+00 5.151926627164360895e+01
5.337194205666354573e-03 8.305975458569561098e+00 4.454436883068020592e+01
6.172454664950090611e-03 8.306002345962411937e+00 3.851279630148084721e+01
7.138431753226300545e-03 8.306038212643935381e+00 3.329681019732480252e+01
8.255582367388930934e-03 8.306086008758866157e+00 2.878594098474798813e+01
9.547564868703790897e-03 8.306149608926162387e+00 2.488464682077107781e+01
1.104174010572407140e-02 8.306234056451959447e+00 2.151028728373159637e+01
1.276975084631267604e-02 8.306345818566116534e+00 1.859136838592044327e+01
1.476819188964329649e-02 8.306492971050911223e+00 1.606602023641135091e+01
1.707938504941960284e-02 8.306685084800419006e+00 1.388067230033592914e+01
1.975227542045321361e-02 8.306932199323512123e+00 1.198889246473249592e+01
2.284346790920897471e-02 8.307241181580371503e+00 1.035035273146348089e+01
2.641842597935417647e-02 8.307604469648307344e+00 8.929869199522389778e+00
3.055285799864281004e-02 8.307964987882460406e+00 7.696412563359126935e+00
3.533432054637692526e-02 8.308096166921812298e+00 6.621795482278433731e+00
4.086407263535132145e-02 8.307104786605314928e+00 5.677844461607636006e+00
4.725922011590773242e-02 8.300338914965328385e+00 4.823810971658792468e+00
5.465519567503129145e-02 8.257026422088111772e+00 3.931529929587835870e+00
6.320862695045730006e-02 8.452854788279374532e+00 3.866243568891048366e+00
7.310065349902876430e-02 8.593079031896772690e+00 3.328094675551323878e+00
8.454076286411732477e-02 8.453393318402536494e+00 2.800203772926032730e+00
9.777122698009638180e-02 7.900250698032989405e+00 2.293011913394231271e+00
1.130722328654413245e-01 7.952338653682504699e+00 1.968788060175189258e+00
1.307678162592695870e-01 8.126104158698346680e+00 1.832546262059817854e+00
1.512327238603996260e-01 8.321070078827403904e+00 1.616384351697410127e+00
1.749003494934070480e-01 8.416404816417687229e+00 1.420575589923671611e+00
2.022719122691539195e-01 8.400547101401114602e+00 1.268049286958077504e+00
2.339270711094982302e-01 8.400022514641880989e+00 1.113994260530266400e+00
2.705362004243689888e-01 8.438647161477421221e+00 9.548195421213905298e-01
3.128745869083067177e-01 8.398815726672280491e+00 8.647280714334844021e-01
3.618388481079071184e-01 8.301086402476851589e+00 7.652049239939260339e-01
4.184659204629732066e-01 8.169117485459036487e+00 6.729408268929296666e-01
4.839550189389872359e-01 8.140881465837791708e+00 5.824453440279940830e-01
5.596930332991334467e-01 8.212473956892091920e+00 5.299918392010297685e-01
6.472838988432465523e-01 8.166234964789016004e+00 4.707064793857126950e-01
7.485825636099854297e-01 8.132560682202804259e+00 4.221430704249140020e-01
8.657342713797437916e-01 8.023210613352606657e+00 3.779417588031017128e-01
1.001219992390720570e+00 7.954246109195382886e+00 3.437847568619132876e-01
1.157908963873241603e+00 8.060022999774671959e+00 3.238373660253330844e-01
1.339119453074987254e+00 7.758971524362356931e+00 2.992153316867086077e-01
1.548689029580879062e+00 7.687928994943179717e+00 2.900913885632924738e-01
1.791055835113657402e+00 7.613767561451098231e+00 2.782761765406063792e-01
2.071352571899361283e+00 7.492419324165054739e+00 2.626581587457666456e-01
2.395515200028273561e+00 7.399754923996636258e+00 2.568111525596860623e-01
2.770408645740350728e+00 7.418308784945657486e+00 2.608872822634435429e-01
3.203972182811569702e+00 7.279786899344539819e+00 2.704991632476814734e-01
3.705387565843033304e+00 7.134509430351754666e+00 2.731189089377160095e-01
4.285273476081123079e+00 6.968432134449766835e+00 2.755218009454257766e-01
4.955910397628377595e+00 6.886256314284248781e+00 2.893395086877675881e-01
5.731500686341755468e+00 6.736469245516471638e+00 3.045084399851270551e-01
6.628469339005043537e+00 6.347996594474596854e+00 3.093830762980171456e-01
7.665811832288792260e+00 5.949163971821361585e+00 3.297889263568868912e-01
8.865496397827438813e+00 5.538202897079866460e+00 3.299263511462250387e-01
1.025292925255960697e+01 5.063423336755701776e+00 3.430004178695164052e-01
1.185749263670714093e+01 4.660876633505146138e+00 3.754848333706347630e-01
1.371316705364603550e+01 4.281844817887545673e+00 3.876785215902798232e-01
1.585925088910071068e+01 3.818068771889004065e+00 3.810282638542554778e-01
1.834119264933545423e+01 3.598026008724520608e+00 4.205474928935327150e-01
2.121155344299571865e+01 3.361198264019508386e+00 4.595236463538108218e-01
2.453112008947606171e+01 2.959399751950385404e+00 4.610265368146297393e-01
2.837019242657160589e+01 2.909237345440183198e+00 5.043684634735441374e-01
3.281007207926029423e+01 2.557141243336461756e+00 5.310582159866168439e-01
3.794478421788928557e+01 2.445996421401785970e+00 5.650282136416078238e-01
4.388306876815131830e+01 2.226736731513901280e+00 6.004073811917455261e-01
5.075068324152978505e+01 2.208993591240884236e+00 7.749514148340849173e-01
5.869306595420667350e+01 1.911687165939991884e+00 6.405807827290006529e-01
6.787841603452295658e+01 1.791194286427519211e+00 5.956599684852883492e-01
7.850125544558562751e+01 1.470073841189353026e+00 6.202399160815208479e-01
9.078654845744888746e+01 1.292714575991737558e+00 7.493952120346467627e-01
1.049944658086382105e+02 9.981270498678005421e-01 5.846965296387877098e-01