1.079135294269154997e-03 8.946385840302164993e+00 2.541908978737002940e+02
1.249930672405595838e-03 8.946407365507218046e+00 2.194573148799447324e+02
1.447757935559314084e-03 8.946436246830124617e+00 1.894698710114321898e+02
1.676895436081294634e-03 8.946475001002783145e+00 1.635800366871166602e+02
1.942298663667085985e-03 8.946527005791475418e+00 1.412279000341593758e+02
2.249707416282847264e-03 8.946596797633281639e+00 1.219300579717210837e+02
2.605769933096933021e-03 8.946690470564687914e+00 1.052691617778963149e+02
3.018186674003615465e-03 8.946816214864476535e+00 9.088489121692636274e+01
3.495876855216650293e-03 8.946985044918566388e+00 7.846616202879995683e+01
4.049171342549243158e-03 8.947211784821879732e+00 6.774439821821131602e+01
4.690036074026968441e-03 8.947516408237136787e+00 5.848772369651138803e+01
5.432330843729118661e-03 8.947925866724334654e+00 5.049594763317523416e+01
6.292109043500936083e-03 8.948476599207928928e+00 4.359623510276125558e+01
7.287964844963051858e-03 8.949218002388633408e+00 3.763936941648818646e+01
8.441435330221862612e-03 8.950217276681733836e+00 3.249652534294831696e+01
9.777466268044151393e-03 8.951566280200401238e+00 2.805648350415779291e+01
1.132495160870096787e-02 8.953391383127216940e+00 2.422322581172289446e+01
1.311735836497794280e-02 8.955867937161409387e+00 2.091386013398163257e+01
1.519345039347091628e-02 8.959242094993987493e+00 1.805682965163491005e+01
1.759812672917316495e-02 8.963864832274463623e+00 1.559036880302099348e+01
2.038339260377115825e-02 8.970247254827624417e+00 1.346117363425749325e+01
2.360948414757743641e-02 8.979155295686510385e+00 1.162326026256563516e+01
2.734617109870040447e-02 8.991782740613974312e+00 1.003699216175282061e+01
3.167426569276103610e-02 9.010094697042362100e+00 8.668268164932401376e+00
3.668737036547310704e-02 9.037588339273126437e+00 7.487888485822722373e+00
4.249390206513946333e-02 9.081257337424961662e+00 6.471195675776740153e+00
4.921943695427836996e-02 9.158023058538969252e+00 5.598432227232257752e+00
5.700942620855621590e-02 9.327790220120050435e+00 4.858701160792706197e+00
6.603234164681573426e-02 9.878581713699327693e+00 4.259221403551948448e+00
7.648331922181997311e-02 8.465475765561745192e+00 3.436180761253841975e+00
8.858837916842079996e-02 8.497796955074029768e+00 2.952870991429935366e+00
1.026093140770616696e-01 8.591015277970800668e+00 2.534521539336911378e+00
1.188493506055504773e-01 8.582008833531899583e+00 2.120847452765548979e+00
1.376597072732868021e-01 8.193615397776312648e+00 1.781186859713544735e+00
1.594471901614413212e-01 8.205225818032795715e+00 1.541194958498042444e+00
1.846829907890723543e-01 8.331820564369010640e+00 1.365428062900494011e+00
2.139128764342740352e-01 8.101531171906589890e+00 1.202349506941294832e+00
2.477689932834492015e-01 8.196467942983121091e+00 1.052857612015572153e+00
2.869835376719651610e-01 8.493587100079226460e+00 9.700580281472673816e-01
3.324045910801131098e-01 8.458445878287990993e+00 8.204429113071682877e-01
3.850144613431986662e-01 8.521890605557121745e+00 7.255784510078721050e-01
4.459509267357468776e-01 8.359901484578942998e+00 6.124215853130229315e-01
5.165318423694179595e-01 8.163996236848621635e+00 5.381131220896433476e-01
5.982836410600029797e-01 8.114226130627914202e+00 4.699569029041986701e-01
6.929743450434122654e-01 8.045616316211384955e+00 4.317138539452700652e-01
8.026518024753825920e-01 7.990713411437961433e+00 3.825900771438199843e-01
9.296879756444962339e-01 8.000019365704021723e+00 3.580553144122029519e-01
1.076830238706740772e+00 7.874688687378307961e+00 3.241782334311311131e-01
1.247260794342704759e+00 7.847890646349300781e+00 3.012479478170476122e-01
1.444665494324083754e+00 7.893775004457701527e+00 2.839187350742863880e-01
1.673313552351743949e+00 7.769640908011313130e+00 2.691318177427191038e-01
1.938149873091583597e+00 7.685135633793351850e+00 2.587662626798847842e-01
2.244901994181238258e+00 7.666165625300649822e+00 2.520603249944574631e-01
2.600203954011127472e+00 7.553229287507398304e+00 2.541302118049214021e-01
3.011739764132107311e+00 7.325244865385825754e+00 2.524378825700833162e-01
3.488409589125525123e+00 7.170983964206313566e+00 2.614447925089669056e-01
4.040522227859103310e+00 7.102666932572925695e+00 2.674814873781056757e-01
4.680018058864485297e+00 6.896369621041093190e+00 2.741349712859539878e-01
5.420727271410882508e+00 6.713612317334447965e+00 2.866854406943802336e-01
6.278668966962746900e+00 6.410593487750714914e+00 3.053589939360987771e-01
7.272397599601159612e+00 6.065978402024307492e+00 3.149855316772782188e-01
8.423404247774623599e+00 5.879874633840427300e+00 3.356854453828582718e-01
9.756581395566012560e+00 5.374717750724498977e+00 3.532326367620752250e-01
1.130076127516416484e+01 4.972549365314963055e+00 3.869641257691334713e-01
1.308933941311532578e+01 4.444219706086625976e+00 4.009247217435318866e-01
1.516099686560678528e+01 4.029338292239204478e+00 4.200629486759242526e-01
1.756053676235384131e+01 3.451260857159951900e+00 4.490138142057761850e-01
2.033985325078019457e+01 3.492063220317063621e+00 4.857407586251585307e-01
2.355905379556400447e+01 2.930838926586591953e+00 4.892238056707310934e-01
2.728775910519362924e+01 2.849426247583147553e+00 5.173533976788360356e-01
3.160660879866424722e+01 2.437526729037414075e+00 4.659377519607954543e-01
3.660900537492892681e+01 2.467664194446210324e+00 5.984109239936122870e-01
4.240313420142103240e+01 2.545262539251002210e+00 6.879522085586855518e-01
4.911430320734888255e+01 1.947220137075888147e+00 5.572289171847458755e-01
5.688765288162498734e+01 2.031640753209437822e+00 6.909375027335753483e-01
6.589129518376279293e+01 1.644816516252384897e+00 6.304916428166125186e-01
7.631994925204836022e+01 1.612209392596523072e+00 6.183903204659957353e-01
8.839915253738399770e+01 1.110734466121497732e+00 5.790136564243900663e-01
1.023901384357636033e+02 1.184676274428227760e+00 5.480010944220369273e-01
1.185954859065108167e+02 1.030139539146404992e+00 5.730400834838818014e-01