1.079132233992587684e-03 9.066550520842065808e+00 2.411712240587167742e+02
1.249920522891078377e-03 9.066558350495663277e+00 2.082174356591151820e+02
1.447738529470186941e-03 9.066568855644595359e+00 1.797663803417489703e+02
1.676864097618426062e-03 9.066582950695201149e+00 1.552027997586791912e+02
1.942252101911447594e-03 9.066601863548655160e+00 1.339955028315807510e+02
2.249641597513551364e-03 9.066627242325107972e+00 1.156858785633370985e+02
2.605679928101354952e-03 9.066661300357777620e+00 9.987797857237487165e+01
3.018066475661967084e-03 9.066707010511338538e+00 8.622995460377023846e+01
3.495719160776501484e-03 9.066768367940596818e+00 7.444666602053389681e+01
4.048967293982378042e-03 9.066850744435095422e+00 6.427329731497637511e+01
4.689774948653874925e-03 9.066961368437128854e+00 5.548984766380639400e+01
5.431999685872782035e-03 9.067109976775308056e+00 4.790637333361483030e+01
6.291692226253077676e-03 9.067309703305049595e+00 4.135888005547155899e+01
7.287443549167484276e-03 9.067578297072968141e+00 3.570577652120640977e+01
8.440786925448478736e-03 9.067939804193212439e+00 3.082481229049828642e+01
9.776663577580807507e-03 9.068426911801891421e+00 2.661043385333810818e+01
1.132396203735667323e-02 9.069084255166684372e+00 2.297150161835085314e+01
1.311614286468324939e-02 9.069973158853137818e+00 1.982931836400970482e+01
1.519196223717990055e-02 9.071178575838468205e+00 1.711592636555418423e+01
1.759631005829805778e-02 9.072819516104143389e+00 1.477263611022201850e+01
2.038118070817678679e-02 9.075065257334927082e+00 1.274875432193060298e+01
2.360679742986610680e-02 9.078161644236367067e+00 1.100048293846366221e+01
2.734291466593767247e-02 9.082476130289730776e+00 9.489963586288604702e+00
3.167032650870634652e-02 9.088580446777699606e+00 8.184443480565782636e+00
3.668261388452355443e-02 9.097416663659899427e+00 7.055536972120685313e+00
4.248816825526329638e-02 9.110674181609333289e+00 6.078546796242773276e+00
4.921253559984715975e-02 9.131811657926297343e+00 5.231767886883116780e+00
5.700113136475846998e-02 9.169759428753785357e+00 4.495488110639416668e+00
6.602238509475505390e-02 9.264374206967627146e+00 3.848194335092568252e+00
7.647138274688886073e-02 9.302305775525026021e+00 3.285022316261160924e+00
8.857408545341596828e-02 9.008749058262610632e+00 2.792469378259695212e+00
1.025922159649742954e-01 9.057904063197785405e+00 2.298558549568485709e+00
1.188289184440911583e-01 8.802225081551457109e+00 2.225115687105855500e+00
1.376353140028990230e-01 8.814671926018746717e+00 1.856862554442404445e+00
1.594180937495404127e-01 8.931931202040138018e+00 1.629260226666416234e+00
1.846483135440222245e-01 8.876361572657959442e+00 1.380189908601706206e+00
2.138715806514267515e-01 8.744099801988925336e+00 1.203467144494505314e+00
2.477198525803734896e-01 8.881789365180436491e+00 1.095403751820247296e+00
2.869251032583725047e-01 8.676722271265253639e+00 9.456215878159861532e-01
3.323351520771502532e-01 8.461660260344668671e+00 8.187205269270978469e-01
3.849319981134128321e-01 8.614737552708389146e+00 7.157464324174751535e-01
4.458530560053026170e-01 8.564331308803666332e+00 6.317646175250877238e-01
5.164157527135464498e-01 8.578567848994893552e+00 5.604424560638794350e-01
5.981460170759196338e-01 8.464320614809507148e+00 4.846948261536525582e-01
6.928112782458917263e-01 8.283757425641189442e+00 4.311157041704770654e-01
8.024586866116070194e-01 8.201464599821198576e+00 3.818323597373240452e-01
9.294593837282756343e-01 8.212451696641661414e+00 3.493441372222546026e-01
1.076559778607860007e+00 8.148183023844671524e+00 3.252090654909705614e-01
1.246940939223471823e+00 7.888776364267341634e+00 2.950870824676966042e-01
1.444287383578610307e+00 8.007371590862296884e+00 2.859136346436408349e-01
1.672866757958379802e+00 7.995483412291695124e+00 2.778645885836566465e-01
1.937622125416747831e+00 7.764076379036941589e+00 2.663010545721470335e-01
2.244278860252133967e+00 7.712958740653727219e+00 2.561273724961014575e-01
2.599468460080313736e+00 7.655991901646416409e+00 2.575633777362938415e-01
3.010871952959167430e+00 7.464972994126099159e+00 2.578177981940202868e-01
3.487386000765735794e+00 7.530331251093634215e+00 2.705495508769200086e-01
4.039315290835872929e+00 7.231514905171111174e+00 2.722621286535260587e-01
4.678595376364397040e+00 7.024465117430977124e+00 2.806755608350494646e-01
5.419050784522612574e+00 6.682585478606295482e+00 2.872648010433754284e-01
6.276693973919734049e+00 6.448563864003970636e+00 3.042647958341561099e-01
7.270071606407896070e+00 6.174963650781900348e+00 3.155183479596770924e-01
8.420665621410170942e+00 5.731402625949090002e+00 3.320702332742733742e-01
9.753357786063705959e+00 5.264539987813762423e+00 3.442589117911285523e-01
1.129696776714414597e+01 4.776932232859689265e+00 3.635661961620503813e-01
1.308487636065688875e+01 4.325723199838454214e+00 3.975357257251034837e-01
1.515574735652804961e+01 4.142923164715693218e+00 4.578500553439335263e-01
1.755436364882668698e+01 3.605820640127025190e+00 4.398021037422723545e-01
2.033259567252654421e+01 3.255268751473287647e+00 4.745337023990061076e-01
2.355052310939663585e+01 3.191979223910561991e+00 5.333550324183745639e-01
2.727773412007787357e+01 3.041438330782939126e+00 5.831309844162605449e-01
3.159483019843306195e+01 3.187745619987610191e+00 6.442980069387898023e-01
3.659516919087002407e+01 2.914827109914656322e+00 7.265066485698858934e-01
4.238688417369054662e+01 2.131786405768622217e+00 5.731315270253095617e-01
4.909522184698893454e+01 1.923505420765797558e+00 5.629961582993309177e-01
5.686525101321684872e+01 2.027294299453120896e+00 6.232620142454988743e-01
6.586499971166713863e+01 1.968779388462139623e+00 7.839596043250384172e-01
7.628908884987785655e+01 1.513582245830637829e+00 7.124134671810462560e-01
8.836294090977754934e+01 9.531537849011489927e-01 8.300120647824720255e-01
1.023476547424689898e+02 9.606899988474348895e-01 5.942386118844025233e-01
1.185456518698163109e+02 8.631088138440132784e-01 4.805032630579844088e-01