1.078121626715269985e-03 8.168487626312685990e+00 2.005681711747709812e+02
1.246570857267090444e-03 8.168470207025153584e+00 1.734639509717681278e+02
1.441339143638198806e-03 8.168446914616298571e+00 1.500221034761052579e+02
1.666538660737020179e-03 8.168415767634986224e+00 1.297476969988496478e+02
1.926924083058347958e-03 8.168374113443478635e+00 1.122126744411148849e+02
2.227992970909045255e-03 8.168318401464581768e+00 9.704681566992121589e+01
2.576101841304250135e-03 8.168243876265114167e+00 8.392992092635911661e+01
2.978600374158032332e-03 8.168144165011689495e+00 7.258505029643255568e+01
3.443986587285908282e-03 8.168010720483298570e+00 6.277267649303586694e+01
3.982086256454600744e-03 8.167832066636435684e+00 5.428562744179178878e+01
4.604260368604109685e-03 8.167592772821013369e+00 4.694471187022253389e+01
5.323644988236115108e-03 8.167272050809437189e+00 4.059493545521585389e+01
6.155428601307317421e-03 8.166841822108608540e+00 3.510222752743535324e+01
7.117172792234974406e-03 8.166264030167159405e+00 3.035060903629460682e+01
8.229183024521091044e-03 8.165486855764889640e+00 2.623974167491876130e+01
9.514937353347640431e-03 8.164439303240895285e+00 2.268280591051701478e+01
1.100158212162245103e-02 8.163023298332452882e+00 1.960466225640367455e+01
1.272050510518801109e-02 8.161101857054649855e+00 1.694025545557489210e+01
1.470799820810238766e-02 8.158480801137592664e+00 1.463322515745978691e+01
1.700602369958686272e-02 8.154879365414185344e+00 1.263468859378310327e+01
1.966310017032718571e-02 8.149880588414815108e+00 1.090215921852927217e+01
2.273532691346971668e-02 8.142842328062108948e+00 9.398556238133599194e+00
2.628756835823715596e-02 8.132724785681265445e+00 8.091231571542262913e+00
3.039482356330586166e-02 8.117720032256194429e+00 6.950853062892516476e+00
3.514380968428402335e-02 8.094331595103795962e+00 5.949671108346579196e+00
4.063479284730029534e-02 8.054491611906955839e+00 5.057233198761415416e+00
4.698370508423855424e-02 7.970953396367502997e+00 4.219248047767334420e+00
5.432459202482099736e-02 7.817296646133753413e+00 3.421688388265121894e+00
6.281244302406581437e-02 7.991194391609942826e+00 3.199247496308919025e+00
7.262646347806631097e-02 8.375738374904836192e+00 3.093280936719086327e+00
8.397385841703372544e-02 8.434023306284313293e+00 2.695787783991557163e+00
9.709420725922665585e-02 8.843410480677194485e+00 2.449871157766482899e+00
1.122645220906673957e-01 8.764099479828349359e+00 2.170481248331223245e+00
1.298050962669380637e-01 8.774307391037091008e+00 1.894574360480894004e+00
1.500862668195489524e-01 8.633307068943466334e+00 1.615163128810770621e+00
1.735362334426794884e-01 8.345963529769571565e+00 1.406709911235562105e+00
2.006500991438455173e-01 8.506949252498037239e+00 1.284078414875959417e+00
2.320003234352404631e-01 8.652780172102277234e+00 1.129831652794343499e+00
2.682488087657000642e-01 8.325405997951415671e+00 9.394682498110249469e-01
3.101608753761199710e-01 8.437663680981689396e+00 8.539199420756581338e-01
3.586214196317493719e-01 8.459763046175895695e+00 7.647407344286497599e-01
4.146535969848927916e-01 8.407485076964150039e+00 6.746938609407208132e-01
4.794404240244886095e-01 8.514262317114985379e+00 6.040739382655201384e-01
5.543497557001926257e-01 8.591090204409052689e+00 5.353504844429458620e-01
6.409631650692160232e-01 8.541966226133192563e+00 4.799302938979595479e-01
7.411093353087669922e-01 8.385886412563477776e+00 4.235412843952963136e-01
8.569026690051539941e-01 8.392155514068031508e+00 3.937616079380181766e-01
9.907879298838329074e-01 8.220361246469853000e+00 3.547550837627803655e-01
1.145591859508592769e+00 8.059618001589022640e+00 3.152785225535406077e-01
1.324582858741758074e+00 8.072464529840871705e+00 3.003495533926209271e-01
1.531539994029896157e+00 7.921185442169144331e+00 2.832865110976691692e-01
1.770832785456117886e+00 7.840676818949462223e+00 2.734300867980858363e-01
2.047513461137247859e+00 7.788152209930542469e+00 2.647126675293808851e-01
2.367423625748158678e+00 7.633237473520043892e+00 2.553908365020521321e-01
2.737317595283377258e+00 7.503703266664008886e+00 2.626337956110225691e-01
3.165005002043113969e+00 7.513549621526030897e+00 2.711045436509176287e-01
3.659515680686264538e+00 7.412127759207472799e+00 2.716175001655762311e-01
4.231290316616765246e+00 7.080648039480069933e+00 2.728059594883754935e-01
4.892400881894110043e+00 6.939348336925376337e+00 2.794191976277680123e-01
5.656805512767691724e+00 6.668062811176968196e+00 2.924834147448451271e-01
6.540643210106333427e+00 6.427311444436552001e+00 3.076330140838309246e-01
7.562574584781721398e+00 6.048790914247620165e+00 3.201372763556764589e-01
8.744175842219137351e+00 5.731480129254969746e+00 3.303190628828765463e-01
1.011039432437619112e+01 5.210642744370182378e+00 3.553444773767955867e-01
1.169007522708239932e+01 4.703340345825850477e+00 3.770475390686239825e-01
1.351657061340950960e+01 4.407513415860129236e+00 4.054429839755002707e-01
1.562844358127224176e+01 4.162829743190126663e+00 4.463880192153466542e-01
1.807028245246587517e+01 3.534794245455852746e+00 4.394856591546931202e-01
2.089364217324796158e+01 3.506508986738293476e+00 5.150699185223200915e-01
2.415813280240976013e+01 3.273119464901675268e+00 6.022297609962159459e-01
2.793267806826531086e+01 2.885961354903643361e+00 6.514145178831783900e-01
3.229697056667900057e+01 3.230230093153180437e+00 8.813184187533817937e-01
3.734315432396731183e+01 2.609117738038933876e+00 6.815589846948987285e-01
4.317777024890270354e+01 2.038940494514268398e+00 5.982911156217460835e-01
4.992400554846769012e+01 1.569158979964331735e+00 5.697824699909749269e-01
5.772429459964466503e+01 1.451694623788156724e+00 5.047535408334543616e-01
6.674332618987608612e+01 1.552883209473504778e+00 5.560335069225822435e-01
7.717152061855810530e+01 1.795266629186876628e+00 6.803645753896516712e-01
8.922905007218371054e+01 1.527948240327077434e+00 7.875299820754443347e-01
1.031704871559782930e+02 1.473942672826779487e+00 7.149730807805096955e-01