1.078246896417465149e-03 8.678933423732985375e+00 2.450658731659388536e+02
1.246985842850327443e-03 8.678935659293358640e+00 2.119039544191521713e+02
1.442131387009438310e-03 8.678938649447232478e+00 1.832293861274224582e+02
1.667815997528845125e-03 8.678942648836731166e+00 1.584349458106858890e+02
1.928818848732907851e-03 8.678947998353118365e+00 1.369955779628908772e+02
2.230667026062625562e-03 8.678955153797549116e+00 1.184572751909463619e+02
2.579752569522981986e-03 8.678964725144005854e+00 1.024274640532750738e+02
2.983467833703292663e-03 8.678977528659398644e+00 8.856669178076978710e+01
3.450362030800535953e-03 8.678994656646340289e+00 7.658143788819106135e+01
3.990322271654144631e-03 8.679017571390598818e+00 6.621789849255846150e+01
4.614782938578999676e-03 8.679048230860445301e+00 5.725661165694468480e+01
5.336967823747155309e-03 8.679089257856670514e+00 4.950780997418087992e+01
6.172170160723335942e-03 8.679144167472982119e+00 4.280740195890651734e+01
7.138076479197516880e-03 8.679217674065116128e+00 3.701349714953821035e+01
8.255141140972942215e-03 8.679316106206982795e+00 3.200340132021034378e+01
9.547019488511478136e-03 8.679447970075958807e+00 2.767101816333068243e+01
1.104106877853764518e-02 8.679624717910572329e+00 2.392460239583251180e+01
1.276892750864233941e-02 8.679861803212650884e+00 2.068481667558063464e+01
1.476718540490406552e-02 8.680180142090749840e+00 1.788305112332895064e+01
1.707815825841414031e-02 8.680608160451596333e+00 1.545996977281818907e+01
1.975078401890856261e-02 8.681184705192597661e+00 1.336425301355967932e+01
2.284165912149110217e-02 8.681963266482584984e+00 1.155150912916583650e+01
2.641623699205583944e-02 8.683018261762672552e+00 9.983331406510243866e+00
3.055021411136906589e-02 8.684454709815675244e+00 8.626479964398054534e+00
3.533113298957644283e-02 8.686423800901229342e+00 7.452169239362772757e+00
4.086023599627061631e-02 8.689149482550874382e+00 6.435442385297267975e+00
4.725460930345738025e-02 8.692977654937061871e+00 5.554610920616572578e+00
5.464966234228822717e-02 8.698478171936891101e+00 4.790725878693230300e+00
6.320199527938119566e-02 8.706695908837975395e+00 4.127001828214363677e+00
7.309271523538696247e-02 8.719973820903746287e+00 3.547910198200174392e+00
8.453127147117622808e-02 8.746823500975185794e+00 3.036067050009637391e+00
9.775989075685978524e-02 8.788545762960797703e+00 2.570715813883019951e+00
1.130587068485292557e-01 8.666998368393899810e+00 2.223029320346444404e+00
1.307516926962681847e-01 8.966784613466698417e+00 1.975819236216835417e+00
1.512135210058945245e-01 8.759346159712050550e+00 1.684617383015961867e+00
1.748774984360315088e-01 8.502069821487953760e+00 1.402253988557809805e+00
2.022447414477707706e-01 8.608383925635369138e+00 1.254583991811476062e+00
2.338947881178524146e-01 8.378734904577989084e+00 1.101152199290524880e+00
2.704978706347376805e-01 8.446949594718766718e+00 9.867300058469135049e-01
3.128291083641402959e-01 8.477868105448070679e+00 8.795836131527667856e-01
3.617849220412142630e-01 8.402283432897377224e+00 7.753532885125123952e-01
4.184020166819334419e-01 8.326195751229525044e+00 6.680547906948709480e-01
4.838793352022733307e-01 8.528784778710626568e+00 6.099317319955857020e-01
5.596034476425220117e-01 8.393075574677860473e+00 5.346172026567508340e-01
6.471779136476041305e-01 8.262214489202612810e+00 4.733727139596849431e-01
7.484572399933150377e-01 8.141147270140130843e+00 4.211417483778784887e-01
8.655861522546330900e-01 7.978270586748899440e+00 3.762888193653743385e-01
1.001045012246354782e+00 7.994113009232505007e+00 3.452307274063854403e-01
1.157702343011276280e+00 7.925439022852911464e+00 3.123322303903711683e-01
1.338875573642997141e+00 7.732453052824551420e+00 2.907603154538310752e-01
1.548401290296433697e+00 7.615266170138193402e+00 2.706608082312229602e-01
1.790716481045423691e+00 7.596226050117704354e+00 2.652660149733586104e-01
2.070952495056242793e+00 7.630732636498286148e+00 2.620199469715832619e-01
2.395043705788558075e+00 7.569447343163189679e+00 2.578608729636277519e-01
2.769853179312837810e+00 7.484534774440267491e+00 2.558906111662382910e-01
3.203318008939394446e+00 7.368780592425572706e+00 2.611199601146769744e-01
3.704617393814760185e+00 7.254032639019220241e+00 2.686532158074624865e-01
4.284367020775088797e+00 7.025142435773059191e+00 2.769317904178423828e-01
4.954843865753076670e+00 6.753830359964419827e+00 2.811132090694497543e-01
5.730246175209666504e+00 6.578842997499829259e+00 2.943342536270806553e-01
6.626994133046084201e+00 6.232240583498104058e+00 3.168998618545404433e-01
7.664077580021301017e+00 5.963054625291323241e+00 3.301262656523951122e-01
8.863458149099994188e+00 5.527576025308668761e+00 3.326719325376290004e-01
1.025053433248633006e+01 5.226707690690190589e+00 3.693548100206141549e-01
1.185467932876178665e+01 4.834770493451446605e+00 3.832304279475096109e-01
1.370986305976156672e+01 4.290904573374189290e+00 3.996930006489414211e-01
1.585537152923117610e+01 3.774496934498574596e+00 4.059694669187730032e-01
1.833663875664755238e+01 3.650719636194441176e+00 4.338637637145001946e-01
2.120620890351930754e+01 3.385856903898859738e+00 4.787706950395495542e-01
2.452484896648091706e+01 3.133251518614565523e+00 6.194094096607288824e-01
2.836283559994937065e+01 3.145537468120343405e+00 6.534059917896125613e-01
3.280144331853906436e+01 2.421962663558994588e+00 5.546953226729515185e-01
3.793466559391723081e+01 2.194779017379264285e+00 5.572584816476847669e-01
4.387120529263407320e+01 1.924644251616212554e+00 5.365195201106076617e-01
5.073677660511825138e+01 2.136286707033634436e+00 6.600581360598777314e-01
5.867676721227184089e+01 1.741254866886243535e+00 6.452459308147588946e-01
6.785931706461261115e+01 1.748794048908946186e+00 6.724134796911189760e-01
7.847887897124195433e+01 1.793132804230276989e+00 8.530690512332498310e-01
9.076033639888507309e+01 1.240082079335438126e+00 6.876978345805644377e-01
1.049637656809207868e+02 1.407361659607445636e+00 1.091433306593615260e+00