22.042016775241247 13.630629016724203
25.067333189126593 13.630524831855121
28.507881090105474 13.630389799701888
32.420651934371534 13.630214675636903
36.87045938375563 13.629987366905151
41.93101292105543 13.629691999948399
47.68613882148561 13.629307641850435
54.23116870520762 13.628806516869112
61.67451867181943 13.628151461639918
70.13948517460855 13.627292184115506
79.76628738258793 13.626159543605004
90.71438986131847 13.624656335557788
103.16514404690217 13.622641360013777
117.3247922682262 13.619899061238453
133.42788407802126 13.61607296898858
151.74116148304728 13.61048405415199
172.56797743086616 13.60137442023952
196.2533207438707 13.582643566614504
223.18953073681672 13.554468946066358
253.8227961784754 13.612960278421241
288.6605462503996 13.586926794312422
328.2798559314161 13.594320763732087
373.3370050400579 13.564170810357474
424.57834927708575 13.476537048408385
482.8526833430643 13.52539150152205
549.1253009216509 13.513754553676705
624.493984427238 13.604281224227435
710.2071893814476 13.613462103565777
807.6847246362292 13.694819251619831
918.541271004124 13.75903582425821
1044.6131278734674 13.711819890884117
1187.988630856729 13.651414032990271
1351.0427443295514 13.6218798439199
1536.4764018736284 13.950025607200963
1747.3612462839192 13.959377760863616
1987.1905102425494 13.982459442864345
2259.936880479724 14.03365631680421
2570.11830392097 14.027260862843946
2922.8728258761953 14.177660565387006
3324.043699938644 14.333506420359162
3780.2761794090475 14.477792881431728
4299.12759356059 14.60101721069917
4889.192532119001 14.701690242561074
5560.245211594307 14.747771093919647
6323.401381712027 15.080312558758742
7191.302453866495 15.270947106374457
8178.324901618813 15.488824426461214
9300.818401884453 15.692668806946433
10577.376661534894 15.846599254365366
12029.145415559857 15.988940565654966
13680.17269867055 16.23366485020936
15557.80719246887 16.539306964565213
17693.15124666213 16.798518912135446
20121.57607845918 17.06739231008139
22883.307684243184 17.411796560848536
26024.09316894036 17.649873084352418
29595.958530594187 17.908251021756136
33658.07045257808 18.173148013357068
38277.71637872902 18.413781769785697
43531.419105999055 18.715274109303913
49506.20435745702 19.099887153622383
56301.04233253778 19.38956205057805
64028.48711330766 19.72509021801287
72816.54108292976 20.079620220603797
82810.77523976013 20.402493693815266
94176.74052932582 20.738034337344757
107102.71013704436 21.09058114432102
121802.79816679121 21.348798907319466
138520.5063651202 22.06791863877465
157532.7576413658 22.430979368138324
179154.483197458 22.963006498492234
203743.8392516288 23.50104926363523
231708.13976918985 23.988114845231394
263510.6034739611 24.438116428365326
299678.02690220514 25.023959654933392
340809.51060048357 25.70255449541339
387586.3830138106 26.527337628713617
440783.48644979147 27.58295574064228
501282.0120667409 29.138612291855956
570084.0964928101 31.671861957117763