22.044754772847476 14.197812511308806
25.076299501506547 14.197632174494503
28.52473539255587 14.19739093402042
32.44739237408001 14.197064584661195
36.90948425597892 14.196616142796291
41.9851929035324 14.195985978718216
47.75890150405666 14.195070495273953
54.326597429597186 14.193669163642902
61.79746801812068 14.19132263739964
70.29571580292075 14.186603489687833
79.96262336825875 14.16808890545515
90.958902159274 14.194113931205182
103.46736429491088 14.212614894582352
117.69596180250605 14.212262411828435
133.88124380103014 14.211801623191683
152.29228910833552 14.21119722898487
173.23517965164302 14.210400820359148
197.05808905130203 14.209344609829595
224.15707097506146 14.207930755700945
254.98264349370416 14.206011417269796
290.0472789023496 14.20334597492479
329.93392352501286 14.199484435627527
375.30568914338187 14.193320290851286
426.9168771689231 14.182753356625687
485.62551883415625 14.174268144251629
552.4076398826205 14.153910408792518
628.3734869066855 14.194148023415678
714.7859850945717 14.191712309723405
813.0817342449234 14.162565732698239
924.8948921057303 14.16643629306196
1052.0843420959086 14.15714455516048
1196.7645970703948 14.149266050742414
1361.3409529009984 14.185846119484205
1548.5494762980438 14.190655008465912
1761.502491666639 14.160033310313903
2003.740323212363 14.188920765504077
2279.290152504088 14.197808881278243
2592.7329699954876 14.18516844794981
2949.279733568087 14.196520568276064
3354.8580002245994 14.174063581929857
3816.2104711764405 14.163607163255286
4341.00708862841 14.251050904707682
4937.972547859206 14.432083726533328
5617.03134447435 14.556497794757894
6389.472768228707 14.722097898841357
7268.138586425621 14.781570254910152
8267.636537111879 14.87605395014965
9404.583181373111 15.028500086633404
10697.880152126618 15.277880330710339
12169.028392022268 15.497286521749686
13842.48560462761 15.824560340380131
15746.072861489956 16.011956631392184
17911.437124880475 16.203692700258685
20374.57737561804 16.347016324637877
23176.443092799396 16.671299145675718
26363.61503510573 17.00971551740857
29989.07964161214 17.329482467744352
34113.1099264418 17.5755451854649
38804.267512057064 17.90391460926536
44140.542459898454 18.241045508805517
50210.64984795051 18.51613161412762
57115.50465071682 18.87525591307756
64969.89944134744 19.224294459811
73904.41280756194 19.68386936747724
84067.58020860572 20.05711777023054
95628.36336353682 20.416271898488663
108778.9592241946 20.879650186676194
123737.99523176698 21.284344278232265
140754.1639778007 21.746209742344675
160110.35769555913 22.177331988305337
182128.37131726355 22.474609487786918
207174.2522851105 23.000547551168424
235664.38605617848 23.478793985127567
268072.4184721817 24.287641294268937
304937.13007782854 24.815920021941217
346871.39329759846 25.464160536578845
394572.3613831751 26.337980359027288
448833.058521845 27.1951400854721
510555.56379034295 28.62985819972787
580766.0081361594 31.84709620861507