22.04217095417114 13.926093690536183
25.067838051031472 13.926039935271119
28.50882999951632 13.925970306874666
32.42215727925045 13.925880078595245
36.87265603878823 13.925763088861693
41.93406230327863 13.925611286664761
47.69023363560883 13.925414119381278
54.23653849155304 13.925157698439422
61.68143628781286 13.92482364460888
70.14827436157374 13.92438745678983
79.77733159366913 13.923816144951488
90.728142554175 13.923064667271166
103.18214067696306 13.922070281767581
117.34566425542543 13.920742827619524
133.45337506281632 13.91894501683103
151.77214623703736 13.916420383462103
172.605483844483 13.913114266727133
196.29855537957533 13.908457212304725
223.2439085123529 13.900552124643506
253.88797483253097 13.884279291947378
288.7384663442996 13.8563075183789
328.3727872572558 13.905280396978217
373.4476004403277 13.911936110169474
424.70970703604496 13.891024441353679
483.00841948900216 13.866348307326248
549.3096329852995 13.873636454815054
624.7118284390796 13.879050965764083
710.4642721642242 13.929414257763096
807.9877137640333 13.911871596536194
918.8979251622719 13.860841394089388
1045.0324707711102 13.80509500720164
1188.4811523250687 13.872903437003448
1351.6206327920836 13.935345203004108
1537.1538130119145 13.930479520380999
1748.1546134554578 13.918753809329859
1988.1189030508006 13.966995196380793
2261.0224188666307 14.097923488391078
2571.386636268444 14.110902802472506
2924.3536808866825 14.118595304225062
3325.771523541009 14.215990064625016
3782.290869633317 14.425077811779582
4301.475348276478 14.571194082764135
4891.926826776292 14.722812861412708
5563.427926681539 14.905687478500608
6327.104102613241 15.03824239435479
7195.607969201039 15.282786888168378
8183.3289300620945 15.415202589351537
9306.631581963029 15.623324149547031
10584.126844053717 15.894785517083665
12036.980304251989 16.099740381509527
13689.262891473245 16.298246019166776
15568.349683655291 16.61208870233388
17705.37345904426 16.804271369699222
20135.74050519572 17.08662740431955
22899.717231633345 17.316886029057954
26043.09730518491 17.575615341539734
29617.960361118097 17.87445843857964
33683.534860429856 18.141173556546548
38307.17938914015 18.40963905233015
43565.498657792494 18.679413346002296
49545.612691081566 19.036618977751257
56346.60023558764 19.364655563571397
64081.140300049774 19.66276039884638
72877.37902527663 20.034377078402535
82881.05281406341 20.40874255486587
94257.90289720826 20.793762152935138
107196.42134024625 21.127427279033007
121910.9739868395 21.50967063108706
138645.35207986372 21.84765964172084
157676.8114035777 22.285800820777332
179320.66586753086 22.71043172172478
203935.51163887285 23.289124626828112
231929.1683766793 23.612788488164497
263765.4360028818 24.40926251375881
299971.77895622485 25.01791824686477
341148.06524225196 25.735155536878864
387976.50506821735 26.352313731067483
441232.95372658473 26.87162713991645
501799.7659937036 27.356898933887464
570680.4150158023 31.723485131075186