1.067312901884078652e-03 9.643057877950774071e+00 1.288751520111070477e+02
1.211000759172346786e-03 9.643023698926231901e+00 1.135822507457519350e+02
1.374032709739771369e-03 9.642979675291599051e+00 1.001036711559932115e+02
1.559012967692226075e-03 9.642922963181653984e+00 8.822411095115054991e+01
1.768896341552772013e-03 9.642849891770147508e+00 7.775380987670878596e+01
2.007035433316866225e-03 9.642755719081563370e+00 6.852551849136665396e+01
2.277234191718320849e-03 9.642634313476468932e+00 6.039182649594229702e+01
2.583808675146727525e-03 9.642477736370762997e+00 5.322280792492087897e+01
2.931655994821491269e-03 9.642275692899348272e+00 4.690394556317910002e+01
3.326332539496070634e-03 9.642014804541394923e+00 4.133430140572558997e+01
3.774142731225903907e-03 9.641677638386823901e+00 3.642490388824729308e+01
4.282239729952938556e-03 9.641241399160033865e+00 3.209732605600873967e+01
4.858739695525785343e-03 9.640676145748283687e+00 2.828243185060391696e+01
5.512851432336192924e-03 9.639942322992455459e+00 2.491927031450428842e+01
6.255023487468888352e-03 9.638987283398209982e+00 2.195409977135705759e+01
7.097111052058088440e-03 9.637740275683153612e+00 1.933952593573547674e+01
8.052565331873279969e-03 9.636105028310378628e+00 1.703373940400961573e+01
9.136648412072310987e-03 9.633948413441828507e+00 1.499983897120867660e+01
1.036667704829459524e-02 9.631082431928263077e+00 1.320522743137119726e+01
1.176229927832616109e-02 9.627234202532612528e+00 1.162106528426392771e+01
1.334580827283243093e-02 9.621992995195965293e+00 1.022176338263241391e+01
1.514249843849821073e-02 9.614709739796603927e+00 8.984483270153724277e+00
1.718106946183909495e-02 9.604287674115159490e+00 7.888578929402277673e+00
1.949408474773571542e-02 9.588687107175754676e+00 6.914801107663728352e+00
2.211849157562420162e-02 9.563514402065228737e+00 6.043640098792579352e+00
2.509621128213181118e-02 9.516536929371454789e+00 5.249672737354162066e+00
2.847480889752429176e-02 9.382905790740414531e+00 4.456432102673868911e+00
3.230825293249816460e-02 9.436361462754799589e+00 3.957992705811439915e+00
3.665777745188063264e-02 9.781964777982139481e+00 3.762889468505492108e+00
4.159286020569428338e-02 9.692257577692815929e+00 3.197476857802174610e+00
4.719233244190246257e-02 9.982850689847456493e+00 2.835396096326629589e+00
5.354563812858763316e-02 9.816852372242927061e+00 2.658160179383501465e+00
6.075426269992761918e-02 9.757809591703082930e+00 2.270809658616748994e+00
6.893335414824711127e-02 9.702972013892695813e+00 1.917745143060937796e+00
7.821356235688989300e-02 9.896587279722718122e+00 1.700787536524786869e+00
8.874312605475703775e-02 1.018053456959630942e+01 1.567360838201725226e+00
1.006902407287775247e-01 1.024299041943762667e+01 1.414899860052009073e+00
1.142457453184984040e-01 9.913738832727016614e+00 1.297434027116918909e+00
1.296261706090933996e-01 1.000500129231075874e+01 1.210072436572315890e+00
1.470771980167308590e-01 1.013053702466014272e+01 1.063292905279138001e+00
1.668775840157016299e-01 9.877066562384278825e+00 9.440187965751467569e-01
1.893436128947035280e-01 9.887700566982651651e+00 8.745707350776508182e-01
2.148341489690196449e-01 9.844923443486351289e+00 8.275116957642770776e-01
2.437563689508218667e-01 9.730998981476771448e+00 7.553244784640328335e-01
2.765722660444337455e-01 9.862907738586638828e+00 7.097910395560431684e-01
3.138060296606461907e-01 9.730698074825843591e+00 6.581235398378650903e-01
3.560524186310045636e-01 9.875666281849895256e+00 6.528486914652033013e-01
4.039862616727997180e-01 9.611848413003395208e+00 6.011205779968376017e-01
4.583732368617934316e-01 9.677187999803479102e+00 5.959921233153154807e-01
5.200821023001241938e-01 9.739288970416129843e+00 5.672425095322617405e-01
5.900985733477112083e-01 9.722624552790133379e+00 5.665272623890871273e-01
6.695410680870892417e-01 9.377869760565795687e+00 5.383232857251650794e-01
7.596785725341035356e-01 9.444626921646467110e+00 5.215664610402581669e-01
8.619509109669534208e-01 9.345148045988883823e+00 5.150665265507242685e-01
9.779917451645747661e-01 9.056403272409093930e+00 4.938006101681401416e-01
1.109654669935978166e+00 9.212652282048857444e+00 5.152466821839520872e-01
1.259042821781197530e+00 8.919629540078551244e+00 5.033226009948698065e-01
1.428542473642019139e+00 8.808799808526925901e+00 5.004526609386498182e-01
1.620861152373027192e+00 8.734972329216340370e+00 4.980459227452359028e-01
1.839070887807827237e+00 8.497816209736344106e+00 4.803577393452286293e-01
2.086657284265573953e+00 8.368669948837940353e+00 4.681040908208486395e-01
2.367575198348505161e+00 7.912975892936815470e+00 4.545649101653701507e-01
2.686311912407725266e+00 7.589641553259756535e+00 4.560508792433695113e-01
3.047958812787590510e+00 7.303301231757076906e+00 4.527738871433521495e-01
3.458292717811357164e+00 7.014445308401543677e+00 4.656687851468083172e-01
3.923868154612275561e+00 6.670118123482671635e+00 4.797276607221392930e-01
4.452122058807225002e+00 6.412760902978650535e+00 4.816973236248465184e-01
5.051492569448088332e+00 6.126347183145068875e+00 4.736588830743074796e-01
5.731553816838909299e+00 5.667417716867649169e+00 4.745055937622164044e-01
6.503168856271296150e+00 5.441596148180990689e+00 4.924395475093999996e-01
7.378663190586864928e+00 5.234751422655025799e+00 5.376633283853243794e-01
8.372021653354131843e+00 4.849107925541785491e+00 5.409599155746028787e-01
9.499111797601340612e+00 4.454555270524176436e+00 5.788872499846412500e-01
1.077793735843699885e+01 4.133805037306148122e+00 5.695042197079630553e-01
1.222892583827942659e+01 3.941895911312470080e+00 5.822269218097563259e-01
1.387525480847897796e+01 3.580969836204218382e+00 6.111245681897063964e-01
1.574322213955844774e+01 3.046496350392120078e+00 6.104243328920454514e-01
1.786266607399714701e+01 2.715792714016737275e+00 7.721580323105073917e-01
2.026744185165118495e+01 2.234944000235055128e+00 9.558486106993803189e-01
2.299596250125409824e+01 2.087699122809165697e+00 1.151179026329928412e+00