1.067296298739959983e-03 9.680226954099648395e+00 1.229716132229494718e+02
1.210946479868076119e-03 9.680203016658825987e+00 1.083824639082255743e+02
1.373930912002686248e-03 9.680172190077687588e+00 9.552377364635566437e+01
1.558851842207083357e-03 9.680132487301506217e+00 8.419023744637112827e+01
1.768661760736093408e-03 9.680081345145065796e+00 7.420090119473159973e+01
2.006710541176973117e-03 9.680015455573059313e+00 6.539627246763073742e+01
2.276798925304319293e-03 9.679930545787801321e+00 5.763577397883338449e+01
2.583239206600519873e-03 9.679821091789387211e+00 5.079549901190290484e+01
2.930924081328852189e-03 9.679679943060547131e+00 4.476623297585686601e+01
3.325404766451350858e-03 9.679497828993900654e+00 3.945170948391635335e+01
3.772979631640145225e-03 9.679262705746607409e+00 3.476707308221583759e+01
4.280794760501424948e-03 9.678958885531260492e+00 3.063752404165317955e+01
4.856958046595744385e-03 9.678565865104179267e+00 2.699712351383779563e+01
5.510668645938065005e-03 9.678056731198342533e+00 2.378773987607280560e+01
6.252363852846023334e-03 9.677395959242268475e+00 2.095811929185911637e+01
7.093885744190130821e-03 9.676536321269281871e+00 1.846306540779752225e+01
8.048670252726455171e-03 9.675414450473814654e+00 1.626271470260158480e+01
9.131961688300280558e-03 9.673944315834008378e+00 1.432189527461917500e+01
1.036105613201573558e-02 9.672007327351822781e+00 1.260955772698336652e+01
1.175557758945898479e-02 9.669436779924810210e+00 1.109826709673840206e+01
1.333779131210100638e-02 9.665992313098277222e+00 9.763744037455644786e+00
1.513295928944179136e-02 9.661315713395483229e+00 8.584440631106373232e+00
1.716974358776565679e-02 9.654849274358202393e+00 7.541128457475098301e+00
1.948066397530724345e-02 9.645671846526886029e+00 6.616455648814820734e+00
2.210261714037735359e-02 9.632130399621404493e+00 5.794367654106798327e+00
2.507746579240494392e-02 9.610865783123168526e+00 5.059066233291972914e+00
2.845270705161857122e-02 9.573453285831337922e+00 4.392118875598419514e+00
3.228223079903115578e-02 9.485890455786925912e+00 3.756545081251701834e+00
3.662718009471904734e-02 9.381604694797209376e+00 3.174093343702699688e+00
4.155692740203211638e-02 9.616373610782764203e+00 2.834673430425506790e+00
4.715018220435608642e-02 9.853484765038473370e+00 2.652448750384559517e+00
5.349624769889188558e-02 1.005006618510348915e+01 2.509055191965697595e+00
6.069644663211494484e-02 1.006537349142245752e+01 2.332575873299265190e+00
6.886573904213263986e-02 1.017466121915831501e+01 2.037973248596623321e+00
7.813455773718762376e-02 9.919547654671617920e+00 1.749317554745148051e+00
8.865089081598051535e-02 9.973870631062418113e+00 1.531073991310441640e+00
1.005826444798121611e-01 1.037589781579542247e+01 1.438166350715204267e+00
1.141203238617494314e-01 1.017597133963135825e+01 1.258845832873504156e+00
1.294800746755520038e-01 9.604348756175564716e+00 1.097441227009246179e+00
1.469071342480285924e-01 9.712373344474448444e+00 9.947041145807503648e-01
1.666797470348020949e-01 9.797333801484565896e+00 9.149855510632426414e-01
1.891136071355121184e-01 9.576208495893437700e+00 8.133206462346159737e-01
2.145668987386778470e-01 9.519526135943841894e+00 7.630781046347913099e-01
2.434460149731274559e-01 9.691579098267776970e+00 7.490518678229693972e-01
2.762120464744963755e-01 9.696140435767345522e+00 6.970251281609696203e-01
3.133881432647434018e-01 9.787603505198344322e+00 6.758137477037072793e-01
3.555678674861545985e-01 1.000069988796298937e+01 6.475527012233270874e-01
4.034246703515121935e-01 9.820984966512442682e+00 6.167388036682596164e-01
4.577226446216027256e-01 9.725880233541298381e+00 6.045112318289352915e-01
5.193287242866027054e-01 9.652436023462406922e+00 5.667439364305998373e-01
5.892265262342697429e-01 9.351553966776208426e+00 5.479939609181544435e-01
6.685320549042104155e-01 9.360595992258792464e+00 5.364155227003801762e-01
7.585115206723567205e-01 9.286339081268623730e+00 5.288873487201750656e-01
8.606015564580933308e-01 9.304046265182611464e+00 5.316410783925700212e-01
9.764321553370503004e-01 9.269195714177453027e+00 5.374738397833841441e-01
1.107852695386780884e+00 9.170655819242485407e+00 5.288890429422520301e-01
1.256961467284018363e+00 8.841677145984752073e+00 5.140271968935262725e-01
1.426139176097946937e+00 8.734798258485010791e+00 4.989571401706470732e-01
1.618086952176843507e+00 8.672047270774937644e+00 4.982058253665285208e-01
1.835869478018692380e+00 8.305862055487262197e+00 4.699962060023951671e-01
2.082963919699333033e+00 8.190889235521105149e+00 4.813165278668907199e-01
2.363315444108621932e+00 8.066865563704283204e+00 4.944371851387057148e-01
2.681400208395612772e+00 7.851216805343574912e+00 4.860094516451814450e-01
3.042296827326777198e+00 7.665055880899181773e+00 4.884427101086361023e-01
3.451767459621608580e+00 7.228794022657914375e+00 4.758183961332203560e-01
3.916349807908745984e+00 7.083565266123100557e+00 4.823084917848989850e-01
4.443461501195169916e+00 6.544883246920933928e+00 4.801786810330122557e-01
5.041518526443053538e+00 6.040664371981822711e+00 4.587145143985205120e-01
5.720069600160163859e+00 5.644281685833853146e+00 4.666012636982654893e-01
6.489948625411648742e+00 5.289440486608236291e+00 4.726827398547523984e-01
7.363447668417043346e+00 5.152380492004403401e+00 4.878436921116411362e-01
8.354513216516759044e+00 4.662187930741048980e+00 4.887564007564298985e-01
9.478968851008067631e+00 4.462966525645356342e+00 5.418097551218816754e-01
1.075476789009649892e+01 3.991400094444380375e+00 5.396342528466980815e-01
1.220228003571822484e+01 3.628606751058546465e+00 5.895072574069789573e-01
1.384461660090291346e+01 3.165883283210225496e+00 5.911810198201964406e-01
1.570799951033207620e+01 2.819275456589645845e+00 5.954130670482432608e-01
1.782217996564098428e+01 2.687534727808940094e+00 5.957477810586281342e-01
2.022091345997120015e+01 2.192873622964538249e+00 5.933459116935806410e-01
2.294249872596539319e+01 1.675621037542178504e+00 7.801704337345112261e-01