1.067939804924884729e-03 9.949279574754777755e+00 1.624696405007904048e+02
1.213051048961116341e-03 9.949284108323428910e+00 1.430331696598411497e+02
1.377879952221806002e-03 9.949289955489236448e+00 1.259216454420135136e+02
1.565105742549523183e-03 9.949297496201463531e+00 1.108569267397033258e+02
1.777771700220785473e-03 9.949307219621569942e+00 9.759414238119738627e+01
2.019334625248746240e-03 9.949319755366555995e+00 8.591771082315443664e+01
2.293721026283675191e-03 9.949335913180286539e+00 7.563783591628974534e+01
2.605390944439312309e-03 9.949356733454836288e+00 6.658742177765469705e+01
2.959410449475847159e-03 9.949383551230873479e+00 5.861935662164017913e+01
3.361533986735954979e-03 9.949418076653255838e+00 5.160412137271858768e+01
3.818297913350374943e-03 9.949462495363913916e+00 4.542768417768987632e+01
4.337126744106610705e-03 9.949519591853256628e+00 3.998964654924321849e+01
4.926453833964815517e-03 9.949592898173865052e+00 3.520161096192757810e+01
5.595858458866856400e-03 9.949686867159732273e+00 3.098574328076409401e+01
6.356221523032213466e-03 9.949807062667435531e+00 2.727350652796880226e+01
7.219902423700531521e-03 9.949960344533471002e+00 2.400454519911717455e+01
8.200939948186360129e-03 9.950154994479101234e+00 2.112570165475915829e+01
9.315280468747312234e-03 9.950400663211807384e+00 1.859014802657296528e+01
1.058103714448186891e-02 9.950707877234929555e+00 1.635661852668971150e+01
1.201878434347997647e-02 9.951086531519269585e+00 1.438872785816282907e+01
1.365189207094054738e-02 9.951542075775298812e+00 1.265436115321611688e+01
1.550690583925110402e-02 9.952066354338997556e+00 1.112511840038067845e+01
1.761397815466564723e-02 9.952615486435043124e+00 9.775788652933957934e+00
2.000735863422397481e-02 9.953054008849107959e+00 8.583807420623502438e+00
2.272595071956674123e-02 9.953001432665500303e+00 7.528583297980899758e+00
2.581394403680654231e-02 9.951348491851115696e+00 6.590334523184447235e+00
2.932153268121158451e-02 9.944332468883915865e+00 5.746885186176347027e+00
3.330573110213186361e-02 9.913148439090658570e+00 4.956688135447993915e+00
3.783130085005086130e-02 9.824104618082758478e+00 4.169121260015796970e+00
4.297180324966499987e-02 1.034510004428527630e+01 4.071907457283733045e+00
4.881079510977051616e-02 1.042694462920307963e+01 3.596756141430215603e+00
5.544318690574314562e-02 1.037755862896342585e+01 3.187933895122172512e+00
6.297678551132335212e-02 9.696113747686139206e+00 2.761769118216097940e+00
7.153404655619455266e-02 9.674334329102526553e+00 2.416634609096656838e+00
8.125406489322546666e-02 9.610587907962607090e+00 2.078540049211877516e+00
9.229483552962475246e-02 9.682570829099676146e+00 1.799050142643159989e+00
1.048358217725387787e-01 9.460367470343612695e+00 1.538633899013222228e+00
1.190808723332712482e-01 9.844922157573604338e+00 1.459550656058075990e+00
1.352615348064862832e-01 9.906431322060102573e+00 1.284367374522442873e+00
1.536408193836726055e-01 9.740390561240998224e+00 1.160948500893506097e+00
1.745174739785248508e-01 9.559513316548084561e+00 1.011751977518615231e+00
1.982308402546940074e-01 9.874252223980294119e+00 9.505499417744204260e-01
2.251663694886937295e-01 9.901152754225593711e+00 8.869698706602752170e-01
2.557618879261063238e-01 1.002238447730202253e+01 8.239385904984942721e-01
2.905147134719460178e-01 9.812800944051506491e+00 7.293103040102406620e-01
3.299897393941314538e-01 9.698129690194969399e+00 6.592352964235447255e-01
3.748286164374329266e-01 9.631762828243374486e+00 6.085429965079153236e-01
4.257601825994802303e-01 9.552787744235429201e+00 5.713125490396840922e-01
4.836123101006640224e-01 9.533930121118027401e+00 5.380947550594296080e-01
5.493253621156877209e-01 9.431958339811817638e+00 5.086545827260278152e-01
6.239674780005504129e-01 9.500458772422572196e+00 5.007713465768884875e-01
7.087519354702095375e-01 9.466746635051849879e+00 4.742926660713063236e-01
8.050568719421702379e-01 9.634066362990672872e+00 4.899758832700346067e-01
9.144476856085477223e-01 9.438479798832458911e+00 4.735713034513512887e-01
1.038702480357061253e+00 9.333684249403328081e+00 4.625983697793114580e-01
1.179840968137966239e+00 9.405929552293432749e+00 4.697780443621774604e-01
1.340157298573326550e+00 9.179982857498345084e+00 4.691219204806412746e-01
1.522257349440790719e+00 8.802044035541182865e+00 4.663461706576436105e-01
1.729101084173748415e+00 8.571784194160446901e+00 4.609501381025922773e-01
1.964050664882090125e+00 8.501672464765478665e+00 4.629784033935594456e-01
2.230925102951447858e+00 8.460716604506682614e+00 4.746470935577815631e-01
2.534062335544546407e+00 8.040544004504029729e+00 4.606196068472837024e-01
2.878389737033333340e+00 7.841739363191218892e+00 4.649765102521973836e-01
3.269504211497001656e+00 7.471018556640125929e+00 4.798280637919848379e-01
3.713763168157392602e+00 7.501836156826440671e+00 4.895614392359178280e-01
4.218387858521061240e+00 7.160954084440708911e+00 5.218007756901565930e-01
4.791580754931905162e+00 6.570639941305859821e+00 5.049838466488003608e-01
5.442658878475713280e+00 6.312936385974516895e+00 5.015977533971244240e-01
6.182205243428374075e+00 5.791117763603864432e+00 5.173717701596254326e-01
7.022240879916617828e+00 5.348053717140703434e+00 5.082377433239024800e-01
7.976420230950786561e+00 5.105314137061420787e+00 5.262380846090205511e-01
9.060253099930182685e+00 4.693343607840247955e+00 5.178160451160214173e-01
1.029135675628885060e+01 4.227973572012885484e+00 5.049575859216586249e-01
1.168974229715816904e+01 3.937590671112142893e+00 5.272240044718441432e-01
1.327813991974037044e+01 3.590495192706339544e+00 5.524049836812693348e-01
1.508236839156532838e+01 3.143681917263499326e+00 5.727492828019130622e-01
1.713175472422170031e+01 2.950252736207279902e+00 5.920152360078909659e-01
1.945961087219089336e+01 2.750700687716104653e+00 6.333356894456474429e-01
2.210377520533252493e+01 2.001244601967870018e+00 7.563016445176423685e-01
2.510722755644009396e+01 2.043056723101982275e+00 1.108614973772463985e+00