22.24830429230839 11.185184776404581
25.746948793105826 11.177777872867047
29.795770654934394 11.167543270866853
34.48128770734842 11.153230144187603
39.90362309222692 11.132860035314605
46.178644759463744 11.103097956767368
53.440441407841604 11.057766514784422
61.844187778587255 10.983570057658941
71.56946052904317 10.842620456917036
82.82407554217662 10.385155256048547
95.84852867002442 11.226256492205394
110.92113480373496 12.097104987651358
128.36397508516086 12.07750223584532
148.5497793438457 12.042951898744954
171.9098908277439 12.00415295453825
198.94348342316266 11.975893569239723
230.22822832340938 11.883937344321932
266.4326380783811 11.55050117372371
308.3303518006866 12.379339731564482
356.8166667837726 12.251061181344074
412.9276697903027 12.39532130506796
477.8623768204645 12.516578153121282
553.0083544570117 12.463478955892521
639.9713702804219 12.408189609798702
740.6097059433093 12.587228739117549
857.0738661279374 12.643636665128703
991.8525319133726 12.612355458024354
1147.8257405133827 13.1673120094761
1328.326427763926 13.157889159443734
1537.2116484396793 13.40592664565764
1778.944996281139 13.596549830667463
2058.691984936441 13.819840383973688
2382.4304279792063 14.066285520459473
2757.078176673635 14.40373247643771
3190.6409450695437 14.736230072872711
3692.3833812490884 14.881304158920646
4273.027040285565 15.07526545892076
4944.979489327814 15.30005009263845
5722.599440475012 15.397234628495983
6622.503576971651 15.839607719958487
7663.921629182191 16.10276924130576
8869.107287837109 16.35296455646407
10263.813735208973 16.596457999457424
11877.84395567446 16.978482432136566
13745.687585052417 17.36014933312454
15907.257907324081 17.584053327826144
18408.744747355573 17.712078398712716
21303.601484782765 17.964757289930816
24653.687280205955 18.169216564545103
28530.58892151852 18.66113126480997
33017.15053643186 18.9285271579282
38209.243859077746 19.314130227800117
44217.81687888339 19.622728612691056
51171.264648566015 19.94878601853759
59218.17291219707 20.318557603021382
68530.49318094477 20.705163435927556
79307.21710355574 21.039235111120696
91778.62864788757 21.461188735801535
106211.22495684182 21.909395496844773
122913.41103071172 22.283631128002888
142242.08992358 22.704088003927133
164610.28927732186 23.09365286373785
190495.9871618963 23.746516740298887
220452.3258181578 24.191550082829252
255119.4315570139 24.53124328318163
295238.09339013556 24.937460441512542
341665.59268599935 25.50965162811778
395394.02210953203 26.018559649859572
457571.48529624025 26.39037838554517
529526.6302691022 26.639232962984487
612797.0408440449 26.980033754382653
709162.0927098247 27.57331232669902
820680.976272155 28.057938655896038
949736.698758667 28.511687028031492
1099087.0058499922 29.746669094020202
1271923.3109631143 30.226724404913487
1471938.8914258275 31.529054556202006
1703407.8088020247 32.586261391896876
1971276.2397880647 33.582727245910704
2281268.169297562 36.02540237437404