22.247992572037656 12.261151327510895
25.745915602925873 12.257790177879139
29.793796815002814 12.253115773004614
34.478102948212616 12.246518767813837
39.898895407279966 12.237006162736025
46.171967672124865 12.22283483059707
53.43131876093908 12.200587605055453
61.83201558153767 12.162262047694158
71.55350531363759 12.081448498129536
82.80344857781911 11.738183398658393
95.8221552714448 12.552433238783
110.8877178253717 12.543776436260565
128.32195153288845 12.53963759550627
148.49726884217057 12.54689713087299
171.84463445392805 12.527721007655135
198.86277115298702 12.519059419361167
230.12881301945896 12.517763509796257
266.3106335826077 12.521824129017714
308.18111225895507 12.490089954733502
356.63464381983033 12.481569695062493
412.7062435468948 12.437035691008353
477.5936561806283 12.321565638202046
552.6829409307501 12.410104575572582
639.5780790696623 12.451320626385472
740.1352365563483 12.579359777650742
856.502413574209 12.657484699833935
991.165327936112 12.703476968257963
1147.0005124715076 12.810561885460906
1327.336760608218 12.949935291318965
1536.0262326872178 12.966466105405297
1777.526741911497 13.12787343877564
2056.9969776381377 12.957246825287735
2380.4067000771506 13.818572681102715
2754.6642602646534 14.021483288876912
3187.7641692629522 14.591326304249554
3688.9578688113625 14.902142458684539
4268.951351257487 15.019753249810861
4940.133850125847 15.296445724833792
5716.842486380258 15.435463570692356
6615.668523485421 15.860062072308502
7655.811773178286 16.139215421533482
8859.490722406414 16.398034583069617
10252.417142149803 16.47888012615896
11864.345316239187 16.78358575764371
13729.707622240836 17.060200942853626
15888.350041043082 17.485255011935568
18386.383306355718 17.823638068709144
21277.16787551606 18.02893075880364
24622.453761550758 18.45013789364711
28493.69957443176 18.751751215859066
32973.598947550185 18.91732795733164
38157.84695538488 19.3642717718652
44157.184254791566 19.592351547809347
51099.76261478887 19.887403993476365
59133.8823648936 20.285196820229658
68431.1602366046 20.562835614325778
79190.19526625797 20.894959350934872
91640.81106655838 21.39255441354154
106048.96508589564 21.77015847272177
122722.4297220734 22.12230846547398
142017.3666446492 22.570296291411157
164345.93475990344 23.075031483668607
190185.0943320817 23.424515312099803
220086.79532563378 23.75969946964492
254689.7676015008 24.347134635910592
294733.1648176868 24.971351104778357
341072.35348130186 25.40078158781197
394697.18442182324 25.862297844640146
456753.1369822831 26.099439304129312
528565.787589188 26.314329761528484
611669.1253739892 27.542978895424994
707838.3196957299 27.785731441545188
819127.6395115242 28.56219105879953
947914.3345900563 29.114908645972
1096949.415914157 29.758869168854638
1269416.4199920036 30.376707938773528
1468999.4123406487 31.50779472580119
1699961.682763456 32.616823813276575
1967236.8134302758 33.766239251659854
2276534.0650644563 35.66129127058243