22.248013087462287 11.916027413423429
25.74598360028337 11.915635781573593
29.793926717869834 11.915107071273297
34.47831254192316 11.914390955579565
39.899206539483885 11.913416191481971
46.17240709053557 11.912078876595173
53.43191911409161 11.91021910552592
61.83281661310747 11.907562438148835
71.554555286446 11.903495221211855
82.80480597022806 11.89357021730735
95.82389079659212 11.8975373706693
110.88991683282998 11.890552634587724
128.324716863086 11.876861910442559
148.5007242165764 11.874558334803082
171.8489284989127 11.849798593505222
198.86808217281342 11.845102392926801
230.13535465449863 11.828803077494717
266.31866151315546 11.782604581168382
308.19093214355985 11.704085744692001
356.64662069062126 11.550011395849774
412.72081292382 11.359315205017472
477.61133721286996 12.32518383522848
552.7043519280205 12.301365448769857
639.6039558500278 12.313697254516871
740.1664541123085 12.162723691197316
856.540011646903 12.353583981612251
991.2105411909888 12.231999525937164
1147.0548060901965 12.154020558429496
1327.4018722537974 13.05263563324129
1536.1042219671724 13.45676568844134
1777.6200486586454 13.652645809897667
2057.1084905596294 13.851204127923479
2380.5398375910904 14.039869655912442
2754.8230656597657 14.256210985799692
3187.9534226869164 14.581506993626892
3689.1832190272544 14.942862943468988
4269.2194706161235 15.117653731517066
4940.452616797284 15.323364416342908
5717.221198585182 15.532086735378297
6616.11815128415 15.506697821630809
7656.345254331585 15.733114322867664
8860.123309942412 16.129012279277422
10253.166812582343 16.412322815926018
11865.233248917752 16.7254480791404
13730.758762108326 17.12397496978319
15889.59375917966 17.390421658374926
18387.854175146374 17.754168811633498
21278.906578156842 17.950110255115817
24624.508158974575 18.271993175495744
28496.12595667161 18.587910918375588
32976.46350116209 18.793447729480853
38161.227483937306 19.249636021338787
44161.17219572355 19.5112053213306
51104.46540330029 19.951426486913874
59139.426204135605 20.217383757896723
68437.69334349666 20.60215892345922
79197.89167401419 20.927806892066204
91649.87507874437 21.449071353710863
106059.63649289284 21.777136725271014
122734.9899095867 22.126415455576478
142032.1457458115 22.78532970971905
164363.32002813596 23.18150099697405
190205.53994177838 23.636391107320456
220110.83384267506 23.85712992345357
254718.02340640445 24.657100926331104
294766.3698118546 25.02623872060017
341111.36546246614 25.4237302478394
394743.0085797681 25.8371039222617
456806.9510417781 26.01224405636114
528628.9712156306 26.357216777658277
611743.2945606352 26.61821163014068
707925.3669720823 27.346089223637705
819229.7809532976 27.48390883543829
948034.1647755293 27.819738652302007
1097089.9721635869 28.76887615647764
1269581.2574506581 29.438278209875662
1469192.69172725 31.080225457480104
1700188.2729106457 32.52832776097473
1967502.4110993338 33.95658773002535
2276845.334931412 36.483905805726394