22.24711391519492 12.32847525753279
25.743003415002573 12.326990758211464
29.78823353676471 12.324915322305948
34.46912712305001 12.321961644826626
39.88557170261875 12.317643095136884
46.15315103180871 12.311050375172249
53.40561158422837 12.300200018480497
61.79771662220336 12.279389112855283
71.50854875419034 12.214406722409521
82.74533145279989 12.270728956272807
95.74785108238541 12.399750206081109
110.7935737996786 12.393677582495847
128.2035665191351 12.38486946847773
148.34934829292393 12.371477824839818
171.66081831 12.34883116472658
198.63542969311703 12.30318635264003
229.8488048572396 12.227581969158269
265.9670189548871 12.333159183308743
307.7608135299435 12.377792522091145
356.1220436909824 12.41631941884236
412.0827097771588 12.388408851838022
476.8369796412745 12.32631560600948
551.7666714926468 12.31312104391191
638.4707410887261 12.377530152788744
738.799402514872 12.326269373036206
854.8936106697496 11.98810292965009
989.2307479894716 12.51438350170504
1144.6774903384314 13.360900766525823
1324.5509801939918 13.288248345125975
1532.6896125249689 13.662773025907024
1773.5349438931285 13.690166546823649
2052.226472669958 14.025654888103027
2374.711312923061 14.079814460472674
2747.871102348693 14.38856695989097
3179.6688523914318 14.896677098297785
3679.3188742465622 15.09600269755925
4257.483406866567 15.150648663611541
4926.500142898313 15.435931469142503
5700.645507821182 15.517583452819245
6596.439310508833 15.736158262970239
7632.99726627926 16.12887288234953
8832.438915068624 16.508332657535263
10220.359639463875 16.67890187241279
11826.376855182647 16.973536249252597
13684.762029385549 17.20258193112923
15835.172013721556 17.55470832949038
18323.495298325557 17.74870280602242
21202.831245333044 17.87669222443308
24534.623198181696 18.384674960930287
28389.969646589056 18.758859430772883
32851.14142669945 19.098592342546375
38013.33733256282 19.369990485344534
43986.71560266677 19.723782662199838
50898.74463225521 20.06843018221387
58896.92307425804 20.425582464652923
68151.92737419324 20.716668936750278
78861.2539055942 21.025318066695995
91253.43342699877 21.348581590321174
105592.90779454613 21.865719467713767
122185.67299637238 22.297283888979855
141385.80892785633 22.829905966554964
163603.03524929465 23.302981013428887
189311.4545635875 23.627962031621887
219059.66948822714 24.194205601274057
253482.4895139825 24.527751629339065
293314.4774677905 24.854521169119472
339405.6246534427 25.54212782508244
392739.4891683909 25.844858986326383
454454.1844577356 26.697605604562558
525866.6659888499 27.18135006092688
608500.834310057 27.52941655613896
704120.0541961838 27.933016722218376
814764.7838205154 28.742138704322844
942796.116937651 29.1428435391581
1090946.1672419568 29.561454918327666
1262376.370074321 30.533318792547153
1460744.9456015017 31.431839973713373
1690284.96309283 32.19357558307764
1955894.6721402179 34.010728081036184
2263242.0284368307 35.92297925060124