22.24669809169276 9.857710323407215
25.74162527707329 9.850866440633766
29.785600954089215 9.841140216640714
34.464879922963 9.826925735853832
39.879267500264525 9.805159256816026
46.144248287313616 9.768799893422244
53.39344936531548 9.694450815629565
61.78149045523171 9.42401177394234
71.48728183404066 10.037910204900136
82.7178403493307 10.011494752471972
95.71270492479748 9.973136216202043
110.74904573588124 9.915164319956446
128.14757603021815 9.821063738382517
148.27939268735466 9.641961576099
171.57389142145055 9.01965118493521
198.5279254519779 10.44608587916475
229.71640298961324 11.077954687023825
265.8045495733088 10.878045472652655
307.56209680448524 11.577940220417133
355.87970011281703 11.47545767694183
411.7879357315579 11.638624215821984
476.4792820728541 11.74527460085148
551.3335543483811 11.833478542256131
637.9473349356292 11.959820686767493
738.1680272162578 12.426502926083156
854.1332592279316 12.458330526848039
988.3164775783468 12.812709917909004
1143.5797041035403 12.92007422008485
1323.2345805282494 13.179686958131752
1531.1130031626033 13.315131514690208
1771.6488542173174 13.577723640577005
2049.9725730016553 13.851734230885196
2372.0205841329466 14.06136360890942
2744.661916774758 14.228635214647786
3175.84471559184 14.312175179321608
3674.7657683845546 14.835955579228898
4252.066666293027 15.035024016597472
4920.0607805129275 15.237843851401458
5692.9958967565435 15.6860702112259
6587.358109244335 15.958629535819789
7622.223456045251 16.216340972726332
8819.664795869294 16.36869421169024
10205.222604672272 16.541153769457413
11808.4497337916 16.69004206425303
13663.541748873084 17.163984585418593
15810.066294218981 17.30786288757099
18293.807039321615 17.591249038033272
21167.740208294017 17.996014319401986
24493.164520797454 18.214935603505392
28341.008645211485 18.510492880932805
32793.344050987536 18.717345146846768
37945.13552812951 19.07490894255476
43906.26671099609 19.543138038562645
50803.88380924442 19.908356319356187
58785.10753584069 20.19249072401751
68020.17107541577 20.54653810047747
78706.05102334723 20.905774972517122
91070.66874062363 21.442154657475385
105377.75173606568 21.80718375102292
121932.45876533848 22.094087516437604
141087.88862566458 22.513821310547108
163252.61147367695 22.852521193892372
188899.3833034602 23.257718019265155
218575.22945769937 23.77431323690592
252913.1122452467 24.221769206314605
292645.43152615486 24.835095176810583
338619.6462209679 25.366319480492056
391816.3499386994 26.085160073072203
453370.18626233237 26.31214137664595
524594.0497983296 26.797879840650143
607007.0891793813 27.108430893221897
702367.1093022735 27.90069182173506
812708.0639149614 28.5684146515664
940383.4382400615 29.11885294338673
1088116.446951771 29.722074219969986
1259058.1181893323 30.311793984160346
1456854.5024930807 30.87763852652563
1685724.4401764781 31.179598792562217
1950549.5458506155 33.49909874791896
2256978.329399872 35.482737401460525