22.24823132200346 12.06946347076394
25.746706932899297 12.06900900034634
29.795308593047764 12.068398641388415
34.48054217064011 12.067578107785463
39.90251635315176 12.066473525569567
46.17708165474549 12.064983767941033
53.43830577693899 12.062969231544685
61.84133821319917 12.06023480996421
71.56572530504263 12.05650262388121
82.81924658195173 12.051364177013063
95.84235435560979 12.044180078113168
110.91331142860297 12.033752175300018
128.35413669424568 12.017047250149638
148.5374856662741 12.004220397815725
171.8946129536604 11.971254752110138
198.92458681356024 11.926731086941825
230.20495266837287 11.892928344650985
266.4040734326929 11.677333998453836
308.2954103240809 11.889082027599597
356.7740492936076 11.814410710151115
412.87582619394925 11.890484450739349
477.79945932965165 12.354836076511127
552.932162292463 12.362747115034821
639.8792843473717 12.593210333657684
740.4986116910596 12.575364435010723
856.9400624926468 12.82839239322977
991.6916238747453 12.87912545108228
1147.632512363451 13.053382335905784
1328.0946936786843 13.354157637614463
1536.934076349066 13.483971967116767
1778.6129003346891 13.630913460477068
2058.2950810432126 13.947952122140231
2381.956545940644 13.994423708899049
2756.5129213027376 14.27963472790264
3189.967297370797 14.69424128535325
3691.581229187918 14.94070712258973
4272.072626865086 15.193380416280942
4943.84476356891 15.453824849040792
5721.251294410544 15.601830483332726
6620.902948854918 15.786275022465166
7662.022449701217 15.946745103578255
8866.855242135618 16.173043761911774
10261.144808842704 16.44748082267307
11874.682727162673 16.71318491707291
13741.945221283651 17.078299199274838
15902.829810584935 17.25300264867223
18403.50779398648 17.582046327369277
21297.410785210635 17.798270943433476
24646.372378108143 18.259978981337998
28521.949335841055 18.507886104718544
33006.950533574956 18.825901487656168
38197.20632337132 19.195770065215804
44203.61612703553 19.434380346853203
51154.51800753205 19.755251995584466
59198.43084924582 20.13899718939266
68507.22773884682 20.509875373677588
79279.8083519137 20.90545659978939
91746.348812654 21.434934956685773
106173.21983284029 21.84638954697752
122868.67821510349 22.39083965304374
142189.45333008634 22.787266099272845
164548.3692997321 23.27832122312177
190423.16574876304 23.732564896269793
220366.70559602993 23.987379536148364
255018.78799409023 24.41915908668598
295119.8188223332 24.880390849445156
341526.63082903944 25.434145412994184
395230.791448996 25.752564155204183
457379.78947707184 26.29245989256072
529301.5532902555 26.884728917973145
612532.8244953451 27.33418309697836
708851.9932577956 27.597437399390884
820317.0968993006 28.238164599968734
949309.7936744725 28.482666999567833
1098586.2513077634 29.072314127864203
1271336.0376183991 30.358488493625465
1471250.271540539 30.860622126917438
1702600.4907113523 32.42528912045094
1970329.9207789893 33.76021815055123
2280159.096568183 36.01887361369298