22.246673012306005 12.768378830245291
25.741542159096262 12.767893414948032
29.78544218103942 12.767239644367894
34.46462377571823 12.7663572036897
39.878887302802184 12.7651624314155
46.14371138529731 12.763537558353857
53.39271590609301 12.761313000081955
61.78051193205708 12.758235338480345
71.48599935054965 12.753899858485873
82.71618255230325 12.747564968423614
95.710585543816 12.737274489838352
110.74636065739284 12.717175418729935
128.14419982043228 12.728468558197026
148.27517446301465 12.704903090417247
171.56864994939784 12.652891164212305
198.521443337107 12.64956600558005
229.70841978573543 12.575123199650099
265.79475362194705 12.38888645612868
307.55011557194376 12.93587368426529
355.86508875510697 12.892703147739782
411.77016356885696 12.805960864913907
476.45771659890016 12.692691150426992
551.3074423340936 12.989548725351764
637.9157801086216 13.056170408320565
738.1299639067572 13.053983782043897
854.0874212646355 13.109300523764851
988.2613615921751 13.183162178821362
1143.5135262499145 13.344165119167531
1323.15522546568 13.579835265705244
1531.017963922633 13.676768637485873
1771.5351613631242 13.749265373483642
2049.836711193848 13.99549475743911
2371.858393894294 14.222449962446044
2744.468478862564 14.455215833492707
3175.614214937774 14.712675101088106
3674.4913340357825 15.041298855131654
4251.740183172288 15.278688933770184
4919.67266809341 15.66044814698801
5692.534848902023 15.95031744493144
6586.81078847515 16.23548949597865
7621.574134331551 16.48238867166344
8818.89493269613 16.765438890939457
10204.310351532722 16.851408846890422
11807.369352405207 17.088789482140054
13662.26292825142 17.373202772237956
15808.553349154816 17.73339727530414
18292.01796990002 17.993037038831137
21165.62559654036 18.34724883296703
24490.666236502344 18.56010738732707
28338.058328207197 18.898355088700637
32789.861331578104 19.102227968603284
37941.02594086028 19.358468761537104
43901.41924933084 19.798451278394968
50798.16805981223 20.18271668686376
58778.37032050531 20.430089976306007
68012.23251725329 20.694999807655886
78696.69993839943 21.164237868523447
91059.65724067941 21.506779261964347
105364.7889083093 21.841234475934684
121917.20327202223 22.16079436215297
141069.94004046635 22.47515265803385
163231.50014045337 23.151225681312724
188874.55846695448 23.62912848048363
218546.04537354287 24.003249634000632
252878.81192728883 24.588151986937692
292605.1277315794 25.05474747680151
338572.2992064352 25.49157080046649
391760.741442264 25.825133515756622
453304.8890742663 26.274372339330444
524517.3921770226 26.687700142486545
606917.1132436444 26.814864646405795
702261.5223856728 27.462795662134813
812584.1816977418 28.404283085748045
940238.1182757791 29.056431130028177
1087946.0109741832 29.327461357930904
1258858.261314895 30.137789598338134
1456620.187119162 30.418491458895367
1685449.7720075913 32.15819462507799
1950227.6290559531 33.209162827845475
2256601.0974049224 35.640996451536004