1.077870935486221777e-03 6.312309513888879842e+00 3.747198008270633096e+01
1.245740571645663486e-03 6.311982093822654960e+00 3.241684754884643382e+01
1.439754539020040094e-03 6.311542981573127875e+00 2.804202889315179448e+01
1.663984604668088466e-03 6.310953268686868789e+00 2.425569998902298963e+01
1.923136680268437921e-03 6.310159842773651384e+00 2.097838172096786735e+01
2.222649584989177911e-03 6.309089672470693522e+00 1.814126865415579104e+01
2.568809189871515235e-03 6.307641355980466713e+00 1.568477962730584352e+01
2.968880339273311832e-03 6.305672258408622888e+00 1.355729837249602809e+01
3.431259318005038840e-03 6.302978224512397531e+00 1.171407501013778152e+01
3.965650063982773324e-03 6.299260139752114185e+00 1.011626009951817196e+01
4.583267824569439014e-03 6.294065724278483209e+00 8.730040130318133862e+00
5.297074530735681672e-03 6.286681048665593963e+00 7.525832146357577912e+00
6.122050828832933250e-03 6.275909743600682766e+00 6.477460912023167872e+00
7.075510479103770678e-03 6.259567030435710500e+00 5.561132007164684588e+00
8.177463719204519990e-03 6.233101896878561199e+00 4.753592530272914729e+00
9.451037218642705309e-03 6.184601001337171056e+00 4.026624710666871998e+00
1.092295943770431668e-02 6.059605402827137333e+00 3.309573201789781205e+00
1.262412157708849361e-02 6.032864417165244575e+00 2.815889122929639665e+00
1.459022589088784620e-02 6.238052771715593359e+00 2.605385209412694802e+00
1.686253496904530080e-02 6.676801743035244208e+00 2.582636433772019124e+00
1.948873771446266168e-02 6.668848831771964747e+00 2.176788016669827464e+00
2.252395018900428536e-02 6.615835094933073535e+00 1.768008178623029059e+00
2.603187233312993093e-02 6.781595886182208766e+00 1.484042039469771757e+00
3.008612483520736736e-02 7.085476217488775319e+00 1.446819983391083753e+00
3.477179420735305310e-02 6.655669433550123415e+00 1.238749013654108166e+00
4.018721849427497883e-02 6.411077832336122384e+00 1.114771021143574847e+00
4.644605109175174024e-02 6.420699444106380049e+00 1.100748568980783437e+00
5.367964598806283100e-02 6.292608898100504611e+00 9.481625375181920168e-01
6.203981448738213333e-02 6.456682158600456134e+00 8.807284940293119702e-01
7.170201127043031308e-02 6.717895433679799133e+00 8.183931032133691108e-01
8.286901665817433815e-02 6.790648063954301428e+00 7.850272061002373514e-01
9.577519235816497889e-02 6.606211483422873343e+00 7.303949665100193389e-01
1.106914000087712291e-01 6.606491804523563438e+00 6.540771290336685473e-01
1.279306857466963598e-01 6.647641402159534252e+00 6.397879903903033183e-01
1.478548500996745285e-01 6.560021034861899913e+00 6.095667080575879471e-01
1.708820410865479755e-01 6.643988083387091237e+00 6.220118108847649818e-01
1.974955298809568938e-01 6.699028334883225355e+00 5.959242408236344879e-01
2.282538532133112086e-01 6.580566509203850778e+00 5.770254878571642321e-01
2.638025353694217201e-01 6.702789189510447443e+00 5.622513366368407928e-01
3.048876357951295635e-01 6.602422779521452512e+00 5.381052129079686441e-01
3.523714066302277015e-01 6.656702071334504645e+00 5.364443230462150325e-01
4.072503887760107188e-01 6.609590831202718064e+00 5.069188421069693584e-01
4.706763262782415191e-01 6.469989302106175622e+00 5.152675175858411061e-01
5.439803379552510254e-01 6.169864631370345798e+00 5.045756779736932929e-01
6.287008535606237736e-01 6.085387782276905355e+00 4.867934726732282558e-01
7.266159007761273658e-01 5.876019724888706719e+00 4.419594342449932323e-01
8.397804206413286288e-01 6.023246855429000846e+00 4.448333585983254568e-01
9.705693945580344817e-01 5.965253193430579692e+00 4.417308295706722787e-01
1.121727687975094145e+00 5.899866526555629598e+00 4.434237172787175441e-01
1.296427656821928398e+00 5.802861123770424179e+00 4.462574872491900102e-01
1.498335725675796315e+00 5.651098560545327665e+00 4.258600348519623879e-01
1.731689334937398073e+00 5.537814406401049716e+00 4.079266600465135673e-01
2.001385871903574198e+00 5.443235751794331279e+00 3.960868852681523888e-01
2.313085452131651287e+00 5.414378207291209222e+00 3.947669379720090688e-01
2.673329708165774754e+00 5.213883012936554096e+00 3.894871004164686679e-01
3.089679078641726306e+00 5.028731627675917082e+00 4.076239797680913379e-01
3.570871479053801867e+00 4.952708476824373207e+00 4.141758528827080288e-01
4.127005684203776781e+00 4.748239291996020128e+00 4.108247071538893014e-01
4.769753270975581216e+00 4.490279688952245607e+00 4.033104213252276526e-01
5.512603569474248566e+00 4.288900767058114738e+00 3.913840922973076952e-01
6.371146763313537242e+00 4.066985323887772452e+00 3.951730290830437475e-01
7.363401080472013582e+00 3.893972311917062612e+00 4.043762616031802426e-01
8.510190941465236136e+00 3.730481585068063932e+00 4.052019665168374862e-01
9.835584001021768330e+00 3.299260631144857125e+00 4.084174536375578257e-01
1.136739625544752208e+01 2.942261175407799634e+00 3.751627729809157152e-01
1.313777581635606495e+01 2.999520181516081685e+00 4.140328678036662713e-01
1.518387760241187578e+01 2.995513850919656385e+00 4.282472210932016798e-01
1.754864310882807743e+01 2.466736680303820428e+00 4.003782675255587731e-01
2.028170161962463425e+01 2.258919335054481170e+00 3.711954099226275616e-01
2.344041177636980677e+01 2.065009432656621069e+00 3.661835893134349207e-01
2.709106536278613220e+01 1.852638623468968015e+00 3.388466811369434395e-01
3.131027856902319684e+01 1.697277556841513491e+00 3.522274537891709745e-01
3.618659993403125696e+01 1.607792365818015545e+00 3.763672822694905107e-01
4.182236871188857918e+01 1.563787384650004775e+00 3.740635546224505004e-01
4.833586266357747263e+01 1.359230501734958851e+00 3.892895403703887092e-01
5.586378034987009755e+01 1.314128314985993695e+00 3.912079069686423272e-01
6.456411002115245878e+01 1.219441841647447511e+00 3.922106106962565120e-01
7.461944531351743137e+01 1.250681856295607908e+00 6.460326694302845896e-01
8.624081733757054735e+01 8.613138541993926589e-01 5.908166650510497941e-01
9.967212358391644500e+01 4.194174599633691547e-01 2.995692133086481079e-01