1.077600744845075981e-03 7.216925568970436800e+00 1.557723339204952140e+01
1.244845985736248769e-03 7.223164169237010768e+00 1.339425620936463801e+01
1.438047937157320086e-03 7.233077899079626505e+00 1.148226600648066942e+01
1.661235119249985809e-03 7.250139455322390347e+00 9.793200197079663383e+00
1.919061284483181487e-03 7.283892746942350449e+00 8.269605002032934138e+00
2.216902454641668258e-03 7.376430954756556524e+00 6.778250252102757223e+00
2.560969018099809157e-03 7.383845997568286634e+00 5.658339576457682263e+00
2.958435224759224831e-03 6.608460168270096524e+00 5.499410410406557759e+00
3.417588778793674998e-03 6.296808861992217565e+00 4.007359353144276604e+00
3.948003648410799288e-03 7.090316075133465290e+00 4.608890882682564083e+00
4.560739695946310415e-03 7.114349256374858044e+00 3.751346398493050405e+00
5.268573290846189500e-03 7.127750590296209054e+00 4.152097462171388642e+00
6.086263714127263143e-03 7.791494370120150670e+00 4.233885274716500113e+00
7.030860909206930118e-03 7.513087451906014458e+00 3.490440576328373457e+00
8.122060996120103460e-03 7.107336878843859118e+00 2.761189007700942444e+00
9.382616962072222108e-03 7.131537228567771614e+00 2.761781028015052541e+00
1.083881309177791782e-02 7.657887238554796028e+00 2.843962540261713023e+00
1.252101303009496916e-02 7.163401624898492415e+00 2.223515839557504314e+00
1.446429290479551294e-02 7.495796714276895756e+00 2.138543567077339169e+00
1.670917271093447232e-02 7.066795088696622429e+00 1.797342682633674693e+00
1.930246120716153438e-02 6.826406230765794447e+00 1.541882771381640094e+00
2.229823194119937707e-02 7.216960999272682642e+00 1.712996990212710235e+00
2.575895075593004693e-02 7.484142702184521490e+00 1.525429934246452346e+00
2.975677828610565068e-02 7.150134020992596540e+00 1.339961527520190598e+00
3.437507460448881169e-02 7.287918590953585074e+00 1.367750459510124195e+00
3.971013739131556974e-02 7.648802281527413705e+00 1.314576001887155288e+00
4.587320987024835761e-02 7.359438429741238963e+00 1.192351287502600332e+00
5.299280037897988876e-02 7.571506583953881986e+00 1.167935131544495020e+00
6.121736194065040271e-02 7.234154325030799804e+00 1.053647116347165014e+00
7.071838770874055990e-02 7.439399635316531700e+00 1.010518545446105643e+00
8.169398682962283886e-02 7.178191686259247639e+00 1.012282985715819539e+00
9.437301528430794284e-02 6.836474073330593093e+00 9.031593023369868245e-01
1.090198478429839912e-01 7.138914581450449326e+00 8.759844443408711934e-01
1.259398906340087887e-01 6.830709293304502161e+00 8.152085275981562074e-01
1.454859492718217351e-01 6.735307421512894521e+00 7.472586948494895909e-01
1.680655853277943090e-01 6.729363862379953432e+00 6.919624494259087877e-01
1.941496145363154069e-01 6.514877143065172405e+00 6.611969444648320149e-01
2.242819239351203919e-01 6.271361919134004204e+00 6.193400035779740298e-01
2.590908126404243284e-01 6.157008719942186126e+00 5.634751509520464774e-01
2.993020927272501686e-01 6.200248527122617759e+00 5.641736105696236736e-01
3.457542233858993397e-01 6.141842489834370866e+00 5.616735422523715382e-01
3.994157939220524534e-01 6.183741320474172909e+00 5.414321829449939560e-01
4.614057201445296297e-01 6.131260463115732584e+00 5.129182050810193738e-01
5.330165752625182218e-01 6.120262113430236184e+00 4.819344156852282679e-01
6.157415417728042684e-01 6.053412586955172259e+00 4.658906199141470972e-01
7.113055463200541606e-01 6.012666355522931383e+00 4.640752893775236809e-01
8.217012267337937548e-01 5.869077863323366451e+00 4.483754660004030113e-01
9.492304812031036043e-01 5.724702623595526063e+00 4.242371915628704304e-01
1.096552465945124899e+00 5.655762886693996627e+00 4.135125055559243923e-01
1.266739042183217645e+00 5.502814992432341512e+00 3.957016275768466818e-01
1.463338828578729212e+00 5.369481945041391313e+00 4.052686420875393214e-01
1.690451194695589354e+00 5.374230504203818093e+00 4.077765349555724783e-01
1.952811738360842764e+00 5.154474648884717958e+00 3.895638433752634522e-01
2.255891029238861201e+00 5.098988858771388522e+00 3.832755649873628712e-01
2.606008677555382569e+00 5.195909145166782039e+00 3.937179669966582862e-01
3.010465106457440143e+00 5.065118587774690262e+00 3.997442820421975851e-01
3.477693775639855822e+00 4.779522960682241361e+00 3.939395769034516603e-01
4.017437030305329948e+00 4.719769986001371542e+00 3.873411479066439789e-01
4.640949242145095965e+00 4.398660420930343484e+00 3.834905838023688895e-01
5.361231478102398640e+00 4.247651628534381274e+00 4.014888783158678254e-01
6.193302590077628622e+00 4.001651751806322821e+00 3.966990585622917620e-01
7.154512378159551211e+00 3.738133348284989221e+00 3.725052974483041290e-01
8.264903357256542904e+00 3.658756544997348481e+00 3.665298456509450409e-01
9.547628670447895871e+00 3.287046953427979812e+00 3.623665812678618092e-01
1.102943486310981669e+01 3.165586021579867904e+00 3.485775817258501275e-01
1.274121958430495383e+01 2.771256887092336196e+00 3.535634278512873041e-01
1.471867584425842068e+01 2.670683028228187705e+00 3.991944121784480326e-01
1.700303626155377756e+01 2.563713865386390456e+00 3.801072066238954106e-01
1.964193281860259432e+01 2.247231314026615134e+00 3.805427378833379226e-01
2.269039005244359686e+01 2.282310338673128047e+00 4.043570905403426341e-01
2.621197239023344494e+01 2.176965809772039684e+00 4.082534684830191885e-01
3.028010955291480144e+01 2.011454663597060488e+00 3.606327087840510703e-01
3.497962766350817532e+01 1.678420979805387514e+00 3.474846581225800590e-01
4.040851798569152464e+01 1.580032636727379813e+00 3.688960331964339368e-01
4.667998017324212867e+01 1.512352128024147202e+00 3.933962176075717632e-01
5.392478263483606327e+01 1.305895250284639930e+00 4.177776470542182152e-01
6.229398923098024454e+01 9.793602851016669497e-01 3.269453852797291615e-01
7.196210915837065158e+01 7.511947300557102469e-01 2.460277263081306620e-01
8.313073570099507492e+01 6.533747701186380930e-01 2.712804097348409105e-01
9.603274972082780891e+01 5.064551597483126777e-01 2.455127731881013575e-01