2.215670778347465131e+01 1.766728626410852243e+01
2.544416486116077891e+01 1.766727883506930041e+01
2.921939178909916635e+01 1.766726903586558706e+01
3.355476044050148943e+01 1.766725610960331849e+01
3.853338072011101190e+01 1.766723905688792584e+01
4.425069379809382042e+01 1.766721655783588574e+01
5.081630173681311646e+01 1.766718686858972021e+01
5.835606858480652903e+01 1.766714768347857145e+01
6.701453321636805072e+01 1.766709595166650359e+01
7.695768017136353478e+01 1.766702763200208182e+01
8.837612161284644685e+01 1.766693736370449486e+01
1.014887514012526992e+02 1.766681802186104377e+01
1.165469413345250587e+02 1.766666011259239966e+01
1.338393599969500372e+02 1.766645094174966601e+01
1.536975065950252883e+02 1.766617345716199239e+01
1.765020658651248766e+02 1.766580460735169922e+01
2.026902058778435389e+02 1.766531295933256729e+01
2.327639586394227535e+02 1.766465513028476408e+01
2.672998441481050236e+02 1.766377021070341868e+01
3.069599224005465885e+02 1.766257053050034287e+01
3.525044852175143433e+02 1.766092510013012173e+01
4.048066311937650994e+02 1.765862635263522407e+01
4.648690031768794029e+02 1.765531099329601972e+01
5.338430091359481366e+02 1.765020781022526819e+01
6.130508948880981279e+02 1.764112286069016733e+01
7.040110918215449374e+02 1.761600437870854208e+01
8.084673255362147302e+02 1.764973517756030930e+01
9.284220434205338961e+02 1.762991982858197559e+01
1.066174801977879724e+03 1.761573288837718820e+01
1.224366349795599945e+03 1.760485567267928531e+01
1.406029251236143182e+03 1.761449409375826036e+01
1.614646021316824545e+03 1.765117012672390828e+01
1.854215886235777361e+03 1.761204707680879267e+01
2.129331449357038309e+03 1.761807770199851575e+01
2.445266732357403271e+03 1.763455514834651794e+01
2.808078279301861585e+03 1.758741533614272257e+01
3.224721261833442441e+03 1.748994208539650330e+01
3.703182811237728401e+03 1.775593769053441662e+01
4.252635133385017070e+03 1.773178971366732526e+01
4.883611341794930922e+03 1.771530863947353396e+01
5.608207379579306689e+03 1.764387887464139482e+01
6.440313901148381774e+03 1.795463812649093072e+01
7.395882558900038930e+03 1.798587372089927072e+01
8.493231799662484264e+03 1.795940626649252181e+01
9.753398033070770907e+03 1.808369163881833686e+01
1.120053890384684018e+04 1.810336002215984763e+01
1.286239639879529204e+04 1.816764714424806471e+01
1.477082866637078405e+04 1.847573557315473280e+01
1.696242074390707421e+04 1.866748067517346144e+01
1.947918590027374739e+04 1.888623289031341912e+01
2.236937103884293174e+04 1.897358116722701382e+01
2.568838160050584702e+04 1.917211949059909415e+01
2.949984369731928018e+04 1.943194237444827621e+01
3.387682383810165629e+04 1.966986897160981584e+01
3.890322962836785882e+04 1.989957532449200173e+01
4.467541829630767461e+04 2.024082228521649185e+01
5.130404388057994947e+04 2.053602293411385560e+01
5.891617849089084484e+04 2.094204223555539457e+01
6.765774830635573016e+04 2.120968809986365855e+01
7.769633101023228664e+04 2.157780631269669769e+01
8.922436828842110117e+04 2.201897773501924505e+01
1.024628549759881716e+05 2.240217328978399536e+01
1.176655755734033446e+05 2.273387833693980298e+01
1.351239693473782972e+05 2.312858253131009789e+01
1.551727172812836361e+05 2.365874396693829240e+01
1.781961579781282053e+05 2.397902614817524380e+01
2.046356555102748680e+05 2.444150354187657825e+01
2.349980604590796866e+05 2.494993580428212709e+01
2.698654263443177333e+05 2.551209231938690891e+01
3.099061677093367325e+05 2.605688434479883853e+01
3.558878737647148082e+05 2.650205540462529541e+01
4.086920232305974350e+05 2.688374534752932021e+01
4.693308824642497348e+05 2.760373619076270657e+01
5.389669108133951668e+05 2.805835932409650724e+01
6.189350451999317156e+05 2.908478629990821318e+01
7.107682911340624560e+05 2.979162727674720657e+01
8.162271107438190375e+05 3.053856876500643835e+01
9.373331711945229908e+05 3.173891978711253969e+01
1.076408100462294184e+06 3.311442410820049531e+01
1.236117993417722639e+06 3.563465192478645349e+01
