1.073087380869839486e-03 5.014662284373051726e+00 1.615322190777282856e+02
1.229945673094344017e-03 5.014608640325081801e+00 1.409281592677509138e+02
1.409732688811658448e-03 5.014538149556456936e+00 1.229512900582321748e+02
1.615800028715339920e-03 5.014445514420148520e+00 1.072664850980538063e+02
1.851989212931770372e-03 5.014323765729037596e+00 9.358134661125926357e+01
2.122703294876526932e-03 5.014163731958070080e+00 8.164075438724313472e+01
2.432988943249135127e-03 5.013953336613568013e+00 7.122210963904088032e+01
2.788630522343851607e-03 5.013676666571736718e+00 6.213118504663935227e+01
3.196257924527459021e-03 5.013312733215361305e+00 5.419850355630890704e+01
3.663470165103820207e-03 5.012833819247653366e+00 4.727617837721992800e+01
4.198977043628294124e-03 5.012203261391353415e+00 4.123515514861241371e+01
4.812761512531039780e-03 5.011372458462088453e+00 3.596280469653484602e+01
5.516265779935160089e-03 5.010276801565892058e+00 3.136082124295966622e+01
6.322604616009927861e-03 5.008830081180363436e+00 2.734338646201096168e+01
7.246809839329374121e-03 5.006916700370442008e+00 2.383556448696392849e+01
8.306110540966103739e-03 5.004380653954640934e+00 2.077189684388485347e+01
9.520254270275255865e-03 5.001009605766539856e+00 1.809516927328001756e+01
1.091187516993390345e-02 4.996511287192072714e+00 1.575532426824347354e+01
1.250691592303210947e-02 4.990477390066203611e+00 1.370849336960643328e+01
1.433511137817952349e-02 4.982326136095773350e+00 1.191612055116846847e+01
1.643054286839667338e-02 4.971206443088547644e+00 1.034413936620648755e+01
1.883227355743814085e-02 4.955828173922456337e+00 8.962144096365936008e+00
2.158507665771310785e-02 4.934137750250017440e+00 7.742436739917974542e+00
2.474027009528702303e-02 4.902632954100299756e+00 6.658665099358359818e+00
2.835667318184090929e-02 4.854697176055657870e+00 5.683209251927278771e+00
3.250170312792644706e-02 4.775559651181672471e+00 4.780046372340217786e+00
3.725263183878486928e-02 4.618997206166087999e+00 3.872401263455869991e+00
4.269802642199521658e-02 4.222604631804091291e+00 2.762946228876690391e+00
4.893940026098488050e-02 4.746763681525344225e+00 3.133447429387324235e+00
5.609310543381711839e-02 5.826997835738728426e+00 4.205986760414661241e+00
6.429250175584402816e-02 5.811332113801933374e+00 3.633445811766181865e+00
7.369044288165241263e-02 5.780968777859293084e+00 3.115443202374005072e+00
8.446212581236933747e-02 5.695836106149880784e+00 2.604367341532268121e+00
9.680835692901920697e-02 5.582101549100118021e+00 2.138916067364353690e+00
1.109592954375284157e-01 6.131972577693951543e+00 2.309504969015807152e+00
1.271787440109117262e-01 6.186296544267319675e+00 1.995810782646181059e+00
1.457690666150583403e-01 6.223874884353375769e+00 1.706622790776654908e+00
1.670768251965299156e-01 5.950618288725888050e+00 1.391615002377857513e+00
1.914992403118545850e-01 6.201609898792158404e+00 1.274323344916701961e+00
2.194915961377693625e-01 5.914418470138869566e+00 1.075102217984741149e+00
2.515757279070697239e-01 5.902603737484567681e+00 9.652682594992577636e-01
2.883497499933719843e-01 5.990938693084680189e+00 8.592826313379368086e-01
3.304992059963489659e-01 5.691870809799100428e+00 7.607520581973438167e-01
3.788098486880182580e-01 5.795842750727787873e+00 6.933197742075883907e-01
4.341822880646332705e-01 5.808432496865585826e+00 6.429846885741742346e-01
4.976487805740694714e-01 5.906116757535057715e+00 5.892772146077478457e-01
5.703924725045257382e-01 5.851550585224856604e+00 5.418460759111934921e-01
6.537694562709812640e-01 5.836599476716320289e+00 5.129428272255045496e-01
7.493340507740711143e-01 5.706552748302677003e+00 4.643659007291764951e-01
8.588677771093992108e-01 5.699940910838950714e+00 4.329072328523704272e-01
9.844125697942535114e-01 5.838225995878608465e+00 4.112506755271738146e-01
1.128308842637473886e+00 5.779824147597307338e+00 4.049076148698029232e-01
1.293239118878779070e+00 5.646531850802744223e+00 3.846587430091752968e-01
1.482278038953316557e+00 5.574484561194619658e+00 3.722942195891154049e-01
1.698949678129276553e+00 5.441673932480791009e+00 3.674310099240969407e-01
1.947293242537526892e+00 5.355233915897242625e+00 3.553174038093945275e-01
2.231938368302736286e+00 5.370288982412102285e+00 3.547739121076285418e-01
2.558191427507036764e+00 5.247364670335000980e+00 3.494577181680165734e-01
2.932134449907366047e+00 5.207651080901471552e+00 3.615947935559306048e-01
3.360738504511279423e+00 5.138345062051528522e+00 3.603990790854055271e-01
3.851993654677580814e+00 4.950872977272701370e+00 3.575850893031944366e-01
4.415057909372832157e+00 4.690597828892358656e+00 3.493656996228438616e-01
5.060427947342288846e+00 4.481166252532375438e+00 3.466264868130804477e-01
5.800134796845859420e+00 4.344459523714268023e+00 3.441042099819226485e-01
6.647968118832825013e+00 4.070266201527272365e+00 3.640026554624083976e-01
7.619733274656192989e+00 3.688781512513759520e+00 3.581857473946080672e-01
8.733545970598962427e+00 3.477715375916456075e+00 3.569820539759848699e-01
1.001016997199380043e+01 3.262064000713547518e+00 3.849733249045142469e-01
1.147340418262368544e+01 3.176534489558370478e+00 4.140881070249042284e-01
1.315052630536174227e+01 3.013067671289976879e+00 4.450899884774944804e-01
1.507280135479936156e+01 3.013657155961456890e+00 4.931930456329005064e-01
1.727606450158665297e+01 2.587128176335753871e+00 4.585743459983822601e-01
1.980138911390541523e+01 2.393183724701423376e+00 4.784082152505699792e-01
2.269585244974521387e+01 2.147304418686914573e+00 5.160633685329347742e-01
2.601341327406563408e+01 1.938086564954219826e+00 5.103465206404445009e-01
2.981591776143798711e+01 1.471309622341235412e+00 4.848292586866526643e-01
3.417425243626605180e+01 1.519304151696506233e+00 5.160894199080081624e-01
3.916966564376885174e+01 1.171736073501560282e+00 4.433124662517753389e-01
4.489528218666961124e+01 1.142249292132504257e+00 4.693696462489534427e-01
5.145783936354173704e+01 7.944991967834375002e-01 6.552622852555181066e-01