22.109136852816963 13.568584852444204
25.287555012171218 13.56797018931617
28.92290380897935 13.567163328316411
33.08087177035652 13.566103024194033
37.8365908317623 13.564707668385386
43.27599392507696 13.562867880576839
49.497367734070465 13.560435912270105
56.61312867460488 13.557210097787658
64.75185419044502 13.552911281919844
74.0606060689493 13.547145563497637
84.70758775753285 13.53934216092139
96.88518369698417 13.52864220525365
110.81343559052796 13.513679591668435
126.7440184226881 13.492084068448317
144.9647880721769 13.459059479729246
165.80498269139113 13.40035283384234
189.64117183825914 13.306216986968973
216.90406085760793 13.26179220298
248.08627346305656 13.096484390219178
283.7512531459263 13.851137397162905
324.54344425417514 13.81387751615031
371.19993670722243 13.71377098986685
424.5637847595293 13.592792038251462
485.5992404748402 13.274155088603091
555.4091771706371 14.317026787937065
635.2550176637831 14.28409846250736
726.5795274085499 14.074555396732741
831.0328843850851 14.566973903907595
950.5024968052348 14.413602096363936
1087.147107423419 15.054206283736391
1243.4358006965704 15.055787014593868
1422.1926176286445 15.304885079726194
1626.6475844626161 15.63287089235751
1860.4950772771977 15.717656430959071
2127.960577100796 15.658175739618809
2433.8770217667643 15.712786652308587
2783.7721341412166 15.969369551906485
3183.968304691015 16.40754772928111
3641.696833208802 16.598530867366396
4165.228593973083 16.66849994673937
4764.023485382824 16.751603943737862
5448.901364529951 16.80963498310884
6232.237555392845 16.77632111557567
7128.186463364182 17.33748856844132
8152.937336690707 17.46536538721524
9325.006796277652 17.63254297264748
10665.573419692188 17.84087812868769
12198.86042509405 17.95208216555864
13952.573369957687 17.959731826793178
15958.400773533856 18.045676238570074
18252.586708992043 18.588701270253456
20876.58571163319 18.850215400856893
23877.81183696318 18.955998351396325
27310.495403647852 19.063963490449414
31236.662902170316 19.522222776061213
35727.25777553985 19.650405958268763
40863.42232387399 20.017367920300078
46737.96389608441 20.17768396829072
53457.03186185309 20.470839775966034
61142.03566575528 20.716202338470765
69931.83862159347 20.979648325975642
79985.26708746249 21.48540977316158
91483.9803608031 21.80268090300375
104635.75315069094 22.00034100116545
119678.22993962487 22.53711741935007
136883.21907383486 23.01640705352583
156561.6041736905 23.29462374299349
179068.96161039153 23.64184963263879
204811.98555330324 24.221939594667184
234255.83668460947 24.666470748631173
267932.5473680578 25.11037495919773
306450.63514805055 25.543706402869546
350506.0982891234 26.06738641548013
400894.9920384791 26.311460090456936
458527.81285694195 27.273730308686076
524445.9505325787 27.889638438852653
599840.505456606 28.78822899140739
686073.8110782409 30.18028847087116
784704.0504360758 31.56097951888355
897513.411571631 34.549691137477126