22.11053745548176 13.135732109011734
25.292159712749584 13.133153526444316
28.931605313675306 13.129705112391669
33.094753296387765 13.125058461028306
37.85696244207586 13.118730558935077
43.304435373965106 13.109980926456487
49.535778944949385 13.097604776017148
56.663789159069054 13.079458360439153
64.81749293640209 13.051127579172817
74.14448368015843 13.00057719450996
84.81359292299759 12.838001433750946
97.01794641309147 12.998049763569538
110.97845995934995 12.775195029940441
126.94783831548003 13.396538049885315
145.21514948825435 13.293216003631889
166.11105727134432 13.443958146345263
190.013806720873 13.388675772600319
217.35607091813836 13.272860771841627
248.63278295545607 13.430466595410701
284.4100949149803 13.432738444047036
325.33562601050835 13.367083209319222
372.1501853979177 13.476254210938968
425.70118185344734 13.363254273527723
486.9579630536867 13.716080510875912
557.0293621196236 13.579389415859755
637.1837690416545 13.523493305764093
728.872090306324 13.781962692345932
833.7540123260433 14.27888248815334
953.7280440764664 14.200503647007796
1090.9658827551402 14.593109348793162
1247.9517245277482 14.559313557106577
1427.527231941244 14.452375509051892
1632.9429719767331 14.848734846594152
1867.917255842554 14.88636342906317
2136.7034455898265 15.000680725955615
2444.1669458940214 15.159971092523339
2795.8732746611104 15.757052856936138
3198.1888066590273 15.952526762264583
3658.3960137745844 16.028641883615425
4184.8252879051115 16.077804699290994
4787.005732662916 16.1127860833065
5475.837653432574 16.4237999108653
6263.789868091512 16.533729630366796
7165.125409992945 16.59348435787698
8196.159708749747 16.92335287140993
9375.555922251322 17.248273204775348
10724.66276583456 17.331769901351493
12267.900953787834 17.5400166284666
14033.205248317838 17.767298041287024
16052.530117681707 17.831796512330463
18362.428156601418 18.25331138745957
21004.7117391762 18.630402639177106
24027.209881132898 18.885957082682204
27484.634011675887 19.011407090910076
31439.568326613953 19.198166838289108
35963.60264953575 19.43764955257756
41138.62830740055 19.51494318960077
47058.32047769843 19.91230279159008
53829.8338397297 20.390516926096502
61575.74222365505 20.85486704818417
70436.2573676682 21.138512890061662
80571.76694588775 21.433129154477477
92165.73780881116 21.72734497161544
105428.03698902957 22.045416396267452
120598.73058703565 22.488197134770232
137952.42930225295 22.80317624957924
157803.2592694547 23.2372829258356
180510.54817964014 23.63146533293766
206485.32961208205 24.05600848025426
236197.7833150202 24.503992770637115
270185.7461144534 24.941034354691347
309064.44751034083 25.41132075597141
353537.6461880727 25.781816038748126
404410.36903159483 26.49112067937994
462603.4832320736 26.762797403306198
529170.3652675839 27.19754721403148
605315.9684855861 27.69366694553544
692418.634438009 29.0643537748637
792055.0427845089 31.215386346628897
906028.7513919238 33.55764038091669