2.210973974477303372e+01 1.489461178351676551e+01
2.528953706724999151e+01 1.489382285014124818e+01
2.892664918079869452e+01 1.489278087832678565e+01
3.308684657231610515e+01 1.489140031716796386e+01
3.784535876442497226e+01 1.488956306106599747e+01
4.328823470310480559e+01 1.488710270562518545e+01
4.951389879470622901e+01 1.488377736212360603e+01
5.663493073041786374e+01 1.487921613267642584e+01
6.478010128303937165e+01 1.487278121236124662e+01
7.409670088970327129e+01 1.486278406668620633e+01
8.475320312868397821e+01 1.485193146380716378e+01
9.694231125437536889e+01 1.483831686106918468e+01
1.108844428814228849e+02 1.480782845402317349e+01
1.268317158321165437e+02 1.474146164868949072e+01
1.450725072237685538e+02 1.463819301862373479e+01
1.659366682387897640e+02 1.491434245302428963e+01
1.898014888769970128e+02 1.494038387593815465e+01
2.170985205517319514e+02 1.485538614142782521e+01
2.483213799039006631e+02 1.498670787233391266e+01
2.840346749515674105e+02 1.490548527880585183e+01
3.248842149881083401e+02 1.491866208497071788e+01
3.716086888561664523e+02 1.477463638245466626e+01
4.250530227775261665e+02 1.451429921910532705e+01
4.861836592907054069e+02 1.511050010241550723e+01
5.561060335877666603e+02 1.540563697868710591e+01
6.360845632777736682e+02 1.541275260142641379e+01
7.275655130550208014e+02 1.548805996871110580e+01
8.322031477375303439e+02 1.538262952482296697e+01
9.518896466054460461e+02 1.581406649937802733e+01
1.088789319985143038e+03 1.584444964656227839e+01
1.245377746823081679e+03 1.583817956457801479e+01
1.424486540980489735e+03 1.585607052172702325e+01
1.629354555765017267e+03 1.618177842483166273e+01
1.863686452639202344e+03 1.618200493610229529e+01
2.131719693213175560e+03 1.608379506937113845e+01
2.438301165948653761e+03 1.640406291137986727e+01
2.788974833227298404e+03 1.686537269522586513e+01
3.190081983719574964e+03 1.707844103538241853e+01
3.648875902933914858e+03 1.728827759272947873e+01
4.173653035552264555e+03 1.751174328258574420e+01
4.773903011381777105e+03 1.760270197555850658e+01
5.460480247866218633e+03 1.763046324650464314e+01
6.245800232273005349e+03 1.772487452150091158e+01
7.144064032958527605e+03 1.789603760619163353e+01
8.171515099585213648e+03 1.808288622122096001e+01
9.346732996050226575e+03 1.835593225430711684e+01
1.069096937774593061e+04 1.843846920403959544e+01
1.222853228868324550e+04 1.870317576713963348e+01
1.398722572778492395e+04 1.893863275707578708e+01
1.599885243309726684e+04 1.926459373122867902e+01
1.829978897584845618e+04 1.927579753399104234e+01
2.093164356387239604e+04 1.972538496499927874e+01
2.394200844956392757e+04 1.993524668504634079e+01
2.738532054828015316e+04 1.999355197015090368e+01
3.132384582988963302e+04 2.034836506484784024e+01
3.582880528438121110e+04 2.050760803889650319e+01
4.098166282255090482e+04 2.074042487033030113e+01
4.687559840108289791e+04 2.112394705670524431e+01
5.361719301078453282e+04 2.143525162267687634e+01
6.132835599788975378e+04 2.183879607518075261e+01
7.014852957049391989e+04 2.207182800092988728e+01
8.023721035456712707e+04 2.241179791989617698e+01
9.177683359725093760e+04 2.283993739320423089e+01
1.049760721729534416e+05 2.309816128013190806e+01
1.200736100487042422e+05 2.341870925731965514e+01
1.373424584449535178e+05 2.361522609065747957e+01
1.570948927416489751e+05 2.408396649040853532e+01
1.796880994044633699e+05 2.464518439850901999e+01
2.055306350454521307e+05 2.501629237156428331e+01
2.350898144183807599e+05 2.533940249149135937e+01
2.689001609470367548e+05 2.560198827282050260e+01
3.075730725987966871e+05 2.608074934226427999e+01
3.518078778930052649e+05 2.694217214851155262e+01
4.024044819717547507e+05 2.739812801675809339e+01
4.602778314140072907e+05 2.782457862884090360e+01
5.264744593626360875e+05 2.824643421615916949e+01
6.021914101525970036e+05 2.948937469925306942e+01
6.887978856573367957e+05 3.047150436372484705e+01
7.878600047878331970e+05 3.116481647007238109e+01
9.011691238742886344e+05 3.256949072415682878e+01
