1.070147013882341265e-03 5.130367413934743048e+00 7.688590984525527006e+01
1.220282248760242057e-03 5.130383055828547256e+00 6.742048644025221904e+01
1.391480560448560017e-03 5.130403373064815753e+00 5.911878892456415002e+01
1.586696972830146371e-03 5.130429754595843939e+00 5.183751963434296073e+01
1.809301081990515644e-03 5.130463996019544837e+00 4.545099260768230920e+01
2.063135218221962431e-03 5.130508414370961390e+00 3.984896328027078738e+01
2.352580767809488681e-03 5.130565992124621388e+00 3.493472427112592982e+01
2.682633799367209818e-03 5.130640555444696993e+00 3.062343415418669679e+01
3.058991300098107876e-03 5.130736990232912298e+00 2.684064999265975970e+01
3.488149510485994038e-03 5.130861495530592897e+00 2.352103770113200554e+01
3.977516054757480185e-03 5.131021864253036746e+00 2.060723697560041501e+01
4.535537802578094337e-03 5.131227760858524611e+00 1.804885950282523766e+01
5.171846668980750045e-03 5.131490923436740736e+00 1.580160017682222851e+01
5.897425869153417183e-03 5.131825132191928596e+00 1.382644051734938451e+01
6.724799497780580698e-03 5.132245612420319070e+00 1.208891998232630627e+01
7.668248705234128812e-03 5.132767184784955639e+00 1.055844081525044587e+01
8.744058201992737506e-03 5.133399747750330810e+00 9.207545613443215871e+00
9.970797346159101376e-03 5.134138226917364989e+00 8.011033266571258693e+00
1.136964066587716274e-02 5.134941703211316266e+00 6.944545338415470503e+00
1.296473334913019609e-02 5.135697078370220048e+00 5.981330670242090086e+00
1.478360800957476476e-02 5.136229432814377382e+00 5.080548287847831190e+00
1.685765992213222875e-02 5.138255933948513210e+00 4.075583690349606769e+00
1.922268893129541745e-02 5.112800693180904688e+00 3.829264359023933473e+00
2.191951738593442278e-02 4.959640613840350376e+00 3.408947458936936847e+00
2.499469476666514242e-02 5.300606887297170999e+00 3.581508097701720850e+00
2.850130116822941970e-02 5.577994850185568509e+00 3.411972225806731096e+00
3.249986350565456372e-02 5.869140073905084520e+00 2.844124388692367500e+00
3.705940025866524823e-02 5.596278866037089017e+00 2.406056905583858985e+00
4.225861278749690197e-02 4.974959848231478077e+00 2.062309412636383676e+00
4.818724378320293766e-02 4.095959958037859394e+00 1.806546799818914195e+00
5.494762630042712703e-02 4.118005167449855897e+00 1.443856439639566780e+00
6.265645011022263899e-02 4.395027266494853535e+00 1.454107111190868551e+00
7.144677586162262450e-02 4.100123851612511139e+00 1.451548781444276237e+00
8.147033181805013458e-02 4.274554159399209574e+00 1.411699715110411590e+00
9.290013281212954055e-02 4.057102968773901530e+00 1.292346114641669708e+00
1.059334666242170986e-01 4.273068105016139206e+00 1.169436178622329958e+00
1.207952993320040580e-01 4.026985653330567239e+00 1.060053949590188838e+00
1.377421584103313834e-01 3.957383346088740428e+00 1.020628256243118370e+00
1.570665606067176145e-01 3.966569273362130499e+00 1.001336834792426078e+00
1.791020610213795716e-01 3.800238647611240417e+00 8.194268200826314574e-01
2.042290105430248914e-01 3.974515977737075101e+00 8.680643194396266971e-01
2.328811210185015301e-01 3.855286126199981123e+00 8.435436076464424282e-01
2.655529514765414545e-01 3.952691304632270697e+00 8.350490028619347305e-01
3.028084446239848182e-01 4.106322374355770854e+00 8.205774064033936055e-01
3.452906609614422306e-01 4.010224245670561238e+00 7.094116115963278180e-01
3.937328785372522510e-01 3.947035711706527561e+00 6.878767194855298639e-01
4.489712499306258708e-01 4.083427799291223792e+00 7.363369334426558277e-01
5.119592349339370241e-01 3.873132050456618458e+00 6.741851723820797559e-01
5.837840580541442392e-01 3.667265464770336436e+00 6.162609841499645524e-01
6.656854749033713770e-01 3.670602190351975214e+00 5.606566822994730748e-01
7.590771714020105865e-01 3.615241140058411684e+00 5.313355842781213312e-01
8.655711651622204350e-01 3.682613732293391617e+00 5.278471970624734055e-01
9.870056302397977044e-01 3.378286759301555531e+00 4.867379369407324741e-01
1.125476625532557229e+00 3.270774912817354441e+00 4.693361875311335418e-01
1.283374274483522370e+00 3.318713448416922063e+00 4.478387983006610895e-01
1.463424020580393226e+00 3.260449065185337503e+00 4.310046662866821587e-01
1.668733670755201182e+00 3.275182744624377307e+00 4.127213141070672497e-01
1.902847038691991344e+00 3.218418196032873713e+00 3.845261448947962513e-01
2.169805113970189492e+00 3.103022607286536783e+00 4.024325762241027227e-01
2.474215812873472142e+00 3.112208077662613981e+00 4.068955517841960079e-01
2.821333514820558719e+00 3.006373122636647022e+00 4.084935905535252987e-01
3.217149757282223632e+00 2.902947959312989212e+00 3.859657293695972768e-01
3.668496654653515598e+00 2.887408082338733806e+00 3.794737302951489699e-01
4.183164826176119178e+00 2.664796898238898315e+00 3.352191435561417965e-01
4.770037868443914419e+00 2.592802647395787918e+00 3.326707915811766836e-01
5.439245693597969833e+00 2.599211112002016932e+00 3.274144484190436577e-01
6.202339379954530330e+00 2.566028840913362696e+00 3.232933316145851776e-01
7.072490553131855151e+00 2.417914655251296452e+00 3.356030539738137919e-01
8.064718739158386995e+00 2.235768464652748921e+00 3.343326733981436538e-01
9.196150613864226386e+00 2.069119976374742986e+00 3.295780873619459928e-01
1.048631562341389589e+01 1.924998599757395068e+00 3.494939308234362163e-01
1.195748307863434334e+01 1.721856393424031184e+00 3.452713115262519561e-01
1.363504654166399277e+01 1.462692493990430220e+00 3.216398958843631473e-01
1.554796213975293995e+01 1.463028162000322929e+00 3.014519669642402588e-01
1.772924837187165537e+01 1.361919458972757901e+00 3.257286093254646575e-01
2.021655603520196820e+01 1.208484737718532154e+00 3.757264135750899015e-01
2.305281810891085570e+01 1.061644722555674436e+00 3.730565134474561062e-01
2.628699081273654414e+01 1.119126792163189110e+00 5.119326461808603179e-01
2.997489863166856239e+01 9.728305030228000527e-01 6.047614457194822046e-01
3.418019789254341134e+01 8.660756423705919804e-01 5.728935295843610165e-01