1.070108687358705714e-03 3.945598570670496574e+00 4.483378525137349158e+01
1.220156518162437888e-03 3.945274617352403812e+00 3.930425602168738664e+01
1.391243661883511664e-03 3.944851743938751376e+00 3.445238887333144362e+01
1.586320195745054718e-03 3.944299063431646601e+00 3.019448964591130746e+01
1.808749849053635245e-03 3.943575558463679798e+00 2.645708937313643716e+01
2.062368004408449054e-03 3.942626406746509549e+00 2.317566858083348791e+01
2.351547831687787055e-03 3.941377714611308480e+00 2.029353079169021967e+01
2.681275695169468322e-03 3.939728775265555427e+00 1.776080246496509218e+01
3.057237134039731980e-03 3.937540327767271808e+00 1.553353615782702413e+01
3.485914898863365797e-03 3.934616055739653895e+00 1.357289030652620987e+01
3.974700734470294761e-03 3.930672027268504731e+00 1.184434952037251954e+01
4.532022836745081343e-03 3.925283175918774514e+00 1.031692554577611176e+01
5.167491181072830092e-03 3.917782373328420498e+00 8.962218210386046380e+00
5.892063228358238036e-03 3.907050749008792234e+00 7.753044211520254692e+00
6.718232865907621844e-03 3.891019852739139750e+00 6.660777752302037946e+00
7.660245841105415773e-03 3.865226310614157779e+00 5.648186409583078493e+00
8.734345402635179667e-03 3.816784877806103093e+00 4.639318250668129195e+00
9.959052384867772556e-03 3.647517685739564364e+00 3.099789708221414752e+00
1.135548456494710201e-02 4.223371912548517848e+00 5.443975061419126682e+00
1.294772079928806392e-02 4.215328757342004629e+00 4.710739732751695996e+00
1.476321621833825287e-02 4.203635573829243910e+00 4.051255206212209359e+00
1.683327563885914091e-02 4.185858877379573961e+00 3.447024753543290743e+00
1.919359335683451517e-02 4.157021277257750391e+00 2.868107286269211631e+00
2.188486862872338762e-02 4.130791352001032202e+00 2.181037173545005814e+00
2.495350745387839991e-02 3.920889817264583854e+00 1.927680135375502424e+00
2.845242275905257232e-02 4.234463428936622087e+00 2.357722404929254445e+00
3.244194678267683929e-02 4.961514400579042139e+00 2.787634405750401445e+00
3.699087139126575052e-02 5.092439136896043550e+00 2.170095703855051017e+00
4.217763426625840972e-02 4.679917168537862437e+00 2.345926851688308279e+00
4.809167141486427044e-02 4.807540018540104931e+00 1.966039897931756597e+00
5.483495932642888648e-02 4.370156351553414531e+00 1.549314642953464327e+00
6.252377336591673218e-02 4.418018681535096803e+00 1.381977427475460818e+00
7.129069272471194596e-02 4.357912773140681928e+00 1.388196690399202016e+00
8.128688650035667540e-02 4.419068652048740553e+00 1.323058249643743745e+00
9.268472032438881958e-02 4.765572525627480793e+00 1.411090429164427507e+00
1.056807284846920936e-01 4.500306902102561679e+00 1.312768028075602222e+00
1.204990027910391170e-01 4.559384874555668432e+00 1.125941992979760498e+00
1.373950566184645727e-01 4.332939720636139747e+00 1.033364676473217392e+00
1.566602307566556940e-01 4.691324489158703592e+00 1.166690919874305621e+00
1.786267170359777112e-01 4.159541288282756710e+00 9.619509037903535287e-01
2.036732863531522941e-01 3.918298305225118128e+00 7.903828793563948407e-01
2.322318198656587729e-01 4.220204937323986272e+00 8.646713493785307403e-01
2.647947559730682299e-01 4.212175629493638773e+00 7.838615787478629970e-01
3.019235814945492313e-01 4.043324118472588324e+00 7.541259312456131125e-01
3.442585134569932093e-01 4.257351176281732208e+00 7.479088782986730299e-01
3.925295384380511621e-01 3.915371454021862263e+00 6.682330467276452746e-01
4.475689998168717043e-01 3.874549968443560477e+00 6.668389670284052828e-01
5.103259499760907092e-01 3.819178037686225213e+00 5.492358267245033288e-01
5.818825149319069023e-01 3.823674665446406440e+00 5.911751062318660876e-01
6.634725535696234244e-01 3.842438660295288244e+00 5.621036850283085418e-01
7.565029332282127150e-01 3.732596441244515617e+00 5.233520585460988972e-01
8.625777884914933580e-01 3.777351125562268042e+00 5.479810495106051116e-01
9.835261814833206051e-01 3.619947238739355644e+00 5.012724418283086569e-01
1.121433640616752214e+00 3.588590320069686257e+00 4.839192730501924444e-01
1.278678121623821440e+00 3.531827512768328070e+00 4.615123583667693485e-01
1.457971010946503831e+00 3.292711545558977271e+00 4.177945725878551286e-01
1.662403878515511746e+00 3.130756512175171480e+00 3.808028912514271891e-01
1.895501786080998396e+00 3.297201932275265701e+00 4.047664137227508507e-01
2.161284070297439186e+00 3.407825270896562397e+00 4.214314186874532631e-01
2.464333648653105779e+00 3.359627388323159991e+00 3.863205336673908308e-01
2.809876043295022274e+00 3.267052670530777192e+00 3.850861169050269206e-01
3.203869485367196290e+00 3.001878143712985558e+00 3.680212209941959300e-01
3.653107653542606137e+00 3.033775126904315389e+00 3.717672392317797891e-01
4.165336818282431075e+00 2.853569279143057358e+00 3.520450382403156331e-01
4.749389411755768009e+00 2.654196457545956012e+00 3.564445118514888433e-01
5.415336326582830040e+00 2.652112612568250150e+00 3.762507982423916597e-01
6.174660569508101382e+00 2.557244844842436748e+00 3.788629017250896847e-01
7.040455264335639285e+00 2.387124217204745324e+00 3.548916417282753089e-01
8.027649418316157082e+00 2.125010645161686806e+00 3.465233764039209463e-01
9.153265344904198741e+00 1.931539063251139998e+00 3.152119994000912584e-01
1.043671218165851400e+01 1.892620185821027867e+00 3.241084936606164479e-01
1.190012056445189970e+01 1.825414177843078800e+00 3.083979969388916942e-01
1.356872422882002382e+01 1.821190455715361534e+00 3.363924372259700646e-01
1.547129511844968341e+01 1.711412319302288765e+00 3.289259404250510221e-01
1.764063950343700071e+01 1.516985888438834973e+00 3.377472823825760084e-01
2.011416366294519520e+01 1.348559431757776483e+00 3.865966909128768503e-01
2.293451888639969383e+01 1.321642914118041912e+00 4.634228301521648441e-01
2.615033691505752245e+01 1.223890454487248203e+00 5.103704570526196305e-01
2.981706850526270003e+01 8.927400509653380389e-01 5.205414355362536494e-01
3.399793957283985435e+01 5.926806050446036256e-01 4.127271313067363834e-01