2.215211732945488876e+01 1.397911631035217361e+01
2.542903334350812727e+01 1.397886337009860114e+01
2.919069663491892896e+01 1.397852941787218839e+01
3.350881484645194774e+01 1.397808823206455209e+01
3.846570318128748056e+01 1.397750489547023811e+01
4.415585355707015935e+01 1.397673275134520843e+01
5.068773588160787824e+01 1.397570916743381808e+01
5.818586578748757887e+01 1.397434953867340290e+01
6.679317824231296186e+01 1.397253860042104989e+01
7.667375228210082128e+01 1.397011746068342575e+01
8.801593880874422382e+01 1.396686344688255765e+01
1.010359510759598862e+02 1.396245703957701068e+01
1.159819863082524307e+02 1.395642341716517976e+01
1.331389570222824261e+02 1.394801756308550189e+01
1.528339222426295692e+02 1.393595943488797850e+01
1.754423221458528701e+02 1.391763642373763155e+01
2.013951349823032047e+02 1.388469153162434111e+01
2.311870927062903434e+02 1.383841800127413890e+01
2.653861119270997051e+02 1.383262750515097750e+01
3.046441199607107819e+02 1.387157696029593623e+01
3.497094823565216757e+02 1.383959383160993184e+01
4.014412688019012307e+02 1.372774203893582801e+01
4.608256293519258406e+02 1.355068165612709663e+01
5.289945931602555902e+02 1.412046650009622262e+01
6.072476480666359748e+02 1.416281153684645133e+01
6.970765124072838717e+02 1.433125408227913056e+01
8.001935712669580880e+02 1.444436617693770231e+01
9.185645192458466681e+02 1.440635832593575927e+01
1.054445832002142424e+03 1.436130502248250096e+01
1.210427780880910632e+03 1.425671487199165632e+01
1.389483810606317093e+03 1.424066217344496899e+01
1.595027221311770973e+03 1.527016036524627296e+01
1.830976235423280741e+03 1.550726960688662004e+01
2.101828689749690056e+03 1.550911298073469169e+01
2.412747776616351530e+03 1.568264878222305647e+01
2.769660468503941047e+03 1.573553852654113250e+01
3.179370502436579500e+03 1.596116740811442902e+01
3.649688077912298468e+03 1.609885435433728063e+01
4.189578740774920334e+03 1.614339702730795167e+01
4.809334291163211674e+03 1.612973346951152109e+01
5.520768973512641423e+03 1.664153141191288299e+01
6.337444688530488747e+03 1.670021271210480407e+01
7.274929520303599020e+03 1.691211948644217955e+01
8.351094506776158596e+03 1.702191965951861974e+01
9.586454310858605822e+03 1.721038917669161350e+01
1.100455828629539792e+04 1.742205790248012320e+01
1.263243939308217159e+04 1.749623649321898711e+01
1.450112951999414145e+04 1.774316697705959811e+01
1.664625103768963527e+04 1.791116381174574101e+01
1.910869585901713072e+04 1.790954525761816640e+01
2.193540495128189286e+04 1.847103332218909699e+01
2.518026316011872404e+04 1.861421268398035878e+01
2.890512640277372702e+04 1.896713326968818691e+01
3.318100081192272773e+04 1.921391542717086764e+01
3.808939630774861143e+04 1.949422159941336119e+01
4.372388040108256973e+04 1.977644239050754393e+01
5.019186184736816358e+04 2.002802549088773176e+01
5.761663815279574919e+04 2.032914944919219380e+01
6.613974596370279323e+04 2.051906687872735446e+01
7.592365914412309940e+04 2.085567019604578931e+01
8.715488597425917396e+04 2.114525258792133400e+01
1.000475245109953976e+05 2.141983418737680722e+01
1.148473438853961125e+05 2.204207562489547101e+01
1.318364693379378878e+05 2.246259555508900263e+01
1.513387603011266619e+05 2.286405909909032630e+01
1.737259840505383036e+05 2.329826683756556349e+01
1.994249026110411796e+05 2.372468816361390509e+01
2.289254080141157319e+05 2.403454276187387961e+01
2.627898609866381739e+05 2.474328383575636892e+01
3.016638110922069754e+05 2.520531257885675203e+01
3.462883026803756948e+05 2.560854481098722246e+01
3.975140012290104060e+05 2.609123570904134226e+01
4.563174093666906701e+05 2.649598574673628093e+01
5.238194816971184919e+05 2.663831059132846235e+01
6.013069932752538007e+05 2.787477615083731308e+01
6.902570690770760411e+05 2.844113929560310083e+01
7.923653420620941324e+05 2.867886694440456097e+01
9.095782765986749437e+05 2.927337165575444189e+01
1.044130273425538791e+06 2.932470203755615401e+01
1.198586263471981511e+06 3.001181672832934666e+01
