1.072411503339331914e-03 7.822493337974958827e+00 7.731828223880262385e+01
1.227721361649719047e-03 7.823533727683433803e+00 6.748021565298840585e+01
1.405523660607454041e-03 7.824908048381082004e+00 5.887785237309024211e+01
1.609075823094627353e-03 7.826728066625634028e+00 5.135329292645277377e+01
1.842107021769137220e-03 7.829146452350907559e+00 4.476821636870061383e+01
2.108886499285621448e-03 7.832374489926059447e+00 3.900124390307538391e+01
2.414301782856205416e-03 7.836709690786934246e+00 3.394554035981415296e+01
2.763948226079099464e-03 7.842580781018123837e+00 2.950654606902829258e+01
3.164231518484032606e-03 7.850625135085826045e+00 2.559966202429670190e+01
3.622485040818282723e-03 7.861831708648506556e+00 2.214752963365071992e+01
4.147104216078068180e-03 7.877830382576881618e+00 1.907602499467841994e+01
4.747700317660254535e-03 7.901558584639333915e+00 1.630632737676327793e+01
5.435276552473057923e-03 7.939138794451908510e+00 1.373272085050630942e+01
6.222429644932248038e-03 8.007662145801464959e+00 1.112091174511051150e+01
7.123580614957786966e-03 8.143519719632434928e+00 7.888887077538613291e+00
8.155238977933819411e-03 7.015298021400687034e+00 1.369006877907229836e+01
9.336305206901221454e-03 7.009597978775241600e+00 1.190980868365834766e+01
1.068841699823431732e-02 7.001767195754452722e+00 1.034548370462421474e+01
1.223634568455394568e-02 6.990811235500775211e+00 8.966877112569541453e+00
1.400845005735053793e-02 6.975052627690404350e+00 7.745753228169614424e+00
1.603719591356393692e-02 6.951331966224665315e+00 6.653328878541906022e+00
1.835975084446104383e-02 6.912383030108072646e+00 5.652415016147447346e+00
2.101866516362702400e-02 6.830093423682969345e+00 4.643492971423851756e+00
2.406265144899556729e-02 6.792206979549527013e+00 3.967682497571883182e+00
2.754747698049980764e-02 6.795001758902993849e+00 3.660498051837806077e+00
3.153698542322706105e-02 6.931038922438256478e+00 3.099150269545018599e+00
3.610426647379998827e-02 7.401890919876342068e+00 3.601508999597221372e+00
4.133299489846337105e-02 7.127011053096610205e+00 2.800899672443362576e+00
4.731896349469269514e-02 7.835035420522716620e+00 2.975234084999240469e+00
5.417183806091201148e-02 7.980232060215309176e+00 2.586999118231597894e+00
6.201716652620295478e-02 7.944882430871888168e+00 2.349932062151882661e+00
7.099867904821902109e-02 8.518616957315680693e+00 2.255355421331443733e+00
8.128092121819552318e-02 8.007493745325918511e+00 2.021007836894340937e+00
9.305226861462617682e-02 7.162715285561210621e+00 1.684765129651308202e+00
1.065283779336669706e-01 7.347517689916901240e+00 1.609229110740365787e+00
1.219561379226216102e-01 7.107984580741264047e+00 1.548529801008122320e+00
1.396181924994934764e-01 7.600455348063253069e+00 1.489619737360776686e+00
1.598381189243105183e-01 7.637130625304002329e+00 1.570169680127421197e+00
1.829863558887909192e-01 6.755418923154959288e+00 1.311745743723438107e+00
2.094869901297776449e-01 7.067659352968114206e+00 1.389802529990155078e+00
2.398255259004354878e-01 7.444409430913711212e+00 1.483112861403534488e+00
2.745577796396281856e-01 7.195274282304935376e+00 1.370211951616478352e+00
3.143200627940571645e-01 7.034064215313811097e+00 1.243453579828680544e+00
3.598408393473189193e-01 7.049751098517162973e+00 1.135523478859941537e+00
4.119540716273714653e-01 7.236484097996135567e+00 1.195777189748219005e+00
4.716144988939648397e-01 6.902170628149696618e+00 1.013933208518571050e+00
5.399151286170402742e-01 6.690216290977815561e+00 9.244483639523146667e-01
6.181072608946571734e-01 6.861633256620379484e+00 9.691086240282903441e-01
7.076234128673342116e-01 6.630946272881478976e+00 8.708467862497981660e-01
8.101035631149990923e-01 6.620816243380444277e+00 7.793996184530896931e-01
9.274251968464120033e-01 6.585446491724705531e+00 7.664724136593996651e-01
1.061737702323260368e+00 6.507404807869209939e+00 7.369956011392093664e-01
1.215501748677810578e+00 6.081486907674804598e+00 6.644382256939370679e-01
1.391534366544504575e+00 6.101871049184044438e+00 6.651874554373541359e-01
1.593060557404169852e+00 6.153701161008235943e+00 6.201893988369973076e-01
1.823772377148628721e+00 5.755334344787303102e+00 5.838759832934885541e-01
2.087896576304786311e+00 5.460757870530549951e+00 5.425552585467700029e-01
2.390272036119333698e+00 5.324385426035500579e+00 5.183835653221006146e-01
2.736438419170065472e+00 5.287878344863968572e+00 5.219387200638521129e-01
3.132737658625282862e+00 4.756459100055015377e+00 4.759107997754053465e-01
3.586430145482873755e+00 4.884593337754274955e+00 4.968994620536869022e-01
4.105827742394701829e+00 4.742840682401390673e+00 4.887510002204965565e-01
4.700446060952970129e+00 4.489273364292962754e+00 4.475208519716553646e-01
5.381178792231057884e+00 4.252681158951670426e+00 4.873777290573677590e-01
6.160497284397420614e+00 4.105248530984535016e+00 5.136074196907740586e-01
7.052679023759594656e+00 3.862534570979738735e+00 5.056134041678285174e-01
8.074069205119998927e+00 3.589716111873443527e+00 4.767739930584207197e-01
9.243380183537087902e+00 3.421904890903619822e+00 4.643546558530540769e-01
1.058203429359090819e+01 3.179829748842191162e+00 4.872727556171352337e-01
1.211455631676546574e+01 2.904735780777207399e+00 4.781754039789005151e-01
1.386902278713744074e+01 2.601484585551194328e+00 4.403891861125136531e-01
1.587757636686558627e+01 2.358437343171430278e+00 4.731137105345120664e-01
1.817701471508513578e+01 2.084790251527716354e+00 4.453111132511936021e-01
2.080946463856608375e+01 2.104461563886200537e+00 4.864743220866095119e-01
2.382315387489655478e+01 1.822750190142737425e+00 4.700842096378008428e-01
2.727329464762750888e+01 1.988922072318543011e+00 5.987760282260836675e-01
3.122309518053003785e+01 1.885231907796078410e+00 5.500164464394421415e-01
3.574491770238849142e+01 1.427474577993536942e+00 5.675942208994700922e-01
4.092160415752974956e+01 1.359108910142599491e+00 6.498277746134606403e-01
4.684799390973731903e+01 1.283092272959544200e+00 7.188110395624447424e-01