1.071662078653122779e-03 6.684098608965482136e+00 6.966969258379161545e+01
1.225257142993140761e-03 6.683467054839909771e+00 6.090901467006690950e+01
1.400866090496090399e-03 6.682637989103962006e+00 5.324256130932226228e+01
1.601644042415337459e-03 6.681548195339667373e+00 4.653253417167783113e+01
1.831198325099083531e-03 6.680113160223376312e+00 4.065828894522493897e+01
2.093653281904517098e-03 6.678219103526020106e+00 3.551415137364819685e+01
2.393724374224938216e-03 6.675711418470388736e+00 3.100749246812772952e+01
2.736802902984146642e-03 6.672377432306252132e+00 2.705702161146847828e+01
3.129052872767634427e-03 6.667919792087939612e+00 2.359125464319679466e+01
3.577521738923741378e-03 6.661913579356994575e+00 2.054710587836076385e+01
4.090267027399759406e-03 6.653733421790409608e+00 1.786853065437252752e+01
4.676501102259353337e-03 6.642421002810283248e+00 1.550508761304846495e+01
5.346756681882401489e-03 6.626422418389079638e+00 1.341013462000663559e+01
6.113076077634732250e-03 6.603003181201426486e+00 1.153789748108349755e+01
6.989227555010701226e-03 6.566707740640949531e+00 9.836887432947099441e+00
7.990952704554198788e-03 6.504036241299687049e+00 8.228117543595628192e+00
9.136249267008489036e-03 6.359745919958536220e+00 6.462782947640463682e+00
1.044569449414228628e-02 6.358926544177090356e+00 5.614253560588761793e+00
1.194281485499371770e-02 7.102944741709585230e+00 7.583453625796949815e+00
1.365450872995019847e-02 7.068458596817303707e+00 6.429656947011730850e+00
1.561152968710108335e-02 7.009329075112343155e+00 5.317026177389463371e+00
1.784903902376627771e-02 6.878729104256561477e+00 4.003790517604568500e+00
2.040723750057386876e-02 6.994023087319884979e+00 3.836184083090905528e+00
2.333208761829203004e-02 7.211258807599566723e+00 4.217351243338378630e+00
2.667613941437921646e-02 7.390162755418987928e+00 4.256750090690669452e+00
3.049947461612902838e-02 7.818831143417662055e+00 3.907114252690039979e+00
3.487078611376893955e-02 8.501110328622740298e+00 4.065471428002711995e+00
3.986861214813119947e-02 8.159862360085325506e+00 3.643962621511148026e+00
4.558274738723164243e-02 7.776705838239743152e+00 3.188455747109117056e+00
5.211585624421007090e-02 8.790021699571861191e+00 3.367171104658853054e+00
5.958531742270491149e-02 8.180159232956262017e+00 2.986333210631735735e+00
6.812533283013924579e-02 8.038705766163404931e+00 2.783914455139575583e+00
7.788933874922643330e-02 7.620034113052017943e+00 2.458957908836949091e+00
8.905276258859999572e-02 7.872376732967008905e+00 2.142828368226711522e+00
1.018161747424042307e-01 8.310039450001935890e+00 2.033066624602483330e+00
1.164088921875047478e-01 8.345528810719565982e+00 1.918508175690460282e+00
1.330930985632323982e-01 8.798748208336713006e+00 2.000455762541859528e+00
1.521685547580847175e-01 7.425763890403901613e+00 1.867856555067075819e+00
1.739779846372965233e-01 7.833771527816704605e+00 1.809027231792271539e+00
1.989132326752759417e-01 7.191416250722102887e+00 1.584254773125668203e+00
2.274223041255209465e-01 6.959451684353704870e+00 1.360524890605713910e+00
2.600174142169559555e-01 6.896379276641518175e+00 1.319556358368506821e+00
2.972841909945500571e-01 7.192104822216307092e+00 1.358350563089067764e+00
3.398921971493127914e-01 6.915891434424924711e+00 1.146790015097896687e+00
3.886069598807063707e-01 6.870556014273295098e+00 1.035263349322070869e+00
4.443037249289504276e-01 7.105765551778319811e+00 1.033295496707806738e+00
5.079831818924180897e-01 6.773581762367959946e+00 1.007396497705772775e+00
5.807894433628941755e-01 6.768749031807062444e+00 9.668907600433835903e-01
6.640306009052442393e-01 6.183900236142130247e+00 8.389755523436003282e-01
7.592022272055480858e-01 6.171170456473435983e+00 7.815485955867356171e-01
8.680142466448076410e-01 6.236993377235235059e+00 7.505618291534896791e-01
9.924216570749899713e-01 6.011915358153589573e+00 7.049770123098291208e-01
1.134659654767730785e+00 6.184460652309335948e+00 7.247690105808427541e-01
1.297283793616710978e+00 6.122076960240869781e+00 6.849674110218133549e-01
1.483215900123874942e+00 6.036555330489727034e+00 6.678411179741788883e-01
1.695796569112354213e+00 5.777365042761503311e+00 6.462924469076820611e-01
1.938845183343203882e+00 5.607927542705667179e+00 6.131238047741164321e-01
2.216728535393141186e+00 5.592022454589042013e+00 5.887598547486645462e-01
2.534439284705071849e+00 5.522343487474069335e+00 5.861454533949855827e-01
2.897685659429268590e+00 5.313527079175265122e+00 5.344639953123558884e-01
3.312994014705360257e+00 5.080993136956786671e+00 5.423257898508503372e-01
3.787826090023641790e+00 4.752221130196289778e+00 5.077812214620200937e-01
4.330713072398889807e+00 4.447759513619296001e+00 4.796711495181562035e-01
4.951408874035601038e+00 4.092231574062471289e+00 4.631806916908720040e-01
5.661065378385420566e+00 3.954916806324694001e+00 5.029934739969621482e-01
6.472432803198071127e+00 3.740290356212607303e+00 4.561232886705166578e-01
7.400088780437732439e+00 3.702489732618902796e+00 4.610710107628116505e-01
8.460700268885375408e+00 3.432108946175940645e+00 4.513241132882915285e-01
9.673323005144098374e+00 3.164909506948705875e+00 4.373448980521826845e-01
1.105974387320749130e+01 2.795724815470662428e+00 4.087008624695147030e-01
1.264487234385785541e+01 2.645685630192979865e+00 4.457599454844565767e-01
1.445718801678633625e+01 2.545452336625334766e+00 4.407596162808643525e-01
1.652925230631019105e+01 2.357705957611840653e+00 4.312863059867468873e-01
1.889829346401440091e+01 2.337386687433059773e+00 4.670703925830750336e-01
2.160687544927039738e+01 2.160309392375246329e+00 4.765095632646107471e-01
2.470366266505808639e+01 1.832295022032299547e+00 4.242302455108849513e-01
2.824429429890527388e+01 1.605976667433348659e+00 4.638399771975524333e-01
3.229238397800547489e+01 1.514051932152994384e+00 4.270906128851902350e-01
3.692066269906281661e+01 1.503600026526485278e+00 5.295075218595689526e-01
4.221228556759412243e+01 1.143273232546793583e+00 6.464668775383952681e-01