1.072075693107026224e-03 7.360333610133807269e+00 9.576466194721200509e+01
1.226616890394794605e-03 7.359824529175340579e+00 8.367432857805957269e+01
1.403435415498774461e-03 7.359155573495248959e+00 7.310357852355819830e+01
1.605742576104817344e-03 7.358275494732260391e+00 6.386039118800773906e+01
1.837212594353250820e-03 7.357115856940946941e+00 5.577683658259810784e+01
2.102049336599186823e-03 7.355584712637127431e+00 4.870601474005202647e+01
2.405062662360288924e-03 7.353557537166120817e+00 4.251937099979150503e+01
2.751755779071184994e-03 7.350863924961730689e+00 3.710433460850794773e+01
3.148425189146825207e-03 7.347267502962792740e+00 3.236223118372640783e+01
3.602275044553579844e-03 7.342434544451919010e+00 2.820641937082588768e+01
4.121547985750264979e-03 7.335882860587108034e+00 2.456059580121841890e+01
4.715674841243900489e-03 7.326894326648615952e+00 2.135719384541757293e+01
5.395445906543939324e-03 7.314355772514073095e+00 1.853575414338421012e+01
6.173206913215181085e-03 7.296446661969190117e+00 1.604102157226774494e+01
7.063083247141319944e-03 7.269962170547369595e+00 1.382017202178935911e+01
8.081236488161995524e-03 7.228631158648916255e+00 1.181740187973749556e+01
9.246157930254125107e-03 7.157973814957257375e+00 9.959119099742629544e+00
1.057900441305430553e-02 7.012302790899906491e+00 8.089550783417458035e+00
1.210398256396066560e-02 6.499850177997544165e+00 5.386287293068677151e+00
1.384878842926631770e-02 8.309439848961556407e+00 9.726862881168722552e+00
1.584511047873018649e-02 8.362003939556364784e+00 8.377871897051493377e+00
1.812920511895394632e-02 8.476539624397815942e+00 7.148914158308691036e+00
2.074255516781004643e-02 9.193911856451327580e+00 5.826703573644766543e+00
2.373262324887132069e-02 6.895474718523655788e+00 4.280247193618642143e+00
2.715371378869196883e-02 7.332714948876753347e+00 4.630919063254522960e+00
3.106795927219154624e-02 7.853530408252155759e+00 5.163768306192304536e+00
3.554644866811967896e-02 7.848078473639506392e+00 4.385512392405281901e+00
4.067051851861577805e-02 7.824621788019522128e+00 3.598111301698939002e+00
4.653323014111852840e-02 7.858564831870484824e+00 2.994971616185427177e+00
5.324105977097828846e-02 7.858399243168886272e+00 2.681482938580632247e+00
6.091583234047003720e-02 7.678814351157886797e+00 2.597638592180487649e+00
6.969693401473159300e-02 7.662577498394556486e+00 2.538312802737996865e+00
7.974384366782447109e-02 7.945957014982048427e+00 2.571308981018857853e+00
9.123902927457802625e-02 8.236715485303617967e+00 2.421838281773370571e+00
1.043912618213329452e-01 8.380272299487021570e+00 2.270091440237612890e+00
1.194394069215121562e-01 8.729682309216522995e+00 2.061604883902943719e+00
1.366567629978324150e-01 7.974225827923240750e+00 1.791225549233922631e+00
1.563560248194952318e-01 7.670789594466318917e+00 1.728414809030486943e+00
1.788949625401443089e-01 7.553833827997944006e+00 1.555236029254475127e+00
2.046829193770170474e-01 7.044315812507395691e+00 1.428876903724097147e+00
2.341882459395531191e-01 7.578801080580347183e+00 1.509217377725459830e+00
2.679468062267771344e-01 7.520263297212134823e+00 1.425655483694891590e+00
3.065717097759950716e-01 7.102665235278000644e+00 1.203448151088938101e+00
3.507644467142168598e-01 7.317888341099981986e+00 1.130285632601590429e+00
4.013276279426762905e-01 7.108211484659408441e+00 1.056256796810838949e+00
4.591795618366104614e-01 6.691202056817642685e+00 9.707863758407376809e-01
5.253709321965189805e-01 7.064221502644696393e+00 9.306984519664853739e-01
6.011038803492159133e-01 6.819188864134176242e+00 8.681802409535401832e-01
6.877538379602016194e-01 6.640813104080119267e+00 7.932036072648079861e-01
7.868945070761996785e-01 6.513676393905885043e+00 7.833393060685654996e-01
9.003264410754572289e-01 6.658575056311645923e+00 7.590987171858978311e-01
1.030109745601648585e+00 6.352597726438756531e+00 7.220328291072832805e-01
1.178601493382730903e+00 6.432669063764574702e+00 6.863172688683608635e-01
1.348498532447803600e+00 6.095213421325764713e+00 6.510110254835614896e-01
1.542886465207769398e+00 6.042705507125585740e+00 6.176580423326212266e-01
1.765295687938368552e+00 5.895070356281238766e+00 5.654101246196049368e-01
2.019765508432373124e+00 5.290875703388393525e+00 5.387852272264038733e-01
2.310917506300230073e+00 5.348169795974628826e+00 5.121059677457698855e-01
2.644039468259729908e+00 5.277276731936398235e+00 5.237533310227320271e-01
3.025181422814037013e+00 5.061320175738612370e+00 5.406801136624086457e-01
3.461265518461679846e+00 4.766052058100596511e+00 4.871178235974100712e-01
3.960211741002830799e+00 4.753923773380123841e+00 4.903017380822428661e-01
4.531081753169553750e+00 4.568173197777921857e+00 5.036862919097561120e-01
5.184243468938142918e+00 4.484061245493687231e+00 5.281410513868681766e-01
5.931559351456723306e+00 4.169985960471257691e+00 4.965374064983000824e-01
6.786601854380133858e+00 3.914251239173209829e+00 4.839011724734624820e-01
7.764899919371887727e+00 3.857964552569816519e+00 5.029217637697390719e-01
8.884221006562727396e+00 3.547791079303156181e+00 5.026021561914006952e-01
1.016489378009075217e+01 3.312415954716277255e+00 5.191452865096094493e-01
1.163017730920943116e+01 2.962758548748372078e+00 4.743050912806805464e-01
1.330668349024718822e+01 2.950762283377768469e+00 5.306893724442670601e-01
1.522486036127796183e+01 2.502521366577821649e+00 4.634168194180831590e-01
1.741954508727155826e+01 2.288288253580080145e+00 4.608698163496815492e-01
1.993059665881993325e+01 2.178637073946363856e+00 4.493002524516918061e-01
2.280361979526198724e+01 2.061177256904709321e+00 4.737831508587552753e-01
2.609079319944722641e+01 1.814683239237621981e+00 4.658135806172802873e-01
2.985181720657170956e+01 1.843026310021343539e+00 5.211440532284509208e-01
3.415499803790751798e+01 1.488263445109286653e+00 5.450916827740415194e-01
3.907848835121011888e+01 1.380507469475855231e+00 7.236414691063264293e-01
4.471170661818672443e+01 7.791077629750862155e-01 4.541748405077862261e-01