1.072495256002337300e-03 6.290212483231884200e+00 6.705501802726124083e+01
1.227996892292700093e-03 6.289879484683682520e+00 5.854844459220267083e+01
1.406044790446366955e-03 6.289441869702448784e+00 5.111678976590280143e+01
1.609907944514690032e-03 6.288866333794913110e+00 4.462358531720212085e+01
1.843329321670267133e-03 6.288108647302408372e+00 3.894958188068978444e+01
2.110594583812467478e-03 6.287109830321409909e+00 3.399055342531331547e+01
2.416610773153728998e-03 6.285790805090159417e+00 2.965537404210020611e+01
2.766996406469299057e-03 6.284044777905060997e+00 2.586432948447175661e+01
3.168184632158375664e-03 6.281726122847671512e+00 2.254762850360679494e+01
3.627541344100359937e-03 6.278633657000510127e+00 1.964407941930268464e+01
4.153500420899593898e-03 6.274484476866836857e+00 1.709989374476646518e+01
4.755718573537452698e-03 6.268870934738791867e+00 1.486756651149435093e+01
5.445252644464784741e-03 6.261185171867807320e+00 1.290474994707455458e+01
6.234762613380542134e-03 6.250474961145927821e+00 1.117294620127056426e+01
7.138744036922185614e-03 6.235134264608114485e+00 9.635565092695596690e+00
8.173794189905846108e-03 6.212116479788702961e+00 8.253853958819290071e+00
9.358916794521124349e-03 6.174304730628426441e+00 6.973932521989262057e+00
1.071587093236788316e-02 6.094774196868348426e+00 5.646208556925118138e+00
1.226957054542790818e-02 6.050605104177202875e+00 4.724519909936994111e+00
1.404854186088696708e-02 6.384328797255363952e+00 5.628797972623642565e+00
1.608544713821606284e-02 6.316455566404380662e+00 4.745600213714729065e+00
1.841768435461012959e-02 6.179144079841520920e+00 3.879427536070019222e+00
2.108807383912552486e-02 5.907948962351499134e+00 2.977643141773624436e+00
2.414564446225270222e-02 6.079847372229858493e+00 2.556048277994616313e+00
2.764653381551754330e-02 7.101985139582014384e+00 3.051481059752129799e+00
3.165501890858396505e-02 7.916222602047100487e+00 4.025392509513714856e+00
3.624469630765719819e-02 7.917291396808523452e+00 3.158367349304927352e+00
4.149983338275833877e-02 8.162464794899799259e+00 3.000867298027069197e+00
4.751691547303311947e-02 8.354146481714572303e+00 2.852583154192534831e+00
5.440641737635100450e-02 7.099971841780433834e+00 2.566584525192856070e+00
6.229483168808813004e-02 6.699001077020515282e+00 2.256706959800050427e+00
7.132699122978901352e-02 7.093008422583375605e+00 2.357203204239638250e+00
8.166872820794901511e-02 7.288984517710018096e+00 2.418965183820596554e+00
9.350991892559010199e-02 7.556196447581201348e+00 2.222201532328011098e+00
1.070679699481269509e-01 7.446702902512489786e+00 2.105388781463284342e+00
1.225918097302069465e-01 7.186404331817525915e+00 1.783306403075834323e+00
1.403664589905692095e-01 7.916129325715576037e+00 1.839949467643650971e+00
1.607182637478949405e-01 7.290664144137593894e+00 1.705288334779302417e+00
1.840208870972044330e-01 6.735277130364490716e+00 1.427767950268493236e+00
2.107021697369824142e-01 7.036107420003275159e+00 1.423550079999929219e+00
2.412519852076431826e-01 7.082359739717552394e+00 1.275218123293505812e+00
2.762312340650433518e-01 7.305392506354573712e+00 1.261485885666325357e+00
3.162821421238171116e-01 7.377570071887138425e+00 1.171607412485250022e+00
3.621400518482844055e-01 6.934705923254985471e+00 1.064063234035248717e+00
4.146469233831663326e-01 6.807715860602410629e+00 1.057076076037577472e+00
4.747667931056544499e-01 6.771305359542354019e+00 9.706348214114369766e-01
5.436034735208603585e-01 7.185229293776258075e+00 9.340448766919952073e-01
6.224208194741690514e-01 7.209651767494941410e+00 8.759820030119407352e-01
7.126659327720976655e-01 6.990348547357037923e+00 8.320168803101670729e-01
8.159957312530126128e-01 6.397667045981994427e+00 7.192757177146212877e-01
9.343073701210151683e-01 6.161119336914370415e+00 6.724209830203503602e-01
1.069773074084601427e+00 6.279020450562657452e+00 6.753610343230611601e-01
1.224880019824941879e+00 6.246844794313498817e+00 6.304723594557246624e-01
1.402476001043656106e+00 5.843052164267134252e+00 5.719468106723268885e-01
1.605821714509243492e+00 5.944648307688855660e+00 5.790671201043767757e-01
1.838650627084161826e+00 5.737368472589508883e+00 5.452017810498311912e-01
2.105237522902809300e+00 5.571596380383815550e+00 5.586029411543247392e-01
2.410476989239938916e+00 5.548610872313387787e+00 5.620073427930550869e-01
2.759973282085322666e+00 5.337214846877833985e+00 5.450188353019558285e-01
3.160143221374093869e+00 5.240299393056626620e+00 5.677508216493056814e-01
3.618334005049223201e+00 4.863616974242328084e+00 5.003693426841278047e-01
4.142958105045233097e+00 4.779728929938233506e+00 4.799363824799996459e-01
4.743647721909654891e+00 4.550897040800402138e+00 5.121516453191634621e-01
5.431431633879141074e+00 4.284291941179093399e+00 4.756038691503361449e-01
6.218937687393663261e+00 4.101474662678903371e+00 4.907358235857777751e-01
7.120624646814032843e+00 3.892412262268404533e+00 5.119220000425018791e-01
8.153047660148700970e+00 3.667511211440871222e+00 5.334837486706999199e-01
9.335162214792170232e+00 3.414292378053267019e+00 5.271226840283281811e-01
1.068867216396157183e+01 3.092614394134586497e+00 5.018539001331960847e-01
1.223842821366446643e+01 3.080675350353793363e+00 4.936957609706645878e-01
1.401288418649611600e+01 2.812319915492288214e+00 5.330207069862499258e-01
1.604461943935839585e+01 2.692399561713540113e+00 5.221089398068949894e-01
1.837093702679112184e+01 2.268899261429296654e+00 4.682557448152585011e-01
2.103454859231117879e+01 1.863055202481997741e+00 3.954327145314120995e-01
2.408435856249758444e+01 1.854356378251687643e+00 3.873197228381971557e-01
2.757636204177827466e+01 1.690193890632456508e+00 3.909934271132849415e-01
3.157467289344194228e+01 1.602210970772140142e+00 4.266008146032486681e-01
3.615270088264217208e+01 1.329920264677084463e+00 5.452947475878269223e-01
4.139449949396831130e+01 1.073407770350780055e+00 5.375451739296973619e-01
4.739630916977598929e+01 9.432467921432500235e-01 5.170881275213685679e-01