21.939482301803412 13.313834102106295
24.732602993437663 13.31206763724231
27.88131654231058 13.309796674542408
31.43089355935491 13.306867109423326
35.43236806771064 13.303070648095646
39.943271244099094 13.29812027653251
45.028458572985265 13.291609866043991
50.761042305932435 13.282942557930838
57.223442632578575 13.271189711720869
64.50857267643849 13.254762908330052
72.72117435280263 13.23035128065387
81.97932429502163 13.18930073480179
92.41613150062275 13.099464984670709
104.18165110515613 13.16472707135972
117.44504179904288 13.088296094372883
132.39699790567312 12.76745264165251
149.25249108794367 13.386744232407443
168.25386110210428 13.626386068134138
189.67430003620868 13.570826133145552
213.821780127789 13.458786594289876
241.04348163292917 13.271801987240714
271.7307844083986 13.69738683892032
306.3248949732918 13.639411209518306
345.3231899532176 13.623667229249989
389.2863671098726 13.552100241654909
438.8465067698834 13.95909061240055
494.71615955606677 13.980114951506298
557.6985910799092 13.644469383452194
628.699330888274 14.886567037148417
708.7391917092516 14.853360249678374
798.9689461812852 14.890014059428912
900.6858720801577 15.067807640865087
1015.3524039227499 15.257880818063914
1144.617159110893 15.569124443886903
1290.338640918577 15.680386660293383
1454.6119591120807 15.731752260594256
1639.7989523785825 15.850840963057262
1848.5621456482938 15.962277971096416
2083.903030531327 16.24109766271328
2349.20521924605 16.223270955468543
2648.2830924842883 16.40328157973439
2985.4366406477748 16.566021368621882
3365.5132869354084 16.652026625849768
3793.9775811424142 16.68447338575084
4276.989766193577 16.760847229762113
4821.494347000448 16.814655377512143
5435.319935040761 16.887075199477415
6127.291804174913 17.00577426838764
6907.358775970101 17.080113115871363
7786.7362588251835 17.00763527764037
8778.067497440396 17.65591567552061
9895.605350995287 17.87092190747144
11155.417213549565 17.96465467660036
12575.616022908755 18.240240964032466
14176.620679283278 18.353858881738233
15981.449617908755 18.367225960348346
18016.051756466146 18.59184523512904
20309.679575496444 18.893253591616045
22895.309695771335 19.266768758271176
25810.116999468588 19.453264961992524
29096.009111826726 19.45878835635701
32800.22892778574 19.64971938026639
36976.033846437254 19.869473534035045
41683.461478973644 20.089456324996235
46990.192839097435 20.153890701926628
52972.52542640639 20.73579207619978
59716.470193255096 20.911188753815644
67318.98816672756 21.091986822793068
75889.3845052461 21.40941549313811
85550.88003285785 21.856465687279155
96442.38284592351 22.21504928792238
108720.48546347332 22.574813654279758
122561.71623524895 22.9570905392623
138165.0773770359 23.243478285499464
155754.90612387573 23.579092346404348
175584.10013737294 24.261875470900115
197937.75354036893 25.366862461539437
223137.25585605315 26.421270334059464
251544.91278398322 28.110517148006572
283569.15524819656 30.46962666451576