2.194959908728812792e+01 1.478407769598018007e+01
2.476553921467099428e+01 1.478374507512085323e+01
2.794273964432504087e+01 1.478332049397316794e+01
3.152754688934830796e+01 1.478277811980798262e+01
3.557225331203083840e+01 1.478208460020354664e+01
4.013585992390683543e+01 1.478119670140070774e+01
4.528493704633140737e+01 1.478005808855439440e+01
5.109459538622442665e+01 1.477859485522038341e+01
5.764958169227440976e+01 1.477670917103437986e+01
6.504551497417783423e+01 1.477426998666559754e+01
7.339028131791242515e+01 1.477109891286526278e+01
8.280560764351776015e+01 1.476694770194201567e+01
9.342883736212996837e+01 1.476145996584824438e+01
1.054149338341659643e+02 1.475410017028080212e+01
1.189387408535365438e+02 1.474400433366934138e+01
1.341975331320631142e+02 1.472959691780122782e+01
1.514138939885681339e+02 1.470713058627258540e+01
1.708389622201165423e+02 1.466534009805705452e+01
1.927560955182221960e+02 1.462573668495142876e+01
2.174850038690701695e+02 1.464626740039839881e+01
2.453864132325610967e+02 1.463121021388250398e+01
2.768673275302760999e+02 1.455208964202852684e+01
3.123869657001267228e+02 1.472161160864811791e+01
3.524634604227938439e+02 1.476311749230065118e+01
3.976814162357348437e+02 1.472644453747456694e+01
4.487004372866113044e+02 1.484041302075003443e+01
5.062647491223276006e+02 1.485004228184991781e+01
5.712140548688096260e+02 1.458336589623584345e+01
6.444957841629770883e+02 1.506376752748593795e+01
7.271789135147414527e+02 1.511548306481103410e+01
8.204695596996518816e+02 1.527122807146464822e+01
9.257285736464003776e+02 1.509841203767658513e+01
1.044491391465041033e+03 1.506490908545341334e+01
1.178490432187190208e+03 1.569066933191404090e+01
1.329680368938908714e+03 1.614960367530864360e+01
1.500266642182359192e+03 1.615083836655273686e+01
1.692737630955084342e+03 1.644156995566483204e+01
1.909900951395773973e+03 1.640979491045477445e+01
2.154924412050997944e+03 1.651907889636322579e+01
2.431382223386860005e+03 1.687007956059722247e+01
2.743307135573777941e+03 1.685564107533647515e+01
3.095249265089564688e+03 1.695389085034570442e+01
3.492342468257263135e+03 1.702218123863885779e+01
3.940379229922959439e+03 1.700923083749860609e+01
4.445895159690992841e+03 1.707171026460939345e+01
5.016264328281484268e+03 1.725384648066461324e+01
5.659806834702370907e+03 1.726259024542444465e+01
6.385910173341680093e+03 1.766931439302791418e+01
7.205166171388113071e+03 1.796971944443460956e+01
8.129525494115952824e+03 1.837517184071120369e+01
9.172471971836401281e+03 1.845124220319587138e+01
1.034921929146044931e+04 1.860498407976864144e+01
1.167693292185591054e+04 1.894535439670867305e+01
1.317498051027200745e+04 1.902202302420906221e+01
1.486521440241849996e+04 1.909469514364894138e+01
1.677229040738126059e+04 1.923395040357745245e+01
1.892402745726734429e+04 1.957479437653223897e+01
2.135181340801284023e+04 1.986895939170783620e+01
2.409106290085826913e+04 2.002316987609804144e+01
2.718173396341629996e+04 2.028259085696897301e+01
3.066891088610360748e+04 2.046913027744192348e+01
3.460346187648244813e+04 2.070371155814670772e+01
3.904278108485843404e+04 2.086439488416180410e+01
4.405162582522316370e+04 2.113894596694397521e+01
4.970306120426573762e+04 2.136936672258194037e+01
5.607952593796172732e+04 2.185984967064990769e+01
6.327403490303755098e+04 2.212695189213723879e+01
7.139153596519022540e+04 2.244205680142401604e+01
8.055044087641035730e+04 2.256239270056229174e+01
9.088435257294008625e+04 2.302260158123856826e+01
1.025440140703370416e+05 2.336224496545950302e+01
1.156995073846001906e+05 2.377720821861201728e+01
1.305427345554969506e+05 2.409931631070535474e+01
1.472902169633193116e+05 2.440866320562468772e+01
1.661862537733102217e+05 2.513740326834897587e+01
1.875064855806745763e+05 2.554409747890963445e+01
2.115619152398406877e+05 2.698459687585202715e+01
2.387034445306813868e+05 2.816073121214873609e+01
2.693269928390299319e+05 3.008634219701649926e+01
3.038792725187988253e+05 3.313067210733461110e+01
