21.960287303062344 13.259303832109536
24.8003573465914 13.258819340946035
28.007726676365497 13.258193978365979
31.6298972073404 13.257383851692417
35.720514160514014 13.25632926950453
40.340160561614795 13.254947408192695
45.55725449035486 13.253120176966332
51.449062368726416 13.250672777445777
58.102843295385846 13.247332521889337
65.61714137399416 13.242640587249532
74.10324517520914 13.235732254335552
83.68683594731404 13.224651873441886
94.50984898587988 13.20317237770815
106.73257572979733 13.082423700135909
120.5360377162269 13.295415808417356
136.12466755331494 13.288747176741829
153.7293366165292 13.279689354268582
173.6107743095284 13.266910092439836
196.06342952964553 13.247097410880631
221.4198315272216 13.208667723356896
250.0555147441719 13.203503186472162
282.3945805698327 13.227606976415068
318.91597838503765 13.178231121593386
360.16059891820316 13.084420823283878
406.7392849677445 12.972106796668031
459.3418781315519 12.923346520203093
518.7474355277826 13.075380801271333
585.8357678190694 13.59689081161973
661.6004694210724 13.61936767002606
747.1636338759162 13.594096161114052
843.7924723287437 13.570309634494429
952.9180812310458 13.602398669964124
1076.1566372249865 13.667111045160711
1215.333333110082 13.783802243338942
1372.5094093896907 13.740189285658216
1550.012681741042 14.865832708099067
1750.4720165280226 14.86154615452049
1976.8562649473884 14.918369965253781
2232.518232432526 15.071604244886803
2521.244334512249 15.213386668258774
2847.310674539914 15.340311271676804
3215.546373817564 15.78996263615193
3631.405092049553 16.081076321684645
4101.0457973608445 16.12172941704012
4631.423982103491 16.086700707583248
5230.3946753794335 16.303991173243446
5906.828777919954 16.590356839775147
6670.744442269495 16.71385520691659
7533.455444046124 16.81600654207685
8507.73874169281 17.028678568546653
9608.023706320013 17.258945416848867
10850.605824179238 17.344307058798822
12253.88803675284 17.570549567204488
13838.653292765117 17.77703258427958
15628.372348675915 17.867539790595384
17649.551376256426 18.197940314964125
19932.124525399275 18.26081402790283
22509.89725611318 18.45861299629237
25421.04700555607 18.80952531361027
28708.688605106356 19.135108646793796
32421.512821435976 19.461667447367237
36614.50747853286 19.634952408270603
41349.77184066396 19.986554971539974
46697.43631748775 20.028217955601736
52736.70111237081 20.228292475329045
59557.0091965416 20.73310766135437
67259.37098111145 21.01129107293508
75957.86030567612 21.37591259732297
85781.30389945055 21.61761949203923
96875.1893362644 21.838428166241904
109403.81974069276 22.367390389645227
123552.74715704142 22.937662072985407
139531.52061996874 23.40903743403767
157576.78962633404 23.83866459969842
177955.80897144164 24.42053120631141
200970.39685715153 25.36087178061485
226961.40489239464 26.237056969965405
256313.76618788065 27.704264049752236
289462.1963085009 29.209068724264053
326897.6315159109 32.10239461680853