2.194973759953014891e+01 1.479226402216104574e+01
2.476599029305730326e+01 1.479202494368894705e+01
2.794358121205685919e+01 1.479172008019330420e+01
3.152887171944471945e+01 1.479133115302671619e+01
3.557417155508644413e+01 1.479083469186653410e+01
4.013850204002827837e+01 1.479020048725096181e+01
4.528845720335534963e+01 1.478938953375248389e+01
5.109917539560239419e+01 1.478835126387368959e+01
5.765543556465162567e+01 1.478701977156647018e+01
6.505289418889081787e+01 1.478530855590393855e+01
7.339948091460742319e+01 1.478310302091854922e+01
8.281697326010511517e+01 1.478024942267319020e+01
9.344277336163023051e+01 1.477653787398521601e+01
1.054319126840051979e+02 1.477167467954715363e+01
1.189593139448933954e+02 1.476523361140833934e+01
1.342223432543927402e+02 1.475655973601963566e+01
1.514436897059239584e+02 1.474454287798767638e+01
1.708746144319274549e+02 1.472688916225857447e+01
1.927986165284094966e+02 1.469489862673024128e+01
2.175355693345362340e+02 1.465690751931029467e+01
2.454463874159999648e+02 1.466421862090625972e+01
2.769382923439029014e+02 1.464337684204346068e+01
3.124707540973874416e+02 1.457955994664563093e+01
3.525621947756608279e+02 1.446187683729314166e+01
3.977975524272280836e+02 1.458583992790820894e+01
4.488368153533448890e+02 1.475552063428576943e+01
5.064246514020121026e+02 1.489556987054487891e+01
5.714012727448565556e+02 1.489618470253738636e+01
6.447146946550572011e+02 1.478565598932751612e+01
7.274345671430867242e+02 1.480969399974583389e+01
8.207677812551921761e+02 1.504475204515167519e+01
9.260760777320356283e+02 1.520753979167193393e+01
1.044895914939553677e+03 1.547384521481174602e+01
1.178960885947089992e+03 1.586943267492189946e+01
1.330227011820172265e+03 1.594454881009608727e+01
1.500901280159549742e+03 1.603420059413247500e+01
1.693473845266577428e+03 1.597990806610002679e+01
1.910754359738507901e+03 1.633879203883190456e+01
2.155912967575237417e+03 1.629476399533384168e+01
2.432526556890940810e+03 1.645633995144219952e+01
2.744630947062196810e+03 1.653984051351335438e+01
3.096779771728208289e+03 1.672207122477994901e+01
3.494110916751857985e+03 1.700580692655726267e+01
3.942421482477970130e+03 1.740731532047136909e+01
4.448252363995458836e+03 1.752427551653607907e+01
5.018983683437696527e+03 1.774928484194127876e+01
5.662942466687697561e+03 1.786082564395940864e+01
6.389524135501813362e+03 1.795662845520005746e+01
7.209329587633913434e+03 1.811084880455830870e+01
8.134319864972519099e+03 1.840675872542447067e+01
9.177990666314155533e+03 1.867349261043930753e+01
1.035556925093138852e+04 1.888928342065046095e+01
1.168423660577788723e+04 1.893106988165095217e+01
1.318337811777185925e+04 1.899559950851673307e+01
1.487486640849095784e+04 1.929223106120829456e+01
1.678338045786464863e+04 1.937595446004888800e+01
1.893676567290995808e+04 1.957533868309443292e+01
2.136644015494872656e+04 1.982328000915342869e+01
2.410785309278489876e+04 2.006522595949368082e+01
2.720100196984326612e+04 2.019912422709073496e+01
3.069101613137239474e+04 2.027614211770246300e+01
3.462881522601455799e+04 2.073609036094550717e+01
3.907185212846960349e+04 2.091539492475353867e+01
4.408495118256730348e+04 2.096021005784520241e+01
4.974125399479664338e+04 2.154952155612804532e+01
5.612328657751247374e+04 2.191466545301155122e+01
6.332416341154348629e+04 2.222921857813799562e+01
7.144894599559271592e+04 2.236968998286743116e+01
8.061617570379986137e+04 2.262117381270599736e+01
9.095960331600715290e+04 2.302349050658101959e+01
1.026301404547449929e+05 2.329892873009347909e+01
1.157980614005941461e+05 2.372016858840180120e+01
1.306554874106265634e+05 2.424210494795725879e+01
1.474191897863741906e+05 2.461975170277128910e+01
1.663337525883620547e+05 2.499971141754169324e+01
1.876751411415209586e+05 2.628832279575905773e+01
2.117547283963231894e+05 2.707010055636146362e+01
2.389238378906444996e+05 2.788712923019556200e+01
2.695788695946121006e+05 2.840733005197681393e+01
3.041670834250174230e+05 2.885882684037772705e+01
