1.063393603410022620e-03 4.430132189706375456e+00 5.223302683934877422e+01
1.198218308136682862e-03 4.430216188792024390e+00 4.635055983723272277e+01
1.350137060585973690e-03 4.430323040957687475e+00 4.112933428638140043e+01
1.521317167321896034e-03 4.430459033831395388e+00 3.649486046257919725e+01
1.714200721654023356e-03 4.430632228462072497e+00 3.238101824715253940e+01
1.931539443081442542e-03 4.430852986607521693e+00 2.872911334244952641e+01
2.176433933932485354e-03 4.431134671694715088e+00 2.548703919554911934e+01
2.452377913244149082e-03 4.431494591195599853e+00 2.260853256412028145e+01
2.763308058931547052e-03 4.431955280954509746e+00 2.005251193483113425e+01
3.113660169306800216e-03 4.432546284682479687e+00 1.778248909405665756e+01
3.508432445160039603e-03 4.433306668924629435e+00 1.576604504215075586e+01
3.953256795198704238e-03 4.434288662651199253e+00 1.397436210407577839e+01
4.454479182104313303e-03 4.435563074926907490e+00 1.238180444366681776e+01
5.019250155441360578e-03 4.437227634204665705e+00 1.096553906637137565e+01
5.655626862980848643e-03 4.439420349260055687e+00 9.705188420031857888e+00
6.372687995754607385e-03 4.442341976371514178e+00 8.582503006460184380e+00
7.180663306671969393e-03 4.446296116394288234e+00 7.581035838146332750e+00
8.091079550440102505e-03 4.451766378943779578e+00 6.685784190487928491e+00
9.116924926799193155e-03 4.459580398820683911e+00 5.882719391750502957e+00
1.027283437305611009e-02 4.471310365435298806e+00 5.157983084913209559e+00
1.157529834934084914e-02 4.490481527860080924e+00 4.495950473591225460e+00
1.304289809516246193e-02 4.527905285107259203e+00 3.871728332137299500e+00
1.469657071348660048e-02 4.721364005779410178e+00 3.081063160581681171e+00
1.655990786408284912e-02 4.237659770104714951e+00 2.906585221600022972e+00
1.865949232736722335e-02 4.355202591764777864e+00 2.688728749555104436e+00
2.102527724023418518e-02 4.436553282713388668e+00 2.397109086856819893e+00
2.369101341414055900e-02 3.755941764385832382e+00 2.012721454235941287e+00
2.669473083165567473e-02 4.042648644235036670e+00 2.683732559429820697e+00
3.007928119061423905e-02 3.970717710513334886e+00 2.248990273174011012e+00
3.389294923592695019e-02 3.977948850963170635e+00 1.948805343038930715e+00
3.819014160044373329e-02 4.243437590301680551e+00 1.862075210081260312e+00
4.303216298202602874e-02 4.076540410727584884e+00 1.487120281029852498e+00
4.848809072994207658e-02 4.321799247946244371e+00 1.594760831041015958e+00
5.463576031762837348e-02 4.390793050203535941e+00 1.490602125788974996e+00
6.156287576078997570e-02 4.220870882102826016e+00 1.549234908415585643e+00
6.936826082231001278e-02 4.301088602925475790e+00 1.348724923835856737e+00
7.816326885393508339e-02 4.206652802278607162e+00 1.170093122873280711e+00
8.807337138784979147e-02 4.350110778300349423e+00 1.119136751587588741e+00
9.923994814133976772e-02 4.445539750603220597e+00 1.009327807205352645e+00
1.118223039711464251e-01 4.531787137110615760e+00 9.821745331602864670e-01
1.259999415518301691e-01 4.581596836631933733e+00 1.000347045273400015e+00
1.419751222006757629e-01 4.536711008327443118e+00 9.356926552539807096e-01
1.599757513824340838e-01 4.531093523289797531e+00 9.301103012088749455e-01
1.802586300591509649e-01 4.653810613824549414e+00 8.906358747910667617e-01
2.031131182695586346e-01 4.322860703492190204e+00 8.032173194033528363e-01
2.288652632034654522e-01 4.420362463360117289e+00 8.155738762988400392e-01
2.578824506631673952e-01 4.450336356351247247e+00 7.702364022422690804e-01
2.905786462706586581e-01 4.156067925318327028e+00 7.343861011577748066e-01
3.274203011928655815e-01 4.171598351966292029e+00 6.454713162605117960e-01
3.689330066372870642e-01 4.301735944261510625e+00 6.843337510581170013e-01
4.157089920525500748e-01 4.382915001299164004e+00 7.098088919647599360e-01
4.684155740048694394e-01 4.351589754109038033e+00 6.703149325884805165e-01
5.278046762639549971e-01 4.052219867037183398e+00 5.919655007910713529e-01
5.947235569140203459e-01 4.078330974122780006e+00 5.613831933048092360e-01
6.701268955252314141e-01 3.983132700289378381e+00 5.215600854117283802e-01
7.550904128238641322e-01 4.042794466010723120e+00 5.414232741645371716e-01
8.508262171623970360e-01 3.912636174466239236e+00 5.061421074316019286e-01
9.587000967256824602e-01 3.768567748134154627e+00 5.063290064166531268e-01
1.080251004167639417e+00 3.584026885637039861e+00 4.643624391039516408e-01
1.217213011650603915e+00 3.628210371735599349e+00 4.376133618359065447e-01
1.371540049502799619e+00 3.602842750683657780e+00 4.508128736638403189e-01
1.545433781421087005e+00 3.499205550463270864e+00 4.752954294277651481e-01
1.741375013892807688e+00 3.420222864962286113e+00 4.493773332170676316e-01
1.962159087930495094e+00 3.383587414988083797e+00 4.492277857760239579e-01
2.210935758025769360e+00 3.302910807595061282e+00 4.333854064254821781e-01
2.491254127244417305e+00 3.235927009684651523e+00 4.410871753766927861e-01
2.807113279516648241e+00 3.339070723832854082e+00 4.564478174651500075e-01
3.163019331454021810e+00 3.083087043033625907e+00 4.301422973653005744e-01
3.564049717606885714e+00 2.978915768939384812e+00 4.254022280236740561e-01
4.015925626270035131e+00 2.982331630860231897e+00 4.361294210593008591e-01
4.525093619221856045e+00 2.698816146975893115e+00 4.289336656231645950e-01
5.098817599802203837e+00 2.509602776165884563e+00 4.262460690461633006e-01
5.745282441366015291e+00 2.541615888868918205e+00 4.797115624988139149e-01
6.473710754499064635e+00 2.352406903205517263e+00 4.801556469495271151e-01
7.294494458822891936e+00 2.194136693096997881e+00 4.669905264277763313e-01
8.219343036421346227e+00 2.107557370288711152e+00 5.705583733227279630e-01
9.261450581904997037e+00 1.808912644957705762e+00 5.008794303657241320e-01
1.043568403228661268e+01 1.605410832121806575e+00 5.294247124079999312e-01
1.175879526199679148e+01 1.167927675486957195e+00 7.237429221890722131e-01
1.324966006883415659e+01 1.002257840580720982e+00 8.281774035224150898e-01
