1.063049582046161207e-03 4.480209880410217949e+00 7.346722299053229221e+01
1.197099245730874097e-03 4.480205844467019638e+00 6.523873392113000591e+01
1.348052459953086226e-03 4.480200724431419701e+00 5.793144306490010820e+01
1.518040748305769360e-03 4.480194228406805479e+00 5.144216817026613597e+01
1.709464417725209406e-03 4.480185985483791100e+00 4.567927763401869612e+01
1.925026451845925947e-03 4.480175524070877380e+00 4.056139658787705571e+01
2.167770678279306706e-03 4.480162244172859687e+00 3.601625779864308896e+01
2.441124748754172624e-03 4.480145381749594868e+00 3.197968114877357593e+01
2.748948539017152717e-03 4.480123962779343216e+00 2.839466727775373656e+01
3.095588651920024720e-03 4.480096743820999095e+00 2.521059257114590935e+01
3.485939793300817796e-03 4.480062134674379415e+00 2.238249410859946664e+01
3.925513887312213554e-03 4.480018097174361280e+00 1.987043444243987977e+01
4.420517907135084607e-03 4.479962011697914193e+00 1.763893718982696157e+01
4.977941520079957882e-03 4.479890499511064661e+00 1.565648539829434860e+01
5.605655784662506164e-03 4.479799183768577997e+00 1.389507549404988573e+01
6.312524293297735838e-03 4.479682363867177664e+00 1.232982034921553982e+01
7.108528329995054962e-03 4.479532565183024673e+00 1.093859560362943562e+01
8.004907810334024182e-03 4.479339906033183993e+00 9.701723830580359476e+00
9.014319993853242563e-03 4.479091191004012096e+00 8.601691399406234950e+00
1.015101820993883838e-02 4.478768586056991019e+00 7.622892864635946175e+00
1.143105312089806938e-02 4.478347641827125081e+00 6.751397190132370163e+00
1.287249936413824465e-02 4.477794285363573934e+00 5.974728620861130324e+00
1.449571077373502069e-02 4.477060173381771868e+00 5.281651394341695394e+00
1.632360778522707473e-02 4.476075522242092930e+00 4.661938701801065399e+00
1.838200108191512944e-02 4.474738635155166122e+00 4.106083320234994005e+00
2.069995605268878242e-02 4.472904859032093228e+00 3.604838361928639046e+00
2.331020320768063467e-02 4.470406504139577741e+00 3.148219283398821400e+00
2.624960034699132944e-02 4.467406762133670384e+00 2.722187826590670490e+00
2.955965300850446273e-02 4.472445828575009052e+00 2.277133509889359697e+00
3.328710054373595906e-02 4.395770806727813174e+00 1.964548758317763877e+00
3.748457609735814100e-02 4.378899145526448322e+00 1.743890516641706911e+00
4.221134980959004301e-02 4.462959773096011773e+00 1.771280488355370331e+00
4.753416573578793380e-02 4.583687939002661693e+00 1.678685111808565500e+00
5.352818430089668900e-02 5.093366277846115509e+00 1.655685967039061346e+00
6.027804359661952105e-02 4.583211010514082417e+00 1.371588777350315036e+00
6.787905450727377277e-02 4.411192924920229963e+00 1.360256919231412009e+00
7.643854654001816518e-02 4.389113735613353384e+00 1.233038968555777659e+00
8.607738336314650629e-02 4.505043492964643903e+00 1.132554776622359816e+00
9.693166945249363786e-02 4.430582828952361218e+00 1.064538524507977924e+00
1.091546719445263269e-01 4.559698541904339208e+00 1.085592639187337394e+00
1.229189848335027063e-01 4.290035157248802022e+00 9.140238784527756621e-01
1.384189660720842596e-01 4.316550883116573090e+00 8.521944052993338792e-01
1.558734819882975353e-01 4.503005750150578024e+00 8.738036641653036396e-01
1.755289977711814164e-01 4.610004003659438965e+00 9.137084349546772399e-01
1.976630576640905357e-01 4.008886508420026473e+00 7.957066917295219088e-01
2.225882040074647072e-01 4.292793644545684906e+00 7.955994020111367693e-01
2.506563904696171852e-01 4.309481880519603791e+00 7.477558111117714734e-01
2.822639517822347344e-01 4.085168664449417619e+00 7.146034237526407429e-01
3.178572001553698900e-01 4.040599791543029617e+00 6.648221411323533836e-01
3.579387273956878834e-01 4.014234425129622252e+00 6.309834240699717656e-01
4.030745017165535682e-01 3.880094447992497475e+00 6.288864088243998340e-01
4.539018594499401038e-01 4.008548717862672639e+00 5.716389125287629769e-01
5.111385045065284238e-01 4.005010639631592539e+00 5.497645994239613865e-01
5.755926426602010482e-01 3.977177423612266782e+00 5.543440267293208157e-01
6.481743937573428704e-01 3.841287906115783635e+00 5.225178113939834557e-01
7.299086429961916256e-01 3.747470796741338539e+00 4.931415117773468304e-01
8.219495127417723035e-01 3.737835823865096163e+00 5.030371311499173270e-01
9.255966592246009927e-01 3.827708469561576177e+00 4.916841810998336393e-01
1.042313624239469494e+00 3.544803312449541277e+00 4.571268525397325089e-01
1.173748500978105014e+00 3.664155114252400480e+00 4.722267402614283571e-01
1.321757205806059599e+00 3.653014599495082670e+00 4.649491429822208421e-01
1.488429684591207502e+00 3.547273268106245769e+00 4.596280202035623041e-01
1.676119423628356753e+00 3.397378134915020276e+00 4.429149784891795449e-01
1.887476681866796957e+00 3.362822184531380376e+00 4.297566062923962593e-01
2.125485913693950124e+00 3.268789022699690960e+00 4.560891737989421491e-01
2.393507910700761965e+00 3.118083674591057175e+00 4.078105678717107163e-01
2.695327257488488115e+00 2.974475047438591702e+00 3.815853966285325805e-01
3.035205771613037840e+00 3.086072115033133834e+00 3.864840250226876939e-01
3.417942682261632559e+00 2.861096998127727886e+00 3.916951682045247685e-01
3.848942397410292315e+00 2.888091814624329068e+00 4.177746374505977300e-01
4.334290816363229659e+00 2.793358617627750728e+00 4.113657762779637239e-01
4.880841265239659776e+00 2.671123717886360271e+00 4.352549614357583696e-01
5.496311268853691701e+00 2.444436960529994263e+00 4.260439156013502982e-01
6.189391525447353715e+00 2.535121413605177398e+00 4.766266115190035402e-01
6.969868623046365563e+00 2.324978541087877826e+00 5.125067638592836206e-01
7.848763230245814349e+00 1.961222108800709796e+00 4.892604325443054014e-01
8.838485712738368250e+00 1.956993345575315901e+00 5.433242949913996700e-01
9.953011372956609648e+00 1.679552446432122537e+00 5.664387728090304330e-01
1.120807778728780946e+01 1.317856578541350521e+00 5.323865926027652185e-01
1.262140702734651221e+01 1.143624431066469826e+00 6.480056284651236620e-01
