1.063120019989167737e-03 5.381587161034548927e+00 4.382514781888961153e+01
1.197328333814369483e-03 5.382017358726678857e+00 3.886700771174520241e+01
1.348479110542288731e-03 5.382560692529778201e+00 3.445844414003657619e+01
1.518711167367097024e-03 5.383245866166031846e+00 3.053689294527962517e+01
1.710433325851064366e-03 5.384107998059348255e+00 2.704659420690847327e+01
1.926358497286780307e-03 5.385189224961597354e+00 2.393775765348640050e+01
2.169542070996869840e-03 5.386538357732747251e+00 2.116578504979101893e+01
2.443425148774194724e-03 5.388208050437889085e+00 1.869051832244101163e+01
2.751883237239518935e-03 5.390245767275661848e+00 1.647546363322061680e+01
3.099281087124347404e-03 5.392669136287425502e+00 1.448689942437487232e+01
3.490534455467024771e-03 5.395400020748912340e+00 1.269267346408366315e+01
3.931179664670940606e-03 5.398079423909631913e+00 1.106021334109373555e+01
4.427451942701017724e-03 5.399487430075510908e+00 9.552379325830514745e+00
4.986373652949752100e-03 5.395328623467446683e+00 8.116153817254529557e+00
5.615853662245047506e-03 5.365816696974622602e+00 6.636542216989007592e+00
6.324799253079345547e-03 4.967126004243835879e+00 4.162733141995644814e+00
7.123242163643029798e-03 7.116181827400574811e+00 7.359928423549131793e+00
8.022480539156688281e-03 4.052449723443839247e+00 8.482559084994811371e+00
9.035238803145244010e-03 4.050885337706281675e+00 7.458780568148125845e+00
1.017584771086810919e-02 4.049067152477570986e+00 6.532889207018058642e+00
1.146044713270155321e-02 4.047186468521801750e+00 5.685002790214493729e+00
1.290721443690339559e-02 4.046083107110720611e+00 4.885619290340181387e+00
1.453662170342703147e-02 4.050239143201059377e+00 4.051207441436431189e+00
1.637172540841759852e-02 4.049367365592589252e+00 3.362680174864063343e+00
1.843849267849056311e-02 3.918386994195050654e+00 3.825365019336743888e+00
2.076616873136345742e-02 3.826902769893243850e+00 2.976359865199676769e+00
2.338769070220764190e-02 3.938351266726477284e+00 3.030631940021507820e+00
2.634015371145528167e-02 4.003236860086970772e+00 2.621874698488626088e+00
2.966533576902489686e-02 3.668219073952983855e+00 2.389358003984431988e+00
3.341028894247734249e-02 4.166050350272153757e+00 2.874984736681531317e+00
3.762800515426341363e-02 4.209922133656513132e+00 2.511311569040507674e+00
4.237816602924264486e-02 4.654592216899132495e+00 2.483297568083988160e+00
4.772798740298278553e-02 4.879516545479471112e+00 2.759261862942441468e+00
5.375317044082081330e-02 5.036350913470427848e+00 2.462567768436039195e+00
6.053897282623231513e-02 5.073728814479734339e+00 2.269237459216966624e+00
6.818141517606324253e-02 5.253095432294846212e+00 2.129126753830371310e+00
7.678863975366895245e-02 4.424221949210765281e+00 1.556724296313350742e+00
8.648244070605412559e-02 4.821142162670154718e+00 1.697975577205233400e+00
9.739998747821042302e-02 4.195872934935248821e+00 1.526173460188180453e+00
1.096957657913490702e-01 4.208710808415980331e+00 1.372164389459696876e+00
1.235437636503031317e-01 4.020883458277141109e+00 1.236220727787996410e+00
1.391399333125913906e-01 3.839797211977739710e+00 1.196008981818486694e+00
1.567049640565558177e-01 3.716421341397837086e+00 1.093434209920416400e+00
1.764874049838590642e-01 3.907312572156553809e+00 1.044041801051711404e+00
1.987671820446941517e-01 3.862926061862351546e+00 9.707991422093065204e-01
2.238595590523974610e-01 3.757402280781615200e+00 8.077990791799606329e-01
2.521195987367045865e-01 3.822569353704130535e+00 7.982843743248655421e-01
2.839471869605479926e-01 3.536217191258138381e+00 7.301534643649372214e-01
3.197926911941835204e-01 3.515163513822263663e+00 7.124640975790147435e-01
3.601633333153168026e-01 3.571088406594205900e+00 6.783239929166346993e-01
4.056303669117730659e-01 3.355588341000016239e+00 6.353789085258169100e-01
4.568371606471420265e-01 3.392990454207117867e+00 6.091258921640011481e-01
5.145083020708263177e-01 3.470451493801180121e+00 6.184769079281071669e-01
5.794598506934330873e-01 3.469547218930886689e+00 5.898858031253684242e-01
6.526108854108125801e-01 3.371941241586412730e+00 5.775021509538083020e-01
7.349965096753705573e-01 3.596107214394836049e+00 5.948725353280562844e-01
8.277824984407260445e-01 3.599189007388190475e+00 5.656119847609795137e-01
9.322817941372494310e-01 3.383901094655032082e+00 5.420401095523497137e-01
1.049973085100210479e+00 3.303284104899618878e+00 5.029782944124060462e-01
1.182521729339437222e+00 3.346653274411518719e+00 4.996101463192863523e-01
1.331803319726498458e+00 3.191396661600113038e+00 4.585280007101492639e-01
1.499930224052051120e+00 3.132044589156735892e+00 4.267252407921941493e-01
1.689281475501095198e+00 3.041373906757339984e+00 4.347797614870949623e-01
1.902536436503015294e+00 2.883421373484230887e+00 4.031521506841835301e-01
2.142712712307396572e+00 2.834282769082548281e+00 3.765795844176196283e-01
2.413208850771169978e+00 2.794236443848915119e+00 3.803252637483450771e-01
2.717852432568594878e+00 2.725444889058912690e+00 3.642672176663992456e-01
3.060954232311269507e+00 2.523208445428123614e+00 3.482576328786778919e-01
3.447369216970099792e+00 2.488538854741520367e+00 3.383755873677586901e-01
3.882565244740489252e+00 2.412957086027054832e+00 3.382687952599677805e-01
4.372700436455025041e+00 2.340278826446281268e+00 3.503389042762548589e-01
4.924710314366390840e+00 2.282469470018069657e+00 3.374253901330676597e-01
5.546405941333723888e+00 2.192971828641235188e+00 3.653994646933681478e-01
6.246584449103771419e+00 1.985941365298547368e+00 3.565415500963187712e-01
7.035153519686681456e+00 1.898184326794956966e+00 3.750514259065922951e-01
7.923271581265657559e+00 1.719185078704737357e+00 3.744856279075902128e-01
8.923505702443840448e+00 1.582763054473721676e+00 4.511139723243928201e-01
1.005000941906725132e+01 1.325284649998297537e+00 5.342080064508527570e-01
1.131872300991294544e+01 9.220027711740202969e-01 6.785547442855094369e-01
1.274759905518806846e+01 5.116982270543597444e-01 4.544058295652742552e-01