2.204766527457564251e+01 1.752176207644381734e+01
2.508583231927000057e+01 1.752175717820348311e+01
2.854265861320971709e+01 1.752175083430245550e+01
3.247583537758185201e+01 1.752174261701945923e+01
3.695100368063416596e+01 1.752173197188910692e+01
4.204284992615656336e+01 1.752171817859705527e+01
4.783635230021408802e+01 1.752170030133882506e+01
5.442819897817015828e+01 1.752167712307075220e+01
6.192840176055872092e+01 1.752164705849558146e+01
7.046213206788910099e+01 1.752160803897166019e+01
8.017180993543294676e+01 1.752155735873975928e+01
9.121948087137609207e+01 1.752149146742243957e+01
1.037895202458910688e+02 1.752140568735753945e+01
1.180917103448730359e+02 1.752129382180711303e+01
1.343647414415087837e+02 1.752114760209098066e+01
1.528801953153124487e+02 1.752095588724992581e+01
1.739470776998627457e+02 1.752070346836237391e+01
1.979169753015844719e+02 1.752036920735506698e+01
2.251899234554307441e+02 1.751992298448603336e+01
2.562210823431920517e+02 1.751932034016023465e+01
2.915283331943136318e+02 1.751849219573099603e+01
3.317009212427635134e+02 1.751732262691476905e+01
3.774092896828735206e+02 1.751559194455414925e+01
4.294162687437475938e+02 1.751278705751093767e+01
4.885898066174976293e+02 1.750704767716328902e+01
5.559174547086826124e+02 1.749317197210139696e+01
6.325228489503092533e+02 1.751897063142410715e+01
7.196844622442594073e+02 1.752045211762196786e+01
8.188569409869627407e+02 1.751486408803048178e+01
9.316953817671148954e+02 1.750423208098142780e+01
1.060082953390988678e+03 1.751933910269873351e+01
1.206162325221290303e+03 1.750960509765680584e+01
1.372371426339357413e+03 1.749342426465670286e+01
1.561484132317912781e+03 1.749852694904329553e+01
1.776656558628832045e+03 1.750592705772139013e+01
2.021479733279922129e+03 1.748915997055162919e+01
2.300039527738105789e+03 1.749287307366636313e+01
2.616984846330473374e+03 1.747185223903834483e+01
2.977605212141010725e+03 1.745617423418115166e+01
3.387919044239547020e+03 1.751674993170420080e+01
3.854774099507938899e+03 1.746830015871567099e+01
4.385961755344291305e+03 1.744346099875216183e+01
4.990347040517454843e+03 1.751986905326687349e+01
5.678016584266003520e+03 1.745365552760911498e+01
6.460446952774808778e+03 1.759082606269350180e+01
7.350696182408682944e+03 1.756939536640178545e+01
8.363621706214948063e+03 1.760869401360960396e+01
9.516128310685871838e+03 1.758719152139096664e+01
1.082745026094915738e+04 1.770586992413693039e+01
1.231947230279395262e+04 1.781847306696035105e+01
1.401709489875809595e+04 1.789852513968744674e+01
1.594864979372780363e+04 1.788399853180210641e+01
1.814637284545387229e+04 1.793484789410677749e+01
2.064694201108656853e+04 1.803293450903835904e+01
2.349208946822502185e+04 1.809605572744164448e+01
2.672929808621310076e+04 1.831932656170384277e+01
3.041259387114095080e+04 1.846705027992958392e+01
3.460344760972359654e+04 1.856798454058211689e+01
3.937180075965561264e+04 1.874214036216986656e+01
4.479723270759958541e+04 1.897001421079022876e+01
5.097028887526008475e+04 1.922616491533952754e+01
5.799399183840057958e+04 1.953189048460392030e+01
6.598556067797665310e+04 1.984693106524357376e+01
7.507836725775938248e+04 2.017478204429924205e+01
8.542416207690603915e+04 2.047505252283173860e+01
9.719560684489093546e+04 2.091028130659246287e+01
1.105891560451202968e+05 2.144133611544656048e+01
1.258283355778526020e+05 2.189095184263628013e+01
1.431674731999305077e+05 2.236923521765602629e+01
1.628959430188992119e+05 2.276680968662146753e+01
1.853429948781783751e+05 2.322429659826194737e+01
2.108832492312405666e+05 2.361466924520439292e+01
2.399429492091446300e+05 2.417359470068527472e+01
2.730070742226275615e+05 2.500653173724034417e+01
3.106274338181665516e+05 2.565120192016841827e+01
3.534318768669550773e+05 2.634429433463092352e+01
4.021347697796071880e+05 2.710986974468828237e+01
4.575489186182610574e+05 2.805966117650103797e+01
5.205991340750674717e+05 2.957935001979324596e+01
5.923376657039558049e+05 3.013729732919829019e+01
