22.048048672634692 16.31408700142809
25.087088192162394 16.314082734005435
28.545020165094108 16.314077207943143
32.479583520585365 16.31407005210022
36.956475755469214 16.314060785502484
42.05044992030025 16.314048784249685
47.84656281079497 16.314033240232362
54.441595206384946 16.314013104818205
61.94566787036108 16.313987017634634
70.48408029482295 16.313953212189045
80.19940289293537 16.313909392715914
91.25385757293905 16.31385257170516
103.83202644362555 16.313778855405555
118.14393387997254 16.31368315723561
134.4285534118288 16.3135588118127
152.95779799203268 16.313397045944605
174.04106027159543 16.313186236283787
198.03037869333656 16.3129108269794
225.3263156649855 16.312549648602946
256.3846459627313 16.312073006271383
291.7239670450514 16.31143654960697
331.9343583502773 16.31056283862886
377.68723416679353 16.309222683697495
429.74655459448365 16.307826184434987
488.98158179280847 16.307440773362554
556.381394513375 16.30510479333615
633.0714032738654 16.301905665682874
720.3321419359696 16.297367322698253
819.620649460289 16.290347160625135
932.5947988607459 16.27867449311197
1061.1409795919913 16.268588988334418
1207.4055955973508 16.253948058729673
1373.8309049569727 16.269887272603746
1563.195799569836 16.242763489989873
1778.6622057896634 16.191489631540257
2023.8278807908307 16.186143316615073
2302.7864862332763 16.366135119459546
2620.1959423083285 16.340658149937674
2981.3562035093296 16.303418729085315
3392.2977547904397 16.330596364088436
3859.8823057810596 16.38963353831051
4391.917364400721 16.362725197066847
4997.286602971015 16.31518171167645
5686.098193616894 16.376175433215597
6469.853589792363 16.419273184174852
7361.63957216554 16.56591264992756
8376.346765555303 16.576082932418657
9530.91827561305 16.594676979147124
10844.632596868476 16.570778914378202
12339.425516005445 16.555182642611214
14040.256385358196 16.63810561702871
15975.524882491183 16.745866807746843
18177.545214718943 16.81066799751846
20683.085686611004 16.830992988315913
23533.982639927523 16.932191445988835
26777.83901726706 17.104679609221414
30468.819213715477 17.233419997063532
34668.553488556456 17.39433678931379
39447.167038487125 17.570858543286626
44884.450915321344 17.702934936012692
51071.19433961652 17.985356830567355
58110.70065657292 18.285763391553438
66120.5122469274 18.638245957273337
75234.37319459628 18.94644236078951
85604.4624827723 19.22186281693998
97403.9350073394 19.73165211529961
110829.81283625655 20.14346070327602
126106.27499180715 20.540117966038313
143488.40068695752 21.02476046922602
163266.42851863234 21.504658549954815
185770.60273592267 22.04572592905759
211376.6875039441 22.603551975288543
240512.24123794175 23.160634733821
273663.7557735337 23.816696065485335
311384.7795796172 24.48410971062843
354305.1606515442 25.054494198918576
403141.56341806566 25.87580282833963
458709.4352684359 27.139300518998205
521936.62251114345 28.565355695046918
593878.8631171742 29.646496735964362