1.067932043387787456e-03 8.696441188591245819e+00 4.042160558855791805e+02
1.213025655201043114e-03 8.696443592589158555e+00 3.558663435886739990e+02
1.377832278080275662e-03 8.696446693757684088e+00 3.132998536618227376e+02
1.565030202271561720e-03 8.696450695647227391e+00 2.758248335522025059e+02
1.777661601479380883e-03 8.696455858624107194e+00 2.428322725904691026e+02
2.019181971560383461e-03 8.696462520743569513e+00 2.137860051443142595e+02
2.293516286160140073e-03 8.696471116325309225e+00 1.882139970946502388e+02
2.605122781884194622e-03 8.696482207907276774e+00 1.657006750244231910e+02
2.959065409583135076e-03 8.696496520255179163e+00 1.458801724433768356e+02
3.361096129165340798e-03 8.696514989418902886e+00 1.284303841824815038e+02
3.817748385319309594e-03 8.696538824053403616e+00 1.130677317799373185e+02
4.336443283229643453e-03 8.696569585219497966e+00 9.954255502581929704e+01
4.925610189759713556e-03 8.696609289546303856e+00 8.763505467346898570e+01
5.594823720003881673e-03 8.696660543249988606e+00 7.715172044937278883e+01
6.354959335392533493e-03 8.696726716345365205e+00 6.792218626652666558e+01
7.218370081991555900e-03 8.696812169110179624e+00 5.979646154099000199e+01
8.199087341189471509e-03 8.696922547780596702e+00 5.264249361484539236e+01
9.313048855193351017e-03 8.697065171707873077e+00 4.634402165809277108e+01
1.057835773300050755e-02 8.697249542228297159e+00 4.079868715829513803e+01
1.201557664597996400e-02 8.697488015398741723e+00 3.591637026860041004e+01
1.364806199406795421e-02 8.697796697171375158e+00 3.161772493871935197e+01
1.550234347314842845e-02 8.698196645171348607e+00 2.783288896855230021e+01
1.760855521200903329e-02 8.698715499888683311e+00 2.450034792689199037e+01
2.000092548532592801e-02 8.699389730020129718e+00 2.156593432506502239e+01
2.271833296105605846e-02 8.700267778271125962e+00 1.898194552982349137e+01
2.580493852187337733e-02 8.701414567994111948e+00 1.670636565018335418e+01
2.931090292844755474e-02 8.702918142672064761e+00 1.470217797889073275e+01
3.329320198738860981e-02 8.704899798255597787e+00 1.293675536102395007e+01
3.781655247123991148e-02 8.707530249024390656e+00 1.138131568884870859e+01
4.295446383774553789e-02 8.711056923431710786e+00 1.001042749638336993e+01
4.879043283999528330e-02 8.715853565171498119e+00 8.801543217241267314e+00
5.541930044118625887e-02 8.722519637132233328e+00 7.734514885681929464e+00
6.294879308536924234e-02 8.732108657701489918e+00 6.790969579160887726e+00
7.150127337153755480e-02 8.746771762078189738e+00 5.953094705852373103e+00
8.121572858145223450e-02 8.772338794435684761e+00 5.199337288786622935e+00
9.225002937698417727e-02 8.845974004526324208e+00 4.456143718620374727e+00
1.047834953733080554e-01 8.775312438893474010e+00 4.048298077235747527e+00
1.190198092813552211e-01 8.713320785428441795e+00 3.668589201936541588e+00
1.351903269775696637e-01 8.772953869817156303e+00 3.215309564480882010e+00
1.535578372932685509e-01 8.937011823282800194e+00 2.808748537677146828e+00
1.744208326243508189e-01 8.616659281251875413e+00 2.449664961796397478e+00
1.981183597634935678e-01 8.650671801006799555e+00 2.080319204778938946e+00
2.250355297862353665e-01 8.734378033552230747e+00 1.877181702936175256e+00
2.556097765326999505e-01 8.646048296175846914e+00 1.653750320025570320e+00
2.903379653922240622e-01 8.398754576345723422e+00 1.400236989850694780e+00
3.297844679165170545e-01 8.083314985775709616e+00 1.236449220793177650e+00
3.745903334827633824e-01 8.112450071873327673e+00 1.125887732644856198e+00
4.254837070563569634e-01 8.359112774796932044e+00 1.028498949134004636e+00
4.832916623534552203e-01 8.239541217834871034e+00 9.002848012346731377e-01
5.489536427053569589e-01 8.319492717723631969e+00 8.192119073309653832e-01
6.235367280536456835e-01 8.409657685662935478e+00 7.316071257401826067e-01
7.082529761816839242e-01 8.338621313744376096e+00 6.507633519122386634e-01
8.044791199966911943e-01 8.233746338115951247e+00 5.973599660839096215e-01
9.137789409650598493e-01 8.035177874774619866e+00 5.336997085439992849e-01
1.037928682294029903e+00 7.978657988812128288e+00 4.771652888951109506e-01
1.178945914852084220e+00 7.788048104080213641e+00 4.304649907842646450e-01
1.339122324931256713e+00 7.689491678943555009e+00 3.949894052054206406e-01
1.521060956688826238e+00 7.715484840794916366e+00 3.628806364954244024e-01
1.727718514499336111e+00 7.641354409286988059e+00 3.453155419106015978e-01
1.962453412677041431e+00 7.655867943530135555e+00 3.329833942849150241e-01
2.229080353430018313e+00 7.451305073605841045e+00 3.199240095136736683e-01
2.531932319998162484e+00 7.232827866815701334e+00 3.066078149925418050e-01
2.875930992432274902e+00 7.081008491097004587e+00 3.016742751261672351e-01
3.266666730348659176e+00 6.993301198664372720e+00 3.040140535057304083e-01
3.710489422467633247e+00 6.691773921339126296e+00 3.024949650323136008e-01
4.214611679341629724e+00 6.520383400762113091e+00 3.103395602851226065e-01
4.787226046269049462e+00 6.213740279956625479e+00 3.110707404149525845e-01
5.437638141233638756e+00 5.949574042706427868e+00 3.191300192866344809e-01
6.176417881508382557e+00 5.643659412289121491e+00 3.386916575265490614e-01
7.015571256523850607e+00 5.401191759248930246e+00 3.481446195981679481e-01
7.968735438500438306e+00 5.011498471992119619e+00 3.450793785268725378e-01
9.051400401608457713e+00 4.766005470202947514e+00 3.733947381540441146e-01
1.028116065121305844e+01 4.312655018177017574e+00 3.723105132056376276e-01
1.167800115408309125e+01 4.002518262358223389e+00 4.076778675770971194e-01
1.326462211624670218e+01 3.501722546905274847e+00 4.055224594707833030e-01
1.506680788649365610e+01 3.075895721274194194e+00 4.065143069768237805e-01
1.711384598061514950e+01 3.048858545402833187e+00 4.880133467337308684e-01
1.943900303598927337e+01 2.809410739461515316e+00 6.220218160935425677e-01
2.208006543130156274e+01 2.139450382393129679e+00 7.423188633465003239e-01
2.507995335707029483e+01 1.996355799718728008e+00 1.041770953081010864e+00