1.068263051123575277e-03 8.414175208436775577e+00 3.511862916383321931e+02
1.214108841668125587e-03 8.414173664548378895e+00 3.089990321321575948e+02
1.379866389524877623e-03 8.414171670230469857e+00 2.718794514501468029e+02
1.568254169308557020e-03 8.414169093166602664e+00 2.392187770489133527e+02
1.782361798377096306e-03 8.414165764004021497e+00 2.104813638732498191e+02
2.025700707503743161e-03 8.414161462329509789e+00 1.851959094522237308e+02
2.302261729418524604e-03 8.414155903811229464e+00 1.629477245243436982e+02
2.616580549688819930e-03 8.414148720399840187e+00 1.433719319315988798e+02
2.973812093353539899e-03 8.414139435589566673e+00 1.261474825177241854e+02
3.379815067274536625e-03 8.414127432623802250e+00 1.109918898196372652e+02
3.841248044725720755e-03 8.414111911867092175e+00 9.765659714445280315e+01
4.365678668036611712e-03 8.414091836166145200e+00 8.592290113358082237e+01
4.961707760247182145e-03 8.414065858189704983e+00 7.559836487768330926e+01
5.639110381243169975e-03 8.414032225253041730e+00 6.651366179789260968e+01
6.408996141735743939e-03 8.413988652243400423e+00 5.851979847160629333e+01
7.283991404283948409e-03 8.413932152367776141e+00 5.148567087329249858e+01
8.278446359512581232e-03 8.413858808151712054e+00 4.529591388063920476e+01
9.408670373638947093e-03 8.413763459324718141e+00 3.984900874407721716e+01
1.069319946708011115e-02 8.413639270925683533e+00 3.505561738450369802e+01
1.215310031087186646e-02 8.413477126337124190e+00 3.083711607310384650e+01
1.381231572653383519e-02 8.413264757732257237e+00 2.712430423780431354e+01
1.569805735568451446e-02 8.412985472506163021e+00 2.385626688920762462e+01
1.784125193930833145e-02 8.412616239764385995e+00 2.097937147333650287e+01
2.027704852579151340e-02 8.412124730192742206e+00 1.844638180051050114e+01
2.304539492609415652e-02 8.411464582214629004e+00 1.621567297096769167e+01
2.619169287010004663e-02 8.410567538346228389e+00 1.425053164858301891e+01
2.976754260890929205e-02 8.409329794552085957e+00 1.251852500306914173e+01
3.383158917477964434e-02 8.407587037747655145e+00 1.099091763761502349e+01
3.845048417763919507e-02 8.405065814015001635e+00 9.642104935830422718e+00
4.369997891192801270e-02 8.401280915053758847e+00 8.449002374231902479e+00
4.966616670105621079e-02 8.395294882014219695e+00 7.390247400294185809e+00
5.644689485430862130e-02 8.385065456865508082e+00 6.444793973324472347e+00
6.415336939272212047e-02 8.365233368702748251e+00 5.588309514275894507e+00
7.291197886193211131e-02 8.315923914113549031e+00 4.778205591680166009e+00
8.286636714307832330e-02 7.923173624661591141e+00 3.666681792126503137e+00
9.417978925650416500e-02 9.206597425718419103e+00 3.994164039708207881e+00
1.070377887941527384e-01 8.517392823118353107e+00 3.823254542136722112e+00
1.216512408913720811e-01 8.530055694097326224e+00 3.337156269095275185e+00
1.382598106438002183e-01 8.546275018755617126e+00 2.889600934785438557e+00
1.571358836884274024e-01 8.631074950550893021e+00 2.500949196615923853e+00
1.785890334115700084e-01 8.561181341623122165e+00 2.185283471697471835e+00
2.029710980473378168e-01 8.627242159316985237e+00 2.000491960990795182e+00
2.306819509325651052e-01 8.801096449692908052e+00 1.796325768697553560e+00
2.621760585521565323e-01 8.522115540939918077e+00 1.543127142671513630e+00
2.979699339288029991e-01 8.235201635633620398e+00 1.314880344895291486e+00
3.386506075949435313e-01 8.225831995135614250e+00 1.236381937011699517e+00
3.848852550735104572e-01 7.973323920105292117e+00 1.050431189742294880e+00
4.374321387610972112e-01 8.123403164277366528e+00 9.720582279458276354e-01
4.971530436637845440e-01 8.309435586354565473e+00 8.646814614045138514e-01
5.650274109355082341e-01 8.058506972203131724e+00 7.609795023085617061e-01
6.421684010133319465e-01 8.098436936499005867e+00 6.766835970583900961e-01
7.298411497899672806e-01 8.233376856479877048e+00 6.268299035197812952e-01
8.294835172303703930e-01 8.168332765944466445e+00 5.662984238670301096e-01
9.427296687160899857e-01 7.930476056907383331e+00 4.988586983183577184e-01
1.071436875858645443e+00 7.841696845117168024e+00 4.519436440569825630e-01
1.217715976323489713e+00 7.837683111957379545e+00 4.177937676366202946e-01
1.383965992215018925e+00 7.766153392738249117e+00 3.894605742855213881e-01
1.572913474774745746e+00 7.587540109912155550e+00 3.600368066866530548e-01
1.787657220657763668e+00 7.617869641828617588e+00 3.441840794774745360e-01
2.031719093148142363e+00 7.381266658931786573e+00 3.284179200175370017e-01
2.309101781796774056e+00 7.289642556271373586e+00 3.175575896318515445e-01
2.624354447757436759e+00 7.224371581477751825e+00 3.148463363410676230e-01
2.982647331424731707e+00 7.097143715999831848e+00 3.149911282363041520e-01
3.389856545962015577e+00 6.914863588068327793e+00 3.110555599115245040e-01
3.852660447359198770e+00 6.666793406472729444e+00 3.031889810031980215e-01
4.378649161518913147e+00 6.328947019996377321e+00 3.108106869684146290e-01
4.976449064648842402e+00 6.107022484720417310e+00 3.250180070405120913e-01
5.655864258476825057e+00 5.765685055970446449e+00 3.190479106469001347e-01
6.428037360525637567e+00 5.563091334361848439e+00 3.272478646682306369e-01
7.305632246457264500e+00 5.316863473461645562e+00 3.436813087800804634e-01
8.303041741517169783e+00 4.926124023958930565e+00 3.526962161595592060e-01
9.436623667281901717e+00 4.512516947277975810e+00 3.671822185676554828e-01
1.072496911494911132e+01 4.127668074649238683e+00 3.815349946492870292e-01
1.218920734493418756e+01 3.674733374694706178e+00 3.668847592780871136e-01
1.385335231322039107e+01 3.386006778754830027e+00 3.926388427374830625e-01
1.574469650760090289e+01 2.966732336873748377e+00 4.430786784945898726e-01
1.789425855284796185e+01 2.862318918768850917e+00 4.595631833977411596e-01
2.033729192567103183e+01 2.423078220306333908e+00 5.587273116262015948e-01
2.311386312254534658e+01 2.004056656880348619e+00 8.370405644823624147e-01
2.626950876254061740e+01 1.836304185150345436e+00 9.546002310904740940e-01
