1.067896558015057592e-03 9.159472998615772354e+00 3.975679001052429840e+02
1.212909559225756710e-03 9.159480581517598807e+00 3.500353336663887944e+02
1.377614327735734914e-03 9.159490363396992407e+00 3.081856428970738762e+02
1.564684869986701816e-03 9.159502983622653360e+00 2.713393920081973079e+02
1.777158304087371639e-03 9.159519264293784602e+00 2.388983764796826961e+02
2.018484167878190592e-03 9.159540268624160930e+00 2.103359116668551962e+02
2.292580422691824042e-03 9.159567367348927291e+00 1.851882816719891593e+02
2.603897062038783815e-03 9.159602329829684919e+00 1.630472109706100525e+02
2.957488357914691245e-03 9.159647439541277691e+00 1.435532359588902125e+02
3.359094917658715478e-03 9.159705644451713979e+00 1.263898690322790799e+02
3.815236883568513121e-03 9.159780750555578166e+00 1.112784603338566995e+02
4.333319788381306825e-03 9.159877672916213243e+00 9.797367383475531710e+01
4.921754785200562962e-03 9.160002761430536822e+00 8.625950427140401189e+01
5.590095203819075119e-03 9.160164222166116588e+00 7.594577023586387554e+01
6.349191650450668710e-03 9.160372666268353115e+00 6.686502655012986907e+01
7.211368168937750192e-03 9.160641823834415831e+00 5.886984573621753469e+01
8.190622323438189259e-03 9.160989476403447185e+00 5.183042447220478977e+01
9.302852450963683406e-03 9.161438678567973781e+00 4.563247615987734207e+01
1.056611577324843496e-02 9.162019365444740160e+00 4.017537538056051716e+01
1.200092155843278385e-02 9.162770479646106025e+00 3.537052410168048766e+01
1.363056409208535449e-02 9.163742805348300990e+00 3.113991308709940853e+01
1.548150086339781725e-02 9.165002777905845832e+00 2.741485512295805549e+01
1.758378210646151935e-02 9.166637661662846881e+00 2.413486944081463292e+01
1.997153867029251295e-02 9.168762684526882367e+00 2.124669914303932572e+01
2.268353613824746623e-02 9.171531036904795542e+00 1.870344554049873054e+01
2.576380419304180949e-02 9.175148179652390823e+00 1.646380511544459679e+01
2.926235144520469150e-02 9.179892843896451993e+00 1.449139631297370556e+01
3.323597733031737056e-02 9.186148815490769337e+00 1.275416448534299541e+01
3.774919425630741954e-02 9.194454868105433221e+00 1.122385389686214907e+01
4.287527497199752208e-02 9.205586836371733028e+00 9.875535301419121836e+00
4.869744216109306301e-02 9.220700209213648080e+00 8.687175031584226659e+00
5.531021957484417995e-02 9.241595657579317447e+00 7.639223242264855607e+00
6.282096663922213942e-02 9.271259743463280856e+00 6.714173013350391628e+00
7.135162145118599530e-02 9.315107616281958158e+00 5.895950387195072473e+00
8.104068046184373375e-02 9.384389348963688704e+00 5.168584595098533185e+00
9.204544698695832361e-02 9.508674458163291376e+00 4.510731459144637689e+00
1.045445850497021406e-01 9.771392115975880088e+00 3.756853055202412861e+00
1.187410200176765851e-01 9.846495952925724993e+00 3.599103107217400233e+00
1.348652331264710846e-01 8.466549583960473413e+00 3.117697574302047858e+00
1.531790033768424264e-01 8.497496018788199379e+00 2.732935159426734817e+00
1.739796575557713831e-01 8.571192389877028361e+00 2.391884490787258510e+00
1.976048973811219411e-01 8.613181490678623931e+00 2.071950757427516443e+00
2.244382821393156036e-01 8.544144684022459302e+00 1.814782471605276282e+00
2.549154558274592808e-01 8.327757952038512101e+00 1.537894237269409770e+00
2.895312198985069974e-01 8.226730041444255903e+00 1.337229325529941226e+00
3.288475664365257400e-01 8.183142907807091859e+00 1.232554639486737269e+00
3.735028021818618260e-01 8.219040495411192637e+00 1.064626697402285105e+00
4.242219115361165471e-01 8.146332369137047280e+00 9.587288905341044831e-01
4.818283267918573864e-01 8.267294664656509084e+00 8.596962781234287476e-01
5.472572966784999826e-01 8.280147443880334635e+00 7.601266733420753985e-01
6.215710702646906061e-01 8.214932855665175282e+00 7.065342821328790546e-01
7.059761427301066705e-01 8.206820121124055234e+00 6.230723524973160732e-01
8.018428429943487146e-01 8.056221237594018092e+00 5.597375802594516392e-01
9.107275812109971724e-01 8.011529517020154145e+00 4.967508968769216993e-01
1.034398117318208188e+00 7.905044814880388238e+00 4.585080999661348966e-01
1.174862260884532272e+00 7.844381746705149538e+00 4.238234372238867675e-01
1.334400468196228928e+00 7.732266852973040727e+00 3.970450039170956846e-01
1.515602865804638544e+00 7.664762418062172067e+00 3.702347349030905566e-01
1.721411301616421863e+00 7.705791444871443296e+00 3.641748131459018323e-01
1.955167106232372332e+00 7.466639354975870724e+00 3.450069170947941410e-01
2.220665339947249350e+00 7.341483848031736592e+00 3.281960684341465595e-01
2.522216406118759746e+00 7.223824175418330107e+00 3.178352866395952603e-01
2.864716031207902969e+00 6.972656358902471929e+00 3.064303801976817621e-01
3.253724747627048330e+00 6.953525823651989235e+00 3.127496071235204012e-01
3.695558169811625326e+00 6.786206107419843647e+00 3.167445839122728368e-01
4.197389529160894917e+00 6.384373755357939828e+00 3.191173953700815469e-01
4.767366132517828703e+00 6.236661172879155224e+00 3.289703429794442746e-01
5.414741634908860846e+00 5.866510662253189956e+00 3.239315816187540720e-01
6.150026274011134220e+00 5.655940014869822896e+00 3.403287387698248900e-01
6.985157505426184521e+00 5.260655870538469614e+00 3.375899479785560153e-01
7.933693809049147561e+00 4.946560953254731885e+00 3.511905781148544903e-01
9.011034813008759414e+00 4.645675505357139023e+00 3.687762824260371608e-01
1.023467130892307075e+01 4.231490569764533305e+00 3.637454620614292145e-01
1.162446921750575157e+01 3.767600251944100531e+00 3.775362258686860706e-01
1.320299211474699774e+01 3.487462271988730489e+00 3.780877052729216814e-01
1.499586755492953216e+01 3.215843092705513939e+00 4.119889001873637269e-01
1.703220313778831496e+01 2.918004835991372836e+00 4.657692731038970413e-01
1.934505907472647479e+01 2.767885615624713580e+00 5.613616172449920061e-01
2.197198492627023825e+01 2.438218119051503319e+00 7.572303436016512013e-01
2.495562922477520118e+01 1.679591419080542325e+00 9.291901400304398706e-01