2.204941665144259133e+01 1.916341162182610702e+01
2.509156942655550893e+01 1.916341084987834975e+01
2.855344729704965090e+01 1.916340984977513173e+01
3.249295963458247627e+01 1.916340855439612412e+01
3.697600555305625392e+01 1.916340687620142447e+01
4.207757625145661251e+01 1.916340470367181226e+01
4.788300944667084025e+01 1.916340188974217895e+01
5.448941688010366846e+01 1.916339824501433853e+01
6.200730877704173594e+01 1.916339352439689492e+01
7.056244243229059521e+01 1.916338740987838918e+01
8.029792584473241845e+01 1.916337948887557019e+01
9.137661158984403187e+01 1.916336922736894266e+01
1.039838209742370481e+02 1.916335593172996354e+01
1.183304440411526741e+02 1.916333870200279677e+01
1.346564672829777010e+02 1.916331636964311258e+01
1.532349880714182859e+02 1.916328741543495795e+01
1.743767829576498798e+02 1.916324986272404374e+01
1.984355062597545043e+02 1.916320113531094194e+01
2.258136058980302039e+02 1.916313786963068466e+01
2.569690554366919741e+02 1.916305566250008852e+01
2.924230149437672139e+02 1.916294873054183157e+01
3.327685488180098332e+02 1.916280944303816369e+01
3.786805464123214051e+02 1.916262767000462119e+01
4.309270114032284482e+02 1.916238984959090885e+01
4.903819087519833602e+02 1.916207760730310028e+01
5.580397841578351290e+02 1.916166560609046599e+01
6.350324005537930816e+02 1.916111792593082441e+01
7.226476699357585858e+02 1.916038107970868509e+01
8.223511972116205015e+02 1.915936624603171978e+01
9.358107964500920843e+02 1.915784671691586993e+01
1.064924389630572932e+03 1.915608041878753909e+01
1.211851754576897747e+03 1.915388890197682059e+01
1.379050653145960723e+03 1.914989668837484516e+01
1.569317944013938813e+03 1.914726030487809183e+01
1.785836367783855621e+03 1.913731978410571699e+01
2.032227787023319706e+03 1.913151588286831029e+01
2.312613771817618726e+03 1.910233922953425534e+01
2.631684544297174398e+03 1.914371722680246535e+01
2.994777435425050498e+03 1.916591228968994542e+01
3.407966166448815784e+03 1.916009167413637115e+01
3.878162448493079864e+03 1.917451936620091146e+01
4.413231599823667239e+03 1.915901646480942944e+01
5.022124114798260962e+03 1.915267158611397491e+01
5.715025385353889760e+03 1.915522814522297068e+01
6.503526079532463882e+03 1.916219099442463403e+01
7.400816027090983880e+03 1.914985893274608486e+01
8.421904855463319109e+03 1.914347513870810147e+01
9.583873066813182959e+03 1.915032426943132293e+01
1.090615775612845573e+04 1.915209596284378435e+01
1.241087774977304252e+04 1.914648470233831290e+01
1.412320360332749260e+04 1.916455315725067265e+01
1.607177864794376001e+04 1.914176957976510352e+01
1.828919812836542405e+04 1.909405850576879971e+01
2.081255444750670722e+04 1.914270556721115923e+01
2.368405763829650459e+04 1.923675566169804796e+01
2.695174144187523052e+04 1.924022500654995227e+01
3.067026680323266919e+04 1.935427838351102636e+01
3.490183622494811425e+04 1.948039186381792121e+01
3.971723427409859141e+04 1.951131367967416352e+01
4.519701164765800058e+04 1.960227481873487676e+01
5.143283260311796039e+04 1.971159626741510351e+01
5.852900829379122297e+04 1.983439595937744571e+01
6.660424165802239440e+04 1.996719080502058219e+01
7.579361305034844554e+04 2.015799726876204900e+01
8.625083982971843216e+04 2.032179237891038781e+01
9.815084770256301272e+04 2.062804780675058325e+01
1.116926968334560806e+05 2.091907988894199732e+01
1.271029116705689084e+05 2.120533070911428553e+01
1.446392701863510010e+05 2.153106584967682124e+01
1.645951159188469755e+05 2.196279964597047041e+01
1.873042649443289556e+05 2.241708486954635760e+01
2.131465898637771606e+05 2.285938485075094562e+01
2.425543742106488498e+05 2.347595073716821190e+01
2.760195435747745796e+05 2.402274539504322348e+01
3.141018944027029211e+05 2.466462711767702487e+01
3.574384581236707745e+05 2.535963287319618331e+01
4.067541572418088326e+05 2.641215307324995010e+01
4.628739316468575853e+05 2.704811181088148686e+01
5.267365379890885670e+05 2.935728551347626336e+01
5.994102529507054714e+05 3.144994139211652495e+01
