2.205142997577707931e+01 1.877395018318573250e+01
2.509816534835448820e+01 1.877394924928367814e+01
2.856585285150624642e+01 1.877394803826398473e+01
3.251265332776236505e+01 1.877394647038757469e+01
3.700476341127407665e+01 1.877394443877755137e+01
4.211752579279915665e+01 1.877394180564540704e+01
4.793669288442630716e+01 1.877393839504843243e+01
5.455986507851050504e+01 1.877393397547201559e+01
6.209812772362456457e+01 1.877392824853088982e+01
7.067791427325987286e+01 1.877392082671874718e+01
8.044312685642920258e+01 1.877391120724703200e+01
9.155754983686355786e+01 1.877389873759963734e+01
1.042075968415662999e+02 1.877388256970985125e+01
1.186054373325115137e+02 1.877386160136882154e+01
1.349925551610568846e+02 1.877383439756867745e+01
1.536437987899547295e+02 1.877379908788409324e+01
1.748719911142044907e+02 1.877375322900150678e+01
1.990331761977089400e+02 1.877369362100711569e+01
2.265325909251941994e+02 1.877361605776684783e+01
2.578314617272940836e+02 1.877351498271937302e+01
2.934547403750182752e+02 1.877338300333762788e+01
3.339999085901051785e+02 1.877321018416774834e+01
3.801469991441832690e+02 1.877298296804197264e+01
4.326700015228951770e+02 1.877268241310996189e+01
4.924498434533717273e+02 1.877228099566607611e+01
5.604891660241848967e+02 1.877173579786238022e+01
6.379291402094473824e+02 1.877096965546951779e+01
7.260686068476207993e+02 1.876978632149101500e+01
8.263858610951061792e+02 1.876692357672677502e+01
9.405634467284198763e+02 1.876893031279254132e+01
1.070516376150622818e+03 1.876625434718197383e+01
1.218424249414363430e+03 1.876265110445162776e+01
1.386767810969083030e+03 1.876583022439420745e+01
1.578370557270453673e+03 1.876201630774243867e+01
1.796446093104322472e+03 1.875642059333792844e+01
2.044652030896188762e+03 1.874804793250012835e+01
2.327151337017679907e+03 1.873298948283425247e+01
2.648682154004198310e+03 1.869507639257001230e+01
3.014637269757854483e+03 1.871411033416233849e+01
3.431154566611196060e+03 1.874872412779734177e+01
3.905219967283991082e+03 1.874648981918837976e+01
4.444784604366011990e+03 1.874174743335586513e+01
5.058898178519028079e+03 1.877545257066143236e+01
5.757860742112062326e+03 1.875165070962689384e+01
6.553395454039490687e+03 1.868332290156175546e+01
7.458845203205089092e+03 1.876509717944460931e+01
8.489396398485723694e+03 1.876597275113389784e+01
9.662333678630808208e+03 1.885512732222855803e+01
1.099732981414981987e+04 1.883431889127652070e+01
1.251677566348819892e+04 1.884428970839628192e+01
1.424615571759154773e+04 1.884725942634844742e+01
1.621447553157687980e+04 1.892019255333529060e+01
1.845474821249201341e+04 1.893133985334337055e+01
2.100454812264627253e+04 1.895202949577507923e+01
2.390664108535064588e+04 1.891087767959037080e+01
2.720970166302111465e+04 1.895446692794316590e+01
3.096912953799652678e+04 1.904078235857140555e+01
3.524797868859548180e+04 1.910162109549958132e+01
4.011801494476413063e+04 1.914751161705580529e+01
4.566091966087858600e+04 1.927342929218547951e+01
5.196965969397535082e+04 1.943540314890444520e+01
5.915004666499605810e+04 1.948113008633847443e+01
6.732251165533042513e+04 1.957951564778080211e+01
7.662412510427056986e+04 1.982769071155675888e+01
8.721089578555611661e+04 2.005222905889835516e+01
9.926038742196653038e+04 2.026920875024106650e+01
1.129746968244154705e+05 2.057044444493414304e+01
1.285838435055719165e+05 2.092067183348899206e+01
1.463496276193788217e+05 2.124080639328456499e+01
1.665700209327055491e+05 2.159122057664402661e+01
1.895841644755099551e+05 2.214302842938726457e+01
2.157780566912329232e+05 2.265537589623340864e+01
2.455910274903762620e+05 2.324733774122023533e+01
2.795231067915599560e+05 2.378923213514221757e+01
3.181434111369051388e+05 2.444487372588286078e+01
3.620996890439613489e+05 2.535359070077618426e+01
4.121291851909857942e+05 2.622619753371774465e+01
4.690710056521613151e+05 2.721340612437307627e+01
5.338801915752857458e+05 2.870063458670986734e+01
6.076437373488524463e+05 3.080549642407745736e+01
