2.205122944781038896e+01 1.859331751868964488e+01
2.509750835646856615e+01 1.859330681596529899e+01
2.856461709737254040e+01 1.859329290998732986e+01
3.251069143320797394e+01 1.859327482663080389e+01
3.700189832274988078e+01 1.859325128129985671e+01
4.211354539475021141e+01 1.859322057856101296e+01
4.793134369068992839e+01 1.859318045910154638e+01
5.455284484980526116e+01 1.859312789325835524e+01
6.208907683480985185e+01 1.859305877049342470e+01
7.066640562582287544e+01 1.859296743294759224e+01
8.042865409900282714e+01 1.859284594156202530e+01
9.153951361880551474e+01 1.859268286077596954e+01
1.041852887809466637e+02 1.859246112137203966e+01
1.185780213293521967e+02 1.859215395622666378e+01
1.349590456282895730e+02 1.859171634849710841e+01
1.536030353071016918e+02 1.859106440431451546e+01
1.748226089308464566e+02 1.859001463045075653e+01
1.989735719237746139e+02 1.858803434541813715e+01
2.264608826411352709e+02 1.858185825251612044e+01
2.577454426271684156e+02 1.858665137169666082e+01
2.933518249169266596e+02 1.859830123535107660e+01
3.338770699684925489e+02 1.859776862492824989e+01
3.800006967139664198e+02 1.859706648109001748e+01
4.324960965924578886e+02 1.859613465799762366e+01
4.922435016178689011e+02 1.859488402003477958e+01
5.602447439273518057e+02 1.859309957020403559e+01
6.376400542954982029e+02 1.859101340515063683e+01
7.257271812882704580e+02 1.858767733176294001e+01
8.259831516427004772e+02 1.858334312320933535e+01
9.400890367459011259e+02 1.857580241518746078e+01
1.069958140492594566e+03 1.856288096751012162e+01
1.217768081169320340e+03 1.852698396241824241e+01
1.385997305307731722e+03 1.858561652390218555e+01
1.577466645763724500e+03 1.856906573416009465e+01
1.795386620859669392e+03 1.854600238389895139e+01
2.043411267692001729e+03 1.856524432297216620e+01
2.325699412269931599e+03 1.852467911351621055e+01
2.646984403850304261e+03 1.857084676906529097e+01
3.012653482759508734e+03 1.863730303609262862e+01
3.428838112525681026e+03 1.862658520385931382e+01
3.902516790991723155e+03 1.859783705838878731e+01
4.441632064324611747e+03 1.860370300071607730e+01
5.055223705987724315e+03 1.864644056276690520e+01
5.753580293793686906e+03 1.865712088661013723e+01
6.548411726650391756e+03 1.875976014015106230e+01
7.453045573725334179e+03 1.878043246970980107e+01
8.482650548370505931e+03 1.875859461841198694e+01
9.654490853972367404e+03 1.868011240583188481e+01
1.098821566654555500e+04 1.879815647038195081e+01
1.250618860805466647e+04 1.881971599179777499e+01
1.423386273500458265e+04 1.885437803447747740e+01
1.620020733003057831e+04 1.889700974998208949e+01
1.843819365284136074e+04 1.888151699265436179e+01
2.098534779548636288e+04 1.884230169325000759e+01
2.388437991211032931e+04 1.892568422909256398e+01
2.718390037398941786e+04 1.894653356391454935e+01
3.093923485818852350e+04 1.899729750352548407e+01
3.521335203707806795e+04 1.902217846629590881e+01
4.007791942401613778e+04 1.908840384954847380e+01
4.561450507939805539e+04 1.917765270472552430e+01
5.191594532703238656e+04 1.927152743383421196e+01
5.908790141442841559e+04 1.944443463518421567e+01
6.725063121875323122e+04 1.960629371153828870e+01
7.654100570605781104e+04 1.977489790579102547e+01
8.711480395534330455e+04 1.994568877094943815e+01
9.914932522995662293e+04 2.026805496453708599e+01
1.128463618949893134e+05 2.056437693318068938e+01
1.284355830299428198e+05 2.088584537288788923e+01
1.461783854723790137e+05 2.128189114703344842e+01
1.663722768660595757e+05 2.171147902384881689e+01
1.893558642076190445e+05 2.215088403703633801e+01
2.155145315386911971e+05 2.272909202514257743e+01
2.452869019858568499e+05 2.324115020686714672e+01
2.791721925025638193e+05 2.390598143466751679e+01
3.177385846358091803e+05 2.450666727643166354e+01
3.616327516768710921e+05 2.543572495625969765e+01
4.115907019453838584e+05 2.626469607054836786e+01
4.684501200247028610e+05 2.723606281432797616e+01
5.331644128838402685e+05 2.866091922798288749e+01
6.068186964084461797e+05 3.162588504570362247e+01
