22.04981572938997 17.76752205357419
25.09287679721934 17.767520623184776
28.555906030596496 17.767518768793714
32.4968625884546 17.767516366744633
36.981704483877664 17.767513256380667
42.08549249362771 17.767509225863602
47.8936464165234 17.767504004976136
54.50337470610036 17.767497240380266
62.02530140467045 17.767488474510884
70.585317608042 17.767477113782153
80.3266884480307 17.76746238588152
91.41245085637816 17.767443287874883
104.02814224037168 17.767418513210536
118.38490573877796 17.76738635813305
134.7230240293606 17.76734459643168
153.31594083172382 17.767290310766505
174.474837411562 17.767219663838887
198.5538406812039 17.767127583705268
225.95595006208265 17.76700732148739
257.1397823043552 17.76684981535768
292.62724714867704 17.76664274404162
333.0122822942227 17.766369055190506
378.9707938661735 17.76600453664067
431.2719687517944 17.76551346966844
490.79114813457 17.764839923509353
558.5244776849347 17.763887241357093
635.6055796012351 17.762455649471157
723.3245255333582 17.75993251537102
823.1494279302912 17.75369256096251
936.7510111762649 17.760543081497897
1066.0305737515096 17.75113875790629
1213.1518094076937 17.765011812882953
1380.5770199347226 17.76136933034307
1571.1083255956369 17.756020090681776
1787.93456295009 17.74766133380915
2034.6846549741226 17.729679366791363
2315.4883467078707 17.720858753877586
2635.045322936362 17.753146043688695
2998.703864694858 17.734972775991018
3412.5503610372043 17.73044712782641
3883.511174185306 17.73464104224404
4419.468562930821 17.765551093213023
5029.39260444673 17.75342369749686
5723.491322424729 17.72740610161771
6513.381534165368 17.676309224213686
7412.283276011612 17.69969084376796
8435.241061136727 17.58334961378878
9599.375672778264 17.899440784073455
10924.170707068008 17.895772158201506
12431.798661196055 17.809720880625157
14147.492024499534 17.922753549485407
16099.965583260293 17.952060872118647
18321.89700713653 17.972242929509903
20850.473760586745 18.02119323512775
23728.015492696024 18.075260969536966
27002.682322062454 18.10243062370307
30729.280870988536 18.11869331731461
34970.181539208585 18.204803064857966
39796.36236914856 18.339777931399286
45288.59697342094 18.41705083430414
51538.806406361415 18.517895797216845
58651.59760527146 18.55749832893237
66746.01414956489 18.732287019110665
75957.52863948431 18.900541748153326
86440.310039932 19.12626311803333
98369.80393692676 19.345902976924865
111945.66889127537 19.606233535435017
127395.1180338865 19.841653461129283
144976.72182950116 20.280911778591665
164984.73565398162 20.743411539410705
187754.02461386906 21.176357423982523
213665.66803269373 21.6968758116301
243153.3374037987 22.192196478178754
276710.55455459916 22.871124034407636
314898.9514988976 23.531624638613096
358357.67021867936 24.187343731570156
407814.05969530303 25.19540608657055
464095.8492214669 26.075813709733843
528145.0017331882 27.90327978089241
601033.4790187713 30.799789336194777