22.048900860094875 17.902918745858777
25.08987975108903 17.9029175080113
28.550269690014762 17.90291590161429
32.48791574368527 17.902913823680837
36.96864095605845 17.902911132156
42.06734666884888 17.90290764642301
47.86926459808356 17.902903132527264
54.47138159674286 17.90289728688844
61.984060920308465 17.902889715900635
70.53288709685026 17.902879910166686
80.26076524113397 17.90286720861455
91.33030990560552 17.90285075467051
103.92656340110543 17.902829436980486
118.26008902769607 17.902801813216247
134.5704909231112 17.90276600994864
153.1304193678229 17.902719591879645
174.250128500781 17.902659389371898
198.28266263416785 17.90258127052039
225.6297578633866 17.90247983769245
256.7485576256224 17.902348020187
292.15925446656036 17.902176520659197
332.45378575765784 17.901953050958586
378.3057287245681 17.90166125310375
430.4815601954082 17.901279125430918
489.8534692906916 17.900776610109446
557.4139372362504 17.900111574044704
634.2923280203106 17.89922190841641
721.7737672298388 17.898000979151785
821.320624651276 17.896310498144363
934.596959746191 17.89433938919496
1063.4963386408197 17.89079074597437
1210.1734876278456 17.881328841848028
1377.0803123112246 17.888508758787967
1567.006884502454 17.882989557334806
1783.128082019325 17.87399790748737
2029.0566610340488 17.857320285372715
2308.903648146362 17.855315919781113
2627.347061716241 17.835109768493762
2989.710111225649 17.799195058451197
3402.050181876675 17.75254448485894
3871.260091923198 17.950827958435795
4405.183315388402 17.97740181947826
5012.745096270666 17.970904338722914
5704.101645987945 17.96840741036005
6490.809918096333 17.94869803188201
7386.020798295349 17.92701517816464
8404.69893915045 17.823648622934883
9563.872914365445 17.90406192264192
10882.919874269597 18.02259362149163
12383.889460918292 18.02270382176443
14091.872397483381 17.974959155646008
16035.419913400041 17.956076618448947
18247.02101652492 17.956963329707847
20763.64559055097 18.073797929671265
23627.36239628191 18.19588819603591
26886.042307487845 18.233370107964397
30594.158536874114 18.335283373958557
34813.697229015634 18.372942503055246
39615.19364204102 18.44923545533467
45078.9112392353 18.475122205986594
51296.183400661495 18.642809356500496
58370.9401833134 18.906027697073867
66421.44565164697 19.011223186873856
75582.27482030354 19.16513605377402
86006.56325627926 19.379317302859945
97868.56694566291 19.625632808244017
111366.57521655352 19.91208833078909
126726.2254115789 20.289653993041618
144204.27471921776 20.641074524123972
164092.89221515472 20.974867870367568
186724.54286090558 21.404845268283857
212477.54510231098 21.896224121152027
241782.3949706233 22.46667814343435
275128.9624020356 23.138558759575385
313074.6800717969 23.777437393363403
356253.8616302821 24.56219447549418
405388.3051078505 25.35943091940359
461299.3587386467 26.485093248027887
524921.6508998049 28.08059985645784
597318.713680432 30.343622057971057