1.068715140000749738e-03 7.869265065380884216e+00 6.643085652710647082e+02
1.215588960932895406e-03 7.869267788858888224e+00 5.840430986667679463e+02
1.382647692200636522e-03 7.869271311383188028e+00 5.134756942405339259e+02
1.572665351683198189e-03 7.869275869228961717e+00 4.514345772556880547e+02
1.788797191313677096e-03 7.869281765380649496e+00 3.968895519402708487e+02
2.034632090181812732e-03 7.869289394570306406e+00 3.489348958639544662e+02
2.314252148035537970e-03 7.869299265187001957e+00 3.067743197168268807e+02
2.632300468734135451e-03 7.869312035497661562e+00 2.697077450510961398e+02
2.994058259200346479e-03 7.869328559462320349e+00 2.371196798326512294e+02
3.405532524103054536e-03 7.869349939411979022e+00 2.084689976425929103e+02
3.873555812444755449e-03 7.869377604084785816e+00 1.832799525652157797e+02
4.405899672350476956e-03 7.869413402287592341e+00 1.611342792831942177e+02
5.011403697980117491e-03 7.869459728094688522e+00 1.416642477813653329e+02
5.700122311394079100e-03 7.869519682073430111e+00 1.245465571544043115e+02
6.483491716691769380e-03 7.869597281124664612e+00 1.094969671643317213e+02
7.374519798704126661e-03 7.869697730904964494e+00 9.626557835957872555e+01
8.388002119516638211e-03 7.869827782174453112e+00 8.463268247953820378e+01
9.540767599454987730e-03 7.869996194028453296e+00 7.440511407841283642e+01
1.085195796207732988e-02 7.870214342176345745e+00 6.541304292416513988e+01
1.234334558337012513e-02 7.870497016895996900e+00 5.750715379608374889e+01
1.403969502304796418e-02 7.870863476211307663e+00 5.055616687065067794e+01
1.596917424120111381e-02 7.871338842950182269e+00 4.444465746409630214e+01
1.816382232856212850e-02 7.871955971837450328e+00 3.907113888195048190e+01
2.066008151707392215e-02 7.872757966782004679e+00 3.434637643226133719e+01
2.349940230481921410e-02 7.873801614527402570e+00 3.019190446568330799e+01
2.672893174343841591e-02 7.875162136217900510e+00 2.653872156687179640e+01
3.040229631708014219e-02 7.876939883425808198e+00 2.332614182218618737e+01
3.458049241262504958e-02 7.879269990751188502e+00 2.050078237977618301e+01
3.933289916748185927e-02 7.882336689496535875e+00 1.801566922659969805e+01
4.473843051333967202e-02 7.886395292581643623e+00 1.582944396430349165e+01
5.088684554561560131e-02 7.891807475938420247e+00 1.390565372570844715e+01
5.788023897734264483e-02 7.899101110277567450e+00 1.221210250825829391e+01
6.583473642655258973e-02 7.909079153069867196e+00 1.072023022156052185e+01
7.488242268747868913e-02 7.923037160648818578e+00 9.404449984073085744e+00
8.517353500460957128e-02 7.943257284160157639e+00 8.241255361815616354e+00
9.687895776901064848e-02 7.974365599463876464e+00 7.207421409313282901e+00
1.101930600614592637e-01 8.028484541094256244e+00 6.273716163774268217e+00
1.253369231599277267e-01 8.169752495319800190e+00 5.345888622887285280e+00
1.425620116043231911e-01 8.073087361390793859e+00 4.824443952785282264e+00
1.621543487766824720e-01 7.833768425815994974e+00 4.466608082353991094e+00
1.844392663325227777e-01 7.990624144164607756e+00 3.881190998941535408e+00
2.097868063478726397e-01 7.946778263869386905e+00 3.443489656157947554e+00
2.386178658848814305e-01 8.019532810135364898e+00 3.086281695797802538e+00
2.714111860068010862e-01 7.335154762079234558e+00 2.618597442468738823e+00
3.087113012952548141e-01 7.532002460102343200e+00 2.271243706330914325e+00
3.511375818718892594e-01 7.151214129838607825e+00 1.916396184685957182e+00
3.993945180675928519e-01 7.101543700569555639e+00 1.733408238961709591e+00
4.542834185166864103e-01 7.132144256728770060e+00 1.624650630671307550e+00
5.167157159234730956e-01 7.135900229308346887e+00 1.398817229445830757e+00
5.877281014440116635e-01 7.139335384027688747e+00 1.217114021557892833e+00
6.684997389902126441e-01 7.219176194950742698e+00 1.068096514968856159e+00
7.603718453005673394e-01 7.274364894469355747e+00 9.345621805869254173e-01
8.648699609054812942e-01 7.330454337748138371e+00 8.385056589927802895e-01
9.837292817976081016e-01 7.348226515914457302e+00 7.478137762317501602e-01
1.118923472440728650e+00 6.969556009796871621e+00 6.560701702241522604e-01
1.272697438558508809e+00 6.836624652723584994e+00 5.769922986356004202e-01
1.447604603896796238e+00 6.932895444226209847e+00 5.183531372715947105e-01
1.646549309941793826e+00 6.831986143429000791e+00 4.527321058055737146e-01
1.872835042643372194e+00 6.819209098613698394e+00 4.118212939268218742e-01
2.130219286950472579e+00 6.664016178199280382e+00 3.658958455493954154e-01
2.422975920020670859e+00 6.635471985778901072e+00 3.338568948979261375e-01
2.755966179146004613e+00 6.518808035328834016e+00 3.054832923579545723e-01
3.134719382820706279e+00 6.477601574606783430e+00 2.844178747989040135e-01
3.565524745327885547e+00 6.358281960359122742e+00 2.651269681521923882e-01
4.055535809430573124e+00 6.243949045803063314e+00 2.535008376961037646e-01
4.612889231276727564e+00 6.027985371574847484e+00 2.396176264765872976e-01
5.246839889946995683e+00 5.869208876800622754e+00 2.361765134842909730e-01
5.967914565145451711e+00 5.701229884421744387e+00 2.356018306503585846e-01
6.788086734858419291e+00 5.420638794073513012e+00 2.329867043444337760e-01
7.720975395504481753e+00 5.113459693133784789e+00 2.311786414416026336e-01
8.782071205993361218e+00 4.965072605491438473e+00 2.409551930438225409e-01
9.988993710826139960e+00 4.547384922019012343e+00 2.427544441926318408e-01
1.136178391343819527e+01 4.290129586269336492e+00 2.606883033146909501e-01
1.292323705797854139e+01 3.959435623948727834e+00 2.779652958529962303e-01
1.469928114538230446e+01 3.551591767131548671e+00 2.958804080995027785e-01
1.671940746901297459e+01 3.120245168742705744e+00 3.208210702763675815e-01
1.901716031893859338e+01 2.719686339577360723e+00 3.318717040472076163e-01
2.163069398640375596e+01 2.389164395063094748e+00 4.341306772500400091e-01
2.460340631758199947e+01 1.792623766065702950e+00 4.756805469085650384e-01
2.798465933679794659e+01 1.178588827023651531e+00 6.471028000446598094e-01
