2.219584468262382160e+01 2.019824494908569079e+01
2.557333779381768579e+01 2.019824319658569323e+01
2.946477664031814214e+01 2.019824086133045782e+01
3.394836721993001305e+01 2.019823775817657463e+01
3.911421596599534212e+01 2.019823363796422910e+01
4.506614061062576582e+01 2.019822816058951176e+01
5.192375660303004281e+01 2.019822088277403083e+01
5.982488101355234988e+01 2.019821120536042258e+01
6.892830223452747873e+01 2.019819832908826029e+01
7.941697114045373951e+01 2.019818118518794847e+01
9.150167784002572091e+01 2.019815833586959997e+01
1.054252879114777386e+02 2.019812784096215097e+01
1.214676232565885385e+02 2.019808706461017778e+01
1.399510856635583878e+02 2.019803240005366263e+01
1.612471360951427641e+02 2.019795884884118564e+01
1.857837599158814896e+02 2.019785936208896260e+01
2.140540680866181447e+02 2.019772371817618506e+01
2.466262071839670682e+02 2.019753633914276492e+01
2.841547774057536913e+02 2.019727069644140727e+01
3.273939880293570468e+02 2.019685633370453814e+01
3.772128147073567561e+02 2.019641296504508077e+01
4.346124632156889902e+02 2.019580559023410160e+01
5.007464906221404135e+02 2.019443716130290056e+01
5.769439882490185028e+02 2.019061312924817386e+01
6.647362923365158167e+02 2.019462799717604895e+01
7.658877592092660507e+02 2.019044652325383282e+01
8.824312234326428097e+02 2.018696809383272495e+01
1.016708851559106961e+03 2.019543090539004382e+01
1.171419212499728474e+03 2.020283049534238273e+01
1.349671510491131812e+03 2.020045702861995451e+01
1.555048070574337999e+03 2.019594163604443438e+01
1.791676332352175905e+03 2.019469115776213641e+01
2.064311798879201433e+03 2.018489121298912181e+01
2.378433607702676909e+03 2.018066801127293530e+01
2.740354644739693867e+03 2.013519930627409948e+01
3.157348413942006118e+03 2.022505534990359877e+01
3.637795212440119030e+03 2.021804037662789355e+01
4.191350548839151088e+03 2.020865821263474515e+01
4.829139189358209478e+03 2.021009235377338342e+01
5.563978731546139898e+03 2.021951392136029568e+01
6.410637198720307424e+03 2.022543297247903737e+01
7.386129831987438592e+03 2.022616632701144113e+01
8.510061044456710079e+03 2.022666266370072208e+01
9.805018409877144222e+03 2.021599560265496720e+01
1.129702660366372766e+04 2.022419037315142987e+01
1.301607041913601643e+04 2.023911262159574420e+01
1.499669736999326051e+04 2.024359101065338962e+01
1.727871198948931487e+04 2.026094199133343565e+01
1.990797577959365299e+04 2.027155299721751902e+01
2.293732888666555664e+04 2.028868245552304828e+01
2.642765202649854473e+04 2.027729358866337606e+01
3.044909000017496874e+04 2.026177926686880681e+01
3.508246138965054706e+04 2.026482786976182027e+01
4.042088276363098703e+04 2.024670337078179116e+01
4.657164003530242189e+04 2.027518752641897848e+01
5.365834458047227236e+04 2.023059974403974692e+01
6.182341744748908241e+04 2.025661667536480337e+01
7.123095158394948521e+04 2.034864755910201950e+01
8.207000960217909596e+04 2.042538077616333325e+01
9.455842335846988135e+04 2.052430438745983210e+01
1.089471717059750517e+05 2.064290642915117502e+01
1.255254244006811205e+05 2.080198702883536299e+01
1.446263535275139729e+05 2.095649531578649416e+01
1.666338292384370870e+05 2.107703155119304839e+01
1.919901343663635780e+05 2.143583177209893620e+01
2.212048529549836530e+05 2.169393970521877790e+01
2.548651113367247453e+05 2.208125740338100940e+01
2.936473775731314090e+05 2.259874745472805557e+01
3.383310563902670401e+05 2.307875312403988488e+01
3.898141528256842284e+05 2.373894326661427101e+01
4.491313193782742019e+05 2.432553629402958606e+01
5.174746493534152396e+05 2.513989126867036461e+01
5.962176342859453289e+05 2.589403427305011718e+01
6.869427669117620680e+05 2.652670579601192102e+01
7.914733444232032634e+05 2.726608596506315152e+01
9.119101111561970320e+05 2.778421862952886556e+01
1.050673477114927489e+06 2.861317470184209100e+01
1.210552160797007382e+06 2.989659539492898688e+01
1.394759233890898991e+06 3.103809720087972934e+01
1.606996694172300631e+06 3.444900625843627040e+01
