2.219419279301951775e+01 2.029562265497196449e+01
2.556787966073847329e+01 2.029562210504766284e+01
2.945439270724952507e+01 2.029562136993369492e+01
3.393168542971061186e+01 2.029562039623380443e+01
3.908956085241079847e+01 2.029561910335080199e+01
4.503147274542438794e+01 2.029561738511656799e+01
5.187660064226166412e+01 2.029561510582102812e+01
5.976224027605563549e+01 2.029561207582242233e+01
6.884655738031213446e+01 2.029560805304552673e+01
7.931176008841289615e+01 2.029560270633646724e+01
9.136775356208008247e+01 2.029559559769720778e+01
1.052563501512887569e+02 2.029558614185732068e+01
1.212561195306516737e+02 2.029557355353281878e+01
1.396879760935892705e+02 2.029555677628859556e+01
1.609216156731013427e+02 2.029553438443706170e+01
1.853829306932722716e+02 2.029550443954171257e+01
2.135625524804568158e+02 2.029546428427302374e+01
2.460256920710286863e+02 2.029541023047622161e+01
2.834234768970914615e+02 2.029533706955550443e+01
3.265060107350285534e+02 2.029523725372343534e+01
3.761374188660112736e+02 2.029509941083854585e+01
4.333131802158486607e+02 2.029490530928486436e+01
4.991800941125113127e+02 2.029462239202432272e+01
5.750592821433444897e+02 2.029417568805177297e+01
6.624726864703122828e+02 2.029347031703861148e+01
7.631735960916041677e+02 2.029171593891262759e+01
8.791818133282270082e+02 2.029221409807770016e+01
1.012824165885228240e+03 2.029551216232811583e+01
1.166781177055740272e+03 2.029472910769612071e+01
1.344140830152593026e+03 2.029361124542445083e+01
1.548460505544297575e+03 2.029194962406970149e+01
1.783838332593690893e+03 2.028912605283667858e+01
2.054995387636387932e+03 2.027976817952147925e+01
2.367370386679941475e+03 2.028897544662749297e+01
2.727228772116731761e+03 2.028215712229441436e+01
3.141788381450634461e+03 2.027831815837583918e+01
3.619364218630244977e+03 2.028471010258784446e+01
4.169535231730807027e+03 2.027462312360504981e+01
4.803336442117965817e+03 2.025876151492511212e+01
5.533480278712283507e+03 2.023583485220111911e+01
6.374611556752948673e+03 2.020499922531780612e+01
7.343601215281593795e+03 2.032318277031185616e+01
8.459884704967806101e+03 2.034028027693890550e+01
9.745851813469405897e+03 2.033436235997501029e+01
1.122729574722571488e+04 2.034735386488748787e+01
1.293393047711440340e+04 2.036210235356858433e+01
1.489998672460067246e+04 2.035292035609771233e+01
1.716489854233446385e+04 2.035967335502701303e+01
1.977409426024385175e+04 2.036980470412582989e+01
2.277990766147750037e+04 2.035942550552127273e+01
2.624262766405170987e+04 2.036099154837721770e+01
3.023170756212734341e+04 2.033382434543902662e+01
3.482715808119947906e+04 2.029274496358676316e+01
4.012115218831876700e+04 2.032669807930531647e+01
4.621987384572712472e+04 2.032241202034923333e+01
5.324564778917053627e+04 2.032498793677278570e+01
6.133939304878689290e+04 2.030819331391971261e+01
7.066344942391358200e+04 2.044022935426316323e+01
8.140483360365992121e+04 2.047533544817946805e+01
9.377899024268360517e+04 2.056415765050990530e+01
1.080341132291430549e+05 2.065997575886106219e+01
1.244561238183930545e+05 2.088703904468228245e+01
1.433744054810347734e+05 2.094413346151793220e+01
1.651684104916838114e+05 2.132344748752623076e+01
1.902752707697050355e+05 2.152411840154355716e+01
2.191985656258857925e+05 2.183386590994306431e+01
2.525184222735882213e+05 2.218498106851521356e+01
2.909031516947662458e+05 2.258192242694926222e+01
3.351226532465126947e+05 2.314094118906519526e+01
3.860638568702140474e+05 2.357940367326026632e+01
4.447485126344739692e+05 2.414760242338074647e+01
5.123536844244737877e+05 2.496482261440062445e+01
5.902353588286864106e+05 2.565786274154709901e+01
6.799556427567421924e+05 2.634029657234332689e+01
7.833140953030006494e+05 2.682709928448113601e+01
9.023838222927585011e+05 2.760569072655714962e+01
1.039553057475244859e+06 2.841233927756970701e+01
1.197573064375624992e+06 2.976448563478887976e+01
1.379613319594491040e+06 3.142934844111976389e+01
1.589325084390459815e+06 3.500055208138821428e+01
