1.075765626587338666e-03 6.258889820195242315e+00 1.158806263852896336e+03
1.238777740106361113e-03 6.258888768044593931e+00 1.006317081264728813e+03
1.426491283469573552e-03 6.258887372952845141e+00 8.738940241237014561e+02
1.642649295296472970e-03 6.258885519273388098e+00 7.588965545975751184e+02
1.891562001539249475e-03 6.258883065014822833e+00 6.590316074366479597e+02
2.178192762090093958e-03 6.258879808942800160e+00 5.723078572022831167e+02
2.508257040985619260e-03 6.258875491085206022e+00 4.969960186572438943e+02
2.888336373690380317e-03 6.258869766411248925e+00 4.315943619020833353e+02
3.326009603985688717e-03 6.258862173342924606e+00 3.747987667384733754e+02
3.830004007348653070e-03 6.258852104573601416e+00 3.254767199128021389e+02
4.410369314246233990e-03 6.258838751422612035e+00 2.826447316751522294e+02
5.078678103397113452e-03 6.258821041727628653e+00 2.454487249982506398e+02
5.848256560875675358e-03 6.258797553474476416e+00 2.131470054006830424e+02
6.734450206432195454e-03 6.258766398954803023e+00 1.850954710279820574e+02
7.754929885655335343e-03 6.258725071585732103e+00 1.607347692660073335e+02
8.930044129510450804e-03 6.258670243695839019e+00 1.395791431693258460e+02
1.028322490736034364e-02 6.258597492824335085e+00 1.212067451174624324e+02
1.184145486424972166e-02 6.258500939770918592e+00 1.052512250443770228e+02
1.363580535924086706e-02 6.258372760369218746e+00 9.139442501447651068e+01
1.570205603337263001e-02 6.258202531369201793e+00 7.936003473051856361e+01
1.808140826152859759e-02 6.257976344998155582e+00 6.890808119180186964e+01
2.082130671456100188e-02 6.257675607069771218e+00 5.983014261400844447e+01
2.397638541375277099e-02 6.257275390998895404e+00 5.194519091809684852e+01
2.760955714209779865e-02 6.256742163163648840e+00 4.509597961121080090e+01
3.179326793543776203e-02 6.256030599104222212e+00 3.914590450528010024e+01
3.661094166821295126e-02 6.255079057628332606e+00 3.397627386812033734e+01
4.215864353910229317e-02 6.253803018482216203e+00 2.948393219392494657e+01
4.854699562672699920e-02 6.252085331975711036e+00 2.557918785698968733e+01
5.590338271191055280e-02 6.249761289848917656e+00 2.218399915824656077e+01
6.437449235094999667e-02 6.246594913757545164e+00 1.923037491678325495e+01
7.412923984937316857e-02 6.242239581422064809e+00 1.665894285734946223e+01
8.536213646063497973e-02 6.236168997573730444e+00 1.441762666756221734e+01
9.829716797218286672e-02 6.227547764849568068e+00 1.246033736611220633e+01
1.131922610185295275e-01 6.214967038573099067e+00 1.074548603556726967e+01
1.303444261803425874e-01 6.195839492553835370e+00 9.233820962472679028e+00
1.500956804237842113e-01 6.164769674549032352e+00 7.883967520701596676e+00
1.728398669745062066e-01 6.107847948629435031e+00 6.638398298813205756e+00
1.990305086156977932e-01 5.967596024753145656e+00 5.338307072609137727e+00
2.291898510062280736e-01 5.893455170248460107e+00 4.431158216430241659e+00
2.639192763441195466e-01 6.706124227141923022e+00 5.647404648497578172e+00
3.039112950254981849e-01 6.722995028455490463e+00 4.891972827497774290e+00
3.499633544146512065e-01 6.753269554275012965e+00 4.230583116248347153e+00
4.029937400743170972e-01 6.827590955449479360e+00 3.640019801358726603e+00
4.640598865293288355e-01 6.884176950226604141e+00 3.131639579466153567e+00
5.343794626832168992e-01 6.538307242553720755e+00 2.782455695624225456e+00
6.153546523344159969e-01 6.549419451425165128e+00 2.389640251940860161e+00
7.086001139495183843e-01 6.564994420429084876e+00 2.029241045664252230e+00
8.159751772160085403e-01 6.583571822790313277e+00 1.795140842496470546e+00
9.396209183789803188e-01 6.841136432660472444e+00 1.577562103416846329e+00
1.082002853650088969e+00 6.629403844995850115e+00 1.364182133267830999e+00
1.245960102002264813e+00 6.462098537607776194e+00 1.179525088218848383e+00
1.434761997664317779e+00 6.444136849531338918e+00 1.047790397233189674e+00
1.652173281177796271e+00 6.230989870488611970e+00 8.776968744935969013e-01
1.902529168936386572e+00 6.265806781635617106e+00 7.805443267387107698e-01
2.190821798106695972e+00 6.286995979560673575e+00 6.817518737821895991e-01
2.522799770656205531e+00 6.428044195409213124e+00 6.066299009106512763e-01
2.905082781412530402e+00 6.320233239871189568e+00 5.276125561280172738e-01
3.345293615856150815e+00 6.229508147335850232e+00 4.560404665585163220e-01
3.852210149704083264e+00 6.223076425802004152e+00 4.161254491520982590e-01
4.435940381180957459e+00 6.029877728415405258e+00 3.702475183622189192e-01
5.108123986149466944e+00 5.898529096427413521e+00 3.291471077771904730e-01
5.882164415142327130e+00 5.742268079126173319e+00 2.956015146665887383e-01
6.773496160348341455e+00 5.658684970418129900e+00 2.673410370831376670e-01
7.799892521899796094e+00 5.513022269086826022e+00 2.549092787087802181e-01
8.981820010371066587e+00 5.259358523680471187e+00 2.406955506581923421e-01
1.034284645233199562e+01 4.986687031104579226e+00 2.236481497557068487e-01
1.191011093664714160e+01 4.672103646240703512e+00 2.217452747046141370e-01
1.371486497232671375e+01 4.426106114214322318e+00 2.194492408811584971e-01
1.579309564870487037e+01 4.094577639001287572e+00 2.282873012611130181e-01
1.818624322386068570e+01 3.858471604692039314e+00 2.377177034760902252e-01
2.094202745011180156e+01 3.571754790615389030e+00 2.513851948023041460e-01
2.411539911364573641e+01 3.116822801187713932e+00 2.598915103034207807e-01
2.776963576214398444e+01 2.799288537776495112e+00 2.768073712840820044e-01
3.197760346938603249e+01 2.606401220172540167e+00 3.286544528531721299e-01
3.682320979662500804e+01 2.343725581816170411e+00 3.714130153565333714e-01
4.240307692302166487e+01 1.946921748643291927e+00 3.905697084948829279e-01
4.882846830762943569e+01 1.601528616710370390e+00 4.221636155018640424e-01
5.622750730088460358e+01 1.478745356827279700e+00 5.945737633431227298e-01
6.474773194507596941e+01 1.089883736696268812e+00 5.334454912389408054e-01
7.455903690693142494e+01 1.022347254611713607e+00 6.992092101268857496e-01
