22.319233991799624 17.480148515993022
25.982533732312913 17.48014354316292
30.2470980589574 17.48013680090396
35.21161370995912 17.480127657504656
40.9909650718446 17.480115260224338
47.71889273129067 17.4800984435607
55.551088380314525 17.48007562736045
64.66879769433518 17.480044656842743
75.28301455769193 17.480002593725985
87.63936369564072 17.479945420453472
102.02378470233609 17.479867625763593
118.76914899949654 17.47976161632495
138.26296284950126 17.479616867799287
160.95633467916497 17.479418672542693
187.37441422798787 17.47914624237776
218.1285450943255 17.478769727591686
253.93041190284475 17.478245309072705
295.6085094743789 17.47750660742848
344.12731511299927 17.476448388477476
400.60960767824423 17.474892123410967
466.3624499305385 17.47250120088277
542.9074354100303 17.46851621117674
632.0158997950995 17.460569555485133
735.7499115703388 17.418991171678915
856.5099905734344 17.48827229577642
997.0906586809294 17.48181806606134
1160.7451081372194 17.476106877258317
1351.2604840234815 17.47373130747135
1573.04552298619 17.476294193916473
1831.2325762823803 17.46079790621252
2131.7963780678474 17.51248995664302
2481.692307357912 17.49363091925503
2889.017343195536 17.52115447059621
3363.197437707519 17.50822791157408
3915.2056430686694 17.525946596909417
4557.816040073303 17.51172975189743
5305.899344502227 17.53509321740213
6176.767031943744 17.536220867259395
7190.571944497831 17.533204727117603
8370.77464984602 17.52547170585301
9744.686344751977 17.536398428119917
11344.100866380682 17.556265808826907
13206.030436877485 17.522957365612612
15373.562167150953 17.527932730201023
17896.855140305 17.5536804647622
20834.301148334296 17.522501052804564
24253.875942814717 17.650733092309366
28234.712269025513 17.69893762560858
32868.93108525331 17.698110822969266
38263.773343719586 17.743533815597374
44544.08166490158 17.816700402113078
51855.18933393678 17.930295865519916
60366.28347368514 17.976523349390597
70274.32022199612 18.04764817584155
81808.58251471515 18.19684929047291
95235.98594657241 18.422124207473445
110867.25549344791 18.635138471149993
129064.11603220075 18.94881905020995
150247.6630546502 19.300558702985423
174908.1072832941 19.700290785011834
203616.11868995702 20.20559274018757
237036.03243051362 20.692851916914815
275941.22229563363 21.288462254451247
321231.99743621045 21.88918058392504
373956.43651350995 22.32009168608895
435334.64139932935 22.956984485949334
506786.97168362804 23.58847445974878
589966.9133673905 24.15933273852588
686799.342358648 24.867067535458876
799525.0682312982 25.393131198682504
930752.6890386112 25.95961129923661
1083518.9571591902 26.31609610686122
1261359.053107862 26.776308674688796
1468388.3935252712 27.913070920351725
1709397.8664735924 28.342587004747884
1989964.697888481 29.009093288595306
2316581.5147596975 29.598613011748235
2696806.5917052194 31.178663379588272
3139438.757810832 32.66803136422743
3654721.011273085 35.61782846009244