22.31783044866401 17.08582325785176
25.977862561329374 17.08581774617595
30.238124839581626 17.085810272959396
35.19705255409333 17.08580013336712
40.96922395379422 17.085786372127004
47.68800764770127 17.085767681981007
55.508644146446 17.08574227770348
64.6118327638982 17.085707705845397
75.20790675585688 17.085660583023728
87.54169316426008 17.08559620966704
101.89816965579425 17.085507999912913
118.60904905869589 17.08538660484814
138.06044373642163 17.08521851403433
160.7017868869778 17.084983699119167
187.05621689853191 17.084651356633938
217.7326646964991 17.08417146110114
253.4399233656809 17.083455738219815
295.0030251323837 17.082326241868564
343.38230410403605 17.080329574048807
399.6955852194516 17.07550209748148
465.24401209538667 17.070489515213893
541.5421105333702 17.089702391429807
630.3527823176144 17.08869274303305
733.7280378514039 17.085905684338012
854.0564087777923 17.080960723492105
994.1181360744749 17.074689709228302
1157.1494087685203 17.080089280530153
1346.917137535277 17.0877871717651
1567.8059908589898 17.0817059698414
1824.9197047646599 17.074419016387978
2124.199006927934 17.057114421955475
2472.5588798524786 17.04716602419089
2878.048334642101 17.04365979625647
3350.0363870122965 17.000582253571064
3899.4285326003746 16.9446313870639
4538.918723333287 16.913725086479065
5283.282666880155 17.241339596093393
6149.7192260048905 17.23171767056808
7158.247806004067 17.193752029021418
8332.170912045032 17.270752186652537
9698.612563999002 17.29304546163793
11289.145009085358 17.301321083938774
13140.51821280381 17.332384220003036
15295.508983369733 17.288535655716693
17803.909349053396 17.323683959789566
20723.677025324963 17.367162546247837
24122.274553864543 17.39751148246874
28078.228054844738 17.40763329872962
32682.94160815635 17.457831269427366
38042.80918566902 17.464237800676436
44281.672931669236 17.488074021808387
51543.684591147365 17.549450269350313
59996.63620051796 17.63230379422277
69835.83699787603 17.805127477296086
81288.62613053973 17.95629018229569
94619.62542801113 18.202557670403536
110136.85360802982 18.375980883345203
128198.84318719365 18.6716371345063
149222.9245355564 19.098307466090628
173694.8684820018 19.569891492459686
202180.11026711322 20.069851166795303
235336.8141780058 20.680797697637303
273931.08072936867 21.25344762896183
318854.6477594533 21.736921693364565
371145.4944327717 22.504917907823533
432011.82421422814 23.096607990368344
502859.98095205595 23.649764201498265
585326.9430831796 24.16686239442245
681318.1467541861 24.637191422209703
793051.5117780817 25.20778264037537
923108.6876663113 25.72570620398016
1074494.7037985972 26.401481767994113
1250707.401974515 26.5462882522613
1455818.255617058 27.73745951355908
1694566.4429921391 28.3127285373669
1972468.3480479508 29.007336741612455
2295945.018940199 29.530553841720177
2672470.529229586 30.74610823546787
3110744.669703562 32.56953403340135
3620893.960944333 33.539177537482715