22.320076740405586 17.136960000096675
25.98533869096613 17.13695327683053
30.252486796420907 17.13694416148803
35.22035899750645 17.136931799996653
41.00402377698057 17.136915035630153
47.73744543666417 17.13689229304558
55.57658704943564 17.136861434113822
64.70302295839261 17.136819542498163
75.328144497797 17.136762643527828
87.69805635093543 17.13668530177296
102.09927695692502 17.136580064210293
118.86537500230122 17.13643666619958
138.38469571531454 17.136240889349963
161.10935592345078 17.135972880831883
187.56571622245272 17.135604613060615
218.36657281875947 17.13509590361711
254.22535143926535 17.134387876590907
295.97263207524094 17.13339151508412
344.57538731527177 17.131965756762014
401.1593798756568 17.129869393864887
467.0352381117065 17.126615834747014
543.7288134847237 17.121300466608865
633.016523140366 17.1124203421719
736.9664962218811 17.090932052785092
857.9864769708769 17.08859867455911
998.8795941725748 17.14818141149391
1162.90928870693 17.135821975057212
1353.8749030918873 17.109084133222
1576.1996838637374 17.14257682687835
1835.0332351522513 17.155024212683312
2136.37079653446 17.151450924932046
2487.1921079438134 17.204732284059414
2895.6230780971573 17.196852268075933
3371.1240010891297 17.22639844243974
3924.708680726253 17.21500009616357
4569.199538074409 17.20506501567158
5319.524611155614 17.2123555024135
6193.063326058118 17.205647485775422
7210.049048393067 17.1945449615135
8394.037739207495 17.210274591192146
9772.453570609669 17.1643052382032
11377.22413894439 17.206409100494362
13245.51998866171 17.24616805772758
15420.615576121985 17.28056478084118
17952.891615436096 17.30562673670847
20901.002023205227 17.331595002120796
24333.232491551324 17.31772775491076
28329.0821574251 17.361510573175213
32981.10500365245 17.39951466218257
38397.05364322388 17.385358746508228
44702.375142292505 17.380199867164187
52043.11669145221 17.584828781453
60589.30842799084 17.637135546509608
70538.90176383601 17.73092061059384
82122.35444082794 17.862079439514172
95607.9685147939 18.11316373509007
111308.10490963396 18.424347341664173
129586.4184862059 18.693610899442906
150866.28120850038 19.010125167946853
175640.58850893474 19.452634424622076
204483.1759929849 20.036376812342425
238062.1109229033 20.62243514215224
277155.1663448976 21.299369537335238
322667.83627968625 21.858445269827786
375654.3092537995 22.502253723476258
437341.8859716489 23.03336765431122
509159.4067033965 23.679754648984748
592770.3468388125 24.229062601636635
690111.3471838406 24.69906111626294
803437.0714589736 25.34617257757698
935372.4300125331 25.755459083224803
1088973.3793821183 26.487009907500916
1267797.7059758129 26.880730057405117
1475987.4334022007 27.49907649220067
1718364.7622113465 27.99329917372394
2000543.7642537407 29.0770473279328
2329060.41878103 29.750846383519214
2711524.002253441 30.32312817226464
3156793.338424667 30.676513410252483
3675181.9911018806 32.68867086024218