22.320461244878906 17.16144376163538
25.98661850051089 17.161436896473994
30.254945616145505 17.161427583832218
35.22434957121977 17.161414952100944
41.0099829117975 17.161397813721244
47.74591210053345 17.161374553363913
55.588224145688834 17.161342969564267
64.71864349695433 17.161300056156996
75.34874301989571 17.161241699263954
87.72484662700731 17.161162246848836
102.13373717063772 17.161053895342924
118.90930186282574 17.160905795121543
138.4402692117443 17.160702712262548
161.17921675740624 17.160422950038477
187.6530583366352 17.16003495022721
218.47525389140816 17.15949129613228
254.360024749976 17.15871681933528
296.13890378160033 17.1575798849336
344.7800039301427 17.155788302892898
401.4104516228544 17.152589502338216
467.3425048881642 17.149448227346216
544.1039613994659 17.150978169693808
633.473561069384 17.142950151081862
737.5222035542429 17.11967220829565
858.660935773338 17.135781528711895
999.6968214244658 17.13140706625938
1163.8979871211834 17.175445921550608
1355.0693524207595 17.186176513651866
1577.640798582147 17.170896160606468
1836.7698191273648 17.198177130234193
2138.4610308564515 17.215712989509385
2489.705314661715 17.20825810993145
2898.6418103547294 17.206562491229782
3374.7465192996838 17.199265207844274
3929.051885210881 17.18489686956879
4574.402441307715 17.175130317892066
5325.752447761039 17.116648893164346
6200.512416376767 17.19717220719341
7218.95255229248 17.23281635569042
8404.672461361217 17.226673729333722
9785.148007425445 17.238690820798684
11392.36799142494 17.124213789892686
13263.57540566127 17.28316769960247
15442.130439789133 17.347774684695754
17978.515236372918 17.37817080113347
20931.50367851101 17.361892343402594
24369.523316204082 17.321184016090584
28372.240990440878 17.36771860978999
33032.40889756729 17.39245461331144
38458.0138715059 17.411967225509564
44774.77968764985 17.538175243547524
52129.08037258139 17.643190437336223
60691.33202771733 17.746193691373815
70659.94176325473 17.816303971120057
82265.90524832046 17.939652237736897
95778.15941316039 18.21445226114868
111509.81433781823 18.48172919711893
129825.40873453184 18.75235398625787
151149.35715010023 19.048764343764233
175975.78462937498 19.61895527430745
204879.9767317014 20.117122211235685
238531.7102235877 20.630266194758
277710.7733504822 21.272713806908346
323325.03532813874 21.953370860146435
376431.4837653404 22.5836910068937
438260.71750356536 23.188116002858802
510245.4624291579 23.73488810733546
594053.771035108 24.267375223491896
691627.67504283 24.880028844141048
805228.1867542937 25.41375715986438
937487.6919195798 25.85739718802659
1091470.9481833915 26.465120007868208
1270746.1025851471 27.059030316942792
1479467.3737518648 27.69756924654651
1722471.3147208546 28.32475734162131
2005388.8870237407 29.019517915544615
2334775.9430467263 29.99268894099364
2718265.1402441943 30.97767948745021
3164742.8074081833 32.24947846381489
3684554.8613929814 35.303288501257775