2.232048948924627751e+01 1.833569516007617395e+01
2.598671251201942667e+01 1.833569366306533865e+01
3.025512623760792508e+01 1.833569163039258854e+01
3.522464271808955516e+01 1.833568887582536888e+01
4.101042067624038623e+01 1.833568513933543542e+01
4.774653408133765708e+01 1.833568007054371307e+01
5.558907904841644410e+01 1.833567319346582636e+01
6.471979105723013959e+01 1.833566385842192403e+01
7.535025631281521896e+01 1.833565118078740142e+01
8.772681483761793686e+01 1.833563395220527426e+01
1.021362689146527316e+02 1.833561051648116091e+01
1.189125291635804160e+02 1.833557859594120032e+01
1.384443522593840044e+02 1.833553503899935322e+01
1.611843495999803793e+02 1.833547545076170948e+01
1.876594756808340776e+02 1.833539362942995865e+01
2.184832392239267449e+02 1.833528066669800793e+01
2.543699200298619871e+02 1.833512339544085634e+01
2.961511210005552357e+02 1.833490132964981711e+01
3.447950388929212409e+02 1.833457872456954973e+01
4.014289003651894063e+02 1.833405862532115194e+01
4.673650832268791646e+02 1.833350373469379591e+01
5.441315282007763017e+02 1.833276075492759105e+01
6.335071459293903899e+02 1.833105379573530058e+01
7.375630397132892995e+02 1.832624007108171327e+01
8.587104992368000467e+02 1.832968640883604294e+01
9.997568774408151739e+02 1.832856469774713304e+01
1.163970645378799645e+03 1.833151229487721423e+01
1.355157132573708623e+03 1.833202005820681180e+01
1.577746708008899759e+03 1.832479403755420577e+01
1.836897445173226060e+03 1.833325067915882656e+01
2.138614650219819396e+03 1.833361878700500469e+01
2.489890023067416223e+03 1.832610484278251306e+01
2.898863676227709220e+03 1.832274915769363588e+01
3.375012765824834787e+03 1.832955772731209620e+01
3.929371105958087810e+03 1.832934844250671347e+01
4.574784855536642681e+03 1.832654815833613426e+01
5.326210202623361511e+03 1.831714417519865989e+01
6.201059944534034912e+03 1.830361689222300114e+01
7.219606995000841380e+03 1.832780636360641680e+01
8.405454168881073201e+03 1.830932483683561074e+01
9.786081130743321410e+03 1.836262932047881691e+01
1.139348118178354162e+04 1.833878320370501314e+01
1.326490264134929748e+04 1.838394265648580372e+01
1.544371200312379733e+04 1.838145190732546652e+01
1.798039886790826131e+04 1.838312395397191779e+01
2.093374594033375251e+04 1.836356609068337775e+01
2.437219120186404689e+04 1.838711564404143317e+01
2.837541382575644457e+04 1.838373272746520115e+01
3.303618058442562324e+04 1.841164927711270849e+01
3.846249553605182155e+04 1.846389911836623909e+01
4.478010280517199135e+04 1.847272326517176211e+01
5.213540045424759592e+04 1.850733575752733984e+01
6.069883296942381276e+04 1.867542536266976327e+01
7.066884097463256330e+04 1.882088857458807851e+01
8.227645970085795852e+04 1.901091100299247572e+01
9.579067277100060892e+04 1.921614412639897651e+01
1.115246453637240047e+05 1.943123616233242501e+01
1.298429811975365010e+05 1.982724449456935645e+01
1.511701715013718058e+05 2.019491618493234597e+01
1.760004317598626367e+05 2.063420633308128416e+01
2.049091541804394510e+05 2.110749182903033017e+01
2.385662412705427851e+05 2.162349696800484722e+01
2.777516295042510610e+05 2.223557936809937985e+01
3.233733628086147364e+05 2.284797170564338131e+01
3.764886346870249836e+05 2.345645308911684879e+01
4.383282865892385016e+05 2.413082965134070079e+01
5.103253302293616580e+05 2.459341625863110536e+01
5.941481548001487972e+05 2.509981716334902657e+01
6.917391885951722506e+05 2.564317839267859611e+01
8.053599109455440193e+05 2.615562840562748192e+01
9.376432575338708702e+05 2.676563972195816987e+01
1.091654633475016803e+06 2.748825977455908642e+01
1.270962948021224467e+06 2.785229662310353760e+01
1.479723316980515374e+06 2.859946570681070455e+01
1.722773349313449813e+06 2.942678869350637072e+01
2.005745249159821775e+06 2.979417917043587849e+01
2.335196331038218923e+06 3.024267458001766684e+01
2.718760972650244832e+06 3.185855030451982373e+01
3.165327526495299302e+06 3.384484758158787088e+01
3.685244289872983936e+06 3.604971985679141966e+01
