2.231921257148164983e+01 1.811487684874985149e+01
2.598246243988571536e+01 1.811487293403997256e+01
3.024696110035106855e+01 1.811486762601192879e+01
3.521139145001588133e+01 1.811486042906961913e+01
4.099063319891204316e+01 1.811485066825729717e+01
4.771842125105771970e+01 1.811483742673983954e+01
5.555044040534203020e+01 1.811481945657133252e+01
6.466792798932040398e+01 1.811479505722766348e+01
7.528186779289276842e+01 1.811476190423456245e+01
8.763787235184838664e+01 1.811471681360904995e+01
1.020218665600638275e+02 1.811465540303584731e+01
1.187667041323366846e+02 1.811457160358397900e+01
1.382598700265259595e+02 1.811445693318932015e+01
1.609524470633785143e+02 1.811429937131761392e+01
1.873695542366668860e+02 1.811408150163212838e+01
2.181224982620050525e+02 1.811377713253672894e+01
2.539229195580154794e+02 1.811334408277628683e+01
2.955992600058060589e+02 1.811270399149238131e+01
3.441159335599719498e+02 1.811164644406674640e+01
4.005956433298416641e+02 1.810938409943529592e+01
4.663453615607778602e+02 1.811091260709146411e+01
5.428865737069086208e+02 1.810782932006914692e+01
6.319904864601418240e+02 1.810861479800027851e+01
7.357190144690512170e+02 1.810495464182534420e+01
8.564724942033593607e+02 1.809926015413581979e+01
9.970452290896728300e+02 1.808954289615505218e+01
1.160690151264146607e+03 1.806995160036598946e+01
1.351194096251396559e+03 1.803830221211503471e+01
1.572965432468061863e+03 1.812590934623622019e+01
1.831136073347005322e+03 1.810361026858158340e+01
2.131680232700072338e+03 1.810438600019438482e+01
2.481552671385291887e+03 1.817168934340946151e+01
2.888849634384128422e+03 1.816591988387244783e+01
3.362996202463267309e+03 1.816351551602295444e+01
3.914964393843735706e+03 1.817552314293200766e+01
4.557527062872637543e+03 1.817217772804603726e+01
5.305553471055542104e+03 1.816748352699490709e+01
6.176353370129438190e+03 1.815747034676650173e+01
7.190077559452026435e+03 1.812288587252923477e+01
8.370184186830643739e+03 1.819493962702642875e+01
9.743981583254189900e+03 1.820037871437919108e+01
1.134326019302899476e+04 1.820499949608913681e+01
1.320502822253739942e+04 1.819917410434101868e+01
1.537236803094493553e+04 1.819003615253394202e+01
1.789543308021873963e+04 1.817823964064315945e+01
2.083260851444120271e+04 1.818836368366631007e+01
2.425186222487683699e+04 1.826776173226431510e+01
2.823231766519777739e+04 1.830687533904662345e+01
3.286608481269675394e+04 1.833604726860925993e+01
3.826039164495953446e+04 1.835414337704807508e+01
4.454006545556573838e+04 1.840919985798092995e+01
5.185042142785881879e+04 1.845777811880353880e+01
6.036062531000635499e+04 1.860922223812698562e+01
7.026760800554278831e+04 1.874281515804886311e+01
8.180062266522104619e+04 1.890366916730306457e+01
9.522654973384115146e+04 1.906000046462503050e+01
1.108560727138227521e+05 1.928174219714566107e+01
1.290508675561635755e+05 1.972228821886337258e+01
1.502319720453335613e+05 2.005865283881678351e+01
1.748895288503772463e+05 2.042480048095104905e+01
2.035941277019066620e+05 2.096556478429782899e+01
2.370100091593383695e+05 2.155532216403504719e+01
2.759104355109726894e+05 2.215079948442782865e+01
3.211955844981881673e+05 2.288962129724129113e+01
3.739133799345907755e+05 2.349036083664270080e+01
4.352837412523591775e+05 2.395344899597963462e+01
5.067268131239257636e+05 2.443648263475935778e+01
5.898958284083125181e+05 2.511057963610262789e+01
6.867153648891823832e+05 2.576884190708726408e+01
7.994258810870373854e+05 2.648286198787185697e+01
9.306355617293007672e+05 2.695300690697455792e+01
1.083380672611619346e+06 2.742822885733538385e+01
1.261195821495814947e+06 2.803548025401889987e+01
1.468195750921174884e+06 2.855743775525112582e+01
1.709170555660731392e+06 2.926704908880576994e+01
1.989696528208009200e+06 3.022073431028766777e+01
2.316265197321148589e+06 3.098250301010133967e+01
2.696433545648876112e+06 3.217170285402937679e+01
3.138998882558646146e+06 3.401765146030307108e+01
3.654202418822563253e+06 3.666746997085435567e+01
