2.231896151956111396e+01 1.852300481039692315e+01
2.598162687998798148e+01 1.852298409051698158e+01
3.024535593823578239e+01 1.852295597630508084e+01
3.520878658045749887e+01 1.852291781602841780e+01
4.098674371694347940e+01 1.852286598803136286e+01
4.771289566255131120e+01 1.852279554209030721e+01
5.554284644389592529e+01 1.852269968611206608e+01
6.465773557129857352e+01 1.852256906156477001e+01
7.526842855327615212e+01 1.852239069705655794e+01
8.762039509769762446e+01 1.852214646815390253e+01
1.019993878528033804e+02 1.852181076850298780e+01
1.187380530611187908e+02 1.852134687700025140e+01
1.382236260583358671e+02 1.852070103806449453e+01
1.609068896462386249e+02 1.851979230224014827e+01
1.873126025843061200e+02 1.851849388120980677e+01
2.180516394546214940e+02 1.851659587408736840e+01
2.538351227459371273e+02 1.851372179866343259e+01
2.954908740911066047e+02 1.850910944715091233e+01
3.439825652438154862e+02 1.850087482212092382e+01
4.004320118367980399e+02 1.848205035463740842e+01
4.661451256694132326e+02 1.841828449206497709e+01
5.426421259095375262e+02 1.856509417522691407e+01
6.316927081212288613e+02 1.856489078661921965e+01
7.353569847248725182e+02 1.856634454777641707e+01
8.560331440138779726e+02 1.856245078876340315e+01
9.965129302803219389e+02 1.855765588817987322e+01
1.160046228536887838e+03 1.854153578991878248e+01
1.350416247949844546e+03 1.854308275295479902e+01
1.572027043290324855e+03 1.851503040170084446e+01
1.830005399141128464e+03 1.858723795060329564e+01
2.130319433866887266e+03 1.859149438056982007e+01
2.479916667153475828e+03 1.859023234935170521e+01
2.886884745196333370e+03 1.858576396772627248e+01
3.360638541783518122e+03 1.858271083436759596e+01
3.912137963704111371e+03 1.857110979088637137e+01
4.554141499232034221e+03 1.858831540004509009e+01
5.301501375322169224e+03 1.860547124847781930e+01
6.171507151739213441e+03 1.860397413447103432e+01
7.184285700888591236e+03 1.858717261603928961e+01
8.363266826555769512e+03 1.853949077294276293e+01
9.735725293262925334e+03 1.860040718799023196e+01
1.133341180564896422e+04 1.867986365908907942e+01
1.319328753506505745e+04 1.868459445138493891e+01
1.535837918605799132e+04 1.868286996817365875e+01
1.787877438400543906e+04 1.868664269257293853e+01
2.081278041138226035e+04 1.867226662915528124e+01
2.422827309907427480e+04 1.868331514882213185e+01
2.820426707823708421e+04 1.868627609524324029e+01
3.283274371919319674e+04 1.868230192565693670e+01
3.822077904523942561e+04 1.873884240253324407e+01
4.449302084891094273e+04 1.881032607099034948e+01
5.179457231676169613e+04 1.887908334504829355e+01
6.029434887296312809e+04 1.901035251548062988e+01
7.018898589955348871e+04 1.911903289638908987e+01
8.170738773525142460e+04 1.928174827119167389e+01
9.511602319020235154e+04 1.940876286983113985e+01
1.107250900840621471e+05 1.962818671357432265e+01
1.288956914189674717e+05 2.000471362749024351e+01
1.500481892022875545e+05 2.038602072179954661e+01
1.746719291780175117e+05 2.073533688774416817e+01
2.033365614405241795e+05 2.116897696715737354e+01
2.367052188237894443e+05 2.165362465762992983e+01
2.755498579374108813e+05 2.228996704218076275e+01
3.207691177516885800e+05 2.290905972199363561e+01
3.734091088755632518e+05 2.330820312060715338e+01
4.346876144703559694e+05 2.410021736083673005e+01
5.060222626676646760e+05 2.458496176894733409e+01
5.890633222372735618e+05 2.503216467815751045e+01
6.857318802060431335e+05 2.550827050075552549e+01
7.982642846357824747e+05 2.621365076116820703e+01
9.292638807074411307e+05 2.689457794194095186e+01
1.081761236983626615e+06 2.732967333141235500e+01
1.259284255134802777e+06 2.808174477109046308e+01
1.465939785060367780e+06 2.857184315176743894e+01
1.706508633503716439e+06 2.904421850715028341e+01
1.986556164107925026e+06 2.972646039287033304e+01
2.312561047553937882e+06 3.094165543080856651e+01
2.692065140310438350e+06 3.205245738721195181e+01
3.133847959317763802e+06 3.339470406513839862e+01
3.648129788935044315e+06 3.525667724982706375e+01
