22.316764347660826 17.455994481317667
25.974314696192984 17.455213829786985
30.23131012303686 17.454134784474373
35.18599518197047 17.452631877775584
40.952715972511776 17.45051597544916
47.66455906253836 17.44749073613584
55.476422910538005 17.443066252325323
64.56859267093716 17.436368445377102
75.15090088321932 17.42565132548563
87.46757006679367 17.40673354984684
101.8028489808534 17.365421087286748
118.48757262496517 17.161495673912402
137.90679737456887 17.597090979605742
160.50868745793926 17.597006824381204
186.81485786009074 17.596877164517696
217.43241235108388 17.59665516864337
253.06795445691137 17.596137067557382
294.5438947234589 17.595702536583914
342.8174306187611 17.597466627209474
399.00263709892795 17.597239430329026
464.3961776521937 17.59692307314921
540.5072291903089 17.596471161178975
629.0923114052573 17.595796509118294
732.1958243963945 17.595022429515424
852.1972301107278 17.59365424704411
991.8659664674993 17.592160933562987
1154.4253614960462 17.589075101145166
1343.6270225216422 17.584169147971124
1563.8374171811333 17.574231785527104
1820.1386444178686 17.584494131076994
2118.4457210871265 17.591322814675213
2465.64309095678 17.57788251703024
2869.7435065096347 17.591457806415505
3340.0729502819077 17.580238580675363
3887.485863422558 17.585100180598566
4524.615648599744 17.61223249968983
5266.166228455407 17.60691688895261
6129.2513883044985 17.604070934608252
7133.78973455827 17.610907329729525
8302.964383871786 17.61686883667683
9663.757991896036 17.611519719504326
11247.575469230946 17.59768437860255
13090.96875585403 17.60679540723098
15236.48038064368 17.597347353730516
17733.62527398338 17.595644234937758
20640.033492090282 17.62431360978726
24022.78022529326 17.624563529988425
27959.93378469544 17.634428674026815
32542.35729224426 17.59774136280054
37875.805654295094 17.66881909696809
44083.36621341907 17.750478734663975
51308.29940474267 17.75734254919115
59717.34497456241 17.809361702224315
69504.57006340107 18.052923556818445
80895.84796102409 18.178126933664473
94154.0708958225 18.362712644933175
109585.21716129055 18.627130298581765
127545.41259904284 18.89234502858727
148449.1494059516 19.271384130449505
172778.85194215068 19.667323943402188
201096.010303248 20.114265930325523
234054.1386015452 20.610371780635433
272413.8570123912 21.27053682087312
317060.44565484807 21.905545288770814
369024.2754217827 22.461004590181854
429504.5872698237 23.22758268122924
499897.168756645 23.708619009738328
581826.5665551997 24.2510684759235
677183.5783575085 24.809423258141663
788168.8894203722 25.306448385443403
917343.8608137431 25.915625939257566
1067689.641482204 26.415454243032944
1242675.968330107 27.034401295912453
1446341.242124815 27.72429089232942
1683385.7272400837 28.29061491527267
1959280.0261385888 29.199816526750148
2280391.3320088065 29.81198059253056
2654130.3732624627 30.4825007938563
3089122.4411333334 32.29248976737471
3595406.4474171577 34.345774749309