1.080362580940787739e-03 1.156190978935151747e+01 1.206891499067342011e+03
1.254004031653292370e-03 1.156191080371408120e+01 1.039773695107746789e+03
1.455554032640915540e-03 1.156191215840855335e+01 8.957966249715783533e+02
1.689498190164505885e-03 1.156191398947030180e+01 7.717560024847308568e+02
1.961043060277324786e-03 1.156191645528130962e+01 6.648912350170332957e+02
2.276232023597137694e-03 1.156191977635763379e+01 5.728239879270993242e+02
2.642079784069814152e-03 1.156192425285669678e+01 4.935052542752451359e+02
3.066728485068472704e-03 1.156193028121300337e+01 4.251697516007821491e+02
3.559628917277941548e-03 1.156193840590872668e+01 3.662966360782218089e+02
4.131750851245773529e-03 1.156194935078734254e+01 3.155756537793614598e+02
4.795827175666586215e-03 1.156196409872107900e+01 2.718779815156968311e+02
5.566637274831656712e-03 1.156198396940762585e+01 2.342311034303136523e+02
6.461335951964987216e-03 1.156201074322102151e+01 2.017971675353067553e+02
7.499835218815802985e-03 1.156204682019846786e+01 1.738543387596350840e+02
8.705247448445113667e-03 1.156209543461231348e+01 1.497807340478446179e+02
1.010439975381562452e-02 1.156216094774025294e+01 1.290405820921903626e+02
1.172843103996378845e-02 1.156224924117947594e+01 1.111722994120398909e+02
1.361348501747886020e-02 1.156236824923755080e+01 9.577821756651565011e+01
1.580151460068554559e-02 1.156252868123871913e+01 8.251573284225527516e+01
1.834121559285480790e-02 1.156274500010885475e+01 7.108968142002143509e+01
2.128911043812126841e-02 1.156303675492334904e+01 6.124577036358189019e+01
2.471080615960304441e-02 1.156343039908853143e+01 5.276491821464201593e+01
2.868245447982947435e-02 1.156396178354033388e+01 4.545837925910590371e+01
3.329244661926097915e-02 1.156467959495549103e+01 3.916354295386202011e+01
3.864338049157539645e-02 1.156565013525374397e+01 3.374031504926315250e+01
4.485434407673517115e-02 1.156696403414221841e+01 2.906799988911801336e+01
5.206356578956031211e-02 1.156874580637695438e+01 2.504261454890465544e+01
6.043149082921943360e-02 1.157116770262841676e+01 2.157457511002963102e+01
7.014435197549065415e-02 1.157447025075691549e+01 1.858670371476945959e+01
8.141831430182960849e-02 1.157899363441902452e+01 1.601251229834270973e+01
9.450428604811612898e-02 1.158522747645667295e+01 1.379472529246433332e+01
1.096935027217022796e-01 1.159389372873716617e+01 1.188400943133141396e+01
1.273240087040049262e-01 1.160609348151984754e+01 1.023788462428450607e+01
1.477881806143672427e-01 1.162358870447542714e+01 8.819797062099272722e+00
1.715414598677949265e-01 1.164940423208208742e+01 7.598348663692503280e+00
1.991124887744479266e-01 1.168932485496991092e+01 6.546713056033003575e+00
2.311148757653643249e-01 1.175661051357569420e+01 5.642420541482366048e+00
2.682608515859927212e-01 1.189527664797727269e+01 4.868791332035206310e+00
3.113771203836406820e-01 1.236006377419667679e+01 4.223911497985163521e+00
3.614232584635201917e-01 1.147805954272093665e+01 3.537939534465872615e+00
4.195130701878359569e-01 1.171948238003029452e+01 3.043506796144161530e+00
4.869393763052123347e-01 1.137892338274843773e+01 2.539869808708007159e+00
5.652027863883807290e-01 1.114482927096461928e+01 2.180944114241975207e+00
6.560450957265707705e-01 1.095730796687995223e+01 1.846887426908236707e+00
7.614880499388374524e-01 1.094749454487624796e+01 1.621255837450041870e+00
8.838783400361422959e-01 1.091804063348730303e+01 1.391310600247787299e+00
1.025939829322069397e+00 1.088091117777384298e+01 1.183632030228533250e+00
1.190834174470614348e+00 1.066725922855159325e+01 1.020164395346021990e+00
1.382231189936515392e+00 1.070704576759786164e+01 9.231814161721695333e-01
1.604390521696824834e+00 1.053149501648461062e+01 7.790305569259444729e-01
1.862256448017812094e+00 1.023882835861315144e+01 6.694977152449475000e-01
2.161567917090482460e+00 1.018198878180286826e+01 5.827666050763459227e-01
2.508986270482870484e+00 1.015735476803219761e+01 5.186277158756830152e-01
2.912243494964880330e+00 9.962023971163631586e+00 4.641964629953496679e-01
3.380314302131673720e+00 9.773120489625037877e+00 4.121622269329933697e-01
3.923615865552389614e+00 9.455100149475955007e+00 3.605818254384615673e-01
4.554239660704415549e+00 9.149909150108245015e+00 3.256863287540599505e-01
5.286220567418624228e+00 8.841502996797013125e+00 3.022000501209026191e-01
6.135849223858696355e+00 8.432375198892758661e+00 2.833896079143098934e-01
7.122034583644325068e+00 8.066840375193606860e+00 2.729574858947569904e-01
8.266724745026731824e+00 7.556870418230731801e+00 2.656214754617132190e-01
9.595395417901574575e+00 7.051897749565466889e+00 2.620566838210268701e-01
1.113761689976153946e+01 6.575934385033955998e+00 2.652180946948827223e-01
1.292771217895068325e+01 6.107840005992885679e+00 2.735670700081616058e-01
1.500552081167093021e+01 5.653041444187010711e+00 2.795851127601801656e-01
1.741728557324409365e+01 5.262786602349652121e+00 2.973789994389692271e-01
2.021668161654137919e+01 4.980582745366837649e+00 3.152998105000788254e-01
2.346601104206826349e+01 4.486724968722743512e+00 3.185723010712430692e-01
2.723758946551951965e+01 4.147540841313694493e+00 3.157716699638216107e-01
3.161535544162904188e+01 3.651721070891812193e+00 3.015187434035661029e-01
3.669673856292841663e+01 3.414475324306399884e+00 3.113370147297656598e-01
4.259482780898089516e+01 3.018004574140335627e+00 3.081690869971935864e-01
4.944088840389718342e+01 2.668536574142329254e+00 3.045289421608821101e-01
5.738728319618246587e+01 2.742615531649235550e+00 3.527085472390388277e-01
6.661086357783270273e+01 2.364597641920925142e+00 3.556147064273407765e-01
7.731690540945140810e+01 2.101498791247084608e+00 3.509809395951599686e-01
8.974367754756784166e+01 1.930779453087070774e+00 3.620804718249130416e-01
1.041677446492486041e+02 1.735801567922725885e+00 3.952445208803601062e-01
1.209101222708377037e+02 1.340137537099929999e+00 4.477815946042130180e-01
1.403434212459391688e+02 1.531657412786463501e+00 9.441894191687989490e-01
