1.081501070668445391e-03 1.266656718375076451e+01 8.939269346365149431e+02
1.257788061045541587e-03 1.266660012351239928e+01 7.686335406983598659e+02
1.462810208343940559e-03 1.266664468721119086e+01 6.609001841854953909e+02
1.701251404673465722e-03 1.266670496691904901e+01 5.682656103422546039e+02
1.978559026587633097e-03 1.266678651703053937e+01 4.886135096516974841e+02
2.301068384682850975e-03 1.266689685095589013e+01 4.201241664054997500e+02
2.676147458748775326e-03 1.266704614128022932e+01 3.612328862486000389e+02
3.112365225058102980e-03 1.266724816870084602e+01 3.105942494417815851e+02
3.619687421365046925e-03 1.266752161296652268e+01 2.670513732695259250e+02
4.209704222017759088e-03 1.266789180827063355e+01 2.296094811654400587e+02
4.895895024601601940e-03 1.266839315184220105e+01 1.974131753529299544e+02
5.693936397372291458e-03 1.266907240615732100e+01 1.697268927493341266e+02
6.622060222780033062e-03 1.266999325973147528e+01 1.459180976236114020e+02
7.701470219155025915e-03 1.267124266456242410e+01 1.254428262605923408e+02
8.956826356319589483e-03 1.267293972825238946e+01 1.078332524031287534e+02
1.041680823198238084e-02 1.267524833552132968e+01 9.268698747431542984e+01
1.211477027969125320e-02 1.267839535547165930e+01 7.965786821735228784e+01
1.408950377708544609e-02 1.268269744449404435e+01 6.844801583452077409e+01
1.638612306312458092e-02 1.268860155662162725e+01 5.880097553567469504e+01
1.905709621062369463e-02 1.269674825576031552e+01 5.049576138287988414e+01
2.216344370061849867e-02 1.270807494540905047e+01 4.334163380638588592e+01
2.577613248321893730e-02 1.272399343618562995e+01 3.717341264195894723e+01
2.997769727336700024e-02 1.274671691936747031e+01 3.184703849096137773e+01
3.486412612127488819e-02 1.277991789520960353e+01 2.723481607546069583e+01
4.054705333488210772e-02 1.283022168918811268e+01 2.321883924344998107e+01
4.715630985336899395e-02 1.291125377401736074e+01 1.967727397937015965e+01
5.484288933701404745e-02 1.305847687996181250e+01 1.643546414486964480e+01
6.378239773604946206e-02 1.345506949806482666e+01 1.277698077333542948e+01
7.417906514662678252e-02 1.285671613660231039e+01 1.261533513070603618e+01
8.627041160789564178e-02 1.138426910943207382e+01 1.251002343997834032e+01
1.003326734339975435e-01 1.138595953589353726e+01 1.074431375667866284e+01
1.166871140497940662e-01 1.138831194008563941e+01 9.223438004536438584e+00
1.357073635063325290e-01 1.139162905802948700e+01 7.912152250079352633e+00
1.578279543530485274e-01 1.139640969822461436e+01 6.779466940242910411e+00
1.835542488754164370e-01 1.140358402794497472e+01 5.797003375689925520e+00
2.134739844935937825e-01 1.141543192601237422e+01 4.933889286620071424e+00
2.482707010857677365e-01 1.144786992334189435e+01 4.081585911418906143e+00
2.887393569939589177e-01 1.143283744830810633e+01 3.686186041499726507e+00
3.358044904722110591e-01 1.150379307100228665e+01 3.043827746551721170e+00
3.905413414897248581e-01 1.128006326345427190e+01 2.635890069731374297e+00
4.542004164331318039e-01 1.156813472522838282e+01 2.445994048767484053e+00
5.282360569078399237e-01 1.146653848998973046e+01 2.082297811097000739e+00
6.143396653151733666e-01 1.148075758872683494e+01 1.843517726795457445e+00
7.144783462697352761e-01 1.168858627680791429e+01 1.599125986982093517e+00
8.309398466505424352e-01 1.130107031124423678e+01 1.361527236171892419e+00
9.663848209767280650e-01 1.123437810040865692e+01 1.145666893089473781e+00
1.123907616151402333e+00 1.105612380699906616e+01 1.006487221684258193e+00
1.307106964248920811e+00 1.106328598242308736e+01 8.777667391915294770e-01
1.520168198377858104e+00 1.087355101404323676e+01 7.527344791997525597e-01
1.767958869905691621e+00 1.089847666932995018e+01 6.624113209937014801e-01
2.056139951495868257e+00 1.077342724394442186e+01 5.886818000812895635e-01
2.391295166478024647e+00 1.067080360255119764e+01 5.063531137234134061e-01
2.781081399182498970e+00 1.028763356017318387e+01 4.399214464223468180e-01
3.234403622481440976e+00 1.005043811482099159e+01 3.951308056239740130e-01
3.761618338893711666e+00 9.915657291764912173e+00 3.522424979534860001e-01
4.374770183025505688e+00 9.571295684889321365e+00 3.203592547668632218e-01
5.087867090715443297e+00 9.089629938867901160e+00 2.920048470243616356e-01
5.917200321339555202e+00 8.639118547868147147e+00 2.736365898644639860e-01
6.881716644437238628e+00 8.206764364240147103e+00 2.700670103374714359e-01
8.003451193554228738e+00 7.767404506363185135e+00 2.633027681539800713e-01
9.308030876188864156e+00 7.155016922983952199e+00 2.609070379603504741e-01
1.082525984063753555e+01 6.736643873216408451e+00 2.672148157715847350e-01
1.258980037518969297e+01 6.133731135386218725e+00 2.815035556098168801e-01
1.464196479534960815e+01 5.616794571513216816e+00 2.945809161571895096e-01
1.702863641037096798e+01 5.166767794027079752e+00 3.093081671394919407e-01
1.980434060930878459e+01 4.933808733273577829e+00 3.296355425989740962e-01
2.303249053639124000e+01 4.398045555355619918e+00 3.378117528233090527e-01
2.678683581414466630e+01 4.180223260957506071e+00 3.492290025349710780e-01
3.115314741148996802e+01 3.679374768392869477e+00 3.204834549534611443e-01
3.623117714894665653e+01 3.162124146265261171e+00 3.205551462343647073e-01
4.213693660738114488e+01 2.760287146226256816e+00 2.861934971820546680e-01
4.900534750376105819e+01 2.668165181379642092e+00 3.036940730135402333e-01
5.699332408383257587e+01 2.407956932093079150e+00 3.229430666452403065e-01
6.628335795140469600e+01 2.504453530138048833e+00 3.454144424905298827e-01
7.708768723248329024e+01 2.156916968578924454e+00 3.344427582558243683e-01
8.965314532208648757e+01 1.694437881271328328e+00 3.086645815214245081e-01
1.042667999871739823e+02 1.613869513194488459e+00 3.790150604815168411e-01
1.212625116554286535e+02 1.334833054002968700e+00 3.718168305251011163e-01
1.410285607191532335e+02 1.056190295390211809e+00 4.188996783123819512e-01
1.640165181060348800e+02 7.889185977657149351e-01 4.258308456809671849e-01