2.218738125357550217e+01 1.589735990789291442e+01
2.554537872911800633e+01 1.589722771512502852e+01
2.941159963656880905e+01 1.589705181757477170e+01
3.386296215666561693e+01 1.589681747054221361e+01
3.898802581951448332e+01 1.589650472148901628e+01
4.488875338993101138e+01 1.589608638210670399e+01
5.168253940915070643e+01 1.589552505344189193e+01
5.950454575059696793e+01 1.589476862620502651e+01
6.851039065541679918e+01 1.589374320153688736e+01
7.887924474594839808e+01 1.589234137590095131e+01
9.081739561208129885e+01 1.589040155065182525e+01
1.045623518876926283e+02 1.588766816003194471e+01
1.203875684674580242e+02 1.588370608858985733e+01
1.386078868718788328e+02 1.587768516663739149e+01
1.595857989961879184e+02 1.586769143942264648e+01
1.837386588599572974e+02 1.584732602826939463e+01
2.115469858346367005e+02 1.575698262724885446e+01
2.435640245411247520e+02 1.592884094159612474e+01
2.804267516108308769e+02 1.592066110963094694e+01
3.228685482889316063e+02 1.590784493757531237e+01
3.717337910003301431e+02 1.588124298326373740e+01
4.279946501565585208e+02 1.585376255455965477e+01
4.927704314146470779e+02 1.588124099462455163e+01
5.673498441808884536e+02 1.586962784445611518e+01
6.532166403897396094e+02 1.586559353785578175e+01
7.520791336394833024e+02 1.584967376973836117e+01
8.659041859656829274e+02 1.577860937046829726e+01
9.969563384167917093e+02 1.574241059033111867e+01
1.147842863931838110e+03 1.553996614165402690e+01
1.321565638843881288e+03 1.608177378687556569e+01
1.521580864988981830e+03 1.615040960377181989e+01
1.751867830587653998e+03 1.616671885764091954e+01
2.017008077891488256e+03 1.628443475235558680e+01
2.322276552629441085e+03 1.619670483199974953e+01
2.673746548665340924e+03 1.623708589331167929e+01
3.078410535732847620e+03 1.669133405134262205e+01
3.544319274106759167e+03 1.680245744863447754e+01
4.080741983886856360e+03 1.711344106171195278e+01
4.698350755450382167e+03 1.734429874983025144e+01
5.409432869905559528e+03 1.743438862064479977e+01
6.228135253645963530e+03 1.773720433588629675e+01
7.170745930411164409e+03 1.805020369987960649e+01
8.256018070321637424e+03 1.787446475394573042e+01
9.505543082819705887e+03 1.852906724461387711e+01
1.094418017617316764e+04 1.876700112082252403e+01
1.260055092959633112e+04 1.899436502999389376e+01
1.450760871746440534e+04 1.903261762196418161e+01
1.670329431427421514e+04 1.919007918475776009e+01
1.923129072356372853e+04 1.977459580693948027e+01
2.214189224805612685e+04 2.001479082559283995e+01
2.549300509111526117e+04 2.013718146250808871e+01
2.935129939640474549e+04 2.024787181275377179e+01
3.379353564549503062e+04 2.039423574491489788e+01
3.890809180200137052e+04 2.095812018471242055e+01
4.479672158467305417e+04 2.111961824269648602e+01
5.157657885014782369e+04 2.145726579321214800e+01
5.938254836031726154e+04 2.189282297008842448e+01
6.836992930474894820e+04 2.207494381163641961e+01
7.871752496664658247e+04 2.255125916860500368e+01
9.063120000102475751e+04 2.277966080913063252e+01
1.043479760968870833e+05 2.308069804809658621e+01
1.201407475063046732e+05 2.352505047882086231e+01
1.383237102555001038e+05 2.385906522699951182e+01
1.592586130516915000e+05 2.403221437681560602e+01
1.833619542470295564e+05 2.430743127932576542e+01
2.111132680426962615e+05 2.453218317822006256e+01
2.430646647865845007e+05 2.437273521013889521e+01
2.798518151680834708e+05 2.538492690813767183e+01
3.222065968397138640e+05 2.602772572929012540e+01
3.709716550692215096e+05 2.646120436105220364e+01
4.271171671052359743e+05 2.724575528039942185e+01
4.917601437823111191e+05 2.771997813823697143e+01
5.661866523693621857e+05 2.794910521366013612e+01
6.518774027834420558e+05 2.893552411547302583e+01
7.505372062046886422e+05 2.987647910593837253e+01
8.641288921694265446e+05 3.074511118114885022e+01
9.949123589195031673e+05 3.155347317651069972e+01
1.145489533911678242e+06 3.297946416018985616e+01
1.318856138973097317e+06 3.429439812115607111e+01
1.518461289966826793e+06 3.755236951872076645e+01
