2.218171508575333206e+01 1.615506766295952801e+01
2.552666822169457106e+01 1.615486269508367911e+01
2.937603282619845757e+01 1.615458981160564278e+01
3.380587302311884201e+01 1.615422587077415173e+01
3.890372323644793084e+01 1.615373934267223177e+01
4.477031788598092987e+01 1.615308686407070127e+01
5.152158191722715230e+01 1.615220804404430410e+01
5.929092149878950835e+01 1.615101734615539186e+01
6.823186015179744857e+01 1.614939082238688428e+01
7.852107240177562630e+01 1.614714318873611276e+01
9.036187489844462561e+01 1.614398531795981029e+01
1.039882439885972190e+02 1.613943791705104047e+01
1.196694391299993470e+02 1.613263346260949405e+01
1.377153235057892857e+02 1.612177474038769631e+01
1.584824869756561156e+02 1.610216984992858613e+01
1.823812923543919737e+02 1.605306211998697563e+01
2.098839842535257105e+02 1.601949481528744457e+01
2.415340207181802725e+02 1.617485446897617152e+01
2.779568120539447023e+02 1.624651317581250609e+01
3.198720790448738285e+02 1.624089407734100377e+01
3.681080747631849022e+02 1.623230734203568204e+01
4.236179509961203848e+02 1.622076551738736683e+01
4.874985926934596137e+02 1.620060451746039831e+01
5.610122926076853673e+02 1.618069497167234161e+01
6.456116944215209514e+02 1.618640748184332523e+01
7.429684972434367864e+02 1.614780381286973920e+01
8.550064886770272778e+02 1.612461054331621213e+01
9.839395592035345999e+02 1.608756743488396879e+01
1.132315449048426217e+03 1.598599398165917407e+01
1.303066091977829728e+03 1.617521127760544886e+01
1.499565550827132029e+03 1.619092025088863096e+01
1.725696689577997631e+03 1.597580551891653045e+01
1.985927899435830568e+03 1.644630226434244236e+01
2.285401395028494790e+03 1.634894985642480236e+01
2.630034825474768695e+03 1.664651832652998920e+01
3.026638208175179443e+03 1.666331421954488334e+01
3.483048495957546493e+03 1.674677314488119251e+01
4.008284436647786606e+03 1.716607379966701075e+01
4.612724785118440195e+03 1.721733123694784950e+01
5.308313389316391294e+03 1.761608644488633502e+01
6.108795202805955341e+03 1.798381458656755427e+01
7.029987887476787364e+03 1.808226945320199519e+01
8.090094373334022748e+03 1.822089819360327567e+01
9.310062551607332352e+03 1.841261868045762640e+01
1.071399920877815202e+04 1.896207970292102374e+01
1.232964638093446592e+04 1.916775844786358007e+01
1.418892954129937061e+04 1.938042923512362137e+01
1.632858845321559056e+04 1.940774361278182525e+01
1.879090315435233788e+04 1.971592714018168024e+01
2.162452941771051701e+04 1.997541490884050575e+01
2.488546019828310455e+04 2.019607118828415793e+01
2.863813206372650529e+04 2.026985866449219031e+01
3.295669847230806772e+04 2.083756677091334097e+01
3.792649505832676368e+04 2.097030141394215264e+01
4.364572587930552982e+04 2.122606618685358271e+01
5.022740394549715711e+04 2.146299662153766263e+01
5.780158437690952269e+04 2.191072637987712568e+01
6.651793431542688631e+04 2.208504462014770553e+01
7.654869037394397310e+04 2.220185180061794483e+01
8.809206206223028130e+04 2.238432562242625679e+01
1.013761484418196196e+05 2.303583431169109019e+01
1.166634454037169489e+05 2.318515839976436155e+01
1.342560326335253776e+05 2.351426772788838093e+01
1.545015427593393542e+05 2.366724902735870018e+01
1.778000306338200462e+05 2.390631650888304094e+01
2.046118784886787471e+05 2.501043702131285329e+01
2.354668931688157027e+05 2.545077782728732529e+01
2.709747752090661088e+05 2.583346616423699516e+01
3.118371666243578657e+05 2.608941852115039950e+01
3.588615154797407449e+05 2.627125908977320279e+01
4.129770312066357001e+05 2.684843480133230287e+01
4.752530459451700444e+05 2.729360750605656705e+01
5.469201447359634330e+05 2.842674852310615563e+01
6.293944820976841729e+05 2.896078553590245264e+01
7.243057654902356444e+05 2.958534736671250798e+01
8.335294586217440665e+05 3.049712430872192570e+01
9.592238409423844423e+05 3.144460597867706753e+01
1.103872655627169879e+06 3.261537316238448625e+01
1.270334188779373886e+06 3.371846325629503838e+01
1.461897749668318080e+06 3.524680365033775331e+01
