2.218301097915449560e+01 1.591184073468423499e+01
2.553094690039743497e+01 1.591169910516483199e+01
2.938416476660634657e+01 1.591151126444318997e+01
3.381892345785375653e+01 1.591126203253468496e+01
3.892299110533006257e+01 1.591093116472711344e+01
4.479738210690368305e+01 1.591049160132164531e+01
5.155835629901330464e+01 1.590990706489462880e+01
5.933971985042275321e+01 1.590912872390038046e+01
6.829547341473421795e+01 1.590809048732895370e+01
7.860285995114008983e+01 1.590670222508195941e+01
9.046587253271165707e+01 1.590483968245455415e+01
1.041192915651172797e+02 1.590232858666186644e+01
1.198333313162037683e+02 1.589891513041981241e+01
1.379189877157217836e+02 1.589412634956419446e+01
1.587341932632839132e+02 1.588811319958441537e+01
1.826909008560924406e+02 1.587918531961198987e+01
2.102632367321871811e+02 1.586634657148343663e+01
2.419968838837844487e+02 1.584712915052960902e+01
2.785198816474656951e+02 1.581618679343771205e+01
3.205550552054703530e+02 1.575659027380904931e+01
3.689343209898535179e+02 1.565114455137092975e+01
4.246151511071896607e+02 1.555184778016751856e+01
4.886995226305877509e+02 1.598281245797034167e+01
5.624557267836987648e+02 1.605939054144371525e+01
6.473434696413962683e+02 1.614192732186421964e+01
7.450427611140938779e+02 1.616848337116397261e+01
8.574871639564244106e+02 1.611506713537686863e+01
9.869020608300797903e+02 1.611453908415973757e+01
1.135848696762711825e+03 1.618734924388379071e+01
1.307274868645434481e+03 1.617086246541646943e+01
1.504573264962732082e+03 1.608435589185396353e+01
1.731648610354031234e+03 1.606961687134838357e+01
1.992994943862254104e+03 1.607560682609314995e+01
2.293784560280066671e+03 1.608814557211409380e+01
2.639970374828436888e+03 1.646579515506389413e+01
3.038403737062752953e+03 1.671118571969970290e+01
3.496970025656770304e+03 1.710090909770713097e+01
4.024744707615313928e+03 1.715840938233038671e+01
4.632172950477377526e+03 1.727779530694700227e+01
5.331276342207481321e+03 1.758298152194057806e+01
6.135890809960379556e+03 1.796856208915250974e+01
7.061940446359818452e+03 1.811113204029800983e+01
8.127752662576267539e+03 1.829315867424868713e+01
9.354420905385481092e+03 1.836087692372511526e+01
1.076622211672669800e+04 1.833291669901472432e+01
1.239109719768576542e+04 1.834021184859788889e+01
1.426120398574660430e+04 1.924780475934761625e+01
1.641355368926164374e+04 1.939387460022314258e+01
1.889074337479020687e+04 1.991127873296813178e+01
2.174179900393242497e+04 2.027611650482283778e+01
2.502314570416670176e+04 2.050406410360515252e+01
2.879972447628200825e+04 2.057099584858352515e+01
3.314627743911693688e+04 2.071154479836088669e+01
3.814882704783255758e+04 2.084215843166079907e+01
4.390637856086845568e+04 2.102605147112483763e+01
5.053287944903712196e+04 2.160912330119069225e+01
5.815947452534352487e+04 2.210848741764822734e+01
6.693710142671343056e+04 2.235833054854125734e+01
7.703947781470531481e+04 2.251249904739964336e+01
8.866653941477496119e+04 2.288274670452082660e+01
1.020483969361898635e+05 2.324150012164436419e+01
1.174498901838368765e+05 2.353970454000335621e+01
1.351758294921665802e+05 2.389856125887976646e+01
1.555770282142836659e+05 2.425411996278050708e+01
1.790572456549315248e+05 2.467720141619316720e+01
2.060811778546808637e+05 2.502678458316299981e+01
2.371836543706095836e+05 2.541417045157400167e+01
2.729802230665919487e+05 2.598898423351873532e+01
3.141793323963562143e+05 2.619014421839537832e+01
3.615963522783871158e+05 2.666180578540679136e+01
4.161697110492428183e+05 2.726311870286410510e+01
4.789794678610821138e+05 2.768837777418616497e+01
5.512686880889786407e+05 2.818290973274392996e+01
6.344680447878458072e+05 2.856917608369336747e+01
7.302241330854212865e+05 2.937487730001668851e+01
8.404320578803243116e+05 3.070325341886320913e+01
9.672729397870106623e+05 3.125907432524325458e+01
1.113257081606274005e+06 3.248072241150327244e+01
1.281273649627184030e+06 3.396686800748760504e+01
1.474647853001102339e+06 3.573940835393511861e+01
