2.218418522079343091e+01 1.575452040975498491e+01
2.553482420014271170e+01 1.575443091215850089e+01
2.939153457486654020e+01 1.575431088635316890e+01
3.383075199165644165e+01 1.575414916449737390e+01
3.894045672932217883e+01 1.575392976448442539e+01
4.482191736861734910e+01 1.575362900644385178e+01
5.159169782121176695e+01 1.575320982864699815e+01
5.938396749485898596e+01 1.575260873949645557e+01
6.835316037962559221e+01 1.575169836684012381e+01
7.867703575527011139e+01 1.575013168412623799e+01
9.056020117953693216e+01 1.574560241783609627e+01
1.042381675790176132e+02 1.574940346361099230e+01
1.199820168099025750e+02 1.575319915770523949e+01
1.381037741944101924e+02 1.575134252127271317e+01
1.589625925105011675e+02 1.574875057562401359e+01
1.829718699945741776e+02 1.574500788429027764e+01
2.106074434279229877e+02 1.573917303640016918e+01
2.424170186846814090e+02 1.572717037844522991e+01
2.790310256440715762e+02 1.572232453505501226e+01
3.211751125990666083e+02 1.572996145354413144e+01
3.696845277865421053e+02 1.572981026687224215e+01
4.255206730646156643e+02 1.571234497596489810e+01
4.897901578123743889e+02 1.568350659104139311e+01
5.637667306787759571e+02 1.563639919712023740e+01
6.489165238432351543e+02 1.550587443663151710e+01
7.469271101006470417e+02 1.567848933885924367e+01
8.597409486494767634e+02 1.574435221804756324e+01
9.895938824406881622e+02 1.567048463392816160e+01
1.139059450061511143e+03 1.565415530888997964e+01
1.311099890365576357e+03 1.558653171475649302e+01
1.509124850703620723e+03 1.544431313288079544e+01
1.737058962285626421e+03 1.614808994093631966e+01
1.999419621941805644e+03 1.597292960783915738e+01
2.301406521829148005e+03 1.608429131013609492e+01
2.649004701461257810e+03 1.609404544088810596e+01
3.049103164436411134e+03 1.678639447966003928e+01
3.509631410713489458e+03 1.692305033489090604e+01
4.039716590351409195e+03 1.705056271860215134e+01
4.649864393321800890e+03 1.716072001908484879e+01
5.352167260426833309e+03 1.754162848292988031e+01
6.160544041827588444e+03 1.766445351954964593e+01
7.091015852944535254e+03 1.789824813125683889e+01
8.162023594882679390e+03 1.783696132222883790e+01
9.394793432277871034e+03 1.831589320189403480e+01
1.081375747192263952e+04 1.856895379335988849e+01
1.244703797954713627e+04 1.875060379788588705e+01
1.432700473138530833e+04 1.903123665143314014e+01
1.649091654660518907e+04 1.932145937883134224e+01
1.898165971505206471e+04 1.949791244453032846e+01
2.184859795510894037e+04 1.957999544653564072e+01
2.514855074687978049e+04 1.969010812844076952e+01
2.894691943015499419e+04 2.059244131747367135e+01
3.331898338514984061e+04 2.065073129329508461e+01
3.835139198485502129e+04 2.099220118277780855e+01
4.414388188781131612e+04 2.140940094083663681e+01
5.081125370611248218e+04 2.168562442861199457e+01
5.848564722396542493e+04 2.183835614214689258e+01
6.731916025907163566e+04 2.207841349520625585e+01
7.748686306970648002e+04 2.229076877763662878e+01
8.919026804964253097e+04 2.233295472272320481e+01
1.026613234763540531e+05 2.250436717098915906e+01
1.181670104640843638e+05 2.321159031764734237e+01
1.360146342281981197e+05 2.369301057264076604e+01
1.565579145277049101e+05 2.403325766642820582e+01
1.802039959916514345e+05 2.424776148684079402e+01
2.074215172661394754e+05 2.471087570364465336e+01
2.387498989033550606e+05 2.497835800793239613e+01
2.748100340680879308e+05 2.521500560514915890e+01
3.163165939394766465e+05 2.596860846062698158e+01
3.640921916871541180e+05 2.648423813494820678e+01
4.190836857358166599e+05 2.687535193717674886e+01
4.823809454305122490e+05 2.722066600632486200e+01
5.552384510169632267e+05 2.764085529789024420e+01
6.391001560241491534e+05 2.791349540823432918e+01
7.356281047935080715e+05 2.940087515641014804e+01
8.467353723218932282e+05 2.973904116835641531e+01
9.746239792487919331e+05 3.000773010134943064e+01
1.121828533420049585e+06 3.035988335987149611e+01
1.291266462954655988e+06 3.380263002481483881e+01
1.486295836377259344e+06 3.578005189888647664e+01
