2.217659708170619837e+01 1.591406767369318942e+01
2.550977318221060131e+01 1.591391806202565107e+01
2.934393069460793413e+01 1.591371955711076680e+01
3.375436788322457460e+01 1.591345594455351886e+01
3.882770045546162407e+01 1.591310544980816033e+01
4.466356259061529954e+01 1.591263868806926673e+01
5.137656363590316744e+01 1.591201574196356461e+01
5.909853889686417006e+01 1.591118190151246736e+01
6.798113872496197985e+01 1.591006126960460776e+01
7.819880674897264328e+01 1.590854679512845848e+01
8.995220573905716321e+01 1.590648396537330100e+01
1.034721583833883187e+02 1.590364238718979628e+01
1.190241803694676292e+02 1.589966196797525377e+01
1.369136947944242024e+02 1.589393880378870705e+01
1.574920303090729021e+02 1.588534071583391238e+01
1.811633207920999666e+02 1.587129152392725118e+01
2.083924420557207782e+02 1.584287722194535952e+01
2.397141414502085297e+02 1.577490640774472830e+01
2.757435396617980246e+02 1.589685201193662856e+01
3.171882109467072723e+02 1.582165604986171026e+01
3.648620790426131180e+02 1.592225733927210563e+01
4.197014016566496366e+02 1.590598195625848632e+01
4.827831574461412174e+02 1.596751095523588049e+01
5.553461965903650253e+02 1.591562429481952812e+01
6.388155703252558624e+02 1.585332732213211315e+01
7.348305172439925173e+02 1.585580379857553446e+01
8.452766559809153932e+02 1.599282368719434544e+01
9.723230165045519016e+02 1.600335072859848751e+01
1.118464637270020830e+03 1.603213661705065363e+01
1.286571564787907391e+03 1.586778065198594057e+01
1.479945217902484274e+03 1.620676655781339548e+01
1.702383223706249964e+03 1.623913101576036766e+01
1.958253998390530342e+03 1.625804286121169184e+01
2.252582537710788529e+03 1.626073648349496281e+01
2.591149101888699079e+03 1.631990387846792601e+01
2.980602733004333459e+03 1.618009803857532702e+01
3.428591834224177092e+03 1.610703998380785151e+01
3.943914375284713515e+03 1.715003650687676640e+01
4.536690674087513798e+03 1.732841283918865471e+01
5.218562147629490937e+03 1.733851526274377974e+01
6.002919935498774066e+03 1.767522826637248912e+01
6.905167885827971986e+03 1.795881857925850156e+01
7.943025068434164496e+03 1.799223089375048090e+01
9.136873756141629201e+03 1.830101600043812482e+01
1.051015970822395684e+04 1.835268376342403940e+01
1.208985261705328230e+04 1.828486079378131635e+01
1.390697576057762126e+04 1.807252128569362526e+01
1.599721526236708451e+04 1.917402228310741563e+01
1.840162092436704916e+04 1.964958636759270405e+01
2.116741239587458767e+04 1.993593500040315192e+01
2.434890651093208726e+04 1.999038069257968431e+01
2.800858400593442639e+04 2.068937110280188207e+01
3.221831656650669174e+04 2.116928365826449010e+01
3.706077830138450372e+04 2.139318498708692928e+01
4.263106936295446212e+04 2.159070357402674034e+01
4.903858360041893320e+04 2.180407986497307604e+01
5.640915692405744630e+04 2.201470524341544177e+01
6.488753857188799884e+04 2.225345086019168050e+01
7.464023381144701852e+04 2.232696251512379959e+01
8.585877390394867689e+04 2.273096045756595629e+01
9.876347754900556174e+04 2.330185820228876992e+01
1.136077776801832952e+05 2.375330319340554297e+01
1.306831985844743031e+05 2.391119887377005071e+01
1.503250810903599777e+05 2.434387182885204481e+01
1.729191682603029185e+05 2.464016398343109060e+01
1.989091809227865306e+05 2.489856231291381761e+01
2.288055318182831979e+05 2.533963373169992650e+01
2.631953494945497368e+05 2.586974025734848581e+01
3.027540088085532770e+05 2.617026231271787040e+01
3.482583944802852930e+05 2.725781785748488417e+01
4.006021581787871546e+05 2.770914860913055833e+01
4.608132687712917104e+05 2.833908512596634210e+01
5.300742004013668047e+05 2.873301777139522528e+01
6.097451548657601234e+05 2.950767775836198581e+01
7.013907743496195180e+05 3.004611592932646857e+01
8.068108691262413049e+05 3.071580086883616190e+01
9.280757636765942443e+05 3.143214364691015561e+01
1.067566955384091707e+06 3.198913600251099254e+01
1.228023884292713832e+06 3.432642775657001977e+01
1.412597732430559816e+06 3.672151779457423260e+01
