2.218438555699746573e+01 1.606841952023428277e+01
2.553548572911677894e+01 1.606820732426832166e+01
2.939279204946253543e+01 1.606792244269310999e+01
3.383277035054975102e+01 1.606753819317723853e+01
3.894343714155485969e+01 1.606701655099285375e+01
4.482610441546627555e+01 1.606630188277493332e+01
5.159738802105280087e+01 1.606530972168971516e+01
5.939151941288294978e+01 1.606390481981350860e+01
6.836300660668362639e+01 1.606185290856736714e+01
7.868969708984603528e+01 1.605869572912795107e+01
9.057630340509840039e+01 1.605333379064270005e+01
1.042584612972297293e+02 1.604176711308837611e+01
1.200074008700834156e+02 1.600545472653120527e+01
1.381353233531326907e+02 1.608406657791944028e+01
1.590015900646949945e+02 1.607979920991651568e+01
1.830198462595336650e+02 1.607492275202775289e+01
2.106662210814011473e+02 1.606261390300047509e+01
2.424887661733895925e+02 1.603940931282411952e+01
2.791183200536561912e+02 1.606771020193273358e+01
3.212810136279404105e+02 1.608075718642988861e+01
3.698126647435901191e+02 1.607942040637712466e+01
4.256753471374800029e+02 1.605515954212945928e+01
4.899764622345989551e+02 1.601831739981841451e+01
5.639906918696798357e+02 1.605048544248698050e+01
6.491852671146106104e+02 1.599528019461074990e+01
7.472490541316415147e+02 1.601351728624374005e+01
8.601260336397210722e+02 1.594547495522473035e+01
9.900538376786842036e+02 1.582683417210558119e+01
1.139608107610037905e+03 1.612597430825002220e+01
1.311753552691160849e+03 1.622866797899771996e+01
1.509902721389454200e+03 1.624368723775497259e+01
1.737983650497523513e+03 1.620971800261515838e+01
2.000517733100759415e+03 1.618333096161698492e+01
2.302709349023478808e+03 1.628645748597076093e+01
2.650549034554879199e+03 1.611720516464282227e+01
3.050932236653792188e+03 1.664771515716986983e+01
3.511796005772248463e+03 1.690557462585491066e+01
4.042276337046480421e+03 1.689941834056837422e+01
4.652889278929720604e+03 1.737595275651249693e+01
5.355739399498208513e+03 1.760891081262735014e+01
6.164759742990369887e+03 1.789323663878506920e+01
7.095988033390011879e+03 1.807371935699031695e+01
8.167884600412546206e+03 1.817682226448750882e+01
9.401698330342947884e+03 1.824243260827325486e+01
1.082188789620128227e+04 1.878653741396159660e+01
1.245660661754883404e+04 1.901195242549234621e+01
1.433826056161868291e+04 1.928835319635798484e+01
1.650415094936378955e+04 1.960821640748515904e+01
1.899721360124558487e+04 1.968716156421034569e+01
2.186687008126655564e+04 1.984288546199171321e+01
2.517000741201536584e+04 2.015100849425474649e+01
2.897210578223792982e+04 2.033420058585899426e+01
3.334853660219781159e+04 2.065922748358607919e+01
3.838605663900146465e+04 2.073700747708325665e+01
4.418452785108175885e+04 2.092707369648096005e+01
5.085889701521066308e+04 2.114355889070862560e+01
5.854147438944460737e+04 2.118287615724179673e+01
6.738455658338470676e+04 2.188101275266497581e+01
7.756344563057483174e+04 2.198734295541676076e+01
8.927992411202641961e+04 2.243791214578510917e+01
1.027662552204506064e+05 2.267860048240111581e+01
1.182897870610105747e+05 2.364383106208356011e+01
1.361582524625720980e+05 2.401649974006883781e+01
1.567258693609751645e+05 2.423059248796153398e+01
1.804003626860991353e+05 2.460784246991881119e+01
2.076510469520461629e+05 2.489990506047657703e+01
2.390181297767614888e+05 2.513566712249313184e+01
2.751234207606668933e+05 2.601714748564685920e+01
3.166826580132089439e+05 2.642232172686457048e+01
3.645196966838847147e+05 2.677790075520462665e+01
4.195828407660042867e+05 2.704734650387803185e+01
4.829636419289088808e+05 2.754913760073409890e+01
5.559185380398284178e+05 2.809750072543175747e+01
6.398937603295426816e+05 2.892324055164840502e+01
7.365540029524008278e+05 2.899327000973356050e+01
8.478154232755979756e+05 3.055194984828782623e+01
9.758836270833933959e+05 3.107389770056312983e+01
1.123297391701095970e+06 3.260558241048600792e+01
1.292978993790064938e+06 3.316606031937233467e+01
1.488292139493567869e+06 3.455464537440091988e+01
