2.217281372680451668e+01 1.593761114189607042e+01
2.549728721747306537e+01 1.593714270408469602e+01
2.932021454112523884e+01 1.593650635632189072e+01
3.371633120830534125e+01 1.593563336262349850e+01
3.877157817360630077e+01 1.593441880541508837e+01
4.458478192021593145e+01 1.593269398395189640e+01
5.126958644738395066e+01 1.593016666878994059e+01
5.895667492979058721e+01 1.592627127662422026e+01
6.779632448067772543e+01 1.591970028087150268e+01
7.796134396254475973e+01 1.590623339921564039e+01
8.965045227751932089e+01 1.581898332224410275e+01
1.030921631805771739e+02 1.597339507359515132e+01
1.185492525609467691e+02 1.597094265743001884e+01
1.363238955238738015e+02 1.596724996825804332e+01
1.567635736990398243e+02 1.596090389607146598e+01
1.802678682593147528e+02 1.593467527479008794e+01
2.072962714485292395e+02 1.596928916189860992e+01
2.383771693280779687e+02 1.596016233207562607e+01
2.741181713486641911e+02 1.594325106409391246e+01
3.152179886829663360e+02 1.592721233208393095e+01
3.624800935321827069e+02 1.590120084408919787e+01
4.168284264361847136e+02 1.591848503882203403e+01
4.793254586540207356e+02 1.591610643858384400e+01
5.511929627214663014e+02 1.595856335680716320e+01
6.338358972352473302e+02 1.590777311724683685e+01
7.288698727944859002e+02 1.590417006044467563e+01
8.381527360389893602e+02 1.599566681237338628e+01
9.638208892298698629e+02 1.607407255201882279e+01
1.108331055394471605e+03 1.603460252798921815e+01
1.274508305514483027e+03 1.598680724773150885e+01
1.465601286654609339e+03 1.592200644579219393e+01
1.685345730702448463e+03 1.587325521063355183e+01
1.938037485270269826e+03 1.593146778785230921e+01
2.228616494460886315e+03 1.642044872131346978e+01
2.562763371261876728e+03 1.640450935336450655e+01
2.947010449489792336e+03 1.641277308220835707e+01
3.388869486270866673e+03 1.618841201834491983e+01
3.896978511550929397e+03 1.693481643112047053e+01
4.481270695438008261e+03 1.716403079626387296e+01
5.153168534614075725e+03 1.717389974388973073e+01
5.925807154022203576e+03 1.707710138679990663e+01
6.814291089218279922e+03 1.754777788441640496e+01
7.835989569299720642e+03 1.825799629547401892e+01
9.010876072982373444e+03 1.832471817264496394e+01
1.036191879590550525e+04 1.870469453404814075e+01
1.191552966252295482e+04 1.878896723316788098e+01
1.370208066044365114e+04 1.886062948794017302e+01
1.575649759119067494e+04 1.916181657642174230e+01
1.811894284478390182e+04 1.960866569817373772e+01
2.083560054590388972e+04 1.984082585514224917e+01
2.395957942068602642e+04 2.008960186833053285e+01
2.755195103454875789e+04 2.046129864203719961e+01
3.168294369786715833e+04 2.097157602228300632e+01
3.643331537949869380e+04 2.125026756270822403e+01
4.189593246764423384e+04 2.175234803774211301e+01
4.817758524169637531e+04 2.204007646448658164e+01
5.540107554625894409e+04 2.226662887539513136e+01
6.370761747987965646e+04 2.246258060142365309e+01
7.325959803025407018e+04 2.290154368711316835e+01
8.424375162435513630e+04 2.317781983843487126e+01
9.687481065368643613e+04 2.332066139658116555e+01
1.113997033398312487e+05 2.348584514945292057e+01
1.281023810055846552e+05 2.382175146879827210e+01
1.473093691213849816e+05 2.438353793496203181e+01
1.693961506460557575e+05 2.477998184271201865e+01
1.947945064516303246e+05 2.500243804386681035e+01
2.240009563323436887e+05 2.539076201531537791e+01
2.575864656135152036e+05 2.557277449117023593e+01
2.962076071176225087e+05 2.583572767157712136e+01
3.406193966960672988e+05 2.588197112300317926e+01
3.916900532521483256e+05 2.603342560352883339e+01
4.504179718031956581e+05 2.824141655316861232e+01
5.179512413931629853e+05 2.891296218148509212e+01
5.956100894169855164e+05 2.932459220444984638e+01
6.849126911272855941e+05 3.002424763831299614e+01
7.876048488809269620e+05 3.075254665007133426e+01
9.056941213335848879e+05 3.144722825306359937e+01
1.041489069783808314e+06 3.290892580365029119e+01
1.197644388904702384e+06 3.489920275662259996e+01
1.377212804136927240e+06 3.790327235150809315e+01
