2.215795574869745721e+01 1.665366087089022429e+01
2.544827923651427426e+01 1.665357528087204031e+01
2.922719602135106953e+01 1.665346218811302492e+01
3.356725927640701457e+01 1.665331266659570630e+01
3.855179588580480754e+01 1.665311482074460869e+01
4.427650627602388056e+01 1.665285273210863082e+01
5.085130181270301364e+01 1.665250496141274539e+01
5.840241503984420035e+01 1.665204231140779001e+01
6.707482327687759494e+01 1.665142410410032880e+01
7.703503210534975665e+01 1.665058995288024946e+01
8.847427218668509852e+01 1.664941424353605726e+01
1.016121707882047929e+02 1.664804496159480252e+01
1.167009685087317195e+02 1.664634416834351427e+01
1.340303621626486574e+02 1.664368334015170703e+01
1.539330668031830669e+02 1.663998714321768801e+01
1.767912036727794032e+02 1.663470597371780357e+01
2.030436367257764800e+02 1.662669766343594091e+01
2.331943985806845490e+02 1.661110305775796903e+01
2.678223676758229885e+02 1.659353459322057489e+01
3.075923824245107312e+02 1.659923907271153709e+01
3.532680057556203224e+02 1.657408431863572318e+01
4.057261851118206550e+02 1.650767869422758949e+01
4.659740893696045418e+02 1.659363119842988610e+01
5.351684459409227657e+02 1.649965183972132365e+01
6.146377493183947536e+02 1.672696978706956372e+01
7.059077674562390712e+02 1.667278455055852504e+01
8.107308356957416891e+02 1.662725924466885985e+01
9.311195006628997817e+02 1.665715418537840620e+01
1.069385160083015535e+03 1.666415179609639452e+01
1.228182440375928991e+03 1.674667345943425900e+01
1.410560164057890916e+03 1.684662199878680511e+01
1.620019885496825964e+03 1.682332626643212237e+01
1.860583118876053732e+03 1.676246544933753668e+01
2.136868549107279705e+03 1.683607512548793750e+01
2.454180708100918309e+03 1.696498183155117445e+01
2.818611818930537083e+03 1.698033374014878305e+01
3.237158763244675356e+03 1.718588961598993592e+01
3.717857417637559593e+03 1.732024178584861929e+01
4.269936938164895764e+03 1.747677095533799374e+01
4.903996955184581566e+03 1.763977260086302934e+01
5.632211080568170473e+03 1.767418376627256649e+01
6.468560634512239631e+03 1.810194071124548643e+01
7.429103079378974144e+03 1.856045374098903622e+01
8.532280314351553898e+03 1.880655296022717238e+01
9.799272749996174753e+03 1.906027705294280494e+01
1.125440596077221926e+04 1.939591099305778243e+01
1.292561772300038683e+04 1.947515832229989741e+01
1.484499440516699360e+04 1.972085346822483842e+01
1.704938700897032322e+04 1.982328362090076013e+01
1.958111868876625158e+04 2.012937496533121262e+01
2.248879733340673192e+04 2.022314908865406835e+01
2.582824881160593213e+04 2.040491112594077805e+01
2.966358879864419578e+04 2.037174490171575059e+01
3.406845376290680724e+04 2.097594670128956551e+01
3.912741474653827026e+04 2.173859798781813879e+01
4.493760108404157654e+04 2.195785418570825342e+01
5.161056523334745725e+04 2.212078854089250513e+01
5.927442452310920635e+04 2.228570664205679819e+01
6.807632093662091938e+04 2.293766013047719454e+01
7.818524615888948028e+04 2.325704772070209714e+01
8.979528612624773814e+04 2.364882695150766523e+01
1.031293473721184127e+05 2.403040145601842781e+01
1.184434367127674341e+05 2.424483341809215631e+01
1.360315764407146780e+05 2.452974446613632864e+01
1.562314493948765739e+05 2.473432057869778333e+01
1.794308822897565260e+05 2.513797969425337087e+01
2.060752917801214207e+05 2.552489711835537989e+01
2.366762362216092297e+05 2.583455617335984300e+01
2.718212373164788587e+05 2.620145449256478187e+01
3.121850602148258477e+05 2.693038071913434450e+01
3.585426686431542039e+05 2.747200949555491789e+01
4.117841037918115617e+05 2.773788825697870664e+01
4.729315726279399241e+05 2.845505993810308354e+01
5.431590737203781027e+05 2.957420430449114690e+01
6.238149373818102758e+05 3.007158797411267415e+01
7.164477128867886495e+05 3.007883326327231899e+01
8.228358997863227269e+05 3.170709585263244890e+01
9.450220941443009069e+05 3.219751817786900716e+01
1.085352205285154982e+06 3.319650952826992096e+01
1.246520495993263787e+06 3.676754800636052067e+01
