2.217059904548629845e+01 1.554347924797059122e+01
2.548997953408056816e+01 1.554323331282364862e+01
2.930633742980104373e+01 1.554290787018303988e+01
3.369408015416583169e+01 1.554247706568344434e+01
3.873875540247128413e+01 1.554190652396817285e+01
4.453871906477784393e+01 1.554115045437304055e+01
5.120705286790547461e+01 1.554014770800121958e+01
5.887376912665020967e+01 1.553881635649601911e+01
6.768834559019386177e+01 1.553704614862309974e+01
7.782263980553481986e+01 1.553468785133798669e+01
8.947423981920172764e+01 1.553153788683426484e+01
1.028703165457856841e+02 1.552731560259974941e+01
1.182720529128107501e+02 1.552162828462539323e+01
1.359797361368551378e+02 1.551390023846959920e+01
1.563386124148855458e+02 1.550340747544718312e+01
1.797456181795550378e+02 1.548881457105387938e+01
2.066571191575585544e+02 1.546823054498904071e+01
2.375978081192471620e+02 1.543839238033078232e+01
2.731709347986708281e+02 1.539323521918450943e+01
3.140700674365131704e+02 1.531960880833059235e+01
3.610926152603841501e+02 1.517950494218012736e+01
4.151553755498865712e+02 1.465935006753239378e+01
4.773124084071417315e+02 1.574597593111977645e+01
5.487755877366678305e+02 1.628789070491201940e+01
6.309382291164822618e+02 1.627084278639477333e+01
7.254022552323598347e+02 1.629944509734524161e+01
8.340094285189470611e+02 1.625172750216986017e+01
9.588772599496485327e+02 1.619800429321193036e+01
1.102440294087943585e+03 1.624160080155053265e+01
1.267497575333605937e+03 1.614470607070053987e+01
1.457267220811880861e+03 1.621249291617082378e+01
1.675449163911689084e+03 1.622065864879444419e+01
1.926297291781842887e+03 1.626304274562562568e+01
2.214702383247984471e+03 1.647066286394744239e+01
2.546287464188467311e+03 1.679829865972411440e+01
2.927517439510228087e+03 1.671551255805815828e+01
3.365825139216164189e+03 1.686226180884272097e+01
3.869756236080630970e+03 1.740273496059242220e+01
4.449135860388852961e+03 1.754392365765645678e+01
5.115260160223075218e+03 1.775140867572915226e+01
5.881116542140950514e+03 1.804512122763680182e+01
6.761636886272384800e+03 1.821589635092652770e+01
7.773988672762400711e+03 1.851148033947669092e+01
8.937909695644008025e+03 1.851220137099939222e+01
1.027609289004796665e+04 1.912544687891018214e+01
1.181462877571462377e+04 1.932020106152793915e+01
1.358351414311635563e+04 1.974959601673836573e+01
1.561723690002960757e+04 1.992136799085883681e+01
1.795544848129343154e+04 2.006310261929524685e+01
2.064373693170854676e+04 2.011508098824727497e+01
2.373451573485220797e+04 2.067497235455472904e+01
2.728804571727916482e+04 2.087009085180887880e+01
3.137360995214569994e+04 2.117611652196518790e+01
3.607086456931949942e+04 2.147439847419443382e+01
4.147139180868164112e+04 2.160574867455639492e+01
4.768048559645695786e+04 2.191060278796816618e+01
5.481920445790341182e+04 2.197860826126532530e+01
6.302673179194134718e+04 2.242905101361056097e+01
7.246308952592992864e+04 2.277791983295795220e+01
8.331225805864043650e+04 2.324538050591507243e+01
9.578576332086668117e+04 2.357009809642626408e+01
1.101268008904908493e+05 2.401678564416534556e+01
1.266149775697594741e+05 2.436330411429552001e+01
1.455717628711664001e+05 2.460347396926355756e+01
1.673667566994092776e+05 2.485274329851296216e+01
1.924248954302357160e+05 2.538500872965324007e+01
2.212347368828938925e+05 2.574455076180338153e+01
2.543579857180611289e+05 2.598347991135990043e+01
2.924404449776619440e+05 2.626264099089414117e+01
3.362246072884364403e+05 2.631277825089166811e+01
3.865641312196007348e+05 2.714622492188193092e+01
4.444404850397281116e+05 2.812519196353258977e+01
5.109820823757095495e+05 2.853547369979150616e+01
5.874862828611950390e+05 2.912340979770736027e+01
6.754446867205284070e+05 3.056952600046084356e+01
7.765722164559618104e+05 3.101843464871789990e+01
8.928405526429859456e+05 3.118509772494783050e+01
1.026516575730519369e+06 3.170999683588469864e+01
1.180206563344642287e+06 3.190749119863077254e+01
1.356907004809468985e+06 3.261964184806038958e+01
