2.216313901288878441e+01 1.622480162298004913e+01
2.546537100137759424e+01 1.622440181914942414e+01
2.925962427346966166e+01 1.622387126301583748e+01
3.361920831934084219e+01 1.622316599362342870e+01
3.862835549272790558e+01 1.622222633510069656e+01
4.438384848027909868e+01 1.622097053310341153e+01
5.099689025827742483e+01 1.621928520067311297e+01
5.859525266652669728e+01 1.621701044775764444e+01
6.732574511240557058e+01 1.621391566112984606e+01
7.735705110339084456e+01 1.620965771612216599e+01
8.888298741323509944e+01 1.620370329126188125e+01
1.021262488527695780e+02 1.619516905409191310e+01
1.173427109987617598e+02 1.618243766870043032e+01
1.348263740146715293e+02 1.616179430864983146e+01
1.549150430838085981e+02 1.612845050132338187e+01
1.779968552076227866e+02 1.604966676000437431e+01
2.045177784746384475e+02 1.595251616078024171e+01
2.349902286948381516e+02 1.637007722619361871e+01
2.700029698831293672e+02 1.635535510774676382e+01
3.102324898810205696e+02 1.633246588760470175e+01
3.564560709070598250e+02 1.628833508300012767e+01
4.095668075746319232e+02 1.618698370863135239e+01
4.705908625430938628e+02 1.632220250227792846e+01
5.407072932019743803e+02 1.627660871671701059e+01
6.212708324633756547e+02 1.625594690528210862e+01
7.138380638146094270e+02 1.605204136929826220e+01
8.201974963642444436e+02 1.650999113640278892e+01
9.424041209672553805e+02 1.652025209346595602e+01
1.082819115094755489e+03 1.655180674658986817e+01
1.244155463593658169e+03 1.645274207278939116e+01
1.429530376783655583e+03 1.680301987067491609e+01
1.642525518671553527e+03 1.689740434187335794e+01
1.887256208963758809e+03 1.687227948506540542e+01
2.168450935942189062e+03 1.699800859169503653e+01
2.491542716487017515e+03 1.712522579559015057e+01
2.862774068430667285e+03 1.730958654639369954e+01
3.289317623433881181e+03 1.743277566134585754e+01
3.779414710768242912e+03 1.774401896641887433e+01
4.342534589608787428e+03 1.795189922185580045e+01
4.989557406394168538e+03 1.806110901314432837e+01
5.732984412208380490e+03 1.820241640217718526e+01
6.587179501834119947e+03 1.833262848253214727e+01
7.568646741299819951e+03 1.842129052310367499e+01
8.696349246082971149e+03 1.857969865353653560e+01
9.992075571076258711e+03 1.861262525628261599e+01
1.148086069140677500e+04 1.874265457456595030e+01
1.319146970795897141e+04 1.962374206692028977e+01
1.515695362336781909e+04 1.975605345519712941e+01
1.741528792673610224e+04 1.998725988517238150e+01
2.001010632529267968e+04 2.018388822958438666e+01
2.299154379956095727e+04 2.044899539565054170e+01
2.641720527086694347e+04 2.075172287637254698e+01
3.035327859699646797e+04 2.110591660837649286e+01
3.487581340040247596e+04 2.122363932975757450e+01
4.007219043744585360e+04 2.147783423239823009e+01
4.604280989863297145e+04 2.143864062646152036e+01
5.290303125981988705e+04 2.165775040254443695e+01
6.078540216461847012e+04 2.251756249965588452e+01
6.984221940266534511e+04 2.305686605528610045e+01
8.024847146490306477e+04 2.310420439130574621e+01
9.220521952954438166e+04 2.354953495650453732e+01
1.059434822033933160e+05 2.402536494218395191e+01
1.217286990763501526e+05 2.437382184414645536e+01
1.398658593302873778e+05 2.464427414050659593e+01
1.607053944931249716e+05 2.490078227707611447e+01
1.846499491931290831e+05 2.505206359624818546e+01
2.121621607324685901e+05 2.564485581111151191e+01
2.437735977906503249e+05 2.567567003881465837e+01
2.800950309642250068e+05 2.597920192308995624e+01
3.218282335818206193e+05 2.630525533638138569e+01
3.697795408002930344e+05 2.766151931179885537e+01
4.248754289598771138e+05 2.820655065360833902e+01
4.881804162100261310e+05 2.869624369957821841e+01
5.609176302673413884e+05 2.947210319976384696e+01
6.444924406991570722e+05 3.019302234138948293e+01
7.405196123366367538e+05 3.098908201141550478e+01
8.508545044536469504e+05 3.135478883028089570e+01
9.776289185166840907e+05 3.179650090928779704e+01
1.123292287127064075e+06 3.376908228249421740e+01
1.290658999974762322e+06 3.738724616208695295e+01
