2.217695776678672104e+01 1.616661769893314116e+01
2.551096367309323298e+01 1.616617759413330191e+01
2.934619231248056437e+01 1.616554154989115943e+01
3.375799574946719162e+01 1.616457374001620195e+01
3.883305421318276274e+01 1.616294083959657968e+01
4.467107913383135553e+01 1.615931455839518094e+01
5.138677220767259257e+01 1.615272078115073384e+01
5.911207898094833268e+01 1.617042698361024833e+01
6.799878122969839467e+01 1.616915275246110184e+01
7.822147906884873692e+01 1.616743493080706884e+01
8.998102138110157000e+01 1.616510338561157312e+01
1.035084519644512682e+02 1.616190833490044199e+01
1.190695489296517451e+02 1.615746828868916296e+01
1.369700465347491161e+02 1.615116597842929025e+01
1.575616420518693985e+02 1.614191087038415873e+01
1.812489056852527369e+02 1.612748007546893803e+01
2.084972293020848610e+02 1.610197318409202083e+01
2.398419701475923773e+02 1.603332611071390446e+01
2.758989691941358160e+02 1.606434321795194364e+01
3.173766507819474896e+02 1.611201339835697510e+01
3.650899412773420636e+02 1.619118573709543085e+01
4.199762802130959471e+02 1.612914756919579773e+01
4.831140384874121878e+02 1.607661072386466117e+01
5.557437054902006821e+02 1.613070912847670968e+01
6.392922614274770012e+02 1.634994980007114762e+01
7.354012136953732579e+02 1.635080486432175917e+01
8.459588481441039676e+02 1.631172652895862285e+01
9.731373288836359734e+02 1.625359159406556486e+01
1.119435375543778946e+03 1.631267584928135506e+01
1.287727356483605490e+03 1.631382788959145103e+01
1.481319762501469768e+03 1.643541062821852705e+01
1.704016170604159925e+03 1.642001996416149723e+01
1.960191974200832874e+03 1.645824542976010463e+01
2.254880347971728042e+03 1.634070173449291374e+01
2.593871136393177949e+03 1.646176547466994222e+01
2.983824608816003547e+03 1.708233288413429563e+01
3.432402316082687321e+03 1.707954644606641637e+01
3.948417619668573025e+03 1.739208314806347033e+01
4.542008850845233610e+03 1.755288451785432002e+01
5.224838501984015238e+03 1.765251153128581763e+01
6.010322363580254205e+03 1.776616723393429709e+01
6.913893108932586983e+03 1.797864250657028506e+01
7.953303505216758822e+03 1.834362508780486678e+01
9.148975208246880356e+03 1.845163348883555088e+01
1.052439999381549933e+04 1.872014011409345358e+01
1.210660130874351671e+04 1.899975201668081937e+01
1.392666520989317178e+04 1.895076935845805011e+01
1.602035112268665034e+04 1.918517451398635743e+01
1.842879441891431270e+04 1.996863837071687087e+01
2.119931461762194886e+04 2.021150605796657729e+01
2.438634508807958991e+04 2.037222554080278769e+01
2.805250252102790546e+04 2.064522482392924729e+01
3.226981718047394679e+04 2.083682287772330710e+01
3.712114810721900722e+04 2.093721830068459866e+01
4.270181107911225263e+04 2.117167587316753341e+01
4.912145131312857848e+04 2.154393577118416658e+01
5.650619770289670851e+04 2.201492506603618082e+01
6.500114091672767972e+04 2.219095932100460544e+01
7.477318404419368017e+04 2.231480520284411284e+01
8.601432179889691179e+04 2.278888938150000243e+01
9.894541270506058936e+04 2.314019833286198846e+01
1.138205183813972108e+05 2.340428937447867597e+01
1.309318951776669128e+05 2.382873421228237731e+01
1.506157362363360007e+05 2.450857817433792363e+01
1.732587767956095049e+05 2.486966572211137816e+01
1.993058925105122034e+05 2.495831115533460931e+01
2.292688400788619765e+05 2.544554464673306171e+01
2.637363119022401515e+05 2.576197347574996144e+01
3.033855023293619743e+05 2.587115267143820674e+01
3.489954127278348897e+05 2.717484721250731639e+01
4.014621567936540232e+05 2.757821323378820111e+01
4.618165668071483960e+05 2.775521912238750843e+01
5.312444467515812721e+05 2.866543209215301147e+01
6.111098702144378331e+05 2.943430595343691536e+01
7.029819808133279439e+05 3.013642245389887009e+01
8.086658217037493596e+05 3.081186708796652596e+01
9.302377998867223505e+05 3.164026740398750448e+01
1.070086482095818501e+06 3.306343050688016660e+01
1.230959523794501554e+06 3.505816744519099615e+01
1.416017653314029798e+06 3.685030425407909860e+01
