2.217675299029038882e+01 1.613274358366186334e+01
2.551028777691237082e+01 1.613254875513810305e+01
2.934490828056805256e+01 1.613229025340358902e+01
3.375593601787181797e+01 1.613194696288063312e+01
3.883001458202541301e+01 1.613149052850726406e+01
4.466681153922168335e+01 1.613088268670909642e+01
5.138097614838135030e+01 1.613007146158505378e+01
5.910439135872412919e+01 1.612898561800835751e+01
6.798876432002691672e+01 1.612752632825117516e+01
7.820860628965536421e+01 1.612555415361710587e+01
8.996466046917996096e+01 1.612286762796063755e+01
1.034878451018424528e+02 1.611916546049093313e+01
1.190437892831471629e+02 1.611397279264848947e+01
1.369380505792176166e+02 1.610647293929147494e+01
1.575221169399641781e+02 1.609499469583789732e+01
1.812003107996158064e+02 1.607347538712868484e+01
2.084377309783812962e+02 1.605736587018677142e+01
2.397693883840082094e+02 1.602192990054604849e+01
2.758107149612178546e+02 1.585977727862634090e+01
3.172696523110115550e+02 1.612445508295272134e+01
3.649605574304976017e+02 1.616869276660860777e+01
4.198201987166759181e+02 1.622593104567361522e+01
4.829261564356136773e+02 1.620201526594887298e+01
5.555179890881488518e+02 1.609459461192014373e+01
6.390215814323670429e+02 1.616027486341844366e+01
7.350771524187798605e+02 1.623420077414179019e+01
8.455714731839474325e+02 1.628425461408174613e+01
9.726749279443449723e+02 1.630278573238929596e+01
1.118884145758924660e+03 1.623934866323437376e+01
1.287071040554579440e+03 1.628248859750252464e+01
1.480539222682997433e+03 1.628699089942138656e+01
1.703088890072669528e+03 1.612784844933963058e+01
1.959091473600219160e+03 1.664983506771066502e+01
2.253575502902443077e+03 1.668577244847248409e+01
2.592325379247891306e+03 1.686012920384866121e+01
2.981994995613705214e+03 1.707192433432617662e+01
3.430238435749563450e+03 1.705944602394121645e+01
3.945860319484544107e+03 1.716732118651493622e+01
4.538988747433942990e+03 1.756046940354570296e+01
5.221274242171675724e+03 1.768506770040385589e+01
6.006118593569428413e+03 1.780995284282060354e+01
6.908938103396081715e+03 1.799235844267101214e+01
7.947466399958369038e+03 1.833114653225712942e+01
9.142102770817980854e+03 1.844832186287094089e+01
1.051631285570903856e+04 1.855718515357720122e+01
1.209708957026480857e+04 1.850879078107335118e+01
1.391548331424597745e+04 1.926002648473365042e+01
1.600721187888330678e+04 1.931451524644036155e+01
1.841336203343699162e+04 2.004891382077830286e+01
2.118119657188366909e+04 2.026704761000717525e+01
2.436508267214220541e+04 2.041455118010839698e+01
2.802755980313012333e+04 2.068863870508140934e+01
3.224056815601068229e+04 2.077832653832928855e+01
3.708686172908579465e+04 2.111657569794579103e+01
4.266163382284882391e+04 2.121945556697276203e+01
4.907438687397675676e+04 2.176954232664822442e+01
5.645108335646775231e+04 2.193120709316057315e+01
6.493661999899039802e+04 2.219317307051493771e+01
7.469767391824824153e+04 2.242454999741728727e+01
8.592597657352188253e+04 2.277725455006601507e+01
9.884207985102651583e+04 2.288652643039355894e+01
1.136996882533803582e+05 2.369022757760674480e+01
1.307906422891972761e+05 2.394897423562646210e+01
1.504506509490115859e+05 2.431388916073509066e+01
1.730658858676687232e+05 2.450677403534022147e+01
1.990805666989884921e+05 2.445356856521105371e+01
2.290056866983888322e+05 2.473281260862873410e+01
2.634290499056885601e+05 2.585522551113228218e+01
3.030268170834113844e+05 2.609410567740790299e+01
3.485767872016319307e+05 2.672894146872917176e+01
4.009736753508716356e+05 2.751336899182674856e+01
4.612466871793855680e+05 2.793122558991253968e+01
5.305797350606436376e+05 2.847311701350260549e+01
6.103346930869927164e+05 2.859714961359141228e+01
7.020781476756121265e+05 2.906937053879356725e+01
8.076121692354168044e+05 3.054237771046991412e+01
9.290097093272523489e+05 3.057857132220020446e+01
1.068655318605936598e+06 3.153580746771552512e+01
1.229291985346157569e+06 3.418808815002895329e+01
1.414075014577767346e+06 3.814971588676702652e+01
