1.073347610239891708e-03 4.972085522029804139e+00 1.602890896046416174e+02
1.230802574575480968e-03 4.972064208102489502e+00 1.397807979546601871e+02
1.411355429619915586e-03 4.972036171350100453e+00 1.218957058285550943e+02
1.618394525543347551e-03 4.971999286742063262e+00 1.062981717900683947e+02
1.855805267291202928e-03 4.971950754267458805e+00 9.269548374243893818e+01
2.128043030144028368e-03 4.971886882100730709e+00 8.083236564577191530e+01
2.440216771641471900e-03 4.971802798431959047e+00 7.048618673152525105e+01
2.798184908975881978e-03 4.971692067010005545e+00 6.146278328041736927e+01
3.208665261141300292e-03 4.971546172287193421e+00 5.359281451974889876e+01
3.679361119070245767e-03 4.971353825746477106e+00 4.672858418851561879e+01
4.219105809656995866e-03 4.971100024902940895e+00 4.074126803569616584e+01
4.838028466632159422e-03 4.970764764870864383e+00 3.551849507660524097e+01
5.547744119232230278e-03 4.970321253810138451e+00 3.096223699208105984e+01
6.361571665968425264e-03 4.969733405209508348e+00 2.698696570382295690e+01
7.294783824105603200e-03 4.968952250123974679e+00 2.351804396638741679e+01
8.364893745535128405e-03 4.967910690043801480e+00 2.049031780466915365e+01
9.591983677826364588e-03 4.966515615434929920e+00 1.784688273030012340e+01
1.099908183828358227e-02 4.964635681767358477e+00 1.553799767082843175e+01
1.261259457362576969e-02 4.962081610043311386e+00 1.352012087865592882e+01
1.446280191542591471e-02 4.958572951961927266e+00 1.175503938141068083e+01
1.658442583116474800e-02 4.953678829847585341e+00 1.020905432942694624e+01
1.901728183499806768e-02 4.946704810388483864e+00 8.852159442016338531e+00
2.180702618670928017e-02 4.936457308221960716e+00 7.657079797539297239e+00
2.500601270117699601e-02 4.920692177107148346e+00 6.597820679426637192e+00
2.867427524769641106e-02 4.894587175032319770e+00 5.646555939554204429e+00
3.288065437725521539e-02 4.845167367354504151e+00 4.763421044685938632e+00
3.770408922064621970e-02 4.713813406621908619e+00 3.829313964331107822e+00
4.323509890185833759e-02 4.699071209020240225e+00 3.265025382542487531e+00
4.957748126773166286e-02 5.341729308522851660e+00 3.849827006015229536e+00
5.685026081313387242e-02 5.345365142450241080e+00 3.247294163078322082e+00
6.518992235744970609e-02 5.332830242533467491e+00 2.583368440004931710e+00
7.475297239073572242e-02 5.431697469208996765e+00 2.356524917882730996e+00
8.571887615711382136e-02 5.972885948913060794e+00 2.269095450196219055e+00
9.829342559426088033e-02 5.705105932172241268e+00 2.282888287000715444e+00
1.127126013335241206e-01 4.554531343083428219e+00 1.705808229415002319e+00
1.292470012369953125e-01 4.812885835716071981e+00 1.639887684464703899e+00
1.482069185798071120e-01 4.366699750787890189e+00 1.344489879031648405e+00
1.699481651775011648e-01 4.303735643345630635e+00 1.164261506946099090e+00
1.948787487383492611e-01 4.699701512827316741e+00 1.187978114254277351e+00
2.234665297513456494e-01 4.868516298656282437e+00 1.220427213207778916e+00
2.562480016030712626e-01 4.586060247718744876e+00 1.213858395399397994e+00
2.938383586957376004e-01 4.874198068348924551e+00 1.187660195598820190e+00
3.369430415100265197e-01 4.708802564494317444e+00 1.182529311577963815e+00
3.863709752734685310e-01 4.614336735723101768e+00 1.156788259859208079e+00
4.430497506781987394e-01 4.221956809499118002e+00 1.049985028503774398e+00
5.080430315374500072e-01 4.350870773089633659e+00 9.642623989018092034e-01
5.825705160620535672e-01 4.259449896671778646e+00 9.641116947708270324e-01
6.680308263607973585e-01 4.358902864788838372e+00 1.050064160014859693e+00
7.660277557210861676e-01 4.224874497987864963e+00 1.019960495850665394e+00
8.784003662402242174e-01 4.250454029774358489e+00 9.399696327243958205e-01
1.007257501635355990e+00 4.052274042314313540e+00 8.299690614716761505e-01
1.155017362917669876e+00 3.857097367582516423e+00 8.023010276942185159e-01
1.324452889628854990e+00 3.390213996752606374e+00 7.422002406228925819e-01
1.518743798288046065e+00 3.474602480245049474e+00 6.793476948342660471e-01
1.741536254630213998e+00 3.203333753526498295e+00 5.929157077633218087e-01
1.997011299476728841e+00 3.053224265324715692e+00 6.106320360133095093e-01
2.289963312354085012e+00 3.347432119735540113e+00 6.315550203493341952e-01
2.625889985350482014e+00 3.266495761179998514e+00 6.391538207804262628e-01
3.011095495707125203e+00 3.272616477694441972e+00 5.871907721469202812e-01
3.452808813335562999e+00 3.034864623571543962e+00 5.512100493796482370e-01
3.959319363482360910e+00 2.951899496349081442e+00 5.269062021469624879e-01
4.540132590458279438e+00 2.677430444524018238e+00 4.649517838802753045e-01
5.206148341823005232e+00 2.521572511773747749e+00 4.173213106119244009e-01
5.969865420677187728e+00 2.496815065290852953e+00 4.233502686616934518e-01
6.845616144798063019e+00 2.322728378575525277e+00 4.199169318447156796e-01
7.849835314479177484e+00 2.150415484556360113e+00 4.197944115955036248e-01
9.001368636666686740e+00 1.816595999580643106e+00 3.437757064041393473e-01
1.032182639344231312e+01 1.659516655131361373e+00 4.040780175388518636e-01
1.183598899198236865e+01 1.483355906835900573e+00 3.291105810256937381e-01
1.357227200675750112e+01 1.582439634487034175e+00 3.606715258149045811e-01
1.556325944120038685e+01 1.507774425449313505e+00 3.534214138602699840e-01
1.784631521631134987e+01 1.254231843128264856e+00 2.905275593055406946e-01
2.046428436171983734e+01 1.016622413997628316e+00 2.697496463712608095e-01
2.346629706812329275e+01 9.641228636470495772e-01 2.781583745999138824e-01
2.690869069037573524e+01 9.319122234622374545e-01 2.613436045396921870e-01
3.085606700402270519e+01 9.367890598876227326e-01 2.646720733490330879e-01
3.538250455631678904e+01 8.387003249796837201e-01 2.841026217582621749e-01
4.057294886333258432e+01 6.924612008985741030e-01 4.336934995627895195e-01
4.652480654235409219e+01 4.017024609298400217e-01 3.209497954090650418e-01
5.334977329586399719e+01 5.691486022888522234e-01 4.256449210781640957e-01
