1.071167690012421372e-03 6.187159223839592492e+00 2.133778147316448326e+02
1.223632750240672210e-03 6.187186827326780936e+00 1.867897461681907032e+02
1.397798982757021387e-03 6.187222853626625607e+00 1.635144006243301078e+02
1.596755232166081114e-03 6.187269875180603229e+00 1.431389889515046150e+02
1.824029994943096675e-03 6.187331251586723369e+00 1.253021524166761935e+02
2.083653997450033574e-03 6.187411371762555845e+00 1.096875539890133524e+02
2.380231681017366211e-03 6.187515971121762881e+00 9.601826807583717027e+01
2.719022861882143972e-03 6.187652548011419285e+00 8.405186922113526293e+01
3.106036014224373802e-03 6.187830911181665172e+00 7.357613265440890871e+01
3.548134830679846620e-03 6.188063901215857143e+00 6.440527043665210272e+01
4.053159950184044916e-03 6.188368344011083266e+00 5.637663644567798116e+01
4.630068011994961652e-03 6.188766315688417841e+00 4.934784175302063147e+01
5.289090502023131163e-03 6.189286828821528808e+00 4.319422921877620780e+01
6.041915208614381978e-03 6.189968094402510168e+00 3.780666249434088400e+01
6.901893505910385723e-03 6.190860580374603295e+00 3.308959018709006727e+01
7.884277140965132227e-03 6.192031189273971670e+00 2.895935080335591749e+01
9.006488724045587368e-03 6.193569037722299164e+00 2.534268832870615284e+01
1.028843071927207711e-02 6.195593580728614214e+00 2.217545199634795594e+01
1.175283841555893258e-02 6.198266261041415426e+00 1.940145699151765868e+01
1.342568313780808514e-02 6.201807626639942228e+00 1.697148558018809794e+01
1.533663284932111973e-02 6.206523247336395599e+00 1.484241045205329179e+01
1.751957831423072917e-02 6.212844410896416036e+00 1.297642391424824027e+01
2.001323415146175067e-02 6.221394929553165198e+00 1.134035788934581568e+01
2.286182543993621821e-02 6.233106948513282397e+00 9.905080282347297427e+00
2.611587205199115622e-02 6.249435797988687646e+00 8.644952833981355056e+00
2.983308462519148468e-02 6.272794825631479831e+00 7.537333537699039354e+00
3.407938806263140913e-02 6.307544258102555368e+00 6.562103351398325124e+00
3.893009071354013029e-02 6.362649786566681342e+00 5.701203853068677496e+00
4.447121996965346102e-02 6.461050874106680553e+00 4.938326175905484838e+00
5.080104796420246288e-02 6.698485455506751229e+00 4.261559985546859330e+00
5.803183443184748574e-02 6.826436302302361092e+00 3.542422659109970784e+00
6.629181763924324455e-02 5.490191456396533276e+00 2.518961495882014567e+00
7.572748869546250261e-02 5.139676798607143660e+00 2.783684232801434177e+00
8.650618957725814129e-02 5.072116666836953947e+00 2.188779939718097811e+00
9.881908094523828012e-02 5.242905133618767088e+00 2.056089260980498157e+00
1.128845323852844251e-01 5.298383198206193079e+00 1.836867782783038638e+00
1.289519952012705417e-01 5.682766745384407514e+00 1.808723796005839324e+00
1.473064264432051018e-01 5.048395514127955508e+00 1.746847357131183776e+00
1.682733426311001923e-01 4.907767572253455945e+00 1.605362237226294120e+00
1.922245928025483608e-01 4.951877310904491125e+00 1.476829889557512931e+00
2.195849532692197847e-01 4.750661870842243673e+00 1.439850231639894451e+00
2.508396610405315696e-01 4.939675015525776480e+00 1.470435104549727479e+00
2.865430195200383001e-01 4.617982652784417219e+00 1.406373694263454599e+00
3.273282290968888009e-01 4.741829566047487177e+00 1.225326056284640419e+00
3.739186169782533486e-01 4.699294449087521031e+00 1.145053755997883727e+00
4.271404654242165200e-01 4.668453725376982000e+00 1.109143315799232976e+00
4.879376658943604950e-01 4.590100021536112962e+00 1.069756308912148235e+00
5.573884589978691517e-01 4.334515330928669030e+00 9.789236974242755407e-01
6.367245571307921237e-01 3.982265548586283455e+00 9.040702619462963607e-01
7.273529889411529670e-01 3.671528564166855801e+00 8.774178723848552464e-01
8.308810530342973788e-01 3.598754951514721245e+00 9.592255263175727409e-01
9.491448234733759204e-01 3.706883175837396571e+00 9.085461835469211822e-01
1.084241712621070608e+00 3.723297514835989031e+00 8.626810452747994962e-01
1.238567668825776735e+00 3.737610677657499547e+00 7.847534963244420236e-01
1.414859668654577796e+00 3.501628086203226520e+00 7.349260967538848721e-01
1.616244257274349838e+00 3.555637498010598030e+00 7.013748635827818934e-01
1.846292997846463502e+00 3.390940363214113962e+00 6.727271703751499521e-01
2.109085813332146397e+00 2.956101420546878522e+00 5.866845266601276032e-01
2.409283344077781663e+00 2.635493993522821210e+00 5.230345594347205473e-01
2.752209604444615820e+00 2.733098798170969346e+00 5.459993035512360482e-01
3.143946404401263273e+00 2.522947177076034997e+00 5.029558494479341446e-01
3.591441210649455762e+00 2.646810076576559645e+00 5.523014861321106084e-01
4.102630360204125637e+00 2.631568380879193647e+00 5.868058462462002467e-01
4.686579811625236403e+00 2.293364546993768460e+00 5.087063768388114804e-01
5.353645930129672159e+00 2.271813954291573179e+00 4.954792206610832972e-01
6.115659158113129656e+00 2.215397998428295434e+00 5.116174529366893653e-01
6.986133828485570518e+00 2.166563001033771751e+00 4.606056633000891742e-01
7.980507841867474639e+00 2.055905707671625393e+00 4.416023699230907651e-01
9.116416458330920847e+00 2.020420503664344114e+00 4.389165547560174296e-01
1.041400505939218846e+01 1.702555262531282754e+00 4.150807333155287493e-01
1.189628642710140660e+01 1.630944790553141344e+00 4.040827693296821788e-01
1.358954887658725319e+01 1.466845998706849619e+00 3.957933186241341383e-01
1.552382248030247780e+01 1.287202434051477828e+00 4.103100973318061784e-01
1.773341165247452977e+01 1.084446656649454610e+00 3.715754574198735227e-01
2.025750353916645352e+01 1.085019182669644255e+00 4.265280796995857271e-01
2.314086300376831673e+01 1.045079996910234676e+00 4.189277422226392322e-01
2.643462653351250680e+01 9.370750421844710187e-01 3.472611092340864292e-01
3.019720914697477809e+01 7.000355686642905084e-01 3.974261985882617254e-01
3.449534038659909641e+01 4.598554659402305789e-01 2.415849322785235398e-01
3.940524776961200359e+01 4.221031883844582056e-01 3.387287714486788559e-01
