1.071673860968620816e-03 6.509287603543306489e+00 1.653889893846280472e+02
1.225295867598159925e-03 6.509363324350801783e+00 1.446482571699447135e+02
1.400939238917471661e-03 6.509462349145091586e+00 1.265071820044929751e+02
1.601760687388784164e-03 6.509591865817479395e+00 1.106397261342667946e+02
1.831369433014595543e-03 6.509761290551535851e+00 9.676071333468503610e+01
2.093892069262734412e-03 6.509982966608082400e+00 8.462070334050005727e+01
2.394046727374004278e-03 6.510273088059248536e+00 7.400150838244350382e+01
2.737227871954374218e-03 6.510652924856736412e+00 6.471227116906180754e+01
3.129603251822155909e-03 6.511150454770701757e+00 5.658603370894864071e+01
3.578224748538243617e-03 6.511802549566551690e+00 4.947673511684185854e+01
4.091155114820658155e-03 6.512657925293522609e+00 4.325658415593950679e+01
4.677612880622093738e-03 6.513781161397100838e+00 3.781375882663909493e+01
5.348138031163565329e-03 6.515258242863531279e+00 3.305039090705973592e+01
6.114781434536784716e-03 6.517204322350223400e+00 2.888079798104817542e+01
6.991321423321769993e-03 6.519774809873541521e+00 2.522992907711784838e+01
7.993511422685974782e-03 6.523181623120838601e+00 2.203199230118675089e+01
9.139363075407323789e-03 6.527717780519726176e+00 1.922923307667505100e+01
1.044946995222430577e-02 6.533796183953274550e+00 1.677082811289339048e+01
1.194737766532731268e-02 6.542014100653688047e+00 1.461184872349898178e+01
1.366000703677585498e-02 6.553268036922502482e+00 1.271221584310066710e+01
1.561813792714436197e-02 6.568978226167897283e+00 1.103548150976917164e+01
1.785696241990213096e-02 6.591587993812072277e+00 9.546993425585688087e+00
2.041671730351402730e-02 6.625913104073929638e+00 8.209899233886327252e+00
2.334340721840941907e-02 6.684230387601165724e+00 6.971060193550277617e+00
2.668963146542176201e-02 6.832640710461155287e+00 5.625695573483548095e+00
3.051552933533447504e-02 6.666998211019113718e+00 5.160203269925355940e+00
3.488986094926371795e-02 6.324154202182964646e+00 4.277426695345766916e+00
3.989124303504779090e-02 6.918239505315511018e+00 4.739636834241544250e+00
4.560956184936673652e-02 6.371361034713094007e+00 4.419320333314966653e+00
5.214758863902915070e-02 5.405994784013113730e+00 3.857508319116710993e+00
5.962282667495434618e-02 5.058964680320660712e+00 3.188980947413063038e+00
6.816962305426803315e-02 5.262256896921622129e+00 2.422261400076257232e+00
7.794158322441777087e-02 4.670363581593174551e+00 2.635013632800644157e+00
8.911433162381995898e-02 4.478255977070886296e+00 2.228332122163166229e+00
1.018886680540544154e-01 4.336139587779697990e+00 1.712806454902572995e+00
1.164941765108228888e-01 4.561617988184032413e+00 1.814632968716394457e+00
1.331933513326041818e-01 4.688121468028835892e+00 1.650453209594621162e+00
1.522863148233195851e-01 4.729739262669485633e+00 1.346687780292465719e+00
1.741162111354600250e-01 4.824502193083487711e+00 1.196991692597948020e+00
1.990753733540718828e-01 4.940681498100083502e+00 1.264803738208905903e+00
2.276123746181838159e-01 5.114499455809565553e+00 1.414126782438260621e+00
2.602400900044264942e-01 4.729870265103016891e+00 1.151590787454807252e+00
2.975449140633035783e-01 4.832268014227249608e+00 1.167471134666932642e+00
3.401972996682902650e-01 4.715847857777086816e+00 1.191674479024127598e+00
3.889638075849408128e-01 4.765240897500093276e+00 1.189973589451314817e+00
4.447208833182774157e-01 4.743790404135356908e+00 1.155438765874925888e+00
5.084706088398700530e-01 4.135074061912137111e+00 1.034246670465475804e+00
5.813587122891076264e-01 4.144251353368739288e+00 1.016118911163303995e+00
6.646951593241190448e-01 4.089203435748446580e+00 9.325508953941925583e-01
7.599776961959430199e-01 3.997158768489201375e+00 8.944009871156290981e-01
8.689187676687440964e-01 3.817177145384229142e+00 9.247955398483939105e-01
9.934762935625733871e-01 3.645868714262081589e+00 9.155571300841988114e-01
1.135888857043422462e+00 3.730098730414496355e+00 8.551785361563987165e-01
1.298715937074493398e+00 3.661100592172814583e+00 7.329359300704857416e-01
1.484883908097711203e+00 3.552721033483557722e+00 6.897781397436935080e-01
1.697738633664786612e+00 3.310839751099148742e+00 6.354485332597643588e-01
1.941105599245477542e+00 3.100208968402391019e+00 6.102856089846361298e-01
2.219358664936939896e+00 3.005053853294009425e+00 6.312771698294387113e-01
2.537498673717328401e+00 2.996209841190656142e+00 6.701729262623632444e-01
2.901243328013477729e+00 2.876376583065302306e+00 5.566207534766417497e-01
3.317129949869829453e+00 2.653460337514465639e+00 5.583530948394885840e-01
3.792632971553465460e+00 2.422459844607925294e+00 4.937256760632479091e-01
4.336298268169723968e+00 2.082083779700329540e+00 4.691133336048622926e-01
4.957896746552256317e+00 2.088553232868191056e+00 4.181188208401197537e-01
5.668599950770584428e+00 1.959260568551354886e+00 4.150575140347874115e-01
6.481180840287104061e+00 1.977677191269846535e+00 4.546160091386146074e-01
7.410243349205552832e+00 2.020004395559438226e+00 4.331483197827330489e-01
8.472484852314764225e+00 1.959896685825300411e+00 4.607560762525912401e-01
9.686996255041872672e+00 1.714111511465324700e+00 4.180462149301822361e-01
1.107560510061670911e+01 1.597141820061138695e+00 4.253798396926362635e-01
1.266326786086659517e+01 1.469412633343849972e+00 3.762474564194254745e-01
1.447851846100290807e+01 1.317868625738419341e+00 3.531281506711667628e-01
1.655398109941397067e+01 1.225530760820913390e+00 3.311408679055048432e-01
1.892695657900709705e+01 1.158594130731706917e+00 3.420012457835793773e-01
2.164009268781285300e+01 1.031111814088642387e+00 3.903649749483219522e-01
2.474215067712158600e+01 7.642604877127434637e-01 3.127999995958812285e-01
2.828888161251491340e+01 6.022328119979334371e-01 3.362922918891853019e-01
3.234402834782124359e+01 5.546670305324569172e-01 3.008420769048490429e-01
3.698047112975498152e+01 6.180241819005111159e-01 3.205391797953089927e-01
4.228153742237124391e+01 6.382320201037052776e-01 4.642046864816102292e-01
