1.074512312450818380e-03 7.287264512808806494e+00 1.810293979981751420e+02
1.234641106765990877e-03 7.287664186153282486e+00 1.575447538758147914e+02
1.418633034589933655e-03 7.288192390654756103e+00 1.371051252038110135e+02
1.630044290442768991e-03 7.288890687206006191e+00 1.193154506723140429e+02
1.872961029399055916e-03 7.289814245135587178e+00 1.038318849918528315e+02
2.152078344260632131e-03 7.291036425356409723e+00 9.035515183959226704e+01
2.472791012273008356e-03 7.292655003024028915e+00 7.862475757167979395e+01
2.841297765337131784e-03 7.294800688309716286e+00 6.841395347911547731e+01
3.264721099050354666e-03 7.297648922185407727e+00 5.952534859332270401e+01
3.751244936244790829e-03 7.301436435366614575e+00 5.178708721042006147e+01
4.310272805782834095e-03 7.306484908242048881e+00 4.504951549214586493e+01
4.952609593888343195e-03 7.313235535983954705e+00 3.918226962330594176e+01
5.690670380901797186e-03 7.322300942920830558e+00 3.407172361156970908e+01
6.538720399854541440e-03 7.334545876561999300e+00 2.961873665180471349e+01
7.513150754779544110e-03 7.351218072929537328e+00 2.573663482441270034e+01
8.632795227840009411e-03 7.374171970774359153e+00 2.234934121779803462e+01
9.919294298521499562e-03 7.406277398235758369e+00 1.938950778768659688e+01
1.139751341064760594e-02 7.452233249369091261e+00 1.679632162111398586e+01
1.309602357148073604e-02 7.520388736259468132e+00 1.451205156924173600e+01
1.504765357192363803e-02 7.627589813698647525e+00 1.247386929036108505e+01
1.729012450112932947e-02 7.816560251778284396e+00 1.058201435682154212e+01
1.986677881941271984e-02 8.304047740419646217e+00 8.349464244719115413e+00
2.282741808097946828e-02 7.454666064592387009e+00 8.247450379689244215e+00
2.622926549797026385e-02 5.017553765963046253e+00 6.547237742332269406e+00
3.013807195025070690e-02 4.998556004693629262e+00 5.618453017336506150e+00
3.462938681789534678e-02 4.966024004459654861e+00 4.781204200214608235e+00
3.979001819900587072e-02 4.898875821828573507e+00 3.990144380313715100e+00
4.571971073594199853e-02 4.574218085565310510e+00 2.910888022862773372e+00
5.253307347897706592e-02 5.235174250230467230e+00 3.383752936089940544e+00
6.036179504911172444e-02 5.356891956730957638e+00 2.962532376941941603e+00
6.935718891469504210e-02 5.360609550237005472e+00 2.482362799437995537e+00
7.969311797693939825e-02 5.420938094648589889e+00 2.047356947098493585e+00
9.156935499069462914e-02 5.395943436491887013e+00 1.849450694947773588e+00
1.052154437706676743e-01 5.034593114329214636e+00 1.901875693519439414e+00
1.208951358124506492e-01 5.782488575858065971e+00 2.210555901089595654e+00
1.389114880793334561e-01 6.019113283042305085e+00 2.133783282564297945e+00
1.596127204848842296e-01 5.421167631526767394e+00 1.802318767733561478e+00
1.833989462846738472e-01 5.051549904867990826e+00 1.617421027661462007e+00
2.107299054621026846e-01 5.173556862753170726e+00 1.544761121117151692e+00
2.421338505791497397e-01 5.283049114262090562e+00 1.426479440706290402e+00
2.782177568376964505e-01 5.421514785806346381e+00 1.386645996440017736e+00
3.196790536914089209e-01 5.228249101449614855e+00 1.292325173127129245e+00
3.673191047566810585e-01 5.246574966674346641e+00 1.307969443897156303e+00
4.220586965622502573e-01 4.861474082965155041e+00 1.167426163138996387e+00
4.849558355039133017e-01 4.454088571767543137e+00 1.131665085785847902e+00
5.572261969837434270e-01 4.312005590263326305e+00 1.122083685054324986e+00
6.402666219746109277e-01 4.451076849371738753e+00 1.145226177243667598e+00
7.356821151514153501e-01 4.210986633773059928e+00 9.876201103789503666e-01
8.453168664086971873e-01 3.806145571208824130e+00 9.274659285054782654e-01
9.712898953482796971e-01 3.479284235708762552e+00 8.321661217965934387e-01
1.116036007673306907e+00 3.435018512384430345e+00 8.307540591195636814e-01
1.282352855093541466e+00 3.740743643359040416e+00 8.304336626189072756e-01
1.473455008315398551e+00 3.203110923604104876e+00 7.121628524184517861e-01
1.693036088239038062e+00 2.995855719512594106e+00 6.603195023462611335e-01
1.945340156233794637e+00 3.059515126032761767e+00 6.593571439487543318e-01
2.235243743322625765e+00 2.862822184924854962e+00 6.241136207072037756e-01
2.568350103735008716e+00 2.613081245645468620e+00 6.039118005344279450e-01
2.951097514560197865e+00 2.759384013356003695e+00 5.999229026271953868e-01
3.390883714715681840e+00 2.575538305834201847e+00 5.746721526402690516e-01
3.896208888386253122e+00 2.356449723301489385e+00 4.982700375196233988e-01
4.476839956516436736e+00 1.973410899317730172e+00 4.257034903299532491e-01
5.143999351780957241e+00 1.901084782697835873e+00 4.332113618447632764e-01
5.910581925674373238e+00 1.919449432933669319e+00 4.344453545606984379e-01
6.791404180098387755e+00 1.829755263225017581e+00 4.061008365817732058e-01
7.803490640592956495e+00 1.732987705058677275e+00 3.532659554183457673e-01
8.966402906230749537e+00 1.540485953661235641e+00 3.243266588319401178e-01
1.030261773604872566e+01 1.335707326654119509e+00 3.338741238817479751e-01
1.183796147966833523e+01 1.379954030727375658e+00 3.315299105045257377e-01
1.360210924877593186e+01 1.317848795723573385e+00 3.329798273496130112e-01
1.562915847744584852e+01 1.193085616648340563e+00 3.235382446246064525e-01
1.795828795707542724e+01 1.058695587158988261e+00 3.308799497385147559e-01
2.063451508375415244e+01 8.736165430123162823e-01 2.922200502780965548e-01
2.370956595413777990e+01 6.917257837175698754e-01 2.522705189313245722e-01
2.724287512703377701e+01 7.183859094012348123e-01 3.047584879549071757e-01
3.130273437408211024e+01 5.825827859037142620e-01 5.350057282004623271e-01
3.596761262257525971e+01 4.489327900149736039e-01 4.094720409219387847e-01
4.132767260226191297e+01 4.418151238394376623e-01 2.880369024064655670e-01
4.748651350987158537e+01 5.103896902395167468e-01 3.505974522629955459e-01
5.456317337356664865e+01 2.969135344189530734e-01 1.975191374570313130e-01
6.269442981900539280e+01 1.317850946938169121e-01 1.210567169717234326e-01
