1.072287111416758525e-03 5.491655899345822434e+00 1.691614026758329885e+02
1.227312187204232302e-03 5.491649732288263586e+00 1.477907304999083635e+02
1.404749892843387389e-03 5.491641647247338831e+00 1.291189461561462224e+02
1.607840516876685253e-03 5.491631045341795136e+00 1.128050734030418170e+02
1.840292810044371306e-03 5.491617138971322198e+00 9.855119492753647137e+01
2.106351712842644084e-03 5.491598891151747708e+00 8.609701180696194456e+01
2.410875874740915376e-03 5.491574934386761697e+00 7.521508988895045889e+01
2.759426380679656787e-03 5.491543461776407398e+00 6.570670625658512165e+01
3.158368305132721113e-03 5.491502079567005978e+00 5.739821988316887769e+01
3.614986948269296139e-03 5.491447605881839777e+00 5.013790014090786684e+01
4.137620876868634834e-03 5.491375792811705736e+00 4.379315514983809976e+01
4.735814199521647117e-03 5.491280937530967243e+00 3.824810920592607744e+01
5.420490856901420511e-03 5.491155329236702798e+00 3.340148481809892900e+01
6.204154109914127198e-03 5.490988447372291859e+00 2.916475031313256494e+01
7.101114868694327793e-03 5.490765773313628806e+00 2.546049859898447565e+01
8.127753032087337709e-03 5.490466984056654454e+00 2.222102652793023125e+01
9.302816610084120585e-03 5.490063127374852137e+00 1.938708732505739718e+01
1.064776409164975776e-02 5.489512061495591233e+00 1.690679055572787703e+01
1.218715631011464684e-02 5.488750826570456098e+00 1.473462463900286501e+01
1.394910496220005611e-02 5.487682358804054417e+00 1.283057487690552634e+01
1.596578597133327393e-02 5.486151244095664126e+00 1.115930270880225450e+01
1.827402707006504229e-02 5.483896915660159799e+00 9.689332510257489872e+00
2.091598033175833329e-02 5.480456738563666441e+00 8.392140842598932338e+00
2.393989193302340640e-02 5.474945836332709703e+00 7.240893681400884851e+00
2.740098320395863152e-02 5.465486830094457460e+00 6.208063502812668055e+00
3.136245905554518182e-02 5.447392657066090216e+00 5.258820323792575913e+00
3.589666219964861293e-02 5.404340347613908691e+00 4.318346076169921943e+00
4.108639423948008684e-02 5.316223678120352680e+00 3.372011675412563747e+00
4.702642775568437877e-02 5.529583747654850612e+00 3.535680180253723215e+00
5.382523700109895226e-02 6.147966665341961345e+00 3.678730755200273705e+00
6.160697880936265303e-02 6.028704996339916633e+00 3.540849568801164970e+00
7.051375989184716087e-02 6.331920218047194737e+00 2.917726851510763719e+00
8.070823192728014683e-02 5.918697166167731005e+00 2.966936573436434355e+00
9.237656183443385127e-02 4.438646784125126921e+00 2.189787079537004910e+00
1.057318314696794048e-01 4.471291949106782404e+00 1.915343299309868685e+00
1.210179288331726527e-01 3.983684558420305333e+00 1.634642576472188136e+00
1.385140018431503806e-01 4.772993844721184153e+00 2.091846483829863601e+00
1.585395560111840796e-01 4.679394551808649716e+00 1.634650780575944706e+00
1.814602891098717197e-01 4.854806982357784406e+00 1.424364000496155747e+00
2.076947693830766273e-01 5.053936376954842657e+00 1.488322967136382902e+00
2.377220792532213078e-01 4.958447832562021595e+00 1.338190500310496134e+00
2.720905641116233564e-01 4.746739571188579809e+00 1.219257791725067541e+00
3.114278459583945113e-01 5.147185930585629343e+00 1.416517293108009667e+00
3.564522847565454455e-01 4.590852231300080355e+00 1.247460140060167477e+00
4.079860968024542345e-01 4.810976067081422336e+00 1.242443526475822235e+00
4.669703696745488020e-01 4.156731342145527641e+00 1.016218969326484034e+00
5.344822479565265461e-01 4.078094288529537259e+00 9.009216779497658534e-01
6.117546035731520337e-01 4.040820224839303698e+00 9.382020500205946467e-01
7.001985499495664289e-01 3.963984494020766025e+00 8.886604181572481664e-01
8.014292111376799532e-01 3.942183892148717117e+00 9.411633502849745536e-01
9.172952164939882636e-01 3.950812733392008003e+00 9.154885428247100387e-01
1.049912459527508668e+00 3.654251112422290504e+00 9.239340429490192630e-01
1.201702737406923793e+00 3.710778952938207365e+00 9.051693376386422685e-01
1.375437976744439572e+00 3.401910045131383509e+00 7.402789200533309577e-01
1.574290853287970915e+00 3.462539181954319201e+00 7.831947295697005984e-01
1.801892729915992586e+00 3.023415284606140396e+00 6.066640758556752777e-01
2.062399970972960350e+00 3.153473285299458695e+00 6.204211976504349080e-01
2.360569843948242763e+00 2.934552073442275866e+00 6.326301664297381278e-01
2.701847394581294637e+00 2.794931707126564024e+00 6.129751712755528992e-01
3.092464881867646120e+00 2.796498105363709463e+00 5.941072947136295523e-01
3.539555588803603214e+00 2.435639988908902875e+00 5.199254218521290882e-01
4.051284087230913045e+00 2.492388323496647295e+00 5.312280602816557007e-01
4.636995335620113678e+00 2.573322002685018983e+00 5.455848439428648833e-01
5.307385332550031976e+00 2.389216209492763809e+00 5.372773634737652015e-01
6.074696442281459774e+00 2.216486593837178276e+00 4.721448991258537231e-01
6.952940959373828278e+00 1.895388901651823943e+00 4.617591536243558781e-01
7.958156994982621413e+00 1.785948505626400618e+00 3.947655894826692102e-01
9.108701357719345637e+00 1.735495108751358817e+00 3.980783254951743011e-01
1.042558477753421542e+01 1.501305432771489201e+00 3.957273564499826923e-01
1.193285559433116205e+01 1.534445440899483648e+00 4.090924432181398673e-01
1.365803891806616122e+01 1.284863259217567055e+00 3.861866688560648408e-01
1.563263928007550518e+01 1.266918946621885977e+00 4.187759747934003407e-01
1.789271595482912858e+01 1.121822541578941790e+00 4.167082032319727736e-01
2.047954145837939421e+01 9.921665985353571582e-01 3.810600816397167745e-01
2.344035524871138776e+01 7.333583767701541412e-01 3.178090107136814502e-01
2.682922639173538215e+01 8.084415709943449935e-01 3.328953444257077288e-01
3.070804094654497618e+01 5.625734322876604354e-01 3.199734718631396246e-01
3.514763210113149228e+01 4.498421267453623362e-01 2.357663340164781463e-01
4.022907369659095878e+01 4.512176983909595984e-01 3.754656313218273089e-01
4.604516076158787996e+01 5.554577897875454529e-01 4.209745870965856951e-01
