22.009210535564915 11.2031712394382
24.960013365612838 11.198401362620833
28.306434081533972 11.19122467164093
32.10151367611478 11.179422013828404
36.405404415459294 11.15595953046188
41.286323256441214 11.040443220322018
46.821633090045516 11.239485945064855
53.09906894837925 11.269801541678897
60.218128610814574 11.26480477303385
68.2916496504651 11.257912953287022
77.44759791728747 11.250163960013449
87.83109580538559 11.238734490015185
99.60672245269048 11.223249963586026
112.96112233133442 11.201826764166407
128.10596357505216 11.171162063459779
145.28129293329707 11.124392216085894
164.75934052831906 11.041389911874441
186.84883472086096 10.904190425211878
211.89989547538167 10.938067589612595
240.3095837849749 10.724658500297087
272.5281951147402 11.396347051601737
309.06639661510513 11.41940206406408
350.5033212304094 11.75638585066291
397.49574699491404 11.79084015386666
450.7885070086935 11.96832240196203
511.22629509222634 12.074760114150038
579.7670542401025 11.902226521685323
657.4971600817353 12.040525951206678
745.6486400079486 12.464271776988825
845.6187008877523 12.668052570356126
958.9918748909234 12.886336108498073
1087.56513442917 12.975152443042303
1233.3763742893766 13.312591336649861
1398.7367124026543 13.293784391166367
1586.2671212185537 13.348345137626938
1798.9399702941712 13.305277651720413
2040.126138550983 13.669622291824625
2313.648442931833 13.868768846072967
2623.842230305859 14.234492507272568
2975.6240930071444 14.376495923827713
3374.5697971529517 14.474106487214309
3827.0026589106424 14.73099494056092
4340.093769483029 15.156043772345178
4921.975657384882 15.393653028518154
5581.871189565337 15.552967815604672
6330.239754467593 15.696450147250276
7178.943044037236 15.996357807669787
8141.4330623351225 16.11550888606687
9232.965340703942 16.316213272785163
10470.84073896317 16.645981962957023
11874.679665197538 16.786420506223894
13466.733060541099 17.28422530293915
15272.235078086525 17.40679943178675
17319.803045904056 17.61572647173802
19641.89105361072 17.839225001823486
22275.304351867388 18.17262695969565
25261.782718070266 18.350222486544418
28648.662034622004 18.64713271376556
32489.624565842525 18.840363434967312
36845.54982545895 19.04914982505508
41785.479520981076 19.170534646698503
47387.71186939618 19.62530153496011
53741.04262915941 19.95674980577861
60946.172518920794 20.311073482664522
69117.30333066959 20.590946694436838
78383.9480357967 21.128905306317925
88892.98357437746 21.505289347932596
100810.97886452262 21.809105861622385
114326.83493090195 22.18899739158939
129654.77899865442 22.723136760966316
147037.76000927464 23.03886068136203
166751.29937762974 23.52934871407053
189107.85802486376 23.951096504896213
214461.78890495407 24.72098632856532
243214.95352279782 25.53767105405357
275823.0914660168 26.132660750443577
312803.04390798626 26.804097343970724
354740.94557509816 27.82465747805069
402301.5150214848 28.544401633613493
456238.59046268265 30.702450064271815