22.00710588236113 12.300706589912524
24.953135488443767 12.300360430976555
28.293541823856902 12.299913221655833
32.081118996411355 12.299334619688814
36.37572851321475 12.298584578411846
41.24524537361428 12.297609807751696
46.766630812951036 12.296338606934523
53.027148651515105 12.294673037418292
60.12574447272757 12.292476484013568
68.1746094280413 12.289552587697996
77.3009533840228 12.285606327213301
87.64901543566555 12.280162487842468
99.3823435614882 12.272354714552511
112.68637944967331 12.259702110777274
127.77138934763916 12.236907852994886
144.87578725623285 12.217697492355141
164.26990299061856 12.183420167545691
186.26025466092022 12.268018069285638
211.19439309787722 12.257930436093433
239.46639478818983 12.267172040970246
271.5230901337293 12.221682082965733
307.87112547035895 12.21271020090813
349.08497045942795 12.145027370663767
395.8159974063307 12.056516216844999
448.80277600200276 12.175950839676334
508.8827461926183 12.25120496338154
577.0054536636493 12.412631493213896
654.2475571210933 12.404384134568303
741.8298445553913 12.430191838845904
841.1365274249243 12.71013724383779
953.7371176977922 12.536342523519787
1081.4112335118868 12.736154273678162
1226.176725499176 13.111267619308112
1390.3215683022163 13.12012700178405
1576.4400213186354 13.266535288961881
1787.473630183154 13.789887628761157
2026.7577170031432 13.943780879612262
2298.07409411175 14.147032588930111
2605.710834463471 14.204436146942674
2954.5300433251177 14.310955394322558
3350.044702373169 14.555209687276914
3798.505800695144 14.903562703098329
4307.001129774004 15.137809888628018
4883.567303880322 15.162356239800566
5537.316776320495 15.499505992004595
6278.58185899424 15.81740343646529
7119.078021446742 15.995821790998813
8072.089050307395 16.212128061318797
9152.676995503836 16.589980308466025
10377.920221387425 16.795925758905014
11767.183325095944 16.96864828980525
13342.423188131275 17.21012913176284
15128.535998204288 17.43415843973869
17153.750725921826 17.64841042546542
19450.07527509538 17.88409159828853
22053.80235794155 18.0570074521187
25006.083090378335 18.385790813273886
28353.57737291655 18.637325128782376
32149.191336219075 18.988668972405833
36452.913506430916 19.235390838881926
41332.7629056193 19.533665113046663
46865.8640717634 19.725462077500758
53139.665988658 20.10090215241327
60253.324190548425 20.343511419758027
68319.26788524046 20.661193738961984
77464.97686359048 20.96094747966699
87834.99627889032 21.441893441303925
99593.22113912384 21.693565718772113
112925.4866178009 22.037865690865218
128042.50512244568 22.66030081134629
145183.19654021433 22.945501555258694
164618.464294163 23.333361517959048
186655.47688958884 24.115826676664593
211642.52261898428 24.613197945302698
239974.51415274097 25.17435535384086
272099.23001398996 25.98622398164587
308524.3915821907 26.900834525265864
349825.6874753629 28.135405050553672
396655.8721338856 29.56730535402666
449755.0824062171 32.11236616235361