22.00337921770802 12.431000257066307
24.940959084792652 12.430097095649263
28.270723051879344 12.428837362079484
32.04502999098309 12.426991876557635
36.323228989883994 12.423995315799328
41.17259258683166 12.417429841783298
46.66937459754289 12.411018881980437
52.90000916829286 12.433038435144908
59.96246990960968 12.430096259883596
67.96781048226953 12.426184033221558
77.04191086053575 12.420916398346726
87.3274567317582 12.41369163842549
98.98618315740032 12.403495163259313
112.20141777594087 12.388401801359594
127.1809635382435 12.363965040370976
144.16036630496475 12.314970023958148
163.4066186873351 12.155798637279013
185.22235837235496 12.492719325856788
209.95062694896868 12.469295690849513
237.9802640653775 12.433428299934338
269.7520217379137 12.364314515102116
305.7654949559249 12.354251051555597
346.58697756296124 12.414142105037856
392.8583669440658 12.33130297059401
445.3072575409187 12.100496788831357
504.7583819103115 12.151511156031958
572.1465792308684 12.872125438446254
648.5314951812929 12.805062705441301
735.1142443383704 12.703807422667165
833.2562971025942 13.044597941218155
944.5008881388727 13.046148036186471
1070.5972829693264 13.216642971519082
1213.5282842982122 13.191124944474884
1375.5414105921618 13.850020217055572
1559.184237183306 14.015145880511852
1767.3444556164493 14.181402996133118
2003.2952811534792 14.590137414671297
2270.74692244529 14.59126125780172
2573.904922706056 14.772780811871158
2917.536289775633 14.998706200550405
3307.0444549322056 15.25185711788483
3748.5542391450094 15.281571989199819
4249.008162818929 15.612092657653148
4816.27561345351 15.701140436470041
5459.276587823185 15.884543324363516
6188.121954462572 15.911107077937134
7014.272442014238 16.389387587293843
7950.718853451125 16.60927360727236
9012.186339952099 16.69224354182047
10215.365946535096 16.906800267812265
11579.177070387064 17.153307560072477
13125.064958916591 17.411496770524895
14877.337925537193 17.52714598964376
16863.549585730772 17.738471413903376
19114.932123861945 17.951494996162747
21666.887403647168 18.162556934354004
24559.543644744914 18.286270593546924
27838.38641892785 18.556009720333556
31554.973887935852 18.87638122189508
35767.74752976727 19.192623536777784
40542.951101673694 19.314933312799624
45955.67229009121 19.733248150404396
52091.023426932334 20.23199172557776
59045.47983841119 20.38864972396452
66928.39687126756 20.642286941743187
75863.7294508678 20.798434830104547
85991.9812103736 21.379060789167212
97472.4138400589 21.646514233727682
110485.55139768745 22.004150784061803
125236.01895897863 22.46305202580206
141955.7602445195 22.94820274756558
160907.6848186955 23.454393982555203
182389.80221101828 23.82120097444172
206739.90796683994 24.534807493134796
234340.8953132545 24.97004459153268
265626.7759634772 25.779736680456615
301089.5047338352 26.586259827712546
341286.7152870571 27.760634245639828
386850.4886425542 29.461445454570626
438497.29233412805 31.049096717158424