22.01434748409682 12.287465194651936
24.976804204319546 12.286791560490988
28.337916838624334 12.285920344972197
32.15133225946933 12.284792036591533
36.477916564772265 12.283328129899736
41.386726564482636 12.281424315943886
46.956111999483255 12.278940697013761
53.27496608538745 12.27568733269503
60.444144341218404 12.271402154979254
68.57807434896037 12.265715788839234
77.80658213742758 12.258092544243944
88.27696434144686 12.247724776585587
100.15633921018187 12.233327026118756
113.63431398915051 12.21268515308123
128.9260112501411 12.181474029083384
146.27550247241797 12.1287082425254
165.9597036787636 12.036100459557353
188.2927953047812 11.61499885743091
213.63123684719486 12.530909000036452
242.37945633017756 12.523399532090009
274.9963053995391 12.443245443684617
312.0023830748278 12.526823815451808
353.98834505408865 12.473035449278713
401.62433119647 12.420681967164686
455.67066165516053 12.544326517677861
516.9899723821231 12.76718749937451
586.5609836999731 12.75536153763376
665.4941217018021 12.724402563531706
755.049241812831 12.679018705943754
856.6557374004636 12.727650305642436
971.9353543871885 12.846832432100772
1102.7280760114106 12.925576412591615
1251.1214908840618 12.982570122893012
1419.4841130858804 13.007298339017384
1610.5031861289701 13.194214001000974
1827.22757417338 13.409361882979043
2073.116425087385 13.561530496829578
2352.0943820647985 13.715797665184175
2668.6142250344647 13.833184069192509
3027.7279416843153 14.13910560599678
3435.1673624678915 14.380708577387225
3897.4356466123254 14.561412545750768
4421.911079340145 14.83952355536171
5016.964837017119 15.049154847807849
5692.094599881051 15.327112699963545
6458.076144950358 15.525823273872044
7327.135338693845 15.707967599333125
8313.14327464451 15.833915155354408
9431.837670557708 16.122802931605722
10701.074058843953 16.40183982973998
12141.110779538241 16.58380982824034
13774.932324591735 16.696845043029068
15628.616194398885 17.111143890394157
17731.749121973735 17.48761371828868
20117.899308148542 17.644689782057636
22825.15220516229 17.899760972884906
25896.71840030558 18.079180058565704
29381.62330208029 18.496890967250312
33335.489636986604 18.81639865693741
37821.42524640435 18.98141279120839
42911.03035373505 19.147691142252434
48685.54037884191 19.567685562518104
55237.122540301214 20.045090381250034
62670.34694059257 20.27347384626144
71103.8556142867 20.603861689177574
80672.25617898471 20.797692923916774
91528.27031365791 21.02193087517548
103845.1713563499 21.017226911877735
117819.54992784909 22.3297904950466
133674.45172357647 22.858980339678396
151662.93755613043 23.22531912522058
172072.1224704891 23.56080838878443
195227.75840037235 24.156336025780384
221499.43350975277 24.571998127373764
251306.47120644207 25.298863313117053
285124.6229821781 26.047343396569374
323493.6619039412 26.783934111097317
367025.99795655836 28.236143088656824
416416.45274647756 29.463241257436962
472453.34958120185 33.17232232230395