22.011857040229234 11.94808656645171
24.968663199218973 11.94778429757565
28.32265087023932 11.947394197024007
32.127172605001945 11.946890287683294
36.44274769054715 11.946238589536751
41.33802484162921 11.945394419501426
46.89087420953188 11.944298596485266
53.18962607811631 11.942871950053005
60.33447595128712 11.941007045991206
68.43907838288307 11.938554977881626
77.63235490236308 11.935302410475401
88.06054479532241 11.930926039832208
99.88953136101429 11.924879210971083
113.3074806511197 11.915907390720601
128.52783466471067 11.902754207123072
145.79270661275578 11.882065050830382
165.3767322613201 11.882685633575742
187.59143861754384 11.883864716724323
212.79019945196015 11.846604913462365
241.37385648563577 11.763075142537359
273.79709565948065 11.774743465215767
310.57567991431574 11.79381961566851
352.2946535349763 11.702433259545316
399.61764856659073 11.806741285729759
453.2974413420571 11.934704153020952
514.1879270455082 11.824646152908132
583.2577027935382 12.076575647776343
661.6054753029756 11.97573071873749
750.4775382380527 12.01060544838303
851.2875972526206 12.38957768985878
965.639258088317 12.460340631105408
1095.3515354513581 12.61457469061804
1242.4877884427467 13.18916313769199
1409.388542823568 13.313332537887558
1598.7087222257014 13.466381156744978
1813.459880552248 13.738488002736318
2057.05810736691 13.854407820685063
2333.378368312914 13.950812447917256
2646.8161449653667 14.121714382121317
3002.3573546344974 14.197845080828937
3405.6576623480614 14.428572814416999
3863.1324466444285 14.677704401747194
4382.058850280221 15.143335656824052
4970.691539193465 15.27222796556826
5638.39401112322 15.371817929592993
6395.787542638104 15.556214987514792
7254.920143903867 15.894249221385978
8229.458208787206 16.106910869069587
9334.90390891235 16.375907641018948
10588.841789801028 16.679741486224408
12011.218491749913 16.85930490991118
13624.660045021414 17.278683151443246
15454.83178662569 17.458016706662892
17530.846623962167 17.659239662939125
19885.728139651677 17.87602592128857
22556.935904260405 18.134543935315353
25586.961353169983 18.386170135244907
29024.00370632609 18.668012431849885
32922.73668285612 19.017381870478147
37345.178206838194 19.245372506721765
42361.6769388052 19.517369637290095
48052.03132593728 19.75908821351975
54506.75897189785 20.118318048536807
61828.5365184323 20.364190665738676
70133.83294321405 20.478165980793666
79554.76225513245 20.821571582162356
90241.18505821687 21.366523248594696
102363.09241419387 21.837238694191655
116113.30992425508 22.338122019461455
131710.565044405 22.602738722100916
149402.96642678566 23.247520238048867
169471.95063355647 23.68649264220588
192236.75900449467 24.20360694075814
218059.51589274284 24.770560060936116
247350.98904921542 25.343400776623227
280577.1237872463 25.586051022641392
318266.4548677428 26.371270464558926
361018.51400718244 27.56403083179908
409513.36674835964 28.752203878015102
464522.4303987914 33.06919482315138