22.01320366536333 12.33592079585417
24.973065029060372 12.335516768595228
28.330904779978322 12.334993035844082
32.14023447735355 12.334312601123063
36.46176076202449 12.333425891447755
41.364352795990506 12.332265563732072
46.92613978239939 12.330738348954885
53.2357560563775 12.328711408444276
60.39375358884945 12.325987455985251
68.51420441343981 12.322253595135487
77.72651851322102 12.316955898849763
88.17750613770545 12.308892405990983
100.03371741579456 12.293881891789523
113.48409654947216 12.2703639872638
128.7429928862814 12.291885148963669
146.05357685595635 12.30348247022812
165.69171520861707 12.289602376439968
187.9703673115065 12.254700846929481
213.24457256499645 12.233289893898736
241.91710841884614 12.175655645139344
274.4449091565873 12.14010988501141
311.3463477397442 12.195266420283424
353.20949675757925 12.42608750699958
400.70150013138164 12.312269388001527
454.5792049236408 12.524934098333098
515.7012226838575 12.478469012513566
585.0416125442848 12.42246582464518
663.7054041235859 12.530577192052961
752.9462076161435 12.51870281410185
854.1861917067763 12.574574101368869
969.0387476850103 12.592438044520922
1099.3342009411501 12.782225412994435
1247.148979590397 12.914404042153889
1414.8387050651143 12.96065041937008
1605.0757320170148 13.12993457732858
1820.891735776616 13.221129439145425
2065.7260260567127 13.284571976881946
2343.480356841795 13.407007633917408
2658.5811059305356 13.271699453337678
3016.0498150435255 14.0951628381944
3421.5832146449347 14.393618590672729
3881.6440087780866 14.518933021263258
4403.563866689814 14.81937264775765
4995.660262549535 14.995899666356358
5667.36902525647 15.175523854977934
6429.394710689258 15.550903932232494
7293.881192775924 15.636219512272696
8274.605191975686 15.927976729916159
9387.195825301465 16.065384658556685
10649.383676699304 16.525699213694132
12081.283357046354 16.74526679998571
13705.714056729676 17.04458002667037
15548.563199229724 17.211793847473686
17639.198991002944 17.56811297331357
20010.938442184353 17.792069931405784
22701.578316630996 18.031928586940932
25753.99747268798 18.180886993226856
29216.840193763688 18.460627882727593
33145.291398478636 18.749416414220875
37601.95608437355 19.046139939162295
42657.85702026003 19.373041860477468
48393.56658674384 19.64720597639996
54900.490802276414 20.04873378154803
62282.32599736641 20.346584942299177
70656.71135095537 20.750377322490074
80157.10362428219 20.94329972989142
90934.9039685674 21.341937339123152
103161.87069997349 21.87525109906767
117032.8564925597 22.26850149842304
132768.91360997394 22.663605239467024
150620.8166618011 23.20528315484104
170873.05902428975 23.596003718140903
193848.38661363607 24.102937310289906
219912.941263421 24.598960275028748
249482.09567263382 25.053070471430956
283027.07291179366 25.504820039242215
321082.45597763965 26.14467154367398
364254.7070709465 27.659526715743326
413231.8323632765 29.57507412130933
468794.3462733395 32.48030540158965