1.065830641920693499e-03 5.908301853356166866e+00 3.222740204889516491e+01
1.206159272593462176e-03 5.907505613714181258e+00 2.846493760017692765e+01
1.364963750940311523e-03 5.906479977363705558e+00 2.513843032908252084e+01
1.544676630786068813e-03 5.905156645587276820e+00 2.219689408670321029e+01
1.748050739115151585e-03 5.903445502181489779e+00 1.959522471063819893e+01
1.978201343646937907e-03 5.901226628113835915e+00 1.729350143215732061e+01
2.238653872248251228e-03 5.898338680616618035e+00 1.525636329344909825e+01
2.533397915144950004e-03 5.894561464479299850e+00 1.345244808510290113e+01
2.866948337134028399e-03 5.889588817729756620e+00 1.185387984602775013e+01
3.244414435908025973e-03 5.882984495643207801e+00 1.043578673897596509e+01
3.671578205853205570e-03 5.874106290796153651e+00 9.175820614932963082e+00
4.154982906159896891e-03 5.861965982595002345e+00 8.053623115552214884e+00
4.702033289923928175e-03 5.844945720673196732e+00 7.050110337576977138e+00
5.321109029540256607e-03 5.820144740877513989e+00 6.146215621192551382e+00
6.021693075829525656e-03 5.781552108875985141e+00 5.319796116890766591e+00
6.814516917092031285e-03 5.712866098950707183e+00 4.533848896265540773e+00
7.711724963155222774e-03 5.512999303092668946e+00 3.611169929344689056e+00
8.727060572435916402e-03 5.714108612994214020e+00 3.497230599540619878e+00
9.876076571564380152e-03 5.819000951790012977e+00 3.203343415554872564e+00
1.117637349229239595e-02 5.832965208016632985e+00 2.820963577320470872e+00
1.264786917497846483e-02 6.318450132514389139e+00 3.068864944126846517e+00
1.431310386841403923e-02 6.132684338067293517e+00 2.437734195619915667e+00
1.619758549948456181e-02 6.492523032676411177e+00 2.397468903145662633e+00
1.833018040147734243e-02 7.330718131552470318e+00 2.575439153199178932e+00
2.074355548618008610e-02 6.915026205556381811e+00 2.125123880401145637e+00
2.347467863292560658e-02 6.578092892861397978e+00 1.862954656915330132e+00
2.656538495950058060e-02 6.504112716232545388e+00 1.802520401833898944e+00
3.006301764900911472e-02 6.288498903695188602e+00 1.558439873124375818e+00
3.402115314882394465e-02 6.251706662313574192e+00 1.337876218528492478e+00
3.850042185016255836e-02 6.476748389206810508e+00 1.302004964028367295e+00
4.356943681938996171e-02 6.807894626626336709e+00 1.301661359593276890e+00
4.930584480727705915e-02 6.618527057791211199e+00 1.237577067106743645e+00
5.579751563548736304e-02 6.646868728517837610e+00 1.156606596521173591e+00
6.314388817921552655e-02 6.906581865946236576e+00 1.148006959488078627e+00
7.145749356362804394e-02 7.108826338641529574e+00 1.066880040183216360e+00
8.086567890630297351e-02 6.677942342602116277e+00 9.661038487813521369e-01
9.151255800981222821e-02 6.917680212166628984e+00 1.008940345615008116e+00
1.035612188849935333e-01 6.646249350233648379e+00 9.079082951538648416e-01
1.171962219195707422e-01 6.613529090895149842e+00 8.788155846364681389e-01
1.326264269588615652e-01 6.607528563684979872e+00 8.770973377055581999e-01
1.500881926035613212e-01 6.156805603720929554e+00 7.669773571095125364e-01
1.698489967311796467e-01 6.143161659927741880e+00 7.164484862889962669e-01
1.922115336999782875e-01 6.152113102002044087e+00 6.818670281100132069e-01
2.175183509960395556e-01 6.156028520467280885e+00 6.607929428702008501e-01
2.461570963472396456e-01 6.192328266257945302e+00 6.411263119695475021e-01
2.785664556789853585e-01 6.040709129023063007e+00 6.301830381653489299e-01
3.152428728688255188e-01 5.890845213004146430e+00 5.907349521258633551e-01
3.567481542325824373e-01 5.789656099973336190e+00 5.641618323099407695e-01
4.037180742268895450e-01 5.822427488863822553e+00 5.385148923882154826e-01
4.568721141895741855e-01 6.000990057523156729e+00 5.481945632233203858e-01
5.170244832951025327e-01 6.002836473428022401e+00 5.146143740141996270e-01
5.850965905431657621e-01 5.890505220102060235e+00 4.982093099195619712e-01
6.621311588252976055e-01 5.884544885362402056e+00 4.886634544126979285e-01
7.493081972676218783e-01 5.874272579801340655e+00 4.784406964957000907e-01
8.479630765127522674e-01 5.670871681486829630e+00 4.692109156426078065e-01
9.596069838165139920e-01 5.663662709407073947e+00 4.521934929593108832e-01
1.085950071288957819e+00 5.477969012304501284e+00 4.519447389961278039e-01
1.228927651862508297e+00 5.549330161215518586e+00 4.430933144021301784e-01
1.390729844254907865e+00 5.475933772000999511e+00 4.347659401763636633e-01
1.573835121026041062e+00 5.251091772685977155e+00 4.231432479627281196e-01
1.781048273614995292e+00 5.045637302061586560e+00 4.091326923954988759e-01
2.015543375902632217e+00 5.001308160335590003e+00 3.940832467174566478e-01
2.280912404411977512e+00 4.902996927243082226e+00 4.022306203702207816e-01
2.581220259906604308e+00 4.814724488978670891e+00 3.958418366648845388e-01
2.921067033203306629e+00 4.752768090294670955e+00 4.003682326258128366e-01
3.305658468981606646e+00 4.608097471972699921e+00 3.953261983052767103e-01
3.740885706948880340e+00 4.402372717960406412e+00 4.004762045708266105e-01
4.233415521829666517e+00 4.111604050359493279e+00 3.971076910188091613e-01
4.790792444467817823e+00 3.859125146061980871e+00 3.812754447138755332e-01
5.421554328324067029e+00 3.995394870029647549e+00 4.002919886706585162e-01
6.135363131607045162e+00 3.829745034451961683e+00 4.413919795821639180e-01
6.943152918347545111e+00 3.393875358156942745e+00 4.316434997321184630e-01
7.857297345484258955e+00 3.104229089508128148e+00 4.326964667575609047e-01
8.891799201514242412e+00 3.043177958243486358e+00 4.534447017588928430e-01
1.006250490004542719e+01 2.733212528047192613e+00 4.628589476885856535e-01
1.138734721384565596e+01 2.460959519297448050e+00 4.836608429678205257e-01
1.288661996756822958e+01 2.284783414276738700e+00 5.796300638224245461e-01
1.458328889687432905e+01 2.111971129637375988e+00 5.415285507333714721e-01
1.650334343566664685e+01 1.861322932945394859e+00 6.520072027764136635e-01
1.867619482008183951e+01 1.442792483200645348e+00 8.669468613039811311e-01