1.065535009651961788e-03 6.882568167874575593e+00 3.272476017447260688e+01
1.205194703936050653e-03 6.881766360837924701e+00 2.891866344761974617e+01
1.363159597045935116e-03 6.880729572112675996e+00 2.555169222721158917e+01
1.541828951745074540e-03 6.879384796211679642e+00 2.257265595552253501e+01
1.743916502213649442e-03 6.877633532528283133e+00 1.993623092703419886e+01
1.972491671823222749e-03 6.875340922351830919e+00 1.760225818432601130e+01
2.231026193325922648e-03 6.872318849301963795e+00 1.553511134238647351e+01
2.523446839552711141e-03 6.868298566900108426e+00 1.370311829503207690e+01
2.854195065525309480e-03 6.862884170476119650e+00 1.207801538080725834e+01
3.228294467860875084e-03 6.855468715274585456e+00 1.063439915787945900e+01
3.651427086082149713e-03 6.845071425148425703e+00 9.349106577564686660e+00
4.130019704741805242e-03 6.829989911619223975e+00 8.200357873470345282e+00
4.671341467167898845e-03 6.806952051210778620e+00 7.166181164600721409e+00
5.283614283444813473e-03 6.768593308034560607e+00 6.220335432550317734e+00
5.976137709570410531e-03 6.692823754196322028e+00 5.315902442138861872e+00
6.759430194526709276e-03 6.411383185329246892e+00 4.180950087172221608e+00
7.645388840606847508e-03 6.860704211457450796e+00 4.331078534666379376e+00
8.647470103531193150e-03 7.121560078837827490e+00 4.115816230863928560e+00
9.780894176931129516e-03 7.053870396689564615e+00 3.452839873782711066e+00
1.106287616551112143e-02 7.493819512368217417e+00 3.451271336910613385e+00
1.251288755808158126e-02 7.565809591687711944e+00 2.827628318959868992e+00
1.415295197186715662e-02 7.407320679680697850e+00 2.672782420525144698e+00
1.600797966002729181e-02 7.822919265816558720e+00 2.498509244500806137e+00
1.810614586308388618e-02 6.309319607726801671e+00 1.947512523487670677e+00
2.047931875087794645e-02 6.975813119106847537e+00 2.049401339082234763e+00
2.316354345488672029e-02 7.080502691415413885e+00 1.829920214323462524e+00
2.619958954266599083e-02 7.068361206471730718e+00 1.714685866103798473e+00
2.963357024977809895e-02 7.308051995569238457e+00 1.466531412987285288e+00
3.351764287446069857e-02 6.835761554843223564e+00 1.308750292378123126e+00
3.791080097303828333e-02 6.875764597819966184e+00 1.226823624647106703e+00
4.287977038840160710e-02 6.774635795511886549e+00 1.141749015293700875e+00
4.850002272095721434e-02 6.952521558101039112e+00 1.068202557843686007e+00
5.485692163523379905e-02 7.035618179501962111e+00 1.010728794625577409e+00
6.204701941291770884e-02 7.303230096804924187e+00 9.981137341418883091e-01
7.017952344511974028e-02 6.981753526589667302e+00 9.102306020894268546e-01
7.937795493781175937e-02 6.741021727717663836e+00 8.015911428132161953e-01
8.978202502381674166e-02 6.948956684758909041e+00 7.764969564807937541e-01
1.015497567768337273e-01 6.984434433269782971e+00 7.529715997619340628e-01
1.148598853578820661e-01 7.093466430254343535e+00 7.395848862616724029e-01
1.299145727489861013e-01 7.171856624221605969e+00 7.189199883881229880e-01
1.469424783070567009e-01 6.993889951073405165e+00 6.919823678780777643e-01
1.662022317753289735e-01 6.915479680156693121e+00 6.820282977598129959e-01
1.879863615024764956e-01 6.914414858348634674e+00 6.399101007047451883e-01
2.126257375334804078e-01 7.034439257210626906e+00 6.400832270334845253e-01
2.404945970565048052e-01 7.055820363223674896e+00 6.043884833874599849e-01
2.720162285351903075e-01 6.595883158874966234e+00 5.644746411351319049e-01
3.076694008602781638e-01 6.635898129051675198e+00 5.618310745951664575e-01
3.479956351702613859e-01 6.569571826054134256e+00 5.478793720019619062e-01
3.936074297897086405e-01 6.652239392052194944e+00 5.606031091986519721e-01
4.451975632104134828e-01 6.590679788446180076e+00 5.319380048150113005e-01
5.035496164144620534e-01 6.399757232182561317e+00 5.142029049038289168e-01
5.695498743583888857e-01 6.332904506202524431e+00 5.174069619902591510e-01
6.442007873850901234e-01 6.508075905639206127e+00 5.263249331552994903e-01
7.286361970232564378e-01 6.375095068052785585e+00 5.232157644050632328e-01
8.241385574326320906e-01 6.271521661562732497e+00 4.916660440623458750e-01
9.321584140644347816e-01 6.077739816649939897e+00 4.652702263059228516e-01
1.054336435390174964e+00 6.061348479410456846e+00 4.618424132021244910e-01
1.192528332329595653e+00 6.081886932388550271e+00 4.640172939881673786e-01
1.348833043868512105e+00 5.914179457135178453e+00 4.490104433238008563e-01
1.525624616966128055e+00 5.677219883832589353e+00 4.273758222314756328e-01
1.725588264962419238e+00 5.547064473365046489e+00 4.280611537247435705e-01
1.951761152161667123e+00 5.628785972402122084e+00 4.538803098474212261e-01
2.207578524052144608e+00 5.138380226896138936e+00 4.260006595361329751e-01
2.496925883814586022e+00 5.130070271491165457e+00 4.348592420792314894e-01
2.824198007606629979e+00 5.028699287205578017e+00 4.336326331843248227e-01
3.194365694981733839e+00 4.747414511878250032e+00 4.301271737072615564e-01
3.613051268286780360e+00 4.677415158338423140e+00 4.414954847382655534e-01
4.086613967767193323e+00 4.562046479537943178e+00 4.249497306731191970e-01
4.622246539410122423e+00 4.513085513379225588e+00 4.415670037152382155e-01
5.228084482558100987e+00 4.234729869382660716e+00 4.341262186361455333e-01
5.913329616609537709e+00 4.202209947454730532e+00 4.767508940439363907e-01
6.688389843609015450e+00 3.855022619954413976e+00 4.881224493531654551e-01
7.565037229523015050e+00 3.773521115411786031e+00 4.989408988679673307e-01
8.556586805231496839e+00 3.335174201472418609e+00 4.905233543091703785e-01
9.678098802968879255e+00 3.168542659874389322e+00 5.619409848404051111e-01
1.094660739989928899e+01 3.127836035341656107e+00 7.043106854812521966e-01
1.238137944311657357e+01 2.530239530023106642e+00 6.301524692625696256e-01
1.400420708573506268e+01 2.084810944970191038e+00 5.839542689089692873e-01
1.583973877879850001e+01 1.971869082879003976e+00 7.235996076302736446e-01
1.791585364630472910e+01 1.655879397334367509e+00 8.201229738112315593e-01