1.065474697569870639e-03 7.306295418721171053e+00 3.449885878819746665e+01
1.204997964753343372e-03 7.312463678194522920e+00 3.048399286907928385e+01
1.362791719382413363e-03 7.320537308481855021e+00 2.693073832298729897e+01
1.541248470736988939e-03 7.331179788063155733e+00 2.378490173320327017e+01
1.743074025740048386e-03 7.345342213759322725e+00 2.099827062361097774e+01
1.971328515094500963e-03 7.364434476291054743e+00 1.852773150506853383e+01
2.229472791767849772e-03 7.390642182977113173e+00 1.633431097183155245e+01
2.521420905330359202e-03 7.427567230729823500e+00 1.438190616183260140e+01
2.851599447776068195e-03 7.481686773120390654e+00 1.263501644815189096e+01
3.225014670643165139e-03 7.566316461458149512e+00 1.105289737580334908e+01
3.647328391080680455e-03 7.716171544085216993e+00 9.566022859823567259e+00
4.124943837768700605e-03 8.111694253382365716e+00 7.821739505286649852e+00
4.665102738309914038e-03 7.538721114121539557e+00 7.604867999356441643e+00
5.275995120156347015e-03 6.087475135148004313e+00 6.923268134314892741e+00
5.966883489901045161e-03 6.086576443510841372e+00 6.083513956181024085e+00
6.748243273772894235e-03 6.085223288862896318e+00 5.332064132010114754e+00
7.631921648729283678e-03 6.083069399846224634e+00 4.654123260025892606e+00
8.631317172384283393e-03 6.079362400848888903e+00 4.031146942658756060e+00
9.761582935367264097e-03 6.072422773708964883e+00 3.425520301723813166e+00
1.103985631636002392e-02 6.013182827963265531e+00 2.627287135143959507e+00
1.248551882341702134e-02 6.124318490197610210e+00 3.082981493253649230e+00
1.412048996134933343e-02 6.188504983039940122e+00 2.787459997598302763e+00
1.596955958086481581e-02 6.211735885689217973e+00 2.385806049112320970e+00
1.806076374862712261e-02 6.311285354621132271e+00 1.958428555107665447e+00
2.042580983727160931e-02 6.133777459662927534e+00 1.691924675725754001e+00
2.310055728070169873e-02 6.034191286156005418e+00 1.622107662877184886e+00
2.612556128400052996e-02 5.598508768980973827e+00 1.451192341432055999e+00
2.954668773182663952e-02 5.900219262661055453e+00 1.486534778223137732e+00
3.341580861869215130e-02 5.936374450587580398e+00 1.286760040723010645e+00
3.779158854541522783e-02 6.059318976020788838e+00 1.271903383629015893e+00
4.274037420680733279e-02 6.222904316637665190e+00 1.264103347161440460e+00
4.833720035723495373e-02 6.231370338131470454e+00 1.216712108303543260e+00
5.466692750676334367e-02 6.317070823439196126e+00 1.149646991031343601e+00
6.182552859792208449e-02 6.213207304330721215e+00 1.075649398833263160e+00
6.992154417201476568e-02 6.306688502782716199e+00 1.047360541048230065e+00
7.907772808857677083e-02 6.343382048841932352e+00 9.259581302380073264e-01
8.943290875080082969e-02 6.436390252290077107e+00 9.250025735431628426e-01
1.011440940573058722e-01 6.718680580704583072e+00 9.321605283331351188e-01
1.143888519960671452e-01 6.102756820765113943e+00 8.070011551274517414e-01
1.293680029756814898e-01 6.097459454226147102e+00 7.451795655255817330e-01
1.463086647157831877e-01 6.047325700297295548e+00 7.496996820326471411e-01
1.654676958640182716e-01 6.171631642975105692e+00 7.216160589649900370e-01
1.871355905525781682e-01 6.123657511416985777e+00 7.384847972924082349e-01
2.116408829445565187e-01 5.923826120934770678e+00 6.563641386638365827e-01
2.393551285529869066e-01 6.209864834203221662e+00 6.604918830364053806e-01
2.706985378605955006e-01 5.960379158966157220e+00 6.258736180863359033e-01
3.061463476586527843e-01 5.711988749404866006e+00 5.639465372107603791e-01
3.462360267087943866e-01 5.834596778323500210e+00 5.753606202957437521e-01
3.915754249818984012e-01 5.760707580200687516e+00 5.514015426898082328e-01
4.428519900348649729e-01 5.769277907650178783e+00 5.423084856703265233e-01
5.008431902663612600e-01 5.816772738939392617e+00 5.457177909496829793e-01
5.664283030915994166e-01 5.623858860270071425e+00 5.011795692437372995e-01
6.406017467714741898e-01 5.487209023074288261e+00 4.733194516418163245e-01
7.244881580366603346e-01 5.538662449091317441e+00 4.726412922967610508e-01
8.193594441174665288e-01 5.350223972049588106e+00 4.420968900017803183e-01
9.266540677266835724e-01 5.399434576823594512e+00 4.409740277937628794e-01
1.047998857399273342e+00 5.326384738732099500e+00 4.189966713358461714e-01
1.185233673882847949e+00 5.298000707938543385e+00 4.200923286182471905e-01
1.340439306577059897e+00 5.181173546723952583e+00 4.200204382914556889e-01
1.515969022994859694e+00 5.236021048887199214e+00 4.333787994167943025e-01
1.714484249606621713e+00 5.125094809824739528e+00 4.145661957863353009e-01
1.938994925069222219e+00 4.903463262918512200e+00 3.884195992471685677e-01
2.192905137686064432e+00 4.792556354408260333e+00 3.854609609215934318e-01
2.480064739064885337e+00 4.840447381429919815e+00 4.124298464628968763e-01
2.804827716552831252e+00 4.590861252240915569e+00 3.940248475283748553e-01
3.172118209506605169e+00 4.567699436876195840e+00 3.967418390096895120e-01
3.587505170353253448e+00 4.367042233435717513e+00 3.975556289440295155e-01
4.057286802471708143e+00 4.202893776181721108e+00 3.765965416378005970e-01
4.588586055163833777e+00 4.020191336942116500e+00 3.807325393423409143e-01
5.189458623634187973e+00 3.929987014592396743e+00 3.953343644417904312e-01
5.869015091501797343e+00 3.683447130911121192e+00 4.040654378148858528e-01
6.637559067799969625e+00 3.549048051886385835e+00 4.135029921892021121e-01
7.506743412932678439e+00 3.265701942220974541e+00 4.540061261087178224e-01
8.489746922325451806e+00 3.062736685083088606e+00 4.524360983854314178e-01
9.601474146693448120e+00 2.783848548116124810e+00 4.382442603849535656e-01
1.085878137865281623e+01 2.543321049582526250e+00 5.010453498798209671e-01
1.228073223214209797e+01 2.624435531523168219e+00 5.840121130592077492e-01
1.388888668981422470e+01 2.438821517556050811e+00 7.062791999179096614e-01
1.570762800100979817e+01 1.730436461495711509e+00 8.773774834353227359e-01
1.776453238682208990e+01 1.781307288484317075e+00 1.262442588227927320e+00