1.065102667959488564e-03 7.018583899308208807e+00 3.704550553355331033e+01
1.203784718629353351e-03 7.018627178876204020e+00 3.277234280708836422e+01
1.360523912292620555e-03 7.018682742328453905e+00 2.899076089312801940e+01
1.537671385318482636e-03 7.018754176473188444e+00 2.564402833395416437e+01
1.737884404576875777e-03 7.018846179802225471e+00 2.268193351222842225e+01
1.964166227263160810e-03 7.018964948363566769e+00 2.006003000592124863e+01
2.219911150684671097e-03 7.019118721792282578e+00 1.773896767837081256e+01
2.508955427769852305e-03 7.019318572344087848e+00 1.568389904675567692e+01
2.835634812048368723e-03 7.019579572685186619e+00 1.386395132064545344e+01
3.204849595294674731e-03 7.019922571788122845e+00 1.225175498107520333e+01
3.622138113419816081e-03 7.020376979488919034e+00 1.082301966205224630e+01
4.093759823222575811e-03 7.020985285199786041e+00 9.556146894501248212e+00
4.626789196176887310e-03 7.021810679185980675e+00 8.431865743968316451e+00
5.229221837691394592e-03 7.022950473427475693e+00 7.432868245782628946e+00
5.910094423662854216e-03 7.024560878427262622e+00 6.543397108354470859e+00
6.679620253408754746e-03 7.026904931499472262e+00 5.748664854413933156e+00
7.549342452315048815e-03 7.030447140100841708e+00 5.033717112085403400e+00
8.532307122286125062e-03 7.036004772624774084e+00 4.380015732679068741e+00
9.643259037307276571e-03 7.043842411043778284e+00 3.744373411851869005e+00
1.089886281961359102e-02 7.085858655763703773e+00 3.203968978186424010e+00
1.231795291417623305e-02 7.203500334932173566e+00 2.829601903505735372e+00
1.392181611120069801e-02 6.776175821489442974e+00 2.917408131394091164e+00
1.573451085456182424e-02 6.673697595147630501e+00 2.453431374123245412e+00
1.778322812590084345e-02 6.682214191484463939e+00 2.095322539111595717e+00
2.009869931775757484e-02 7.052521268689394773e+00 2.131840744309395408e+00
2.271565721396073129e-02 7.060931106884803299e+00 1.800987094564372670e+00
2.567335699212483502e-02 6.870706604700834497e+00 1.521726691254140285e+00
2.901616506345228857e-02 7.029094670261957667e+00 1.403055662881445453e+00
3.279422458261959522e-02 7.256992664632239354e+00 1.332838274180217608e+00
3.706420761060197355e-02 7.276585007354964496e+00 1.335782245806431678e+00
4.189016521311113295e-02 7.013260489581915280e+00 1.151591631121063886e+00
4.734448824638573528e-02 6.935613520467484250e+00 1.008938414583870014e+00
5.350899324241849275e-02 7.107848262245742177e+00 9.843118463013836861e-01
6.047614968223390119e-02 7.011546742218802031e+00 9.470375817461679224e-01
6.835046706669553607e-02 6.844589133505557754e+00 8.619880923997450539e-01
7.725006259133364306e-02 7.045694920232016045e+00 8.156419733823631057e-01
8.730843294080029016e-02 7.180612710002201027e+00 8.262260033716738450e-01
9.867645678041671309e-02 7.119601359830653564e+00 8.099564440586335401e-01
1.115246579828053919e-01 6.940486582183221564e+00 7.673671189004416249e-01
1.260457635387056685e-01 7.224102502150213212e+00 7.709674842887579427e-01
1.424575945214268113e-01 7.316593445806594431e+00 7.441574858144555105e-01
1.610063334702986904e-01 7.182311566473647879e+00 7.209950859436483617e-01
1.819702172048819067e-01 6.986229533772445599e+00 6.658448098200876464e-01
2.056637104632929036e-01 7.115169032183747078e+00 6.505206325957826330e-01
2.324422229705092602e-01 7.003736550312516407e+00 6.142530903148512023e-01
2.627074406941384277e-01 6.843131217834513613e+00 5.828418699147959181e-01
2.969133512581336731e-01 6.736494476627199468e+00 5.700440446958349172e-01
3.355730538975282284e-01 6.673018163800431779e+00 5.568555573856353025e-01
3.792664561056131589e-01 6.629816106526789099e+00 5.290614929664798627e-01
4.286489724256448142e-01 6.648181773798970795e+00 5.458010821769366805e-01
4.844613558716504009e-01 6.646487182716023234e+00 5.303406858070980334e-01
5.475408094526819092e-01 6.536687488368158050e+00 5.041893101691092838e-01
6.188335444768173765e-01 6.567759976314147430e+00 5.097233345059809517e-01
6.994089740133531130e-01 6.369041657702378068e+00 5.038624513936673655e-01
7.904757544195090135e-01 6.383661746413817006e+00 5.038498429402475942e-01
8.933999155595087061e-01 6.262462868551166295e+00 4.907156922092522078e-01
1.009725351674920946e+00 6.255079843767640035e+00 4.865208088224144967e-01
1.141196980275661632e+00 6.422517016066947804e+00 5.060209978130735253e-01
1.289786916442177578e+00 6.216551066840139583e+00 4.867546345921468509e-01
1.457724055161433885e+00 6.009875666596578903e+00 4.645991768459532545e-01
1.647527505440902207e+00 5.890906677188330498e+00 4.634974154493312626e-01
1.862044377722589683e+00 5.655348824132913954e+00 4.448011479470158624e-01
2.104492491420003830e+00 5.651395002601417694e+00 4.350044664036070707e-01
2.378508643204312101e+00 5.467972060603037754e+00 4.559582105652388306e-01
2.688203160078920462e+00 5.219204871101471355e+00 4.485256961892780114e-01
3.038221555555454145e+00 5.271101372456751477e+00 4.594474339404267527e-01
3.433814213792831360e+00 5.032477854768139025e+00 4.547726228939412696e-01
3.880915146983086039e+00 4.874907549278358232e+00 4.688475599585853471e-01
4.386231007369065793e+00 4.498678221998690496e+00 4.641253646722021675e-01
4.957341689101792070e+00 4.314972867708317672e+00 4.778518061858887389e-01
5.602814028996444762e+00 4.007404652240187382e+00 4.898110832631452083e-01
6.332330311733485040e+00 3.743792950994329072e+00 4.534630392123905063e-01
7.156833507122669857e+00 3.737960185015212655e+00 5.146294555741358634e-01
8.088691418033773672e+00 3.420888468219130729e+00 5.158490365289516433e-01
9.141882201263809904e+00 3.072510928333366920e+00 5.245953602236511637e-01
1.033220404421108540e+01 2.995077235756743228e+00 5.767327586806711981e-01
1.167751214257100578e+01 2.732362376636604306e+00 5.743915863218714835e-01
1.319798653379241493e+01 2.589189076088091568e+00 6.679830707114056132e-01
1.491643480387901022e+01 2.151362884408028808e+00 5.995275363229950472e-01
1.685863420823159231e+01 2.113715169850690412e+00 9.860736176601313518e-01