2.200674381048144568e+01 1.832422856686857315e+01
2.495195234641994375e+01 1.832420737641470510e+01
2.829132429857605757e+01 1.832418012278088426e+01
3.207761138106049970e+01 1.832414506905121954e+01
3.637062518017695822e+01 1.832409997478806929e+01
4.123818199187837763e+01 1.832404195388866341e+01
4.675717410879567382e+01 1.832396728212640369e+01
5.301478447984925424e+01 1.832387115108849329e+01
6.010986393029595831e+01 1.832374734357215829e+01
6.815449269801442256e+01 1.832358780699819789e+01
7.727575095345640932e+01 1.832338208998174522e+01
8.761772627198484997e+01 1.832311658885951644e+01
9.934378977043238024e+01 1.832277353097961381e+01
1.126391768637743525e+02 1.832232958459590222e+01
1.277139134098630109e+02 1.832175392222374555e+01
1.448061334662298520e+02 1.832100546298787691e+01
1.641858410692175880e+02 1.832002882821983647e+01
1.861591754598779289e+02 1.831874818563765572e+01
2.110732471339694598e+02 1.831705741671014565e+01
2.393216211106384037e+02 1.831480340052771538e+01
2.713505340384102169e+02 1.831175517543874065e+01
3.076659433494759810e+02 1.830754048971805403e+01
3.488415198170345093e+02 1.830149397666418309e+01
3.955277097732947595e+02 1.829220263578811512e+01
4.484620101430608656e+02 1.827550235856275052e+01
5.084806186065447946e+02 1.821313218543065915e+01
5.765316429278262831e+02 1.829881868648367416e+01
6.536900781153597109e+02 1.832052922711753951e+01
7.411747880071837926e+02 1.830496851123177038e+01
8.403677595371871121e+02 1.828233790408979687e+01
9.528359338400845218e+02 1.824626492306918735e+01
1.080355959058815870e+03 1.817111312514402854e+01
1.224942255871912721e+03 1.812169224144345137e+01
1.388878839089073381e+03 1.781747742016642633e+01
1.574755397997403861e+03 1.840150775923847704e+01
1.785508205415836755e+03 1.877166848143755473e+01
2.024466501693832015e+03 1.876684264728852369e+01
2.295405086377605585e+03 1.875660624781517782e+01
2.602603948329008745e+03 1.873951442301544645e+01
2.950915876267889871e+03 1.871831300497653316e+01
3.345843117774706570e+03 1.869342789689162743e+01
3.793624297727724297e+03 1.868097288520219479e+01
4.301332969216409765e+03 1.852652895697122304e+01
4.876989353729604773e+03 1.877614500525302077e+01
5.529687035766708505e+03 1.871536144937272894e+01
6.269736613253579890e+03 1.863017555299974148e+01
7.108828572993925263e+03 1.867534245478030286e+01
8.060217964082914477e+03 1.890218132555796515e+01
9.138933786549812794e+03 1.907571232921617721e+01
1.036201640292051161e+04 1.903805055572798466e+01
1.174878672306577937e+04 1.899641153469062260e+01
1.332115141462062820e+04 1.902951729395090652e+01
1.510394896035220518e+04 1.902132539055219240e+01
1.712534202910878230e+04 1.899053527410875475e+01
1.941726235859318695e+04 1.904291136471731249e+01
2.201591517772803854e+04 1.934109503421460374e+01
2.496235113692067898e+04 1.936326722058318595e+01
2.830311478095133134e+04 1.941378678330847762e+01
3.209097980834365080e+04 1.945927810604489139e+01
3.638578273203416757e+04 1.955098347069833764e+01
4.125536811059209140e+04 1.960410248024861346e+01
4.677666028170965728e+04 1.957573409186664293e+01
5.303687852802607085e+04 1.980371332405623974e+01
6.013491487113459880e+04 1.984628168528485048e+01
6.818289625864212576e+04 2.001738624312605097e+01
7.730795582198919146e+04 2.010266880231941755e+01
8.765424118540741620e+04 2.069262295231160920e+01
9.938519155106382095e+04 2.106291892127136123e+01
1.126861195312706550e+05 2.146171804318052878e+01
1.277671385126982641e+05 2.185694223060345109e+01
1.448664817958608619e+05 2.213832077414263466e+01
1.642542659419795673e+05 2.255889786944844388e+01
1.862367577764245507e+05 2.316895697165250567e+01
2.111612124541490921e+05 2.363500599975177252e+01
2.394213590135357226e+05 2.405535474714483257e+01
2.714636200733845471e+05 2.520673078199674677e+01
3.077941639249518048e+05 2.609650100303200659e+01
3.489869004202104406e+05 2.687875483539654553e+01
3.956925469665558194e+05 2.775560700253340229e+01
4.486489078425378539e+05 3.076544598299565081e+01
