22.010354193626423 17.985461845618566
24.963751129999835 17.98546072573407
28.31344125579887 17.985459285810293
32.11260004840381 17.985457432138467
36.42153818577389 17.985455047622544
41.30865896309513 17.985451980558015
46.851544177665055 17.98544803389746
53.138185720159996 17.98544295653693
60.26838242348273 17.98543642315459
68.35532434381028 17.98542801645535
77.52738962389917 17.98541719776642
87.93018246339622 17.985403273593278
99.72884454841386 17.985385349767327
113.11067663372557 17.985362272832344
128.2881118945312 17.985332553846163
145.50208824899408 17.985294268505193
165.0258731863101 17.985244926731685
187.16940181848128 17.985181300682616
212.28419702125976 17.985099196821654
240.76894977024662 17.984993150916445
273.075848258559 17.984856015894387
309.717756269196 17.98467839670909
351.276354756937 17.984447861605542
398.4113758853101 17.9841478163513
451.87107610661417 17.983755850203835
512.5041145424735 17.983241215613496
581.2730252311896 17.98256080454479
659.2694971103842 17.981652330245357
747.7317043007649 17.980421846515767
848.0639618048542 17.978718450999153
961.8590186498926 17.976275333314742
1090.923342372876 17.97254126166363
1237.3057962324906 17.966002591816924
1403.330164391376 17.947691919081333
1591.6320413977 17.958651194977282
1805.2006715771688 17.982934858914156
2047.4264025251546 17.98271735454921
2322.1545060110498 17.973131125391312
2633.7462206879854 17.954652823570072
2987.1479856453793 17.900703566021342
3387.969963869323 17.97719341969846
3842.575102150753 17.97737236028512
4358.1801412447185 17.967889853379926
4942.970179791336 17.95737132155448
5606.22861067148 17.988094900767678
6358.484492503708 17.974570059278953
7211.67969576746 17.993428330979715
8179.358476954611 17.977752318834128
9276.88249019074 17.95870775836695
10521.674649580851 17.97011478058965
11933.495713532115 17.968038020039806
13534.757981759347 17.90534941084179
15350.881084833207 18.024265133715346
17410.69551433962 18.09282091239908
19746.900299588866 18.049623802061472
22396.582096375445 18.10841392623256
25401.803928190602 18.107027235525067
28810.27292600438 18.236974613978834
32676.097666815785 18.519203264219726
37060.64713352799 18.62154930445619
42033.52493191765 18.646288369738453
47673.67423014424 18.78677320176403
54070.63096143317 19.036430321249245
61325.945184205484 19.199722082579576
69554.79316338441 19.354156298772754
78887.8057642589 19.53696508625668
89473.14218419025 19.664898505341018
101478.8419421255 20.159321541418887
115095.4924631508 20.529968872591073
130539.25460531065 20.918192013718855
148055.29415816042 21.25627932358697
167921.67378721674 21.64300367462044
190453.76720793368 22.01336845056089
216009.265663091 22.624795789544635
244993.8561801478 23.282175887559745
277867.6617494501 24.019477765988647
315152.5456594829 24.529961839148733
357440.39594362443 25.656869627110495
405402.5214518857 27.754505614689293
459800.3087078837 31.073221783953947