2.220804942026325790e+01 1.505924466758596481e+01
2.561368078630160383e+01 1.505904635393646096e+01
2.954156986087880910e+01 1.505878225964389117e+01
3.407180549825203286e+01 1.505843043524824232e+01
3.929675827580353342e+01 1.505796150611455708e+01
4.532296391120675594e+01 1.505733608161457937e+01
5.227329550390366819e+01 1.505650119793186370e+01
6.028946889245226970e+01 1.505538538508728408e+01
6.953493221146786141e+01 1.505389173590771357e+01
8.019819856563279359e+01 1.505188800138336447e+01
9.249668977331552355e+01 1.504919212376136528e+01
1.066811695529443540e+02 1.504555050369637570e+01
1.230408565438992099e+02 1.504060415318103416e+01
1.419093214153701865e+02 1.503383347358554190e+01
1.636712883040260635e+02 1.502446251167379287e+01
1.887704792604145325e+02 1.501127866832925584e+01
2.177186616507498798e+02 1.499224893628338506e+01
2.511060829887601358e+02 1.496348503685333498e+01
2.896135059616785270e+02 1.491676460238483948e+01
3.340260890420947248e+02 1.482866226675572285e+01
3.852493957085022203e+02 1.472624286621942602e+01
4.443278586992713599e+02 1.450351921720132964e+01
5.124660757824067332e+02 1.533181638281895509e+01
5.910533712574753054e+02 1.528864070537875541e+01
6.816921239937033761e+02 1.542363404730368437e+01
7.862304396071393739e+02 1.545773265883483738e+01
9.067998329558893147e+02 1.544725223802346648e+01
1.045858689291787414e+03 1.542571329594529672e+01
1.206242390232491289e+03 1.529800272361577562e+01
1.391221126612309263e+03 1.556007134041864681e+01
1.604566577003960674e+03 1.560543957980649488e+01
1.850628811472668986e+03 1.591800017080063157e+01
2.134424988614411177e+03 1.615193168783360278e+01
2.461741654392757027e+03 1.622147727444732013e+01
2.839252728626657245e+03 1.648862912514524481e+01
3.274655584849510888e+03 1.646692462246917188e+01
3.776827998179991027e+03 1.682263497252293050e+01
4.356009161339578895e+03 1.678504414732463701e+01
5.024008459696358841e+03 1.686397283252355450e+01
5.794446262215491515e+03 1.730038816482994690e+01
6.683031637994560697e+03 1.738417215353960188e+01
7.707882660967076845e+03 1.791352617699529759e+01
8.889895833721511735e+03 1.803473229827218915e+01
1.025317216291192017e+04 1.819620830486920227e+01
1.182550857385053314e+04 1.839563105138170584e+01
1.363896468412532158e+04 1.864087594591365971e+01
1.573051649264052139e+04 1.875167427196775449e+01
1.814281031266594437e+04 1.899992417404495626e+01
2.092503232143554851e+04 1.895608999224502611e+01
2.413391145623363627e+04 1.940418817737511858e+01
2.783487610581460831e+04 1.968267134931157969e+01
3.210338818185761920e+04 1.988970012353773598e+01
3.702648177189986745e+04 2.034980182386602721e+01
4.270453774656703172e+04 2.061484993115359288e+01
4.925333050497910881e+04 2.080475520721264360e+01
5.680638859105131269e+04 2.104111835533708330e+01
6.551771731317345984e+04 2.130623305009163104e+01
7.556493888092573616e+04 2.161309138183878176e+01
8.715291408557575778e+04 2.193946817514940051e+01
1.005179193696807779e+05 2.253075037003315018e+01
1.159324644553896796e+05 2.272466926532812437e+01
1.337108487618994259e+05 2.310860895858473185e+01
1.542155699062806671e+05 2.368749552583896545e+01
1.778647149556923541e+05 2.396549677148087554e+01
2.051404851371061231e+05 2.454369773535158927e+01
2.365990278216248262e+05 2.484440785804918050e+01
2.728817762555463123e+05 2.529652596606937109e+01
3.147285282529637916e+05 2.571557471233689540e+01
3.629925305217716377e+05 2.597915731956004493e+01
4.186578761893932824e+05 2.659588283846504808e+01
4.828595702602226520e+05 2.692528980564484442e+01
5.569066721353462199e+05 2.729184195101174737e+01
6.423089870657896390e+05 2.767516146780324959e+01
7.408078507725530071e+05 2.801318859473160927e+01
8.544116349255405366e+05 2.923250634540473314e+01
9.854366974308300996e+05 2.974415488311603184e+01
1.136554612494254950e+06 3.078801650802514445e+01
1.310846643472638447e+06 3.126263038788121307e+01
1.511866569202954648e+06 3.227112586648642889e+01
1.743713144825413125e+06 3.264747335498537240e+01
