1.075656311884927094e-03 4.320292434110118762e+00 1.156849185742909327e+02
1.238416690710839214e-03 4.320224404351151293e+00 1.004759086024295982e+02
1.425804769502675689e-03 4.320134187027437456e+00 8.726500475341326535e+01
1.641547030159697801e-03 4.320014527403388982e+00 7.578948808212886945e+01
1.889933818334772666e-03 4.319855784714227376e+00 6.582114974266924889e+01
2.175904663138385122e-03 4.319645136751239178e+00 5.716175241754192626e+01
2.505146506790914985e-03 4.319365511322837747e+00 4.963908761492406541e+01
2.884206797661331353e-03 4.318994144438374150e+00 4.310355032847784429e+01
3.320623695710314856e-03 4.318500624146502709e+00 3.742516280913849869e+01
3.823075979660593097e-03 4.317844217024821241e+00 3.249098803514591793e+01
4.401555637014543249e-03 4.316970179952460462e+00 2.820288109539588817e+01
5.067566569120203132e-03 4.315804610193063162e+00 2.447553319881989609e+01
5.834353362822175537e-03 4.314247142930908829e+00 2.123476848044803944e+01
6.717164678151271544e-03 4.312160392862912417e+00 1.841605817101520870e+01
7.733556489896524326e-03 4.309354310483295869e+00 1.596321989099451955e+01
8.903741213455147394e-03 4.305562288380150093e+00 1.382727140681635092e+01
1.025098965783082829e-02 4.300403268187995565e+00 1.196540713322221627e+01
1.180209379919484533e-02 4.293318786653559371e+00 1.034005951677862889e+01
1.358789957792894132e-02 4.283462155469593746e+00 8.917989850365000137e+00
1.564392031458665747e-02 4.269488515330694511e+00 7.669306146205578933e+00
1.801104294343328083e-02 4.249116771426349359e+00 6.566171826372336540e+00
2.073634110803568298e-02 4.218083643996207499e+00 5.580525463240971540e+00
2.387401128847924103e-02 4.167068810311268301e+00 4.678243927153925341e+00
2.748645057645013670e-02 4.068304556393465887e+00 3.794334474830165949e+00
3.164549753129321935e-02 3.759862184157839682e+00 2.628164817915666696e+00
3.643386079325563326e-02 4.210361511471678142e+00 3.116756086084238486e+00
4.194676386394874390e-02 4.714100829999787301e+00 3.482729606610439177e+00
4.829383876285732458e-02 5.059021905944525166e+00 3.467748054480940034e+00
5.560130621798353712e-02 5.033421540041809195e+00 2.849346544998071273e+00
6.401448574685769666e-02 5.024836656898306053e+00 2.215190593100467620e+00
7.370068554449266118e-02 5.274835345688532406e+00 2.188091217107635877e+00
8.485252964786679786e-02 5.400018079681709438e+00 2.311595203993237924e+00
9.769178854239479737e-02 5.010153746228907856e+00 1.930576188340444643e+00
1.124737893875143169e-01 5.138066400171817705e+00 2.060367444502658962e+00
1.294924935650770825e-01 4.943353802985241963e+00 1.751581535655859945e+00
1.490863425249097651e-01 4.707656369489477299e+00 1.488359292108603515e+00
1.716449881806049738e-01 5.151469660278671370e+00 1.613106610021326492e+00
1.976170416991579470e-01 5.407766083599778284e+00 1.546375705182030824e+00
2.275189947802941093e-01 4.512621000404434035e+00 1.316500205690821268e+00
2.619454908379800773e-01 4.512893016994437012e+00 1.130995393301017948e+00
3.015811503413571293e-01 4.747139812010105153e+00 1.072312643136431598e+00
3.472141854790385396e-01 4.305539891073126846e+00 9.784816960680832176e-01
3.997520748939844548e-01 4.500465689912037881e+00 9.333834969755221422e-01
4.602396102036365177e-01 4.097758782365392705e+00 8.192897750004284330e-01
5.298796731863634202e-01 4.095068973406061019e+00 7.759432683508459272e-01
6.100571568185046978e-01 4.100756213048934562e+00 7.892874022103952836e-01
7.023665058662900140e-01 3.966957428021853804e+00 7.213464131389940581e-01
8.086434247169826950e-01 4.286586922376512732e+00 7.951252277813289915e-01
9.310013830051493411e-01 4.310899806253797095e+00 7.024388417843753230e-01
1.071873645001021558e+00 4.056295270404167930e+00 6.517681730220125091e-01
1.234061658575882570e+00 4.141986796523040582e+00 6.833709452131077056e-01
1.420790766028776630e+00 3.939558742374200229e+00 6.387956776755512323e-01
1.635774344664572055e+00 3.852639757311035584e+00 6.070880880759189635e-01
1.883287652651181254e+00 3.625097939697649263e+00 5.573547648673213839e-01
2.168252848687200363e+00 3.578670077383829362e+00 5.462504024693353166e-01
2.496336876218521184e+00 3.649953454203258563e+00 5.311327613110325974e-01
2.874064158772585920e+00 3.559098705226368953e+00 4.872112567203140121e-01
3.308946347519363229e+00 3.321655277864720368e+00 4.894533256092654661e-01
3.809631701276193549e+00 3.120263348612660081e+00 4.607171791550504492e-01
4.386077069593104838e+00 2.937835782016516184e+00 4.084037885476894947e-01
5.049745899050028797e+00 2.948989079556080029e+00 4.381244860079964720e-01
5.813836200406350407e+00 2.604118261638254328e+00 3.828731583854510512e-01
6.693543010057991793e+00 2.530384872017712450e+00 4.067132764153171265e-01
7.706360565226230364e+00 2.568705994330704456e+00 4.508056784849958087e-01
8.872430202067146610e+00 2.390819893546554997e+00 4.363548695762564655e-01
1.021494089515682013e+01 2.281729653922813128e+00 3.980774555290402250e-01
1.176059040365698216e+01 2.165050736488460359e+00 4.080063884888538994e-01
1.354011619471688732e+01 1.925644596679141340e+00 3.934408235296226186e-01
1.558890670228817754e+01 1.749894280921140854e+00 3.669668256888544700e-01
1.794770507711486829e+01 1.657710486396470673e+00 4.021014868138722553e-01
2.066341942298065248e+01 1.560881722692274876e+00 3.859566870724119858e-01
2.379005563192879791e+01 1.417972643174246539e+00 3.927568680295433490e-01
2.738979136922674229e+01 1.129279142875491360e+00 3.743724297297340020e-01
3.153421256581334831e+01 1.002458427515437567e+00 3.777435551146693382e-01
3.630573700766283451e+01 9.867210033504112410e-01 4.515855304025082062e-01
4.179925333219059524e+01 1.020564592188349939e+00 4.248164286800129585e-01
4.812400802550516943e+01 7.234266716435803213e-01 3.618098315461623082e-01
5.540577794616581997e+01 5.819435471730812770e-01 2.922437315433592531e-01
6.378937157921009771e+01 5.853651311737844143e-01 3.596328865896145088e-01
7.344150876149053886e+01 2.210333337565349721e-01 2.220213530849540484e-01
