1.075001810461536332e-03 5.105451532058208564e+00 1.038402238495354197e+02
1.236255974529625306e-03 5.105632788602146199e+00 9.028853258100997436e+01
1.421698847096850883e-03 5.105872901377964901e+00 7.850343026619798081e+01
1.634958822023535336e-03 5.106191153298469843e+00 6.825432550438219437e+01
1.880208565387186254e-03 5.106613274689155269e+00 5.934067884535421200e+01
2.162246658285839947e-03 5.107173697387084488e+00 5.158807819239019921e+01
2.486591486357529572e-03 5.107918671809755118e+00 4.484482497124708544e+01
2.859589213067644312e-03 5.108910633665978196e+00 3.897896400707046638e+01
3.288537949380348872e-03 5.110234422491656048e+00 3.387569858478409657e+01
3.781830549330335040e-03 5.112006319846871705e+00 2.943513943036390401e+01
4.349118825447377892e-03 5.114387520093631068e+00 2.557034241790146112e+01
5.001502397089185870e-03 5.117604832031227069e+00 2.220559460076876590e+01
5.751745866707990915e-03 5.121983692725996740e+00 1.927491139801588460e+01
6.614528573343505212e-03 5.128003217870570118e+00 1.672070861421778432e+01
7.606731810044157008e-03 5.136393088535938567e+00 1.449260926665153271e+01
8.747769124941497110e-03 5.148315749671776409e+00 1.254633091155452895e+01
1.005996616868177866e-02 5.165738924691593681e+00 1.084255563079716289e+01
1.156899752034764965e-02 5.192286092789044183e+00 9.345544290853268876e+00
1.330438903884984155e-02 5.235506177345102152e+00 8.020710789217719849e+00
1.530009556884655633e-02 5.314642827338309061e+00 6.827427257673939209e+00
1.759516530464259182e-02 5.505851299152418221e+00 5.671557151909948580e+00
2.023450381107899654e-02 5.561287491473568600e+00 4.730445915393898026e+00
2.326975265032255741e-02 3.749293885783703928e+00 3.787816345881184432e+00
2.676029980585519635e-02 3.453028363741414086e+00 2.660776345732663639e+00
3.077444167372046444e-02 3.671661180429556914e+00 2.561832112854520282e+00
3.539071935666443514e-02 5.039729269101813180e+00 4.643453641180057545e+00
4.069945540723637900e-02 5.069821743926410385e+00 3.866587693090043576e+00
4.680452108791895161e-02 5.134981984732179150e+00 2.951038567178370986e+00
5.382536872667709194e-02 5.226312030947149800e+00 3.110412541380178642e+00
6.189936893319816780e-02 4.895689710071087219e+00 2.946171137654209904e+00
7.118449840603102707e-02 4.608682602098274295e+00 2.270811390492170734e+00
8.186243092052833403e-02 4.404249528724164975e+00 2.162808357356379663e+00
9.414209197617248726e-02 4.056743725848666493e+00 1.762108653174721207e+00
1.082637466538713122e-01 4.263501257935004674e+00 1.622967265708554763e+00
1.245037006666501883e-01 5.070117242610801434e+00 2.597352514125631728e+00
1.431797065849700068e-01 5.237437886490885930e+00 2.262894640983613037e+00
1.646571810154185411e-01 4.818215241484195666e+00 1.758678240720507047e+00
1.893563543787171177e-01 4.580235253490714697e+00 1.593224413620252911e+00
2.177604931803172050e-01 4.916099091515405028e+00 1.638321181397289772e+00
2.504253556513588164e-01 4.500762247330072796e+00 1.466140319455442764e+00
2.879900657700109057e-01 4.544967932673053213e+00 1.410676195144602740e+00
3.311896184253861897e-01 4.283459906907834736e+00 1.349757093707164124e+00
3.808692604013246830e-01 4.105703764635975972e+00 1.251486413853682533e+00
4.380010285598160413e-01 4.409586760014506446e+00 1.187017739621095691e+00
5.037027688118185242e-01 4.581091124767170619e+00 1.057239333973760242e+00
5.792600080025687159e-01 4.134702937667368516e+00 1.014235163281798080e+00
6.661511066588819974e-01 3.922253674246089616e+00 8.211531945785851550e-01
7.660761847396257984e-01 3.911650164801677043e+00 7.717803735863121295e-01
8.809903863535019086e-01 4.061604932822475256e+00 7.784145391984721440e-01
1.013142134304943820e+00 3.956576023939041065e+00 7.046852347257516191e-01
1.165117122960415585e+00 3.922513184831522892e+00 6.633252652271340866e-01
1.339888910203950623e+00 3.789244808707993961e+00 5.817820750221853743e-01
1.540877098369212828e+00 3.599755574694633697e+00 5.680252291141721921e-01
1.772014242522032212e+00 3.469846581381960782e+00 5.474623291969840100e-01
2.037822795227591577e+00 3.321226771178773074e+00 4.731533165896564253e-01
2.343503593311306421e+00 3.323957825716897130e+00 4.901803932353271387e-01
2.695037617954234133e+00 3.259053882727930063e+00 4.766635189603696254e-01
3.099303019171261830e+00 3.078087815669611427e+00 4.612010066502272299e-01
3.564209694384762095e+00 3.056624478258138211e+00 4.473377385256956384e-01
4.098854054271594549e+00 3.143525780672691727e+00 4.515531847649505437e-01
4.713697004047546990e+00 2.968929677734104988e+00 4.489581845278938221e-01
5.420768622588916230e+00 2.834822506314603086e+00 4.404361609461346916e-01
6.233903544163430510e+00 2.633820980744411955e+00 3.974112763768568035e-01
7.169011648273119874e+00 2.524931742596396855e+00 3.903123458202328311e-01
8.244389353953772925e+00 2.531458875513221685e+00 3.838960034753702288e-01
9.481077609346469259e+00 2.119810041121881650e+00 3.526273242748642067e-01
1.090327358100110899e+01 2.078535388570015296e+00 3.771840115065270838e-01
1.253880409806615148e+01 2.055098750954709619e+00 3.967168917963315167e-01
1.441967011482113747e+01 1.667404464427085564e+00 3.311501670665661368e-01
1.658267284456052337e+01 1.699367160554136502e+00 3.447822841815657569e-01
1.907013381582729039e+01 1.382490599408451093e+00 3.330661579694969565e-01
2.193072293968889497e+01 1.152883522050830445e+00 3.314042770927123072e-01
2.522041079010291753e+01 1.134245192341164277e+00 3.609190410208150679e-01
2.900356372978568942e+01 1.243885622170116889e+00 3.698309068243146869e-01
3.335420330892664253e+01 1.093432416487031711e+00 3.494353530492202986e-01
3.835745457826996585e+01 9.078167822506638673e-01 3.054792634521551475e-01
4.411121165440274439e+01 8.631648939449062530e-01 2.970212032798580926e-01
5.072805312586719850e+01 7.331855896617761603e-01 2.801150670331428727e-01
5.833744477712527043e+01 5.078916000780870910e-01 2.971657074232584850e-01
6.708827272909384476e+01 4.949372416592414115e-01 3.998533157333886146e-01
