2.220681172991167784e+01 1.537028099627017319e+01
2.560958826114282516e+01 1.536998163149722174e+01
2.953377634223194903e+01 1.536958197595160769e+01
3.405927249351474018e+01 1.536904774021474651e+01
3.927821587545154358e+01 1.536833235351613425e+01
4.529686424313186421e+01 1.536737210129585662e+01
5.223775735554920630e+01 1.536607893617778942e+01
6.024221188668675353e+01 1.536432948099889373e+01
6.947319863483656377e+01 1.536194742968463522e+01
8.011866061017087759e+01 1.535867362184972862e+01
9.239533955687203104e+01 1.535411075223115418e+01
1.065531888178612689e+02 1.534760842359806432e+01
1.228804623881092368e+02 1.533797739669307703e+01
1.417095837697202398e+02 1.532252476568858057e+01
1.634239141187557038e+02 1.529028869652981726e+01
1.884655574833545018e+02 1.527232712239484158e+01
2.173443620478990397e+02 1.527073433669893632e+01
2.506483006486763259e+02 1.527298632148584367e+01
2.890554419084666620e+02 1.526906483746119392e+01
3.333477557225168084e+02 1.516003015091397899e+01
3.844270341757712686e+02 1.543957910967926139e+01
4.433332520414421083e+02 1.543966361378917185e+01
5.112657406809089480e+02 1.542699886923234232e+01
5.896076064458253541e+02 1.546577410075437342e+01
6.799538907414146252e+02 1.536381237523586663e+01
7.841440450902125576e+02 1.563895407628083056e+01
9.042993823889743226e+02 1.559441672024109238e+01
1.042866266866823935e+03 1.571187357655917438e+01
1.202665922092756318e+03 1.575857851237151053e+01
1.386951871124169656e+03 1.561182828674125034e+01
1.599476178278604948e+03 1.565881628683898796e+01
1.844565841212014220e+03 1.600689249642686462e+01
2.127210888647278807e+03 1.603354854833592924e+01
2.453165977423866025e+03 1.647601005995497658e+01
2.829067557385873897e+03 1.651432126838255954e+01
3.262568989587119631e+03 1.690263732094872040e+01
3.762496368821660781e+03 1.708239115169001110e+01
4.339028223028526554e+03 1.726431142145112929e+01
5.003902748252854508e+03 1.735921867833796739e+01
5.770656798469930436e+03 1.773237129340569140e+01
6.654901496108075662e+03 1.780796595181418240e+01
7.674640074704191647e+03 1.786665730552449460e+01
8.850634424972566194e+03 1.793677673172850362e+01
1.020682780716966590e+04 1.842865756488975748e+01
1.177083233618417580e+04 1.848194151067636426e+01
1.357449116455501280e+04 1.892948917934602804e+01
1.565452680947089357e+04 1.932489235472739608e+01
1.805328882369761413e+04 1.955237968383917391e+01
2.081961603302279036e+04 1.966972312299591152e+01
2.400983089538364584e+04 1.973845387020333675e+01
2.768888622684275106e+04 2.010270219202417863e+01
3.193168764176718469e+04 2.034963306536326044e+01
3.682461863211071613e+04 2.054628111284246472e+01
4.246729933643269032e+04 2.078533730145387537e+01
4.897461480721399130e+04 2.111029987334235969e+01
5.647905407201864000e+04 2.162227164154198888e+01
6.513340761181714333e+04 2.202805303815805615e+01
7.511387817716495192e+04 2.230599777315271126e+01
8.662366827849386027e+04 2.250621499786351265e+01
9.989711739186567138e+04 2.280513991718601829e+01
1.152044731137506169e+05 2.304425363955963491e+01
1.328573934056038270e+05 2.336484321036839162e+01
1.532152919540115690e+05 2.392654128728876728e+01
1.766926558380216011e+05 2.419589039922108142e+01
2.037674844914598798e+05 2.464912473038905460e+01
2.349910217776160280e+05 2.521499083903156802e+01
2.709989793214646634e+05 2.564998285975711312e+01
3.125244796066125855e+05 2.605721956033848485e+01
3.604129823585940758e+05 2.645030069609644485e+01
4.156394981158711016e+05 2.666408653693168418e+01
4.793284394570699078e+05 2.746344447861164184e+01
5.527765140556951519e+05 2.792356588951122021e+01
6.374791256652169395e+05 2.839425244348878152e+01
7.351608205589296995e+05 2.901083242007359075e+01
8.478103993144886335e+05 2.936293724107693492e+01
9.777214088195224758e+05 2.995996232420612060e+01
1.127538838916074019e+06 3.097802536038605581e+01
1.300312974428164307e+06 3.205070754921088394e+01
1.499561499000454322e+06 3.263059080279309399e+01
1.729341115182973444e+06 3.495982473734587614e+01
