2.220607670671666511e+01 1.509908712053353241e+01
2.560715798696228518e+01 1.509878289824396447e+01
2.952914865735418815e+01 1.509837515021609455e+01
3.405183116658553644e+01 1.509782715698626632e+01
3.926720743806031066e+01 1.509708793529570059e+01
4.528137040385396972e+01 1.509608562066366666e+01
5.221666218269545823e+01 1.509471679081185691e+01
6.021416280434998214e+01 1.509282825102245695e+01
6.943656010686824231e+01 1.509018365358288705e+01
8.007145918711361787e+01 1.508639634447322209e+01
9.233519872651959304e+01 1.508077621499424126e+01
1.064772518250544664e+02 1.507191202666248664e+01
1.227853008666330936e+02 1.505615628710040355e+01
1.415910896505887706e+02 1.501760866998310107e+01
1.632771718352250616e+02 1.498337828702904062e+01
1.882846929725480436e+02 1.514829366490691065e+01
2.171223644389370406e+02 1.513975975421613640e+01
2.503768118124605735e+02 1.512688194698809951e+01
2.887245082069961768e+02 1.509931782550111556e+01
3.329455353150364090e+02 1.508551913058662919e+01
3.839394520909257835e+02 1.499796087365993280e+01
4.427435938806027593e+02 1.509261939805274011e+01
5.105541742448743321e+02 1.503158918012812606e+01
5.887506187365877395e+02 1.503915419515250029e+01
6.789236256375489802e+02 1.511289579578409992e+01
7.829075244761011163e+02 1.503383156094001549e+01
9.028175905731756075e+02 1.511177102326919197e+01
1.041093074681817825e+03 1.500283951891212197e+01
1.200546823043530367e+03 1.524653549054190194e+01
1.384422497249261141e+03 1.498856628757902776e+01
1.596460557890615519e+03 1.547215190151231035e+01
1.840974354262846191e+03 1.585710652973399348e+01
2.122937867961859411e+03 1.609433906774740208e+01
2.448086895284894581e+03 1.608026361415951655e+01
2.823035726721185256e+03 1.610319789185322747e+01
3.255411697065911085e+03 1.661866259883701602e+01
3.754010343220933919e+03 1.710208066960518281e+01
4.328974325954331107e+03 1.738300780987498939e+01
4.991999755305112558e+03 1.753537940174540566e+01
5.756574116773635978e+03 1.774883184963963600e+01
6.638250638272064862e+03 1.799923134003504543e+01
7.654964679099309251e+03 1.815032058629159906e+01
8.827398577031006425e+03 1.819462428647976182e+01
1.017940237536635686e+04 1.834742513602724046e+01
1.173847898850236561e+04 1.871515561675883532e+01
1.353634367543629742e+04 1.908625965562929494e+01
1.560956920219368476e+04 1.923236567542719655e+01
1.800032981729241146e+04 1.942450601505464292e+01
2.075725917444099105e+04 1.953882138490167364e+01
2.393643965462209235e+04 1.978418391976641644e+01
2.760254321268284548e+04 1.995081072511078446e+01
3.183014695591547570e+04 2.016074913672971647e+01
3.670525021656876925e+04 2.046993696605625956e+01
4.232702397908775310e+04 2.080629927886769082e+01
4.880982824951701332e+04 2.113177188121205674e+01
5.628553840507207497e+04 2.151515299453823360e+01
6.490622784726131795e+04 2.178347501044828505e+01
7.484726152998775069e+04 2.217911294752098428e+01
8.631086329221585765e+04 2.243951398085032878e+01
9.953022956308012363e+04 2.287152199096205862e+01
1.147742731218034460e+05 2.321018580174948553e+01
1.323530934115798736e+05 2.368088487798235420e+01
1.526242846863794548e+05 2.406795112656418212e+01
1.760002103131119220e+05 2.447941817278752552e+01
2.029563912054422835e+05 2.481393251669193489e+01
2.340411790295900428e+05 2.524630889240703624e+01
2.698869109577062191e+05 2.562994293287211889e+01
3.112227728825608501e+05 2.625345579358423009e+01
3.588896327613635221e+05 2.663233098484170469e+01
4.138571458335712668e+05 2.687553648139910933e+01
4.772434796727543580e+05 2.719569256859865902e+01
5.503380603261366487e+05 2.798361269546699504e+01
6.346278022514069453e+05 2.847372031966692774e+01
7.318273556289658882e+05 2.888646560807845631e+01
8.439139863505682442e+05 2.929552859196529369e+01
9.731677982247844338e+05 2.999170916053596869e+01
1.122218115612863563e+06 3.109851822443728508e+01
1.294096970026124269e+06 3.132682695247898153e+01
1.492300778727153316e+06 3.311760116802140885e+01
1.720861470021608053e+06 3.437554201051537461e+01
