22.129397247027455 16.58329855126572
25.354201280764094 16.58308404801871
29.04893953547917 16.582802127667776
33.28209312498188 16.582431458699666
38.13212256602582 16.581943855372376
43.68892202572995 16.581301998605404
50.05548548904819 16.58045634181895
57.3498157283145 16.579340867986517
65.70711145716966 16.57786719598279
75.28227320725875 16.575916257467608
86.25277437354076 16.573326293562882
98.82195064236721 16.569875076571464
113.22276877111385 16.565252675988052
129.7221445728188 16.559017919150932
148.62589013866733 16.550524878026568
170.2843819939416 16.538789592304397
195.0990552453867 16.522224047440233
223.5298440875023 16.49802629587846
256.1037065758142 16.460432040000903
293.42439167181385 16.392767918234643
336.1836295894708 16.254419139200294
385.1739528537872 16.237760486649716
441.3033857067327 16.37646396302506
505.61227412527614 16.58941152255596
579.2925683919881 16.763091232524747
663.7099156161689 16.990435251336578
760.4289716852415 16.970231197800352
871.2424017975403 17.202808387894134
998.2041070946204 17.19991067868469
1143.667293240986 17.24479164421873
1310.3280865435063 17.185501165280783
1501.2755060251427 17.287742900716975
1720.048717673743 17.275654562174594
1970.7026320600883 17.241690328205294
2257.883061161766 17.201590290813503
2586.9128274071227 17.759547125122893
2963.890420950396 17.56930721035212
3395.8030337676364 18.106482988229086
3890.656065634104 18.12468250886765
4457.621502346309 18.03688347307386
5107.207916344484 18.18083202768084
5851.455240657476 18.16150930616932
6704.157926259827 18.070195756060766
7681.120619010723 18.44509702913198
8800.45109508733 18.359626563468403
10082.895884402673 18.29414141826289
11552.224802710016 18.572689808586933
13235.671519606747 19.840113928231084
15164.438328263243 19.973896754676666
17374.274472666257 20.003265618079812
19906.138751537568 20.122250482502963
22806.95868013742 20.431104602166446
26130.50028084014 20.51472265509669
29938.36462384789 20.78518806900717
34301.12958869265 21.04876925531569
39299.65800881027 21.21760777389071
45026.596445342046 21.417283600833702
51588.092369587146 21.585009304750397
59105.761581683284 21.702507158338285
67718.9423311631 21.600213023275845
77587.27791898615 22.72589436680283
88893.67564897412 22.74276250528883
101847.69697212585 23.186210288626054
116689.44165934801 23.60365228091594
133693.99799483927 23.800688697006272
153176.5414734263 24.185313877806024
175498.17650502143 24.739930710300893
201072.62940083368 25.12118974806322
230373.91669427516 25.42516418980054
263945.1309271076 25.5757686578732
302408.5067433292 25.866975833896117
346476.9538635125 26.46295150978547
396967.2707005845 26.465333470654947
454815.283528346 27.835520490400565
521093.19180369703 28.192774983953825
597029.4411340756 29.32440161931105
684031.4922309408 30.035608283749156
783711.9078665508 31.25714884724379
897918.2413497174 32.29074352461496
1028767.2804964681 34.50928632532212