22.14877699083548 14.170902539776193
25.41802515104638 14.170404004741371
29.169827428690713 14.169727203669623
33.47541074348842 14.168797417540322
38.41651539367912 14.167497264323806
44.08694687278363 14.165628301949566
50.59435674073259 14.162815143548938
58.06228635870356 14.158204375382688
66.63251228740258 14.149045686548202
76.46773787552226 14.095748724434973
87.75468213743252 14.188350565019435
100.7076245615854 14.185534266574123
115.57247314683248 14.181782040528045
132.63143289718997 14.176762232115282
152.20836340512218 14.170007339513088
174.6749272355677 14.160839601697415
200.4576458360638 14.148230843778588
230.04599692745464 14.130483132449067
264.0017071018878 14.104090055729271
302.96941604547897 14.060942419656175
347.68891484293795 14.02967123085102
399.00919070495627 13.943435004548187
457.90454475358695 13.611412607028914
525.4930888572768 14.120893127156695
603.0579726728049 14.13210380331148
692.071743883597 14.005682044323857
794.2243041067453 13.728742894163984
911.4549912038308 13.946622418297554
1045.9893970692706 16.53910086931485
1200.381619871629 16.570560172639173
1377.5627528949146 16.566711864649413
1580.8965305269808 16.74025835552196
1814.2431878186067 16.868881624660897
2082.032745969168 17.364316251149475
2389.3491150434043 17.43050592278325
2742.0266105859046 17.797241600119342
3146.7607164743017 18.10301699017904
3611.2351968130693 18.11395228911569
4144.267970051745 18.19162226162335
4755.97851470704 18.37444906919794
5457.979984839772 18.70493463012803
6263.599682545361 18.806560867568315
7188.132073066605 18.906617597799737
8249.129145950112 18.870079321383002
9466.733634671918 19.15190474369492
10864.061420813956 19.220161552539594
12467.640382627978 19.328671628916773
14307.914019404536 19.431914608906624
16419.819412815134 19.415941179518846
18843.45049766251 19.95546590335551
21624.819234049097 19.986302333864092
24816.7291316051 20.35034872305916
28479.777709389884 20.51516816847587
32683.506922888377 20.593644839910674
37507.72339863803 20.740301630319742
43044.01354077248 20.58318169657349
49397.48227335714 21.52417687867215
56688.74842805472 21.711953083612002
65056.23465899925 21.716744009665334
74658.7953582733 22.010511892843905
85678.73246223122 22.40411339085469
98325.2564029098 22.50625428797364
112838.4579097237 22.91058496828554
129493.86606499288 23.047009946665476
148607.67914671492 23.59065218485009
170542.76756467292 23.77876328989673
195715.56285394687 24.019077927017904
224603.96351144844 24.961740998782037
257756.40776558072 25.2799217375484
295802.2855230238 25.5806323039789
339463.8871605528 25.627649511429443
389570.11600636574 26.429609033887914
447072.2248385572 27.200942309549067
513061.8751537694 27.5210702055479
588791.8620561995 28.309582141559346
675699.898223201 29.244995880134944
775435.90847943 30.201851501091262
889893.3531594137 31.176462758957207
1021245.1749238435 33.98239927006989
1171985.0514698718 36.168762141939986