22.14241763145364 15.983491212009893
25.397073660399933 15.982963900666713
29.130123062782975 15.98226658064309
33.411883628781744 15.981342878774447
38.3230089765574 15.980116520612858
43.95600778856323 15.978483340166997
50.41698635642459 15.976299280215922
57.82764725793103 15.973361669838361
66.32758181432973 15.969378554466392
76.07689950991804 15.96391521798924
87.25924390314142 15.956293076192651
100.08525183857249 15.945376844031532
114.79652111940725 15.929054567519405
131.6701613777593 15.902649002278615
151.0240138654708 15.851698348236553
173.22263848831665 15.59029805627949
198.68418085870024 16.07594612695191
227.888248718456 16.048028824770036
261.3849460964308 16.00043065215148
299.80523537324814 15.990214663507961
343.8728224388592 15.883748985032177
394.4177888183022 15.80954537794442
452.39222754795776 15.919818080105426
518.8881773283405 15.540987815225094
595.1581927710836 16.3820242322279
682.6389382127015 16.616326741514083
782.978249521302 16.592077641540076
898.0661736474547 16.664812460539096
1030.0705705974246 17.02032175072624
1181.4779484472915 16.959348438298605
1355.1403005889456 16.770076659348018
1554.3288274603158 17.124888675954775
1782.795554692153 17.502558083609944
2044.844008344978 17.548054929455915
2345.4102785141745 17.817096448943484
2690.1559982622866 17.73267416022802
3085.574989281272 17.74974488346657
3539.1155831216065 18.401973187476656
4059.320922098781 18.478905684617523
4655.989882662926 18.549632483423444
5340.361652473455 18.538304803079264
6125.327437974958 18.67330783618699
7025.673290315685 18.456220133708783
8058.358623612405 19.10474140355283
9242.835671886274 19.12321805487512
10601.415902137744 19.099002248823204
12159.69028552063 19.215187777382525
13947.011343076316 19.397666417450182
15997.046046109128 19.497839359784297
18348.409985941136 19.81307996851337
21045.394758619783 19.861767286826346
24138.802266000443 20.012657365532743
27686.901648562 20.37571708251168
31756.526875273074 20.53394721727085
36424.33566532059 20.988550454314954
41778.253455449296 21.009675201798892
47919.12961228193 21.19851643718748
54962.63708695482 21.458891466142077
63041.45129501746 21.598613243169737
72307.74926418746 21.86047603457377
82936.0761252943 22.253073994809533
95126.63294122666 22.321385381635558
109109.04780525337 22.86987420500603
125146.70124321917 22.825792681991732
143541.68739529123 23.499966401950104
164640.50442882843 24.029179319009387
188840.58137014965 24.178593911702052
216597.7642982242 24.294644735017286
248434.9029143846 25.495376507845
284951.69922945363 25.766920054887972
326836.0038836218 26.115081731110713
374876.77288282494 26.13116883778293
429978.9288118983 26.79599944257522
493180.40645856655 27.43955533491353
565671.7039291032 27.893339138703226
648818.3075313189 28.891167902572764
744186.4128324244 29.74167049737865
853572.4263878893 31.38648425810566
979036.8038522257 32.51768171590077
1122942.8618651326 35.16640489433666