2.213179038947193078e+01 1.459622124742842075e+01
2.536207874426593989e+01 1.459435247976417038e+01
2.906385009575783940e+01 1.459188786454194542e+01
3.330592065840271232e+01 1.458863296997376047e+01
3.816715085059315982e+01 1.458432657460022774e+01
4.373791131590946435e+01 1.457861516448485872e+01
5.012176292034202163e+01 1.457101569117055817e+01
5.743738195676424141e+01 1.456085958198327468e+01
6.582076634635487267e+01 1.454720545383294805e+01
7.542776385042444076e+01 1.452869672934064837e+01
8.643696929229797377e+01 1.450331576711638881e+01
9.905304464883218429e+01 1.446792725650819733e+01
1.135105237323239464e+02 1.441734499472929443e+01
1.300781721921395615e+02 1.434215358897658277e+01
1.490639838888310464e+02 1.422249261662353348e+01
1.708209065237187474e+02 1.400260703748865865e+01
1.957534029638357822e+02 1.312749985403588937e+01
2.243249702377686390e+02 1.785600461360338542e+01
2.570667559811075762e+02 1.781800292540120623e+01
2.945874325118895172e+02 1.777801214069438629e+01
3.375845120958576331e+02 1.781147637610945367e+01
3.868573137531882367e+02 1.773469309030461005e+01
4.433218226606230132e+02 1.768555250377399446e+01
5.080277183864334916e+02 1.760165544390753567e+01
5.821778885144194646e+02 1.778181720816420253e+01
6.671507904167117431e+02 1.813006174121272807e+01
7.645260768824603019e+02 1.806236474782619439e+01
8.761139619848138409e+02 1.795525606918715766e+01
1.003988873099924604e+03 1.816777657492951192e+01
1.150528014671599067e+03 1.850041675886863501e+01
1.318455560624948248e+03 1.872386054776750441e+01
1.510893296969413768e+03 1.869579787956601180e+01
1.731418656041056693e+03 1.872416351037805526e+01
1.984131221245140068e+03 1.898324938040043008e+01
2.273728938627295975e+03 1.908707565715810262e+01
2.605595452052247310e+03 1.926496420766667583e+01
2.985900185557788518e+03 1.934335241838814312e+01
3.421713033422679928e+03 1.955820067505645099e+01
3.921135790045665544e+03 1.976897223313159557e+01
4.493452762927168806e+03 1.992533606126358592e+01
5.149303368660604974e+03 1.990368231265770760e+01
5.900879920506071358e+03 2.004069221574530957e+01
6.762154284432637724e+03 2.010816880253766215e+01
7.749137617182536815e+03 1.997021547654285456e+01
8.880178014907822217e+03 2.023871449528695621e+01
1.017630160569061627e+04 2.043605002234259871e+01
1.166160342688314813e+04 2.036754893561795399e+01
1.336369535370739140e+04 2.069354535570908737e+01
1.531421940614153573e+04 2.085120301670746557e+01
1.754943597650774973e+04 2.093239804846392360e+01
2.011089791295746909e+04 2.080748544321380678e+01
2.304622299011801806e+04 2.098244528606565851e+01
2.640997912718942825e+04 2.138122707327772076e+01
3.026469880976404602e+04 2.132788923498857159e+01
3.468204157354855124e+04 2.171545729492672550e+01
3.974412616065044131e+04 2.206701521647165976e+01
4.554505711331687780e+04 2.197496860627785153e+01
5.219267418462088972e+04 2.299062036555826083e+01
5.981055708777454856e+04 2.311714537131930314e+01
6.854032285251305439e+04 2.335074171236561824e+01
7.854425849658172228e+04 2.331259946544897232e+01
9.000833795389182342e+04 2.395046647155270847e+01
1.031456793442716880e+05 2.437844664272099493e+01
1.182005068557240011e+05 2.465886594246862629e+01
1.354526908908858022e+05 2.496544295039057815e+01
1.552229508793629648e+05 2.500222455895831786e+01
1.778788174766217417e+05 2.533796208092988422e+01
2.038414649871728907e+05 2.525672136570703330e+01
2.335935410273223533e+05 2.623757711939029491e+01
2.676881389815215953e+05 2.650784487993887950e+01
3.067590800509721739e+05 2.683616340971706293e+01
3.515326960385589045e+05 2.754966185082365016e+01
4.028413319129922311e+05 2.833128412580106215e+01
4.616388191658660071e+05 2.853064103307631427e+01
5.290182076125291642e+05 2.945718902908382830e+01
6.062320852723168209e+05 2.989253214810700499e+01
6.947158640762774739e+05 2.996919168434641279e+01
7.961144642854945268e+05 3.214147817649249106e+01
9.123128936853976920e+05 3.310050878170941502e+01
1.045471290025635622e+06 3.504354763621512348e+01
