22.139984273834372 17.170881243892204
25.389058815941727 17.170811938860986
29.114939721125232 17.170720742167628
33.38759900908575 17.170600714629884
38.287277194074896 17.17044269990973
43.90599020124236 17.170234602830227
50.349257425124875 17.169960423435803
57.73808338320455 17.169598956575413
66.21123017997742 17.169122028349737
75.92782345839342 17.16849208244309
87.07034077841871 17.167658835855562
99.84803854445138 17.166554572356404
114.50088183926493 17.16508738389005
131.30405096673638 17.16313121141144
150.57310933620312 17.160510676882488
172.66992974128271 17.15697698621103
198.00949032863565 17.152167513332227
227.06766788491996 17.145533063331825
260.39017479981806 17.136194082399516
298.60280754124375 17.122616735005376
342.4231991090293 17.101724261295097
392.67429617809796 17.0654313339356
450.2998140317844 16.957354190438025
516.3819595288536 16.97112096264954
592.1617549414248 17.09550585431818
679.0623443453479 17.206603150689375
778.715720256897 17.14446645021104
892.9933724418457 17.184749984521822
1024.0414344813632 17.0967245278042
1174.3209881470202 17.076583085886472
1346.654282500804 17.305595898065746
1544.277735714551 17.36761972710358
1770.902714982631 17.57345729295628
2030.785235974249 17.652886004519843
2328.8058907806444 17.659194296274404
2670.561505403518 17.677014941292512
3062.47024811175 17.77511614479173
3511.892162600664 17.70251491013129
4027.2673895658104 17.864564262889484
4618.274672491548 18.460426563109614
5296.013124392117 18.4061407947474
6073.2106690834535 18.595514928349413
6964.463071511489 19.113408687672464
7986.508046125008 19.150771393560365
9158.53959104653 19.283761626249245
10502.568451234969 19.229079259062978
12043.835480135962 19.54532434697458
13811.28566274903 19.643686248429738
15838.111702261775 19.827654187278707
18162.377378804606 19.994388515174258
20827.732386999494 20.123335801745988
23884.232076947337 20.208697497613798
27389.27749338448 20.324843072345818
31408.693366937736 20.26596657856694
36017.96430214693 20.906621701151334
41303.652377858 21.089833399835545
47365.02278251316 21.332841997043065
54315.90801375846 21.52378322723339
62286.84565202553 21.85733525743545
71427.52985546183 21.865762202709423
81909.62261526856 22.113551073465437
93929.97756680347 22.84515606353969
107714.33689960085 22.942322889645588
123521.57079425515 23.02987425598742
141648.53900276596 23.241932975411054
162435.66587279254 23.473954402034234
186273.33351473726 23.568036902488583
213609.21317529626 24.44567556031084
244956.67250062496 25.055258449193154
280904.4165774671 25.213528575081405
322127.5438109399 26.16667907678492
369400.22426828847 26.602227571343235
423610.23858782405 27.261538725141538
485775.65049366344 27.77791659554042
557063.9260259948 28.319234004374742
638813.858545887 28.359461418652682
732560.7112660931 29.349258313849752
840065.0494844193 29.929626711686428
963345.8039888242 32.08632510278455
1104718.186564774 33.288577854767716