1.071868938219592421e-03 2.936903998343516786e+00 1.340745750825937250e+02
1.225937103220399969e-03 2.936921179146367855e+00 1.172230442109943027e+02
1.402150699085305714e-03 2.936943659087210001e+00 1.024890400323453292e+02
1.603692863019545462e-03 2.936973074647468263e+00 8.960640614283093441e+01
1.834204269610650948e-03 2.937011569195019156e+00 7.834242939190532695e+01
2.097848896280171422e-03 2.937061950949668709e+00 6.849363610102243172e+01
2.399389241721769372e-03 2.937127901084697790e+00 5.988211645882402223e+01
2.744272356077880580e-03 2.937214248109475179e+00 5.235231067764939894e+01
3.138728236911272635e-03 2.937327330814379689e+00 4.576819885544299638e+01
3.589882368404604535e-03 2.937475479685340840e+00 4.001084375547437588e+01
4.105884436705552545e-03 2.937669658383155191e+00 3.497624209953301033e+01
4.696055546542306398e-03 2.937924322999167615e+00 3.057344551760361995e+01
5.371056598442751871e-03 2.938258581132818570e+00 2.672291715551250491e+01
6.143080868137583070e-03 2.938697769331240828e+00 2.335509416473100330e+01
7.026074266917861286e-03 2.939275624195638592e+00 2.040912996844624772e+01
8.035987261748634564e-03 2.940037313187482848e+00 1.783179336496818834e+01
9.191063005844721592e-03 2.941043740956111652e+00 1.557650422991135031e+01
1.051216688452358619e-02 2.942377803213723109e+00 1.360248782213627017e+01
1.202316342927932380e-02 2.944153715706116614e+00 1.187403144881812445e+01
1.375134740868519737e-02 2.946531392454237785e+00 1.035982838403952222e+01
1.572793688338709056e-02 2.949739502932269719e+00 9.032394160940590666e+00
1.798863713177467627e-02 2.954114276183632093e+00 7.867538947366888635e+00
2.057428563313102796e-02 2.960168803188865549e+00 6.843874859729822901e+00
2.353158975929049712e-02 2.968726403365615329e+00 5.942323856856982722e+00
2.691397050052897477e-02 2.981203493641795710e+00 5.145555232913965327e+00
3.078252746682186985e-02 3.000295484703410676e+00 4.437167108695637907e+00
3.520714259633371535e-02 3.032010501770519895e+00 3.799979751723822297e+00
4.026774250862227844e-02 3.094287141952032805e+00 3.210215968062708036e+00
4.605574230581151868e-02 3.346643131383696179e+00 2.559821555992348507e+00
5.267569690267916160e-02 2.625684413684639562e+00 1.948517442165709213e+00
6.024718971542439294e-02 2.189006433666087492e+00 2.023374684067725582e+00
6.890699282654817737e-02 2.293747478153377983e+00 1.469157328925297490e+00
7.881153764724634081e-02 2.139621221505779047e+00 2.230424912399058268e+00
9.013974070756838874e-02 2.067096845687049989e+00 1.700568823069990909e+00
1.030962356196529484e-01 2.111249183266552087e+00 1.525248689016221126e+00
1.179150695964956558e-01 2.429704372870172158e+00 1.580142025934882399e+00
1.348639313004745821e-01 2.601105737004922869e+00 1.966665634683556929e+00
1.542489863938448780e-01 2.483323308040973121e+00 1.674776439460500477e+00
1.764204081409928015e-01 2.690561019946738242e+00 2.337662477032475206e+00
2.017787029677133304e-01 2.455945681248673296e+00 2.768400838659455410e+00
2.307819452429454299e-01 2.465068334985097476e+00 2.403509278820936679e+00
2.639540519726706336e-01 2.479604185372046743e+00 2.081067584821099548e+00
3.018942468807404023e-01 2.505608944191739962e+00 1.794715981130420968e+00
3.452878848365849573e-01 2.566423321893669840e+00 1.539390090080873463e+00
3.949188321631731391e-01 2.698188562375735788e+00 1.293820660955105506e+00
4.516836264641501675e-01 2.167553240189710184e+00 9.064459074761455071e-01
5.166076717544569874e-01 2.092226109325401762e+00 9.109818722095838206e-01
5.908637614446339281e-01 2.100629108296624192e+00 8.516191751704400570e-01
6.757932637795545094e-01 2.292020196455102798e+00 8.410785613697271401e-01
7.729303524271333714e-01 2.335525863429164239e+00 7.444499245392368625e-01
8.840297199204001366e-01 2.396586025381868268e+00 7.741812270971699661e-01
1.011098274570885414e+00 2.158333821423504606e+00 7.561395207680846609e-01
1.156431393429028009e+00 1.797417455986849655e+00 6.551661410325382295e-01
1.322654386168123697e+00 1.852880783877179915e+00 5.793778064138732642e-01
1.512769918898902999e+00 1.874603276637790250e+00 5.800144253132800687e-01
1.730212254582508713e+00 1.817990216296490047e+00 5.855517567260949408e-01
1.978909289845252495e+00 1.876927767321829643e+00 5.536199950182280061e-01
2.263353508833382488e+00 1.719005438358136573e+00 5.278148942066361871e-01
2.588683135824268788e+00 1.680160941461918300e+00 4.580714826275529283e-01
2.960774952541578298e+00 1.707565653401069250e+00 4.543827735138171175e-01
3.386350456834231970e+00 1.661693641920162223e+00 4.344014477241697203e-01
3.873097280378447138e+00 1.511000397159254938e+00 4.437059110720346644e-01
4.429808058702425555e+00 1.291258140716874392e+00 3.721060692662117586e-01
5.066539262093499474e+00 1.236739097909805629e+00 3.778052029606783213e-01
5.794792856522572144e+00 1.310309477786314458e+00 4.050683876152798568e-01
6.627724076124082764e+00 1.377293494591473433e+00 3.886248085059981205e-01
7.580379060451014617e+00 1.356646848568417996e+00 3.973653437662695298e-01
8.669966649204305043e+00 1.229522856357813110e+00 3.617181476171636989e-01
9.916169244159483753e+00 1.175094107553937395e+00 3.722895956453692312e-01
1.134149835372651438e+01 1.118248975795020250e+00 3.897763027259358304e-01
1.297170124272967229e+01 1.015501667892303450e+00 3.485077514548081679e-01
1.483622603316316813e+01 8.190634361365228822e-01 2.715600110425517855e-01
1.696875365754178944e+01 8.040474352384350265e-01 2.680746536126643043e-01
1.940780627409648673e+01 7.225806177038613942e-01 2.999499847005744901e-01
2.219744313427820259e+01 7.453138050944864146e-01 2.954788919930616542e-01
2.538805647277890642e+01 6.600586011156340804e-01 2.878068424024933236e-01
2.903728179709420942e+01 6.609469798529290507e-01 3.143800268383739049e-01
3.321103902017472365e+01 5.439105700407359523e-01 3.459743822489426135e-01
3.798472324327353533e+01 1.327882385013040289e-01 2.352179209196141041e-01
4.344456669939179960e+01 1.327882385013040289e-01 1.347789713217956431e-01