1.069031188799926015e-03 3.446769938478261075e+00 3.446309888353713404e+02
1.216624176454039231e-03 3.446782666236293480e+00 3.028215232294959947e+02
1.384594202900745093e-03 3.446799152070119110e+00 2.660839655578629959e+02
1.575754570564193938e-03 3.446820506244317350e+00 2.338030044823374851e+02
1.793306993090120274e-03 3.446848166916722800e+00 2.054379713989106904e+02
2.040895220322582696e-03 3.446883997913516406e+00 1.805137849568497472e+02
2.322666066872491192e-03 3.446930414480860350e+00 1.586129939147896835e+02
2.643338866435403743e-03 3.446990547292537954e+00 1.393687853393530816e+02
3.008284515137571447e-03 3.447068455210437143e+00 1.224588408754320881e+02
3.423615427794281414e-03 3.447169401944241152e+00 1.075999382463293585e+02
3.896287913743094224e-03 3.447300216431360642e+00 9.454320755678453736e+01
4.434218686928030270e-03 3.447469762560472439e+00 8.306996291939991295e+01
5.046417461643006031e-03 3.447689552928581591e+00 7.298803958929615021e+01
5.743137854758848491e-03 3.447974552759486055e+00 6.412857523588121467e+01
6.536049121870564360e-03 3.448344236146393627e+00 5.634318140237886041e+01
7.438431603745436146e-03 3.448823979837821074e+00 4.950145774169025259e+01
8.465399156572411474e-03 3.449446911867668053e+00 4.348880731193128213e+01
9.634152291460577888e-03 3.450256380210805052e+00 3.820451623587441503e+01
1.096426626297868426e-02 3.451309277344774884e+00 3.356006538172309206e+01
1.247801893188336259e-02 3.452680565655568135e+00 2.947764551438545411e+01
1.420076389335514153e-02 3.454469520189392906e+00 2.588885060166956009e+01
1.616135512020587875e-02 3.456808484540319082e+00 2.273352665786361015e+01
1.839263023333703728e-02 3.459875405273774795e+00 1.995875560281867678e+01
2.093196049366646133e-02 3.463912230497018907e+00 1.751795494293512689e+01
2.382187672724821875e-02 3.469252752673693596e+00 1.537007422722973615e+01
2.711078166710268258e-02 3.476366336028613890e+00 1.347886721652781006e+01
3.085376064265334811e-02 3.485929770977951314e+00 1.181221210744219441e+01
3.511350419487478669e-02 3.498952131827751000e+00 1.034143456093896241e+01
3.996135806988156819e-02 3.517007580613077167e+00 9.040540875245772767e+00
4.547851817712843941e-02 3.542711405805709202e+00 7.885128184685673780e+00
5.175739052638086979e-02 3.580826439352056134e+00 6.850249365630631360e+00
5.890313892081704833e-02 3.641391127812145356e+00 5.904310343393488481e+00
6.703544632831939798e-02 3.752464282081477531e+00 4.980297998330301290e+00
7.629051943187442619e-02 4.032627390405402856e+00 3.715985060612336355e+00
8.682336993296668748e-02 2.169458837671323526e+00 3.481743984422029037e+00
9.881041081714350693e-02 2.167330041324110557e+00 2.998690666013428707e+00
1.124524110661764553e-01 2.164517957432479545e+00 2.551593910161963130e+00
1.279778583048086782e-01 2.161611753421727400e+00 2.103491513407989899e+00
1.456467857025074419e-01 2.157209054443771201e+00 1.677307545969349167e+00
1.657551272263717013e-01 2.084151253658667269e+00 1.841438479988429799e+00
1.886396741906105068e-01 1.957115188918528537e+00 1.329032586007406369e+00
2.146837161190276455e-01 2.325703607396332195e+00 1.575731892454240946e+00
2.443234603983921449e-01 2.356996642236189654e+00 1.423616315552449496e+00
2.780553382444173049e-01 2.676187645827772243e+00 1.613493052964064978e+00
3.164443193467726401e-01 2.276245834656636102e+00 1.796431825911571245e+00
3.601333744537547066e-01 2.344149355093600118e+00 1.479086289166023471e+00
4.098542443838976146e-01 2.212417799177429867e+00 1.273639890060012547e+00
4.664396958329293241e-01 1.973958007531321890e+00 1.121823351800687041e+00
5.308374692465750444e-01 2.085908179590062694e+00 1.068281939426468652e+00
6.041261523698452374e-01 2.244072953160186845e+00 1.105520858906421378e+00
6.875332453362765772e-01 2.471832156960252380e+00 1.224986063520245638e+00
7.824557198663452118e-01 2.144701265757747777e+00 9.997822148580345347e-01
8.904834169176960579e-01 2.209273373133924689e+00 8.077081937973172865e-01
1.013425674670592969e+00 2.098208418651787088e+00 7.162137430004538174e-01
1.153341632836349273e+00 1.805317914242379196e+00 6.229401420861399030e-01
1.312574720850630428e+00 1.653061821565268597e+00 5.472640089892690796e-01
1.493791907588729595e+00 1.678614026038992568e+00 4.707265879490206140e-01
1.700028369989847965e+00 1.680393606479241297e+00 4.765489684709857121e-01
1.934738328737846125e+00 1.629110632218907950e+00 4.879828877992161140e-01
2.201852902436956416e+00 1.524371857164651400e+00 4.417567895806437939e-01
2.505845949272537787e+00 1.525676284349727574e+00 4.679923368995738686e-01
2.851808998928062167e+00 1.500156055159456381e+00 4.470893203818926409e-01
3.245536529780722379e+00 1.479499478136997448e+00 4.192328638932738549e-01
3.693623019669419971e+00 1.500150570236773229e+00 4.646387092025596743e-01
4.203573395722525419e+00 1.502476201397534794e+00 4.661045288457972280e-01
4.783928733151457280e+00 1.324984641205078528e+00 4.161394380274425764e-01
5.444409308318593155e+00 1.459596921170363437e+00 4.644230304293060496e-01
6.196077402051823668e+00 1.434802794701129258e+00 4.135338595421381713e-01
7.051522579971813087e+00 1.210185917544819745e+00 3.283719287412964483e-01
8.025072553061759706e+00 1.190046178946962518e+00 3.820191768954906419e-01
9.133033150148776258e+00 1.038330155484331385e+00 3.516130800340704909e-01
1.039396142155657543e+01 9.711885274548273106e-01 3.924920897748435666e-01
1.182897644809781568e+01 9.201991745230776454e-01 3.764082598849270989e-01
1.346211306109485051e+01 7.144605820490578241e-01 3.262107512205590365e-01
1.532072439782761109e+01 6.937407040197247632e-01 3.384210819493876921e-01
1.743594003474375143e+01 6.993517331845333640e-01 2.949253742976168935e-01
1.984318737162892177e+01 6.018113688037268760e-01 2.665524930292293981e-01
2.258278499931534355e+01 5.243966701682591935e-01 2.511625171793027134e-01
2.570061798914709073e+01 3.489155982378510656e-01 2.975837465047629360e-01
2.924890641451425211e+01 4.290204252499383308e-01 3.110435203282823635e-01