1.072386434895944603e-03 1.726888384091177064e+00 1.248738226796791508e+02
1.227638896601724152e-03 1.726875061560386060e+00 1.090793465570105241e+02
1.405367702730904965e-03 1.726857599779762387e+00 9.528195978803977084e+01
1.608826818168092570e-03 1.726834711714752668e+00 8.322905144383619813e+01
1.841741293632442400e-03 1.726804709328168652e+00 7.269994945567560762e+01
2.108375466125838454e-03 1.726765378271111206e+00 6.350188039695589026e+01
2.413611032955688927e-03 1.726713812721165420e+00 5.546644000363522053e+01
2.763036428758049862e-03 1.726646198014650135e+00 4.844650984396035653e+01
3.163049141888887601e-03 1.726557523601247812e+00 4.231356364822320160e+01
3.620972843452916097e-03 1.726441203541010161e+00 3.695531397230381287e+01
4.145191473438092009e-03 1.726288573126092185e+00 3.227365606327814618e+01
4.745302738884597457e-03 1.726088218922064321e+00 2.818287123604486766e+01
5.432293834424235801e-03 1.725825082832859181e+00 2.460805678036818378e+01
6.218742602386617344e-03 1.725479256782570303e+00 2.148375352780776737e+01
7.119047815431210277e-03 1.725024348552409936e+00 1.875274575301662949e+01
8.149692797856870896e-03 1.724425244202641094e+00 1.636501112710384120e+01
9.329547212124906716e-03 1.723635005644851281e+00 1.427680100405642705e+01
1.068021253588315178e-02 1.722590500636547395e+00 1.244983339887430063e+01
1.222641755469026925e-02 1.721206124739877552e+00 1.085058255299252750e+01
1.399647111135671543e-02 1.719364559029038952e+00 9.449649815858839119e+00
1.602278040110710622e-02 1.716902748606769169e+00 8.221200337447772455e+00
1.834244430182062346e-02 1.713589832542249836e+00 7.142447938831237408e+00
2.099793260239309414e-02 1.709090802084330507e+00 6.193164582886655722e+00
2.403786356493822080e-02 1.702903232262015676e+00 5.355176315369313045e+00
2.751789405690022866e-02 1.694239158189636552e+00 4.611771321908681109e+00
3.150173855014685997e-02 1.681783604207681249e+00 3.946847591830224378e+00
3.606233564348541865e-02 1.663135930545097896e+00 3.343321244943333603e+00
4.128318346599116340e-02 1.633256664338999187e+00 2.779124851166547394e+00
4.725986841050778403e-02 1.578520556945355979e+00 2.212338624407852006e+00
5.410181518628406211e-02 1.413863862760348145e+00 1.419619447417553637e+00
6.193429023175284209e-02 1.765848516835525128e+00 2.201123193712265724e+00
7.090069516712749209e-02 2.192704423109020251e+00 3.138430547756193345e+00
8.116519227671251113e-02 2.189016424545720874e+00 2.674720173075705532e+00
9.291571008982268953e-02 2.182614954733630430e+00 2.242715109407276142e+00
1.063673840882775196e-01 2.168400378769796966e+00 1.798649380783070129e+00
1.217664955349936629e-01 2.161508779515805223e+00 1.369150117818442647e+00
1.393949805380960139e-01 2.265152016371074328e+00 2.019779711161282965e+00
1.595755919051807248e-01 2.244138957616014007e+00 1.636502125855225476e+00
1.826778082940332393e-01 2.254803546456793484e+00 1.315032694844574745e+00
2.091245988480531226e-01 2.514130973741548480e+00 1.293644754644256434e+00
2.394001671673633980e-01 2.255316661629730213e+00 1.265939390299978262e+00
2.740588163968405988e-01 1.969760909830525764e+00 1.168116832903775881e+00
3.137350977383798201e-01 2.141752500798939973e+00 1.700663763368988946e+00
3.591554281924041470e-01 2.276764767706592085e+00 1.732931619065779971e+00
4.111513902331532799e-01 2.278973763633983740e+00 1.448552845300532521e+00
4.706749569161320923e-01 2.234492289710660717e+00 1.087790356884209331e+00
5.388159211680546568e-01 2.412698414562185256e+00 1.056689115283379943e+00
6.168218483651143336e-01 2.337137349931414310e+00 1.063450521336696042e+00
7.061209175032698848e-01 2.276527835184410709e+00 9.945232787935697205e-01
8.083480691503004412e-01 1.941431027515911678e+00 7.412314786657416832e-01
9.253749389119220181e-01 2.033816241687871340e+00 1.072089718061768338e+00
1.059344124451695235e+00 2.141239777494364116e+00 1.014029813020193904e+00
1.212708413445743982e+00 2.162930006347542289e+00 1.020500861411052229e+00
1.388275690681054053e+00 2.016727242848170842e+00 8.287151318045541393e-01
1.589260346483267305e+00 1.721554593408462841e+00 5.966858856987986570e-01
1.819342127690103172e+00 1.689181454643188918e+00 5.258951064962883448e-01
2.082733508649082133e+00 1.620062962180891519e+00 5.547919622591593880e-01
2.384256815707940902e+00 1.296341846468017422e+00 4.700960666733664528e-01
2.729432517238852274e+00 1.337144455212873728e+00 4.251061275151120089e-01
3.124580295662822582e+00 1.402085302091232499e+00 4.522837357829349036e-01
3.576934751961119652e+00 1.510385465973267172e+00 4.871502843610927003e-01
4.094777861060870272e+00 1.312611610466720258e+00 4.224456942858397235e-01
4.687590603166949421e+00 1.304751831888855351e+00 3.802839645466036811e-01
5.366226547196923491e+00 1.238537354205743846e+00 3.894950321506798208e-01
6.143110564388043926e+00 1.249323850397286551e+00 3.951453486231956691e-01
7.032466310243377094e+00 1.110839116904039470e+00 3.503116280011961958e-01
8.050576639692092584e+00 9.537422046672636711e-01 3.009786659695168898e-01
9.216081723299861750e+00 9.575147018172921465e-01 2.924170086407014701e-01
1.055032032261856401e+01 8.984464711206411325e-01 3.162363574300994795e-01
1.207772047294774254e+01 8.033067502362103429e-01 2.405595213658196785e-01
1.382624672636065810e+01 6.898159491258827325e-01 2.366130967581640543e-01
1.582791214338661945e+01 8.800607883827979983e-01 3.509592993114236115e-01
1.811936440719859576e+01 4.836264510545418838e-01 2.833369939051128550e-01
2.074255679123374563e+01 4.757541763554574699e-01 2.069500435826533979e-01
2.374551626472189980e+01 4.977320621008620161e-01 3.536619263427312476e-01
2.718322279905567029e+01 4.585861241875542893e-01 2.813379843909739608e-01
3.111861597386727141e+01 4.586342742287610186e-01 3.870695368251366730e-01
3.562374731235580327e+01 1.408037745430431864e-01 3.162326688252962703e-01
4.078109944350669025e+01 1.408037745430431864e-01 2.492495693218849118e-01
4.668509624321158924e+01 1.408037745430431864e-01 1.427058750422874334e-01