1.073247251532640249e-03 2.300159703587485449e+00 2.211830429189359393e+02
1.230472074312091669e-03 2.300160875648847192e+00 1.929204384836964152e+02
1.410729469374145560e-03 2.300162416337850679e+00 1.682690122403820965e+02
1.617393581949656822e-03 2.300164441497367207e+00 1.467673268236753188e+02
1.854332850998344911e-03 2.300167103578012906e+00 1.280129032612251763e+02
2.125982420522972132e-03 2.300170602884037407e+00 1.116546871343107767e+02
2.437427158743005542e-03 2.300175202782920092e+00 9.738647738273705556e+01
2.794496839120879164e-03 2.300181249555242058e+00 8.494119467665974810e+01
3.203875264885387188e-03 2.300189198465306450e+00 7.408588207898127109e+01
3.673225379697914184e-03 2.300199648186183943e+00 6.461734443115075521e+01
4.211332706343533933e-03 2.300213386008550298e+00 5.635834481663401618e+01
4.828269798401889357e-03 2.300231447491686509e+00 4.915428691641108827e+01
5.535584783183875902e-03 2.300255194957804061e+00 4.287032113424193369e+01
6.346517525172122240e-03 2.300286421142302640e+00 3.738882032391752119e+01
7.276247456217303095e-03 2.300327485956476625e+00 3.260717784167844258e+01
8.342177711495866663e-03 2.300381497373653161e+00 2.843588668733496050e+01
9.564260889823705813e-03 2.300452550978344224e+00 2.479686373511044550e+01
1.096537253606511865e-02 2.300546047986487874e+00 2.162198762678923103e+01
1.257173933666164839e-02 2.300669118634559140e+00 1.885182286194110191e+01
1.441343004345213216e-02 2.300831187891866580e+00 1.643450605015382138e+01
1.652491831513382484e-02 2.301044734736143571e+00 1.432477323400675218e+01
1.894572801190369526e-02 2.301326316711076458e+00 1.248310967745306854e+01
2.172117302221748120e-02 2.301697961066412113e+00 1.087500553980152773e+01
2.490320547010219099e-02 2.302189066230944547e+00 9.470302359333190978e+00
2.855138818017737695e-02 2.302839016350809231e+00 8.242616077013757092e+00
3.273400960345637656e-02 2.303700785423318464e+00 7.168822008534500689e+00
3.752936207364881288e-02 2.304845867237113932e+00 6.228584665809493437e+00
4.302720732098495870e-02 2.306370771858979207e+00 5.403907911632484407e+00
4.933045667575941540e-02 2.308404478510566182e+00 4.678660886317142165e+00
5.655709741245812383e-02 2.311112014362969092e+00 4.037977645436869878e+00
6.484240129271082176e-02 2.314668998870085925e+00 3.467238197839703329e+00
7.434145664764593708e-02 2.319068873792686780e+00 2.949541747152689908e+00
8.523207139639188412e-02 2.322732556840976681e+00 2.455506561106977959e+00
9.771810134083075416e-02 2.286623737375885757e+00 1.749645451923179218e+00
1.120332660372384409e-01 2.547285879335544401e+00 2.217437918958573118e+00
1.284455236721439575e-01 2.580896404796057642e+00 1.941106003860378459e+00
1.472620868334543476e-01 1.969807315315798668e+00 1.508246478642616850e+00
1.688351730644774285e-01 1.977052044881897341e+00 1.183403706365427466e+00
1.935685978424985243e-01 1.727242871992145323e+00 1.279123858730291552e+00
2.219253333924783855e-01 1.706836676839267097e+00 1.306690602859409633e+00
2.544361748254060362e-01 1.686355182185306667e+00 1.091736865317072702e+00
2.917096758182845528e-01 1.868984533183551955e+00 1.188992798207103130e+00
3.344435398166182294e-01 2.130165665325998603e+00 1.335659543125681914e+00
3.834376799854467555e-01 2.093559243371454048e+00 1.017227228679359108e+00
4.396091923714186001e-01 2.379018783867850928e+00 1.060051862855428739e+00
5.040095225507985610e-01 1.928593153530108184e+00 7.516331816520659403e-01
5.778441470970467897e-01 2.129273599387288218e+00 8.545749458777734953e-01
6.624951382752091167e-01 2.141220463583524136e+00 8.809341483912200843e-01
7.595470343399997049e-01 2.421682690553919048e+00 9.835429729109242958e-01
8.708164996903453581e-01 2.190390170498298428e+00 8.006764162116329908e-01
9.983863300735288382e-01 1.820131461094099068e+00 7.412946161364833975e-01
1.144644439364818966e+00 1.793755610543738221e+00 6.491691616673862519e-01
1.312328557696003983e+00 1.773769003685512935e+00 5.690387415841938745e-01
1.504577477614055470e+00 1.859000187315293040e+00 5.772355926345394961e-01
1.724989807520339369e+00 1.918957153849779385e+00 5.514510370148332230e-01
1.977691332165704363e+00 1.864010754079625132e+00 5.574511084252976589e-01
2.267412241087830793e+00 1.769736550072487757e+00 4.913564839353145031e-01
2.599575670590124510e+00 1.784766535407055432e+00 4.369142499040791217e-01
2.980399216633816462e+00 1.663657082898051032e+00 4.403856757150965695e-01
3.417011318810738274e+00 1.591400944458760236e+00 4.212347390637141142e-01
3.917584693928354067e+00 1.532497768852809195e+00 3.814336770496545848e-01
4.491489316881534855e+00 1.476353097819923521e+00 4.195805996344046385e-01
5.149467812381107734e+00 1.439419345401688366e+00 3.673072704559602886e-01
5.903836540606532068e+00 1.364181479185709422e+00 3.397928594561138715e-01
6.768716140801330106e+00 1.234052742575096673e+00 3.016075163547209392e-01
7.760295848237959149e+00 1.238099879464952702e+00 2.984357157081553580e-01
8.897136532165133005e+00 1.250244048717789269e+00 3.192132112486343321e-01
1.020051812714861228e+01 1.082675628173662030e+00 3.019438092542432450e-01
1.169483796119362040e+01 1.049002189007391062e+00 2.874304105196587855e-01
1.340806743674765755e+01 1.035921047721778621e+00 2.892892183789336213e-01
1.537227561295977196e+01 9.655822862198210066e-01 2.922833649428482339e-01
1.762422948986282378e+01 8.734655789216571042e-01 3.394258019133385984e-01
2.020608223088873956e+01 7.216123389531714505e-01 2.986609162311119614e-01
2.316616220619897604e+01 7.002867980973619400e-01 2.751948840024301401e-01
2.655987762652575057e+01 5.943210542236995186e-01 3.063021432834885927e-01
3.045075370089830358e+01 6.338657988375177021e-01 3.111824150745641226e-01
3.491162173227463938e+01 3.056153051177328273e-01 2.014383741279340556e-01
4.002598240914721828e+01 3.836624570156341729e-01 2.657198361264977438e-01
4.588956881187485237e+01 8.970955104534360236e-02 1.586304800454862995e-01
5.261213839085047539e+01 8.970955104534360236e-02 9.070305336310144351e-02