1.070318550339800865e-03 2.040569955110150158e+00 3.702522622795228102e+01
1.220845048063184425e-03 2.040579270652686183e+00 3.243349703647661642e+01
1.392541156001838795e-03 2.040591417260563922e+00 2.840407486610675747e+01
1.588384106758957554e-03 2.040607265973261253e+00 2.486704237297326969e+01
1.811769842299095889e-03 2.040627963435796222e+00 2.176099663118094085e+01
2.066571900018779676e-03 2.040655024615337876e+00 1.903197185264302149e+01
2.357208580383356351e-03 2.040690460828299191e+00 1.663248390290637602e+01
2.688719560825550935e-03 2.040736959621259672e+00 1.452067541542988494e+01
3.066853284400588610e-03 2.040798143342376303e+00 1.265953848522592651e+01
3.498166638528399028e-03 2.040878951935469310e+00 1.101618628129903144e+01
3.990138652265138447e-03 2.040986231854636568e+00 9.561131199939437053e+00
4.551300183629321261e-03 2.041129689146556458e+00 8.267494485268400695e+00
5.191381845777486362e-03 2.041323540269182057e+00 7.109989542305418020e+00
5.921482737088350906e-03 2.041589653211235866e+00 6.063286756558216695e+00
6.754262900956767984e-03 2.041964404900718399e+00 5.098575433934054324e+00
7.704162852575122122e-03 2.042517390065634153e+00 4.173590786316895063e+00
8.787653979324771755e-03 2.043432502037304754e+00 3.183496676830515515e+00
1.002352415675256646e-02 2.044316669952539911e+00 2.317598730144367458e+00
1.143320353275019408e-02 1.857492108302808864e+00 1.765651597262156969e+01
1.304113612907596004e-02 1.857277112775431505e+00 1.546710831439274081e+01
1.487520370383720210e-02 1.856993992420627126e+00 1.354580773327093368e+01
1.696720922476333340e-02 1.856619780129669106e+00 1.185925068281681227e+01
1.935342833675823826e-02 1.856122761909300367e+00 1.037811875805402906e+01
2.207523838625035512e-02 1.855458405443137115e+00 9.076615877223829898e+00
2.517983590970364338e-02 1.854562838199093511e+00 7.931997234001467945e+00
2.872105502763248192e-02 1.853341959396401784e+00 6.924134652583488148e+00
3.276030093517801056e-02 1.851652356178571823e+00 6.035096601756150925e+00
3.736761467609267529e-02 1.849265839362957520e+00 5.248705558100646762e+00
4.262288766345086882e-02 1.845798578623242037e+00 4.549995815611602268e+00
4.861724700703095453e-02 1.840555531284830959e+00 3.924383494548534301e+00
5.545463566912380710e-02 1.832141540555029646e+00 3.355993625197327024e+00
6.325361484887298547e-02 1.817276372389725836e+00 2.823041349926606713e+00
7.214941984872266789e-02 1.785582988367354851e+00 2.277901555282611845e+00
8.229630507196231126e-02 1.680895829287619270e+00 1.501596734724591764e+00
9.387021881392706990e-02 2.178968890983481010e+00 3.150003527050155405e+00
1.070718542280775371e-01 2.216042429468100039e+00 2.740618799899939617e+00
1.221301293711032354e-01 2.291662429626579289e+00 2.369928767199288355e+00
1.393061566714798583e-01 2.532050720219829465e+00 1.953273926277617312e+00
1.588977706525750988e-01 1.564519255085937477e+00 1.509786659187601909e+00
1.812446924216055688e-01 1.535782354665427674e+00 1.246807870730217260e+00
2.067344204773463034e-01 1.433361185712695551e+00 9.013319195702809150e-01
2.358089499839578496e-01 1.620081158359599760e+00 1.026423719773390530e+00
2.689724370240027529e-01 1.712784834445122417e+00 9.024798187071151334e-01
3.067999407297851699e-01 1.780445409693411474e+00 9.638510627377222528e-01
3.499473948826957725e-01 1.862398017404522932e+00 7.656614414187737916e-01
3.991629818893777104e-01 1.813423556653520841e+00 8.468321700145777786e-01
4.553001063609241061e-01 1.811554531074363483e+00 9.646074336412325811e-01
5.193321932586384415e-01 1.770678479926709459e+00 8.804804680276004936e-01
5.923695672081115138e-01 1.809969535819483610e+00 9.916737281760243938e-01
6.756787056710906736e-01 1.915351173882356317e+00 1.017886077452150317e+00
7.707041998276188410e-01 2.037077377171300441e+00 9.343195301864551938e-01
8.790938039729674358e-01 1.835001425413346210e+00 7.691589066481245851e-01
1.002727007789127489e+00 1.945127476244314479e+00 6.760299840656404102e-01
1.143747626937722695e+00 1.909586199694784714e+00 6.932873235161711722e-01
1.304600977099418024e+00 1.569298534302181469e+00 6.327141935391454863e-01
1.488076276062454628e+00 1.455624699111313758e+00 5.628849815197604078e-01
1.697355009117976543e+00 1.562558090769736507e+00 5.294482735798189399e-01
1.936066096424327476e+00 1.513859094796874194e+00 4.480581199996355735e-01
2.208348818949518844e+00 1.585997903063186776e+00 4.328605350278393882e-01
2.518924594135801609e+00 1.517106841069283618e+00 4.447868585925638940e-01
2.873178845885601351e+00 1.502120958819698426e+00 4.535376714000108889e-01
3.277254388504914573e+00 1.470522267696706908e+00 4.245680136285370776e-01
3.738157943893746005e+00 1.419498195044114564e+00 4.329202556481343001e-01
4.263881639005383306e+00 1.348498116181378714e+00 3.905344056623787363e-01
4.863541590356088129e+00 1.370091792255450969e+00 3.910164431681591446e-01
5.547535978658427069e+00 1.181900572715578024e+00 3.204171519476253782e-01
6.327725354612724118e+00 1.137758639671863303e+00 3.042947440793877245e-01
7.217638302382257010e+00 1.136146865875586887e+00 2.916458739698487013e-01
8.232706026983334979e+00 1.238769242962265205e+00 4.502910980798318086e-01
9.390529933365758808e+00 1.121729644684324567e+00 3.943880172859259292e-01
1.071118683703932994e+01 1.214728203143472740e+00 4.509399003161899122e-01
1.221757709863804031e+01 1.004558328476588880e+00 3.512468645408554080e-01
1.393582171911999268e+01 8.779451198013283886e-01 3.129692957005135723e-01
1.589571528128484879e+01 6.368254367531978044e-01 2.513648415381410928e-01
1.813124259167318897e+01 7.423534948404838518e-01 3.107401387800142190e-01
2.068116798148461299e+01 6.596182143768566375e-01 3.076090716995140695e-01
2.358970748506839143e+01 5.600907174228549890e-01 2.839430397514153270e-01
2.690729555164830700e+01 5.412391004133768613e-01 2.707421081484251979e-01
3.069145958516126171e+01 5.674301446956300232e-01 4.427067984162690872e-01
3.500781747684352041e+01 4.044096963055738292e-01 4.123059295136396463e-01