1.070837497794657322e-03 2.398702147628489545e+00 4.268284935085249998e+01
1.222548395571587156e-03 2.398861216819898612e+00 3.736701271251595813e+01
1.395752934121913605e-03 2.399069186505311535e+00 3.270806005735392574e+01
1.593496224907407603e-03 2.399341345206456033e+00 2.862404930971214512e+01
1.819254795542753819e-03 2.399697944143929895e+00 2.504312964369493244e+01
2.076997710677111041e-03 2.400165940158383471e+00 2.190226935640441752e+01
2.371256352176304583e-03 2.400781446997021895e+00 1.914613372038687089e+01
2.707204085412015081e-03 2.401593253541842721e+00 1.672608985528144743e+01
3.090747212272136092e-03 2.402668001715472457e+00 1.459931546123870838e+01
3.528628809938474595e-03 2.404098046187552296e+00 1.272798540511923449e+01
4.028547281022832119e-03 2.406013847681027329e+00 1.107850199235458710e+01
4.599291699293083652e-03 2.408604458855642338e+00 9.620714728085387080e+00
5.250896330504401313e-03 2.412153461771426866e+00 8.327025706247491499e+00
5.994817044968556163e-03 2.417107082428521458e+00 7.171143266663174032e+00
6.844132723373216529e-03 2.424217744239295147e+00 6.125834780925743850e+00
7.813775196769795137e-03 2.434898645844687071e+00 5.157457474132516317e+00
8.920791763308049543e-03 2.452380731457059149e+00 4.206410491256870721e+00
1.018464489702790646e-02 2.490116485460921236e+00 3.015633419398146664e+00
1.162755441789305871e-02 2.429653274453937861e+00 3.436048202227746096e+00
1.327488813876256252e-02 1.640923157071690452e+00 4.842704048898332836e+00
1.515560785727038291e-02 1.626941023688913468e+00 4.137018410351291031e+00
1.730277853360253498e-02 1.606459079131159484e+00 3.492146423388481580e+00
1.975414960603354836e-02 1.574579513987406365e+00 2.885070406726073067e+00
2.255281866433899579e-02 1.518526474260112558e+00 2.272152792308078872e+00
2.574798914913581718e-02 1.360285559238984421e+00 1.417369933452241826e+00
2.939583539827333308e-02 1.728162642392861104e+00 2.397529590883173523e+00
3.356049024866790409e-02 2.182518195447766374e+00 3.574431619259507809e+00
3.831517255662313798e-02 2.100104241824017226e+00 2.719112311191075992e+00
4.374347445958651215e-02 2.024144132453633116e+00 2.049655483678729517e+00
4.994083101070969505e-02 2.931255242726094057e+00 5.258371360955586660e+00
5.701619802387866004e-02 2.945743665226479457e+00 4.544575550976448497e+00
6.509396762743110965e-02 2.970791221678213745e+00 3.896804918269884510e+00
7.431615520393834717e-02 3.024149499698998600e+00 3.274925671972856556e+00
8.484489616467107143e-02 3.148577125021871037e+00 2.576302764012275759e+00
9.686529645457661597e-02 2.522489801164809808e+00 2.664677184598855053e+00
1.105886869025363289e-01 2.492143895388728492e+00 2.197513087198466941e+00
1.262563386316812308e-01 2.394963526475057947e+00 1.634483564295711178e+00
1.441437048504475849e-01 2.546088108902871738e+00 1.655207900956481071e+00
1.645652635993619939e-01 2.992817232887398315e+00 1.995299863800361173e+00
1.878800465939558795e-01 3.265994378402696796e+00 1.707907547997725928e+00
2.144979513664747595e-01 2.415725709846079816e+00 1.643071658951784864e+00
2.448869476802368883e-01 2.368127867289548050e+00 1.489674722367109627e+00
2.795813049127148231e-01 2.250677204927389763e+00 1.420760720150307632e+00
3.191909850530783577e-01 2.171569419081101238e+00 1.270560019526612239e+00
3.644123664526221495e-01 2.320193773523737679e+00 1.630019944212303784e+00
4.160404868624887342e-01 2.299483572322789993e+00 1.482534662882050824e+00
4.749830210037075950e-01 2.282255025472848864e+00 1.365011988035808255e+00
5.422762384094068633e-01 2.364339404112080878e+00 1.119989614105359133e+00
6.191032220942496167e-01 2.030251598071759922e+00 8.966707158826966451e-01
7.068146683537822605e-01 1.997462032632052020e+00 7.909196396310345101e-01
8.069526333752662373e-01 2.290201446585497180e+00 9.334382254159444559e-01
9.212776441494923141e-01 1.967627088351469711e+00 8.254652656383311138e-01
1.051799650320905499e+00 1.994207365154213818e+00 7.237431069265437555e-01
1.200813361140961710e+00 1.868920079337691886e+00 6.369956814145630863e-01
1.370938588784195833e+00 1.904583271598044636e+00 6.504770900318830318e-01
1.565166307303416993e+00 2.011426785736138978e+00 6.495161106628649650e-01
1.786911236987172025e+00 1.971443477872255379e+00 6.294081565569537018e-01
2.040071878605824729e+00 1.885366105807372961e+00 6.076592544153283093e-01
2.329099053009186626e+00 1.683577417187076097e+00 4.737814092003075350e-01
2.659074151071338488e+00 1.636750344737005092e+00 4.819678318018459362e-01
3.035798469696030288e+00 1.648353353363657403e+00 4.612400056925591296e-01
3.465895204500260895e+00 1.519395029903300109e+00 4.398266712259921163e-01
3.956925892310857229e+00 1.457088149100806751e+00 3.678988585848192439e-01
4.517523350651239333e+00 1.476545468450687570e+00 3.608321668936238513e-01
5.157543451429378756e+00 1.444107586638871288e+00 3.855664969236836104e-01
5.888238397162329996e+00 1.443674036714972742e+00 3.807046407018405132e-01
6.722454546109127627e+00 1.181025557216794031e+00 3.605198290681602691e-01
7.674858264278501707e+00 1.115656132686003943e+00 3.308130739863969216e-01
8.762193775018770836e+00 9.796126443150895424e-01 3.087775889924320172e-01
1.000357753944726191e+01 1.143510459315727479e+00 3.858863506809764310e-01
1.142083434322580615e+01 1.051124700650443833e+00 3.557958350314736617e-01
1.303888099842861337e+01 1.045596042074285359e+00 4.259693977679011034e-01
1.488616440637058247e+01 9.570750297701955400e-01 3.657518670584951059e-01
1.699516168298494279e+01 6.574665894372585528e-01 2.760001118807966503e-01
1.940295113946149996e+01 6.820675224502296130e-01 2.883923571705757638e-01
2.215186415656436836e+01 6.714890241256162851e-01 3.388955938869342988e-01
2.529022941324071638e+01 6.045005656323264587e-01 2.917255050279513040e-01
2.887322255381431191e+01 4.563221518966251167e-01 2.664904623705925957e-01
3.296383623177521827e+01 4.273242273550052484e-01 7.579897510648389014e-01
3.763398758451884873e+01 4.273242273550051928e-01 4.350128334848286649e-01