1.072468576335130260e-03 2.668240701253872693e+00 5.926060913902529137e+01
1.227909118117472085e-03 2.668350583280644450e+00 5.174686685051305801e+01
1.405878769435268700e-03 2.668494937413328660e+00 4.518253360254340834e+01
1.609642835276785559e-03 2.668684706627587389e+00 3.944716062522802247e+01
1.842939884637888152e-03 2.668934401199412498e+00 3.443550370736417676e+01
2.110050344059761183e-03 2.669263330056624639e+00 3.005558970329533608e+01
2.415875032918685626e-03 2.669697307436207812e+00 2.622702516319842658e+01
2.766025081397092272e-03 2.670271055112077629e+00 2.287951525889871718e+01
3.166924880909312290e-03 2.671031649130293228e+00 1.995156452177241846e+01
3.625929955868912626e-03 2.672043583335331540e+00 1.738933333969763950e+01
4.151461919454354187e-03 2.673396425398537168e+00 1.514562536324459430e+01
4.753162989479081148e-03 2.675216803971162349e+00 1.317898020345277210e+01
5.442072899351843053e-03 2.677687986928696695e+00 1.145284130786926191e+01
6.230831450007886033e-03 2.681083543614662279e+00 9.934756311569246989e+00
7.133910419140336405e-03 2.685829012734711974e+00 8.595534662547237303e+00
8.167879082695242432e-03 2.692624353695560302e+00 7.408199030089268611e+00
9.351708220296071558e-03 2.702714602237527242e+00 6.346295329993559164e+00
1.070711818234885114e-02 2.718587478832969140e+00 5.380103992477303088e+00
1.225897740500246462e-02 2.746287328487807322e+00 4.463920675651205094e+00
1.403575868473257854e-02 2.809338234384743949e+00 3.446811882162318597e+00
1.607006158406460231e-02 2.770494999816405901e+00 3.090808360799846888e+00
1.839921055329465926e-02 1.867393481472998662e+00 3.326343924770462923e+00
2.106593974226978611e-02 1.834543982291203523e+00 2.505205310791676521e+00
2.411917706683764859e-02 1.818692101461562460e+00 2.008427263750703240e+00
2.761494191565494472e-02 2.324898778507358710e+00 5.898236320692984869e+00
3.161737296806459846e-02 2.315112695537891341e+00 5.074073338510138420e+00
3.619990498096953280e-02 2.300282750444713642e+00 4.333059824540081095e+00
4.144661613584522952e-02 2.276189933843653090e+00 3.651714809423964425e+00
4.745377066639191316e-02 2.231644978229760934e+00 2.990267538879558984e+00
5.433158507024628270e-02 2.113725956489021396e+00 2.201261385736206666e+00
6.220625031038978792e-02 2.216964880196543142e+00 2.168397091888922823e+00
7.122224710867118558e-02 2.787267317843112213e+00 3.327256292171874907e+00
8.154499681137969413e-02 2.802544464746465458e+00 2.808052589234062868e+00
9.336389646372651729e-02 2.834159052871391804e+00 2.287139448487402138e+00
1.068957937793799939e-01 2.950165348816989219e+00 1.798682670844855114e+00
1.223889657621906601e-01 2.149098411332532876e+00 1.640161178396613018e+00
1.401276739780206171e-01 2.658960160767039227e+00 2.349917801772923198e+00
1.604373800547014006e-01 2.685010977944382482e+00 1.981989215623152445e+00
1.836907171017062024e-01 2.755934972783172565e+00 1.606603206804560813e+00
2.103143266103858489e-01 2.656594720719588132e+00 1.261964678358964864e+00
2.407966862750584025e-01 2.495477944953951699e+00 1.289636566341550328e+00
2.756970723561993908e-01 2.044956456804541745e+00 1.096774178856551707e+00
3.156558210230335781e-01 2.405380866499523762e+00 1.364388837043687852e+00
3.614060769459053191e-01 2.199828764922184821e+00 1.353693081222661743e+00
4.137872446961739503e-01 2.213715841352438041e+00 1.176630082338021577e+00
4.737603897537094877e-01 1.768531853732983272e+00 9.386745553907865913e-01
5.424258716925648427e-01 1.933333101728599956e+00 9.770901742246139721e-01
6.210435330703694135e-01 2.018567618885152015e+00 9.446260460304378714e-01
7.110558144378675838e-01 2.194579614377160315e+00 9.306529421198804775e-01
8.141142195721252639e-01 2.246342914954704728e+00 8.538617670539161431e-01
9.321096165052800142e-01 2.271464441681813717e+00 8.218720561548007453e-01
1.067206930298123302e+00 2.164757764635017789e+00 7.282213493821623196e-01
1.221884864085502453e+00 2.295746910139372599e+00 7.585357146153468566e-01
1.398981377176943042e+00 2.120798539421034690e+00 6.068557137153618442e-01
1.601745754623688178e+00 1.909598783196965410e+00 5.916036562290342138e-01
1.833898223600523680e+00 2.010869938767201770e+00 5.329079539066569060e-01
2.099698210416232502e+00 2.101698448300693300e+00 5.016194376773713826e-01
2.404022490500802967e+00 1.950054452656499127e+00 4.603485118246958274e-01
2.752454665229256747e+00 1.775154161859574531e+00 4.178544239009687189e-01
3.151387607261558976e+00 1.634388706504221966e+00 3.790884688995205809e-01
3.608140754018394958e+00 1.559747659389745911e+00 4.166101081026003516e-01
4.131094401339346689e+00 1.550599728103148278e+00 3.944029814301843184e-01
4.729843461281523886e+00 1.656407696908150706e+00 4.430682330676182779e-01
5.415373505135717913e+00 1.587046676721157956e+00 4.083182766093086391e-01
6.200262321616057726e+00 1.530080027209106408e+00 3.986974301883109417e-01
7.098910688319788775e+00 1.404761090556124969e+00 3.823182398402376059e-01
8.127806590545334942e+00 1.274095566539442226e+00 3.862647962720476835e-01
9.305827735233549447e+00 1.171006347010106641e+00 4.145099812300346298e-01
1.065458791041823972e+01 1.123660449503464109e+00 4.372001487302459299e-01
1.219883354502923645e+01 1.122385271805634854e+00 3.700131118618996684e-01
1.396689774494423730e+01 1.022304015219450246e+00 3.458646086815083120e-01
1.599122013573313872e+01 8.277303414772225754e-01 3.048164308284074808e-01
1.830894204992961960e+01 9.203185517513114977e-01 4.469780548873555359e-01
2.096258797905122506e+01 6.403753271106947809e-01 3.681958725040043179e-01
2.400084579333474011e+01 5.630749218077623075e-01 3.722695778802501132e-01
2.747946004429865496e+01 4.907062286565620490e-01 3.389079324671396276e-01
3.146225474003549749e+01 4.882766290470710868e-01 3.108064012741424409e-01
3.602230435864264990e+01 5.450664173093809906e-01 3.156362376124358105e-01
4.124327458500583532e+01 4.481234017926417623e-01 2.781408020058034336e-01
4.722095737015433059e+01 3.739452280454734212e-01 2.192773579754737079e-01