1.070113214405352987e-03 2.384887671485482752e+00 1.319586604238058953e+02
1.220171368884561281e-03 2.384874740842468199e+00 1.157272074109506121e+02
1.391271642480314090e-03 2.384857926592365285e+00 1.014914946918129601e+02
1.586364696410933525e-03 2.384836061262460838e+00 8.900602412531095808e+01
1.808814952580018939e-03 2.384807625576626844e+00 7.805548076965246196e+01
2.062458613759721952e-03 2.384770641982988604e+00 6.845101969101602890e+01
2.351669819737126511e-03 2.384722535499250284e+00 6.002700921961174174e+01
2.681436080300781365e-03 2.384659951706044723e+00 5.263817449122455372e+01
3.057444285925537894e-03 2.384578518167005168e+00 4.615709199457254641e+01
3.486178779428576301e-03 2.384472531070387369e+00 4.047199189268030040e+01
3.975033179863512317e-03 2.384334542325433404e+00 3.548483018204965589e+01
4.532437887079836941e-03 2.384154813315620292e+00 3.110959738271370512e+01
5.168005465791382716e-03 2.383920588685417119e+00 2.727083450884653004e+01
5.892696416333519094e-03 2.383615124534764096e+00 2.390233059134152782e+01
6.719008190861614979e-03 2.383216377248642548e+00 2.094597908603646275e+01
7.661190714616024355e-03 2.382695215822633994e+00 1.835077312327302934e+01
8.735492128964371383e-03 2.382012952149248797e+00 1.607192176200111433e+01
9.960438994113075123e-03 2.381117872007874503e+00 1.407007118375155486e+01
1.135715578364445213e-02 2.379940260680451836e+00 1.231061603503590263e+01
1.294972918063177179e-02 2.378385084759237600e+00 1.076308672832125701e+01
1.476562345769755549e-02 2.376320879724580060e+00 9.400598059252644134e+00
1.683615410433407511e-02 2.373562205000611325e+00 8.199342126168303935e+00
1.919702786929155386e-02 2.369840573606357914e+00 7.138102208854919084e+00
2.188895853118190404e-02 2.364753289151747762e+00 6.197748804638631981e+00
2.495836901639518143e-02 2.357666185255860469e+00 5.360639913715661287e+00
2.845819197250405719e-02 2.347508891817317700e+00 4.609738320457123173e+00
3.244878260321781144e-02 2.332277918156401952e+00 3.926899253688064029e+00
3.699895950692200924e-02 2.307537274472139632e+00 3.288259946001215628e+00
4.218719146828960043e-02 2.259672190292183469e+00 2.644435163643661379e+00
4.810295066944135500e-02 2.102393327617432472e+00 1.744857377730970160e+00
5.484825565707467099e-02 2.621052328721051428e+00 2.817961971931736809e+00
6.253943067436285030e-02 2.603753101125973579e+00 2.329749829880227718e+00
7.130911169768350266e-02 2.676079403409675095e+00 2.764264136575936615e+00
8.130853377271340943e-02 2.717564214236704245e+00 2.529862298483178673e+00
9.271013909549569165e-02 3.065992491868376302e+00 3.305479410519946537e+00
1.057105508154008583e-01 2.877869346043206100e+00 2.197697265540810463e+00
1.205339638438572281e-01 3.659485543380337713e+00 3.211600951490983569e+00
1.374360111440801058e-01 3.324583515728711358e+00 4.016451697216379735e+00
1.567081721768028013e-01 3.374024024095143570e+00 3.512715410725481213e+00
1.786827995266091484e-01 3.469957654355375176e+00 3.069976762279367222e+00
2.037388503941249263e-01 3.889722161532509492e+00 2.638153745084485191e+00
2.323084217948916952e-01 2.873369150165271613e+00 2.130352972583063220e+00
2.648842021658406320e-01 2.762731119830004634e+00 1.772528873079135314e+00
3.020279678839296045e-01 2.854096699497856271e+00 1.475125384709492726e+00
3.443802712212475359e-01 2.780856814928227116e+00 1.238483149443776465e+00
3.926714868074655529e-01 2.635128969392378728e+00 1.030946041904285071e+00
4.477344070982668400e-01 2.518621023333361020e+00 9.782763217156724700e-01
5.105186040613354237e-01 2.133612719212751418e+00 8.918235683617501408e-01
5.821068047502835352e-01 2.264600682482243776e+00 8.679690500060724956e-01
6.637335631668268565e-01 2.332850749534797874e+00 8.860529623026573987e-01
7.568065504115162323e-01 2.390768810119287213e+00 1.066837889808446960e+00
8.629308302762730420e-01 2.198285370315691267e+00 8.442316860504976983e-01
9.839365389165719566e-01 2.100724306841994959e+00 8.010325346118114531e-01
1.121910445945209389e+00 2.097954504192433234e+00 7.226844328248565041e-01
1.279231941225532854e+00 1.966115308369655645e+00 5.719002370261661028e-01
1.458614067964175920e+00 1.801031493390331972e+00 5.633636348094058777e-01
1.663150309727849496e+00 1.853908050709699884e+00 5.207034118146152135e-01
1.896367938236405593e+00 1.760699798698390550e+00 4.090401084510695284e-01
2.162288841926417682e+00 1.832812731700028452e+00 4.957996067190310052e-01
2.465498884286997150e+00 1.953567857294480570e+00 4.972269780136242545e-01
2.811226988067343502e+00 1.775987707900379853e+00 4.126217130735963523e-01
3.205435309180303172e+00 1.781139367595920620e+00 4.347586878674614685e-01
3.654922055370399825e+00 1.599993391561627121e+00 3.494234403625061658e-01
4.167438722776477533e+00 1.588377120611898841e+00 3.610454639748080230e-01
4.751823772158871861e+00 1.446369851176225740e+00 3.255099141474082636e-01
5.418155050066529199e+00 1.340877727649446349e+00 2.892517823432488866e-01
6.177923583480051661e+00 1.281240288169312791e+00 2.995839390809378888e-01
7.044231745056897864e+00 1.368105508347416510e+00 3.559243888971610481e-01
8.032019206381235676e+00 1.454377221349589355e+00 3.710720203164552533e-01
9.158320575831080390e+00 1.389020506809127919e+00 3.727685652663548233e-01
1.044255916408347851e+01 1.318273653239097287e+00 4.245627039742043696e-01
1.190688194330741290e+01 9.658568627405690332e-01 3.966354229429073786e-01
1.357654147648810294e+01 9.842737913638867076e-01 4.263703100734667628e-01
1.548033140333646962e+01 9.173129362520879848e-01 4.128810453956116566e-01
1.765108299283256343e+01 7.959299362428854385e-01 3.493518904757479393e-01
2.012623132555885519e+01 6.801171091343979347e-01 2.841007724839512694e-01
2.294846086976013311e+01 6.832806934601033388e-01 2.485590689164798583e-01
2.616644158422881361e+01 7.465386505856981270e-01 3.025222938926746541e-01
2.983566824226920033e+01 6.255998658132079226e-01 2.718157439527667529e-01
3.401941745106362447e+01 5.475863353362269148e-01 3.284322959017380028e-01