22.251612142819468 13.261649520865202
25.757913753912465 13.261284314238816
29.816721444522056 13.26079110069044
34.51509645516935 13.260123065716467
39.95381871632667 13.259214485316225
46.249548573346516 13.257971289468724
53.53732914556804 13.256254855524542
61.97348299509023 13.253851337990579
71.73896523862518 13.250404851117116
83.0432450265284 13.24523739606662
96.1287986465553 13.236656397688968
111.27631062921489 13.215652374799351
128.81069441819392 13.221987172701143
149.10806174895907 13.243866431142392
172.6037902283915 13.227423287008383
199.80186216466979 13.20099727858883
231.28567496487776 13.157424366177716
267.7305549828758 13.058024299314813
309.91824323890216 12.93022550246154
358.7536637289335 13.433265669929511
415.2843340032756 13.440741175554065
480.7228343704164 13.423033981856449
556.47281768954 13.308033225213379
644.1591176605706 13.410924049584624
745.6626014331994 13.418226378826729
863.1605141217736 13.413368537078904
999.1731806140608 13.22646357925441
1156.618066425561 13.256285150277614
1338.872357202236 13.837736790030254
1549.8453991991491 13.955548628365108
1794.0625545799855 14.052157639756967
2076.762270229818 14.150853620830416
2404.0084422027453 14.305917463580464
2782.820486016691 14.389642032530556
3221.3239027972845 14.584976359326262
3728.924570907768 14.733444049121854
4316.510501612453 14.927063872515518
4996.685386423555 15.326417637663639
5784.038945711406 15.541073939530506
6695.459877543397 15.803198331629737
7750.498119490049 15.926859762246416
8971.784193897503 16.416948389766514
10385.514631563467 16.59770923080498
12022.01388613239 16.719637319347097
13916.384792248113 16.95224627233472
16109.261519761794 17.260268327430765
18647.68117482873 17.587170245522344
21586.092743697904 18.080541978766206
24987.525020992704 18.349037545585563
28924.93857449139 18.646902086991744
33482.79074599046 18.962027583364645
38758.84725744826 19.26022078335868
44866.2792812782 19.4162983916204
51936.09095685421 19.892012775195738
60119.929423347254 20.347212447333433
69593.33764396934 20.596128280535858
80559.51979455716 21.07759558431423
93253.69998390961 21.581230782565765
107948.16780023268 21.872486593069638
124958.11891043272 22.295676468769443
144648.41599284837 22.82970914336556
167441.41502512028 23.293747834048183
193826.02480071908 23.87709199758776
224368.19400034822 24.323773316854037
259723.05076542607 24.804231475641373
300648.9551669494 25.35790804707702
348023.76599455375 25.72499635586962
402863.6707876603 26.498700680877636
466344.9830120173 26.732039125530722
539829.373930085 27.285607919486374
624893.0803877395 27.572946007977624
723360.7150229879 28.49798693543033
837344.4041241372 28.9676933963674
969289.0926427 29.882441063560037
1122024.988151497 30.448461457511375
1298828.2686684874 31.20541997642968
1503491.3565263737 31.859127435405597
1740404.265659295 32.671461116312166
2014648.767202232 34.47130485339743
2332107.3932509185 37.534248482851005