2.225176193637317823e+01 1.423171107905267796e+01
2.575841034423925180e+01 1.423138293121198217e+01
2.981767041007430663e+01 1.423094186254975568e+01
3.451662803728345352e+01 1.423034838892808196e+01
3.995609297034994967e+01 1.422954870742978706e+01
4.625276153078413444e+01 1.422846907749988432e+01
5.354172017797385763e+01 1.422700763569765314e+01
6.197934360542926413e+01 1.422502215728338726e+01
7.174664954713519194e+01 1.422231112989096502e+01
8.305318226681758631e+01 1.421858316916748066e+01
9.614150804510505566e+01 1.421340461544619771e+01
1.112924191091464934e+02 1.420610199622938552e+01
1.288309576479181260e+02 1.419555377046954270e+01
1.491333891502735582e+02 1.417955105891445022e+01
1.726352746692194557e+02 1.415551099363496235e+01
1.998408151918686144e+02 1.411894951036477508e+01
2.313336685858162127e+02 1.403609005308387481e+01
2.677894711848122142e+02 1.370674375561343972e+01
3.099903326473171319e+02 1.446990236417512321e+01
3.588416150554178898e+02 1.443285958511768108e+01
4.153913562268476198e+02 1.444846773387979688e+01
4.808527539408491975e+02 1.439890684808473509e+01
5.566301934463671159e+02 1.435787981742638664e+01
6.443493766373516110e+02 1.421815645027109376e+01
7.458921992756539794e+02 1.451717676972652704e+01
8.634371245048881747e+02 1.442854930508795697e+01
9.995059188140834294e+02 1.447198554650491964e+01
1.157017753107660383e+03 1.442708199851933948e+01
1.339351829546600584e+03 1.456241257785715604e+01
1.550419877734501597e+03 1.458847673009643131e+01
1.794750075555581134e+03 1.491215334383245938e+01
2.077584195072065086e+03 1.492521316071762172e+01
2.404990057614050784e+03 1.486623898392887000e+01
2.783991710632842569e+03 1.551643177033980869e+01
3.222720119085078295e+03 1.556195533000244602e+01
3.730587604226332132e+03 1.559818475126440163e+01
4.318489772161236942e+03 1.598234358732076466e+01
4.999039264252533940e+03 1.620950063605491565e+01
5.786836344186079259e+03 1.637382930032946504e+01
6.698782126769314345e+03 1.671840611239934660e+01
7.754441168360969641e+03 1.703353084241335580e+01
8.976461197816497588e+03 1.726418145524379355e+01
1.039105899270578993e+04 1.747111925213048522e+01
1.202858282461648560e+04 1.766241517205094880e+01
1.392416354004191817e+04 1.786257472058650464e+01
1.611846824490851395e+04 1.825401821995298235e+01
1.865857276201899367e+04 1.867769023593200828e+01
2.159897157879923543e+04 1.895009631428970920e+01
2.500274695240391884e+04 1.927816682885395494e+01
2.894292225374079499e+04 1.951705654233280640e+01
3.350402858456892864e+04 1.992793869782621385e+01
3.878391827730972727e+04 2.024583984130419623e+01
4.489586418374265486e+04 2.066742774146882766e+01
5.197098978996930964e+04 2.097491013598667564e+01
6.016108229245655093e+04 2.131691665852214257e+01
6.964184898587947828e+04 2.163465348833127777e+01
8.061668682413597708e+04 2.199425042301628963e+01
9.332104602533688012e+04 2.249689200888082752e+01
1.080274813359819382e+05 2.273656182906557888e+01
1.250514993223233905e+05 2.321554749381558835e+01
1.447583271346006659e+05 2.363780256277000191e+01
1.675707479587757553e+05 2.431530198342962379e+01
1.939781712547282805e+05 2.476145721756278917e+01
2.245471323705344403e+05 2.519942834437746626e+01
2.599334467877723218e+05 2.570773557420841371e+01
3.008962797506549396e+05 2.603435900602977426e+01
3.483144331237463630e+05 2.669154885162505053e+01
4.032051988906409242e+05 2.732838047644605339e+01
4.667461837697761366e+05 2.745738293115943662e+01
5.403005731648225337e+05 2.793635367867696573e+01
6.254463764533491340e+05 2.893711581159443469e+01
7.240102810316495597e+05 2.969206145711206446e+01
8.381068414082124364e+05 3.034804988817518279e+01
9.701838440945351031e+05 3.098356497192268222e+01
1.123074821535308845e+06 3.164437145121832273e+01
1.300059841692917049e+06 3.239220500338292652e+01
1.504935877444096142e+06 3.302448636357710399e+01
1.742098265468458878e+06 3.402014151462814340e+01
2.016635002218525158e+06 3.530774620443672518e+01
2.334435899963038042e+06 3.701881356026576242e+01
