1.077400748069094142e-03 6.540423094890317479e+00 5.517929741812034905e+01
1.244183995810593758e-03 6.540405604316189780e+00 4.778063502448600985e+01
1.436785539833263479e-03 6.540382260725118968e+00 4.137347658919631499e+01
1.659202091029168174e-03 6.540351097083961562e+00 3.582486542351664127e+01
1.916049057116094804e-03 6.540309478694969592e+00 3.101966042160596615e+01
2.212656317831831077e-03 6.540253871376707551e+00 2.685814658508183328e+01
2.555178826271814387e-03 6.540179524995034299e+00 2.325396556798100534e+01
2.950724331479312370e-03 6.540080038184882483e+00 2.013232324737656853e+01
3.407500872683667022e-03 6.539946753518780298e+00 1.742843704205924027e+01
3.934987105867282856e-03 6.539767905979438467e+00 1.508619062611971628e+01
4.544128997140019569e-03 6.539527403093257085e+00 1.305696790025540999e+01
5.247566964542222517e-03 6.539203037459654588e+00 1.129864165211329308e+01
6.059898181738689396e-03 6.538763789490670497e+00 9.774695272993577433e+00
6.997979486716928571e-03 6.538165599525877170e+00 8.453458142524409524e+00
8.081277181205062665e-03 6.537344407086520093e+00 7.307436622832032214e+00
9.332270979563010715e-03 6.536203939536248342e+00 6.312722394944166204e+00
1.077692048956636547e-02 6.534592445797342997e+00 5.448456384764138072e+00
1.244520390511353984e-02 6.532253266849044060e+00 4.696314475577236358e+00
1.437174008936994117e-02 6.528703105142993124e+00 4.039941869746789038e+00
1.659650695731358996e-02 6.522861709930722007e+00 3.464113057601921675e+00
1.916567106497359466e-02 6.511473483445197274e+00 2.952596764685956110e+00
2.213254562032389988e-02 6.474977597413671404e+00 2.474374758040282174e+00
2.555869679569676076e-02 6.521517399560860184e+00 2.100402960753464221e+00
2.951522129901295449e-02 6.713922785151812178e+00 1.804828212115759056e+00
3.408422171494988884e-02 6.352134988519383185e+00 1.549210679469894991e+00
3.936051023112985964e-02 6.372657975019050625e+00 1.430073432653365506e+00
4.545357610367124768e-02 6.497930964256596553e+00 1.289668025299908871e+00
5.248985768935058444e-02 6.730539114106991683e+00 1.201395209180990298e+00
6.061536619174266727e-02 6.880303080288637574e+00 1.096327733791530923e+00
6.999871556718860466e-02 6.618272553758454357e+00 9.745105429729088442e-01
8.083462146474090781e-02 6.622688653359849020e+00 8.853554162079925183e-01
9.334794180724695356e-02 6.647590986908507027e+00 8.571950124930767245e-01
1.077983428604293303e-01 6.804747441486487247e+00 7.993456969596698380e-01
1.244856876164412429e-01 6.994462594236381392e+00 7.454670549972910454e-01
1.437562583072575506e-01 6.952092448505128530e+00 6.804709643245103745e-01
1.660099421724489654e-01 6.941307265097669266e+00 6.305310193681182840e-01
1.917085295945582524e-01 6.791541965073389697e+00 5.778328174278150042e-01
2.213852967982480047e-01 6.629775256638242631e+00 5.452595207654015175e-01
2.556560719656137959e-01 6.745182762145674360e+00 5.259270234611788108e-01
2.952320144027032467e-01 6.783932496850646920e+00 5.089133456467335170e-01
3.409343719401330408e-01 6.582310940451391978e+00 4.764552652447014425e-01
3.937115228013993717e-01 6.611658838006030159e+00 4.679456470607928908e-01
4.546586555779004168e-01 6.610518489285299282e+00 4.581835442617735454e-01
5.250404956935368350e-01 6.540885188504081960e+00 4.397032136995046581e-01
6.063175499600326201e-01 6.401797069319651534e+00 4.388731140381634255e-01
7.001764138286867833e-01 6.446466079250587455e+00 4.477141987203615558e-01
8.085647702500391443e-01 6.311369251460964946e+00 4.312571894870781408e-01
9.337318064093760306e-01 6.202339764455717663e+00 4.099042603615318803e-01
1.078274887033361162e+00 6.351235612649968942e+00 4.217497993806335055e-01
1.245193452794361333e+00 6.169202004583844712e+00 4.152738002824351016e-01
1.437951262268405639e+00 5.894221396325452389e+00 3.920401458562233765e-01
1.660548269041351777e+00 5.886482329722114493e+00 3.912500103648726135e-01
1.917603625498632836e+00 5.806694251220319458e+00 4.050584931999092753e-01
2.214451535725836528e+00 5.699518698367954883e+00 3.967276586378654102e-01
2.557251946581704516e+00 5.595204843225483060e+00 4.000879821464763952e-01
2.953118373914848327e+00 5.507791473995038878e+00 4.004405593478070902e-01
3.410265516470041725e+00 5.238266829186468243e+00 4.078135139219808969e-01
3.938179720648077087e+00 5.002494148270232976e+00 3.885855263805918502e-01
4.547815833465474356e+00 4.747007409101297704e+00 3.725492912911009258e-01
5.251824528646871215e+00 4.527810421450075395e+00 3.853584013744366099e-01
6.064814823136645217e+00 4.278442165953376453e+00 4.012126457768070420e-01
7.003657231559262009e+00 3.976644709651339316e+00 4.072374976040151751e-01
8.087833849443681444e+00 3.883108218945395596e+00 4.308368586168271341e-01
9.339842629854651079e+00 3.591479571167615514e+00 4.425690012182852962e-01
1.078566424265138579e+01 3.289439707021320825e+00 4.106945031746147556e-01
1.245530120425797804e+01 2.993933752276040750e+00 4.288446756068265975e-01
1.438340046552889362e+01 2.659803283034700705e+00 4.072216958105159823e-01
1.660997237714749275e+01 2.730698552751773533e+00 4.414340250051168035e-01
1.918122095194392429e+01 2.503041718114319636e+00 4.383042068780989009e-01
2.215050265306200572e+01 2.407779621609097198e+00 5.016135070827706377e-01
2.557943360396891563e+01 2.188861326187840017e+00 4.919569166188814680e-01
2.953916819623077927e+01 2.001928356887813898e+00 4.642973787929595142e-01
3.411187562768488846e+01 1.764487987192016050e+00 4.810161567803639682e-01
3.939244501093031658e+01 1.287262557930884732e+00 3.258157448671964440e-01
4.549045443516367726e+01 1.318413138249450167e+00 4.130800752052491420e-01
5.253244484173309559e+01 1.198305909621365961e+00 3.986780396969283324e-01
6.066454589903023020e+01 1.086374040517297912e+00 4.136057483532070145e-01
7.005550836674396464e+01 9.150210487807622917e-01 5.041309714402953945e-01
8.090020587463737911e+01 7.423622828026470444e-01 4.205649416426865961e-01
9.342367878191873842e+01 6.837752281176497915e-01 3.763493116602453226e-01