1.077002845918387502e-03 6.254317260578158510e+00 7.059815298676312523e+01
1.242867414314224568e-03 6.254255778809409527e+00 6.117436457151737272e+01
1.434276070317070479e-03 6.254173837737979191e+00 5.300786337082297450e+01
1.655162748811182067e-03 6.254064600677773811e+00 4.593080613076374163e+01
1.910067233044305743e-03 6.253918924277133584e+00 3.979773996750103038e+01
2.204228458724049114e-03 6.253724562929805941e+00 3.448261268068281993e+01
2.543692187476154568e-03 6.253465085272419621e+00 2.987618165514782831e+01
2.935435262628217912e-03 6.253118387802556022e+00 2.588376801432031016e+01
3.387509001091342214e-03 6.252654636644926711e+00 2.242330973276165196e+01
3.909204668407717520e-03 6.252033382223863178e+00 1.942367347480515605e+01
4.511244437897398221e-03 6.251199449994663482e+00 1.682319009685332745e+01
5.206001758600591230e-03 6.250076967520541871e+00 1.456838308871880905e+01
6.007755661137342829e-03 6.248560453872203269e+00 1.261286271805976611e+01
6.932984228117102139e-03 6.246501079770226283e+00 1.091636113085971616e+01
8.000703260661726213e-03 6.243684575306458484e+00 9.443884689646239394e+00
9.232857101500673014e-03 6.239793769007300206e+00 8.164958162143179266e+00
1.065476964704736504e-02 6.234340585873644258e+00 7.052927545680335975e+00
1.229566481790236865e-02 6.226531051719601528e+00 6.084263653621523993e+00
1.418926718477651547e-02 6.214962426544781593e+00 5.237728691869726561e+00
1.637449509422486682e-02 6.196810314363394134e+00 4.492959740734053575e+00
1.889626053968884722e-02 6.164890996032073467e+00 3.826364692479509610e+00
2.180639221723158425e-02 6.086689425006457377e+00 3.183152290450790289e+00
2.516470073711040562e-02 6.072784221708598551e+00 2.723247503889171472e+00
2.904020788399449410e-02 6.205170511684954704e+00 2.466382308491624542e+00
3.351256519025282848e-02 6.285974776900120631e+00 2.241303816696324169e+00
3.867369097760273156e-02 6.310296404120142810e+00 1.917038524629929963e+00
4.462965951249009411e-02 6.249606553844427204e+00 1.687647098988638739e+00
5.150288110215084370e-02 6.599325282042116214e+00 1.675116911983407286e+00
5.943461793787474523e-02 6.526196962894517561e+00 1.380147642147822928e+00
6.858788739245152977e-02 6.590330187407625218e+00 1.160069011835200170e+00
7.915081244194885346e-02 6.798309716708812900e+00 1.023614174884798889e+00
9.134048807151400051e-02 6.668280003568774816e+00 9.051599944016289756e-01
1.054074431296762177e-01 6.758899914437846768e+00 8.907880032553018301e-01
1.216407893336075297e-01 6.943240974907067375e+00 8.349651327137584955e-01
1.403741632505011716e-01 6.730982617048309358e+00 7.281193735252976529e-01
1.619925833779030100e-01 6.791745297662389547e+00 6.513237772993314412e-01
1.869403632534434312e-01 6.815436405894880423e+00 6.050378862985743567e-01
2.157302432285079230e-01 6.757268441257084923e+00 5.564319178400639609e-01
2.489539285870299434e-01 6.588116457370878365e+00 5.053436520225846884e-01
2.872942505945585978e-01 6.631338074008990446e+00 4.996710057892747026e-01
3.315392004181014762e-01 6.618584220292486719e+00 4.788437661626234187e-01
3.825981243495024109e-01 6.616177508386184236e+00 4.522015730900820207e-01
4.415204131854000291e-01 6.615350046451538013e+00 4.292933175941494039e-01
5.095170698780764340e-01 6.630536656341255330e+00 4.249799811762790536e-01
5.879855987272960549e-01 6.565480820924243233e+00 4.126495808317833247e-01
6.785387276493537456e-01 6.509259808841002304e+00 4.065928905835558549e-01
7.830375538390375034e-01 6.362246043665371609e+00 4.019558502807711320e-01
9.036297940521944572e-01 6.331556595032172829e+00 3.986963638177358771e-01
1.042793925649524667e+00 6.376211875290244357e+00 3.966318417760580362e-01
1.203390125612366024e+00 6.143675619401168575e+00 3.869231943303205745e-01
1.388719054456842183e+00 6.119770119080109261e+00 3.954177402920367457e-01
1.602589693205380250e+00 6.073189122399313966e+00 3.982487800708886527e-01
1.849397627637960007e+00 5.920337612925367310e+00 3.933299696059012196e-01
2.134215388763634813e+00 5.748183344456221811e+00 3.849499438984859689e-01
2.462896706238869804e+00 5.895854578326058082e+00 3.968246989212808606e-01
2.842196817405701736e+00 5.782114249553582219e+00 4.095130905881826933e-01
3.279911304606547340e+00 5.434829127266294968e+00 4.010311145902602514e-01
3.785036314235738608e+00 5.314014706430166157e+00 3.996320653865041428e-01
4.367953450436928620e+00 4.938148705692446683e+00 3.870129789761143635e-01
5.040643143482293809e+00 4.675781046376986438e+00 3.869064937270483839e-01
5.816930878096581381e+00 4.445293003259954467e+00 3.840035753245910066e-01
6.712771342344545644e+00 4.406588540480454341e+00 4.146111866037786586e-01
7.746576337064395190e+00 4.329873696860231824e+00 4.575821181677178773e-01
8.939593185220388705e+00 3.830342526923743218e+00 4.558853812765589208e-01
1.031634141844956787e+01 3.475319501938385347e+00 4.803581269681476140e-01
1.190511671582227393e+01 3.357727343050671998e+00 4.937397348581222811e-01
1.373857245204003696e+01 3.213223843110796896e+00 5.049046924179187990e-01
1.585439080736612283e+01 2.657231232581795943e+00 4.851931790920324117e-01
1.829605723230515224e+01 2.425012316612775720e+00 4.492844133270335050e-01
2.111375418425154038e+01 2.531847189155640887e+00 5.277603983693006651e-01
2.436539250466880446e+01 2.311414559532936508e+00 5.335004357527983743e-01
2.811780163422489665e+01 1.882919225031932875e+00 5.119814855451045865e-01
3.244810312783290840e+01 1.775521278935928038e+00 5.463255966165188049e-01
3.744529569882584497e+01 1.346329969431226514e+00 4.238177462614575175e-01
4.321208436895612692e+01 1.322497004132885845e+00 4.496325072815850477e-01
4.986699131790626893e+01 1.214970728549196410e+00 4.752729524023966423e-01
5.754679181563888335e+01 1.236950235314608015e+00 5.710964045761324215e-01
6.640932530219320995e+01 8.180245364107080475e-01 3.670654788711364414e-01
7.663673938977093769e+01 7.910907747879498686e-01 5.979230745959213111e-01
8.843923345960718052e+01 7.228734160911840512e-01 7.235279912298764327e-01