2.206519660115920800e+01 1.737662544689786870e+01
2.514328773188885791e+01 1.737568720617949225e+01
2.865077204593503168e+01 1.737443827329779822e+01
3.264754981851633175e+01 1.737276191537049286e+01
3.720187740294175427e+01 1.737048592343030151e+01
4.239153290206706259e+01 1.736734547477313129e+01
4.830514445071883500e+01 1.736290941998192139e+01
5.504370379328823759e+01 1.735641694219878417e+01
6.272229100513884248e+01 1.734635560212537086e+01
7.147203981235404058e+01 1.732908231008999778e+01
8.144237707325140718e+01 1.729183000606138876e+01
9.280357466718291448e+01 1.714275465376113061e+01
1.057496573713839751e+02 1.747109725090800580e+01
1.205017163861427179e+02 1.746804237809112692e+01
1.373116850961609146e+02 1.746397067444424067e+01
1.564666415499742982e+02 1.745849233388451083e+01
1.782937111345131314e+02 1.745101985184185622e+01
2.031656531719200416e+02 1.744061271575160532e+01
2.315072268456632116e+02 1.742561348459701520e+01
2.638024451722479853e+02 1.740255078937057931e+01
3.006028409007334972e+02 1.736038410668064103e+01
3.425368855038109928e+02 1.729948480501934327e+01
3.903207221165175156e+02 1.722784829742940715e+01
4.447703957180536918e+02 1.737411988873548907e+01
5.068157894218621777e+02 1.733939713290844509e+01
5.775165048757739896e+02 1.744355262278966023e+01
6.580799579752452928e+02 1.739841470746493712e+01
7.498819989254773191e+02 1.759644893250027309e+01
8.544904087986564036e+02 1.747395242018490080e+01
9.736916738568845631e+02 1.774033391000453008e+01
1.109521494888560028e+03 1.782331378715906212e+01
1.264299552591927977e+03 1.787712575253747715e+01
1.440669122723663349e+03 1.784314416606502007e+01
1.641642217553863247e+03 1.792043661852145675e+01
1.870651024546248664e+03 1.813396533063284721e+01
2.131606520725404607e+03 1.819383354231610639e+01
2.428965263738175508e+03 1.824093938263494508e+01
2.767805500256625237e+03 1.828762942761498778e+01
3.153913891490133210e+03 1.844664460345353163e+01
3.593884336891504063e+03 1.848289341718719925e+01
4.095230583753079372e+03 1.862831667283395376e+01
4.666514545822146829e+03 1.883203422259352422e+01
5.317492522341123731e+03 1.924607120262144733e+01
6.059281814618700082e+03 1.929168687415474892e+01
6.904550585583985594e+03 1.930785795298606544e+01
7.867734204715835403e+03 1.931885786780954106e+01
8.965281773052562130e+03 1.940390911440719179e+01
1.021593703839814771e+04 1.953862239047918692e+01
1.164105849815137117e+04 1.957954290533241348e+01
1.326498415642456166e+04 2.013945358382041562e+01
1.511544716471766333e+04 2.035199025256369865e+01
1.722404944439487372e+04 2.048280364719785140e+01
1.962680137941527209e+04 2.038458998302314029e+01
2.236473679610657564e+04 2.081078213428421719e+01
2.548461373251157784e+04 2.106480238617510281e+01
2.903971296493780756e+04 2.120663701766592268e+01
3.309074792882360634e+04 2.135649126296428690e+01
3.770690157340846781e+04 2.166923996499212635e+01
4.296700785745159374e+04 2.166916305013710442e+01
4.896089806339993083e+04 2.189369819192894440e+01
5.579093492215117294e+04 2.211216209381930753e+01
6.357376074795717432e+04 2.237479624254069321e+01
7.244228943784590228e+04 2.223466082216877382e+01
8.254797635462004109e+04 2.312560777825689584e+01
9.406340485814343265e+04 2.337215632461388637e+01
1.071852336572973290e+05 2.365032292921624446e+01
1.221375553170272615e+05 2.375687728495715589e+01
1.391757232765455847e+05 2.416067198052722631e+01
1.585907127359149745e+05 2.456004083767962953e+01
1.807140898855601845e+05 2.489258645059847908e+01
2.059236743424420420e+05 2.529480138691917901e+01
2.346499914951035753e+05 2.549711800750980473e+01
2.673836249497412937e+05 2.634949633138855418e+01
3.046835946412376361e+05 2.666626863833619865e+01
3.471869036892406875e+05 2.745973472257436399e+01
3.956194170390286599e+05 2.879304485955177029e+01
4.508082576708995039e+05 2.946789632512446744e+01
5.136959320786402677e+05 3.027768935667578987e+01
5.853564262498134049e+05 3.076679232592908164e+01
6.670135470325256465e+05 3.130581637232140224e+01
