2.207149967155710968e+01 1.565966165708388402e+01
2.516395934975485460e+01 1.565556120939536555e+01
2.868970661618127949e+01 1.564997368705835434e+01
3.270944982394333778e+01 1.564222815206375472e+01
3.729240323362623144e+01 1.563122013213867234e+01
4.251747878441432249e+01 1.561497162929139826e+01
4.847464484544408947e+01 1.558946444440392654e+01
5.526647534315473109e+01 1.554464447245373471e+01
6.300991593840628724e+01 1.544149392220835182e+01
7.183829766442268294e+01 1.527046358424505712e+01
8.190363269754152498e+01 1.592078177907258407e+01
9.337923179067722401e+01 1.591509411011132613e+01
1.064626884379788834e+02 1.590731206786577268e+01
1.213792811537539080e+02 1.589643277659732234e+01
1.383858524480610299e+02 1.588068165333676340e+01
1.577752312894154727e+02 1.585635295401166189e+01
1.798812752031239199e+02 1.581222028229064769e+01
2.050846188230099756e+02 1.572700922984248351e+01
2.338192278784158589e+02 1.575938089668232500e+01
2.665798714668140974e+02 1.570972550330153084e+01
3.039306412739344978e+02 1.597243011995162654e+01
3.465146644302604386e+02 1.597360433312387684e+01
3.950651772454688739e+02 1.586674595607119542e+01
4.504181504947702024e+02 1.596893347430573229e+01
5.135266836466190625e+02 1.609200592905390437e+01
5.854774158799284578e+02 1.619714217684941460e+01
6.675092364651563912e+02 1.605121152056746681e+01
7.610346166754191017e+02 1.624677033685565064e+01
8.676639305327944385e+02 1.612438423933058829e+01
9.892331831584788233e+02 1.652461101657759457e+01
1.127835624169547145e+03 1.651888836363433199e+01
1.285857790460038359e+03 1.658340849563102282e+01
1.466020598971798563e+03 1.674444640942144247e+01
1.671426197014143327e+03 1.695877598163848532e+01
1.905611376828207312e+03 1.686391469408275512e+01
2.172608474118805134e+03 1.657206060932739433e+01
2.477014799139907154e+03 1.782422382186294030e+01
2.824071795838257913e+03 1.791027971099807914e+01
3.219755292063016441e+03 1.785336968151145243e+01
3.670878394821635538e+03 1.791814704676407644e+01
4.185208802291963366e+03 1.798347495311234923e+01
4.771602552536536678e+03 1.843228454764110325e+01
5.440156511881689767e+03 1.825831386123168443e+01
6.202382228594493426e+03 1.844960829562596416e+01
7.071404145370553124e+03 1.885729800412945423e+01
8.062185583569768824e+03 1.896628272354523048e+01
9.191786390327171830e+03 1.869916298376310593e+01
1.047965668485566312e+04 1.932169042296008854e+01
1.194797176183409101e+04 1.974591442201563041e+01
1.362201391844077807e+04 1.978573466184219498e+01
1.553060777955083722e+04 1.974467625039060081e+01
1.770661661677802476e+04 2.022779086079164301e+01
2.018750820726908569e+04 2.023083161446914602e+01
2.301599997553421417e+04 2.035291366686559655e+01
2.624079452673830019e+04 2.068484619156305371e+01
2.991741823629005739e+04 2.074202466837599701e+01
3.410917733504901844e+04 2.124753043235643091e+01
3.888824795257783990e+04 2.154201475158172840e+01
4.433691888743411982e+04 2.156552094576377243e+01
5.054900850323870691e+04 2.184830865014912504e+01
5.763148014745538967e+04 2.210788084409740861e+01
6.570628390809570556e+04 2.225891876263044367e+01
7.491245642077954835e+04 2.280997293907721257e+01
8.540851488184301706e+04 2.287309926053755404e+01
9.737518648899340769e+04 2.305846109179900338e+01
1.110185203065977403e+05 2.347192593029724605e+01
1.265734351374988182e+05 2.378162025008620262e+01
1.443077644906650821e+05 2.404332899688806435e+01
1.645268682932639204e+05 2.439576719073762590e+01
1.875788907542812522e+05 2.480350213693984074e+01
2.138607549126197700e+05 2.498704009224639222e+01
2.438249970872681588e+05 2.554509595287336055e+01
2.779875589090524008e+05 2.619391938247826701e+01
3.169366711016729241e+05 2.681128082884496422e+01
3.613429819781010156e+05 2.793410970482706546e+01
4.119711050506361644e+05 2.845086915143891204e+01
4.696927845880457899e+05 2.894903136537097410e+01
5.355019058119540568e+05 2.951553168701443042e+01
6.105316081867127214e+05 3.163291218442723007e+01
6.960737964692651294e+05 3.387338157825751495e+01
