2.207076573218660087e+01 1.509112567622768530e+01
2.516155191792974932e+01 1.507877566169547023e+01
2.868517126233623316e+01 1.506207341269011302e+01
3.270223764549346157e+01 1.503916261739621341e+01
3.728185330469002423e+01 1.500708711948865215e+01
4.250279754247848985e+01 1.496078389451015234e+01
4.845488190120796190e+01 1.489058455928534030e+01
5.524049511596215467e+01 1.477440428650448112e+01
6.297636442243739197e+01 1.453937098038590392e+01
7.179556351806891712e+01 1.405585013789491633e+01
8.184980171768336277e+01 1.654404604037070214e+01
9.331203368210961457e+01 1.653607484320156829e+01
1.063794346127292840e+02 1.652499547899879317e+01
1.212767920917538476e+02 1.650914920209198300e+01
1.382603729152226606e+02 1.648540457924526947e+01
1.576223314366196178e+02 1.644667361965537822e+01
1.796957352541620310e+02 1.636995001694978313e+01
2.048602946944609755e+02 1.607957959031741524e+01
2.335488946520746651e+02 1.669360722116313767e+01
2.662550411467345839e+02 1.664252039441371878e+01
3.035413506951468889e+02 1.648517257081831033e+01
3.460492285329418110e+02 1.648352115741494117e+01
3.945099021731366520e+02 1.681893797481053809e+01
4.497570001022037900e+02 1.682867091622461686e+01
5.127408919945423804e+02 1.688070162956137210e+01
5.845450371280853687e+02 1.678148169331212713e+01
6.664046222291775621e+02 1.685416147327926950e+01
7.597278093580031282e+02 1.691659639246341840e+01
8.661199593441824618e+02 1.701395041166166777e+01
9.874112474680675859e+02 1.704753095815179620e+01
1.125688146437234536e+03 1.714408706813198435e+01
1.283329318233511685e+03 1.732336831869874061e+01
1.463046532248013591e+03 1.742663842570220822e+01
1.667931313584667805e+03 1.750391411741339098e+01
1.901508123984040822e+03 1.768597335831654149e+01
2.167794990194458023e+03 1.756014550637199889e+01
2.471372622729658360e+03 1.754792275525657175e+01
2.817463214005209920e+03 1.767923102300248672e+01
3.212020271352221698e+03 1.787589165510934563e+01
3.661831030230629494e+03 1.847451261847250237e+01
4.174633209371024350e+03 1.856138889620186561e+01
4.759248116286184086e+03 1.854889801847422248e+01
5.425732392855234139e+03 1.880302209585290285e+01
6.185551011332985581e+03 1.879053041350204012e+01
7.051774496690212800e+03 1.895584526612136145e+01
8.039303767936146869e+03 1.926841744296818959e+01
9.165126466180525313e+03 1.946171920689617707e+01
1.044860917883280126e+04 1.956901402593491568e+01
1.191183058682724004e+04 1.958398990466644207e+01
1.357996126572737921e+04 1.986608092840043227e+01
1.548169667411091723e+04 1.999040077486230871e+01
1.764975077757255713e+04 2.004514505715995298e+01
2.012141879974616313e+04 2.041609899579419363e+01
2.293921878088194717e+04 2.046567366598176818e+01
2.615162298017501598e+04 2.064617283490450816e+01
2.981389170354839735e+04 2.077866178092723715e+01
3.398902390053358977e+04 2.080506754243179302e+01
3.874884088257244730e+04 2.102803218751986591e+01
4.417522180504119751e+04 2.089985411779508695e+01
5.036151216596171435e+04 2.130803053579779771e+01
5.741412955062681431e+04 2.223161060004370171e+01
6.545439424442291784e+04 2.246034365959771151e+01
7.462061620435334044e+04 2.256429761314832660e+01
8.507047428968978056e+04 2.290511983415624542e+01
9.698372867966970080e+04 2.306616031349486207e+01
1.105653131376950769e+05 2.348365882437136420e+01
1.260488603156704485e+05 2.370139659390396858e+01
1.437007207413460710e+05 2.400422210745192331e+01
1.638245446239479061e+05 2.469178338537174966e+01
1.867665052950693644e+05 2.510200272872006977e+01
2.129212541393151041e+05 2.560842778081308779e+01
2.427387094523936103e+05 2.578466470279711586e+01
2.767317960097150644e+05 2.664938816762355600e+01
3.154852684828236233e+05 2.703993840780097102e+01
3.596657704855318880e+05 2.748602956825329358e+01
4.100333022871216526e+05 2.837779755637044588e+01
4.674542944621003116e+05 2.888476356334779283e+01
5.329165123715936206e+05 3.059832062948327902e+01
6.075460478657099884e+05 3.165870832920207434e+01
6.926266905009461334e+05 3.210566698166118016e+01
