2.205833473804630529e+01 1.546580362012088017e+01
2.512079225060426779e+01 1.546490253822111249e+01
2.860842447048256076e+01 1.546372638688081658e+01
3.258026030861419997e+01 1.546218802746757959e+01
3.710352392429939528e+01 1.546017027526795928e+01
4.225477250828059539e+01 1.545751351729778023e+01
4.812119202934336215e+01 1.545399637498776002e+01
5.480207287522715376e+01 1.544930356319715159e+01
6.241049036338034739e+01 1.544296767796924819e+01
7.107521856455772991e+01 1.543425025823473895e+01
8.094290983112917104e+01 1.542185231943152957e+01
9.218057691907536366e+01 1.540298919185496551e+01
1.049784197141090942e+02 1.536844192594096370e+01
1.195530444048581131e+02 1.528840164070809315e+01
1.361511295882939123e+02 1.542652741436888242e+01
1.550536013570151681e+02 1.539108101189947320e+01
1.765803880326178330e+02 1.533817721558333247e+01
2.010958350200174323e+02 1.525149191156748962e+01
2.290148714302752637e+02 1.505228177375391141e+01
2.608100328433194477e+02 1.490790595490615367e+01
2.970194590723029933e+02 1.519737397663466894e+01
3.382560022934455901e+02 1.595283515387562190e+01
3.852175996983788195e+02 1.612467633405188749e+01
4.386990862283238926e+02 1.598485822695982428e+01
4.996056473231184327e+02 1.553468095277618488e+01
5.689681393757066417e+02 1.606323464437788928e+01
6.479605371940192526e+02 1.747806758219036993e+01
7.379198037722119352e+02 1.780282316617100591e+01
8.403685186713339590e+02 1.771305780864602752e+01
9.570406479995414202e+02 1.789787060767689653e+01
1.089910892154206294e+03 1.802407667051031837e+01
1.241228108042644863e+03 1.807185470923141679e+01
1.413553371459604477e+03 1.818014405302024628e+01
1.609803323835271385e+03 1.808413777864103977e+01
1.833299537006653964e+03 1.817159257996333110e+01
2.087824731521510330e+03 1.805430978905332751e+01
2.377686799981473996e+03 1.842647199810123482e+01
2.707791719032951278e+03 1.864155227731626496e+01
3.083726584056634692e+03 1.863877929952241885e+01
3.511854171935255181e+03 1.880539308186542868e+01
3.999420632394350832e+03 1.890563335429369118e+01
4.554678130614735892e+03 1.922652150291126816e+01
5.187024516868731553e+03 1.922365104395563407e+01
5.907162387118220977e+03 1.939348556828519676e+01
6.727280226708692680e+03 1.961767099659316926e+01
7.661258703054513717e+03 1.949100052450544851e+01
8.724905598862635088e+03 1.967361981540622651e+01
9.936223362189062755e+03 2.019907136734700970e+01
1.131571380166930794e+04 2.029475879168162322e+01
1.288672508395377008e+04 2.048354615882697871e+01
1.467584690635289553e+04 2.039909465654820764e+01
1.671336053307246402e+04 2.089116788398647628e+01
1.903375131199717725e+04 2.103998510689809365e+01
2.167629234647729754e+04 2.120190163416170392e+01
2.468570920088630010e+04 2.162374774698411528e+01
2.811293689023141633e+04 2.175501615092973395e+01
3.201598196602585813e+04 2.188792026429257831e+01
3.646090428940790298e+04 2.190512804558336057e+01
4.152293510822409735e+04 2.218188945326730988e+01
4.728775036176668073e+04 2.229681772349996649e+01
5.385292076411702146e+04 2.255166236059607598e+01
6.132956320906098699e+04 2.294012604113105880e+01
6.984422144695308816e+04 2.315976896495318371e+01
7.954100786438179784e+04 2.342479091339380659e+01
9.058404261670877167e+04 2.370683290084484085e+01
1.031602313963147608e+05 2.391509936866633623e+01
1.174824288508649042e+05 2.417307430417720582e+01
1.337930411931161652e+05 2.435714518926107885e+01
1.523681289771963493e+05 2.462377726535115841e+01
1.735220794817095739e+05 2.547063116353125878e+01
1.976129277807369072e+05 2.599499517338574606e+01
2.250484165629826020e+05 2.633438136661117923e+01
2.562928972627811017e+05 2.660768594167966938e+01
2.918751893060639268e+05 2.712081099943758744e+01
3.323975304906821111e+05 2.738038051487830060e+01
3.785457699881602312e+05 2.791603307716471960e+01
4.311009764855823596e+05 2.880602440525586871e+01
4.909526579378637252e+05 2.920680157378865971e+01
5.591138166775044519e+05 3.185101023216245864e+01
6.367380946927287150e+05 3.575789426010071281e+01
