2.228205063046232581e+01 1.881015598750248685e+01
2.585891175273274456e+01 1.881015319116488627e+01
3.000995411622692544e+01 1.881014942374171639e+01
3.482734906517754325e+01 1.881014434896051668e+01
4.041806389340203509e+01 1.881013751251254007e+01
4.690623698731407387e+01 1.881012830245587253e+01
5.443593424249193902e+01 1.881011589287368579e+01
6.317434795833933947e+01 1.881009917051937563e+01
7.331550924032853800e+01 1.881007663194712265e+01
8.508459634143558503e+01 1.881004624652096879e+01
9.874293460684138779e+01 1.881000526837465969e+01
1.145937990425970128e+02 1.880994997890855203e+01
1.329891483507243777e+02 1.880987533310145210e+01
1.543374399558624077e+02 1.880977446855785473e+01
1.791126995513215547e+02 1.880963801818886694e+01
2.078650465482429865e+02 1.880945313544283337e+01
2.412329091389902658e+02 1.880920208793423853e+01
2.799572002027496751e+02 1.880886018207689148e+01
3.248977688206082348e+02 1.880839260887090703e+01
3.770524926958911465e+02 1.880774945551866040e+01
4.375794354152156984e+02 1.880685732742254501e+01
5.078225605386257371e+02 1.880560379420520789e+01
5.893415734843717928e+02 1.880382445275516901e+01
6.839465538290459108e+02 1.880120209743926907e+01
7.937381470120109270e+02 1.879716766158549746e+01
9.211542078762131496e+02 1.879037448539018840e+01
1.069023931736537406e+03 1.877578631580333735e+01
1.240630674922801745e+03 1.875647007326863758e+01
1.439784859688937104e+03 1.876760490029460016e+01
1.670908582297051225e+03 1.881323845379438353e+01
1.939133802946874766e+03 1.882538145925380846e+01
2.250416297797625703e+03 1.882596387224942802e+01
2.611667903316890261e+03 1.882126739515578961e+01
3.030909989361008229e+03 1.881555744110736583e+01
3.517451568762377974e+03 1.881879930120043198e+01
4.082095998237592539e+03 1.883345995651336580e+01
4.737380860283018592e+03 1.882303966395091521e+01
5.497856352487871845e+03 1.880747841797398934e+01
6.380408365728374520e+03 1.880948836500046539e+01
7.404633424995697169e+03 1.878912429446079813e+01
8.593273818188341465e+03 1.880732805791345896e+01
9.972722574636318313e+03 1.886118411545702145e+01
1.157360950609488282e+04 1.885971287498827209e+01
1.343148132288785928e+04 1.885944938774744983e+01
1.558759092676151158e+04 1.896646589932594651e+01
1.808981340621162235e+04 1.897732940403709279e+01
2.099370907339698897e+04 1.896603420649615046e+01
2.436375714672063623e+04 1.900258404973148174e+01
2.827478747224211111e+04 1.913608314997703275e+01
3.281364207441492181e+04 1.916640462860928906e+01
3.808110342986181786e+04 1.924224107591732746e+01
4.419413228032203187e+04 1.949473844269635592e+01
5.128846467403134739e+04 1.962958804165193527e+01
5.952162590124268172e+04 1.981394722265400432e+01
6.907642824647287489e+04 2.001919869814341979e+01
8.016503022291422531e+04 2.028357190703951929e+01
9.303364742181633483e+04 2.047897355388814233e+01
1.079680195783525996e+05 2.074366673124920268e+01
1.252997552468092472e+05 2.111737677802176449e+01
1.454136949647090514e+05 2.146740448077963137e+01
1.687564564004039566e+05 2.194576873510962400e+01
1.958463512238860712e+05 2.244219172843992283e+01
2.272848938988383743e+05 2.295934655490702880e+01
2.637701579415780725e+05 2.345188427387515517e+01
3.061122762144138687e+05 2.402742586830044402e+01
3.552514294279043097e+05 2.460726160173104304e+01
4.122787222756500123e+05 2.542407779989355276e+01
4.784604107433644240e+05 2.620932771332500266e+01
5.552660185447301483e+05 2.699127085441901741e+01
6.444009669922160683e+05 2.788334324392955921e+01
7.478444428290768992e+05 2.853047603542057331e+01
8.678933448544737184e+05 2.905573124147980479e+01
1.007213285149518400e+06 3.038656037823765033e+01
1.168897777355110040e+06 3.101752643111099772e+01
1.356536926240890753e+06 3.200394548323277633e+01
1.574297143774988595e+06 3.253257066970800793e+01
1.827013661740877433e+06 3.419050367743495400e+01
2.120297895087144803e+06 3.455047603797758882e+01
2.460662039947348647e+06 3.637568073986139439e+01
2.855663672952417284e+06 3.755359001644593775e+01
