2.228357970654605680e+01 1.858379135277739636e+01
2.586399012236250172e+01 1.858378912476484146e+01
3.001968237864200972e+01 1.858378612376949590e+01
3.484308978819827018e+01 1.858378207909614943e+01
4.044149737081145446e+01 1.858377662948667108e+01
4.693942814874345970e+01 1.858376928569582276e+01
5.448141285988297255e+01 1.858375938817610162e+01
6.323520469408357769e+01 1.858374604714959588e+01
7.339551055672160373e+01 1.858372806099496799e+01
8.518832185239762111e+01 1.858370380574678293e+01
9.887594111657935514e+01 1.858367108471367501e+01
1.147628163004376631e+02 1.858362692121864512e+01
1.332023124784153083e+02 1.858356727396180830e+01
1.546045715987690414e+02 1.858348664004088491e+01
1.794456350982058837e+02 1.858337749638804226e+01
2.082780322910894029e+02 1.858322949958134274e+01
2.417430700462983566e+02 1.858302831072316508e+01
2.805850971058443974e+02 1.858275380465261861e+01
3.256680603204808904e+02 1.858237717468138328e+01
3.779947210556793493e+02 1.858185574742196877e+01
4.387289591903996779e+02 1.858112160408981595e+01
5.092216608071048540e+02 1.858003988048955435e+01
5.910407653820091127e+02 1.857839275693711301e+01
6.860061408025583205e+02 1.857696106301625250e+01
7.962300619224668026e+02 1.857289020597648488e+01
9.241641930017706272e+02 1.857241426659964034e+01
1.072654119042518687e+03 1.856618148032602988e+01
1.245002638937643496e+03 1.855045601270181876e+01
1.445043228235862671e+03 1.854502779277637359e+01
1.677225305523957559e+03 1.856913201589954454e+01
1.946713198970666099e+03 1.854353095874802193e+01
2.259501014303335069e+03 1.855402541395800498e+01
2.622545959177384248e+03 1.859212319198991281e+01
3.043923089416367930e+03 1.858498711012592253e+01
3.533004919078097828e+03 1.858355705774238231e+01
4.100669889337883433e+03 1.858915369221965364e+01
4.759544333074462884e+03 1.857521981602680583e+01
5.524283317075041850e+03 1.861607451351524034e+01
6.411896608514304717e+03 1.860180043513471304e+01
7.442127016042535615e+03 1.856622149190100046e+01
8.637889520764349072e+03 1.854641392057693494e+01
1.002578096451345846e+04 1.853493159346881214e+01
1.163667163220511975e+04 1.856847731502148591e+01
1.350639188658344574e+04 1.842749921987695316e+01
1.567652912789105540e+04 1.881349537171606201e+01
1.819535280489940851e+04 1.882595641739430192e+01
2.111888805193062217e+04 1.882456987606914112e+01
2.451216183232693948e+04 1.890786826480011129e+01
2.845064930581219960e+04 1.905865733874325585e+01
3.302195259068554878e+04 1.915661750724567014e+01
3.832774926084779872e+04 1.928675449237957551e+01
4.448605391725935624e+04 1.939605735201581993e+01
5.163384313701104838e+04 1.953151876558580113e+01
5.993010218564492243e+04 1.971507871962243996e+01
6.955936125946394168e+04 1.988454162039047191e+01
8.073579991297898232e+04 2.011259441581847085e+01
9.370801096454470826e+04 2.040637541344985806e+01
1.087645298417310696e+05 2.070859312395534246e+01
1.262402523533307540e+05 2.105427370571239010e+01
1.465238836358030385e+05 2.147697821833035903e+01
1.700665839579328895e+05 2.188810366509193983e+01
1.973920036886969465e+05 2.237434983347611706e+01
2.291079306319013122e+05 2.285512446484538174e+01
2.659198087943511200e+05 2.336174334311962753e+01
3.086464292798169190e+05 2.410198897134362994e+01
3.582381423147463356e+05 2.486930427778652231e+01
4.157979954881420708e+05 2.567643120666743783e+01
4.826062683745676768e+05 2.629294710587589634e+01
5.601489492535742465e+05 2.705558024867411859e+01
6.501507873212245759e+05 2.795840670605301881e+01
7.546136555601346772e+05 2.859507253138968252e+01
8.758610775572011480e+05 2.896524078041537820e+01
1.016589908660257584e+06 3.077442601453731896e+01
1.179930320995886344e+06 3.175253969612811389e+01
1.369515426569847390e+06 3.255190459820555304e+01
1.589562087047452340e+06 3.345442649842819804e+01
1.844964707631782861e+06 3.485381119054120802e+01
2.141404101257487200e+06 3.515089132105926240e+01
2.485473844520598650e+06 3.565269831262403244e+01
2.884826935826065484e+06 3.796323422692504579e+01
