2.222322672317243786e+01 2.035476760648944250e+01
2.566388994611471475e+01 2.035476677609559104e+01
2.963724644358330096e+01 2.035476566626936901e+01
3.422576930472958168e+01 2.035476418696140399e+01
3.952470033713904485e+01 2.035476221351739667e+01
4.564402695616726646e+01 2.035475958118725615e+01
5.271076514191042861e+01 2.035475606913020741e+01
6.087159585007274387e+01 2.035475138330289724e+01
7.029590959946928308e+01 2.035474513002608532e+01
8.117932243123293290e+01 2.035473678330598446e+01
9.374773621883448982e+01 2.035472563899011433e+01
1.082620276068580552e+02 2.035471075334910296e+01
1.250234629046258021e+02 2.035469085959388380e+01
1.443799513290676373e+02 2.035466425301568094e+01
1.667332663924530038e+02 2.035462863206549855e+01
1.925473853259278201e+02 2.035458087491585388e+01
2.223581196363431047e+02 2.035451671827526354e+01
2.567842366933061271e+02 2.035443028195714632e+01
2.965403031919985892e+02 2.035431333101115925e+01
3.424515170774685657e+02 2.035415404976794918e+01
3.954708357896627149e+02 2.035393477780193905e+01
4.566987563521133779e+02 2.035362709899475675e+01
5.274061578702614952e+02 2.035317813714762636e+01
6.090606805703948794e+02 2.035245148676164462e+01
7.033571889164879849e+02 2.034998812028364767e+01
8.122529511135069242e+02 2.035257801529528621e+01
9.380082652015602207e+02 2.035192081823844390e+01
1.083233374997594638e+03 2.035043911057891819e+01
1.250942649696737590e+03 2.034806992445123441e+01
1.444617151713746807e+03 2.034558293637120840e+01
1.668276891455787336e+03 2.034367458263665185e+01
1.926564268784807155e+03 2.033770815646735031e+01
2.224840433124648825e+03 2.032655778412828340e+01
2.569296562314252697e+03 2.027666114426976307e+01
2.967082369969672527e+03 2.035229439380254490e+01
3.426454508721705679e+03 2.034248087957469409e+01
3.956947949665215219e+03 2.033579673640645424e+01
4.569573895262660699e+03 2.031028892639032790e+01
5.277048333686734622e+03 2.030304392348309506e+01
6.094055978596944442e+03 2.030860927377822378e+01
7.037555072823744922e+03 2.030873417103650880e+01
8.127129382626708320e+03 2.029030817166499645e+01
9.385394688705786393e+03 2.027717584984275589e+01
1.083846821130799435e+04 2.025266619667029389e+01
1.251651071306549238e+04 2.014852425164546190e+01
1.445435253173815727e+04 2.034409120247268987e+01
1.669221653712749321e+04 2.039347083176178899e+01
1.927655301823795162e+04 2.054917722556607984e+01
2.226100383004517425e+04 2.061908806022260876e+01
2.570751581221153538e+04 2.067183790217962169e+01
2.968762659045663895e+04 2.064847401610765942e+01
3.428394944935630338e+04 2.080414642631268052e+01
3.959188809737515112e+04 2.095743199581313476e+01
4.572161691670289292e+04 2.103355999616173833e+01
5.280036780100733449e+04 2.133684648867518519e+01
6.097507104791804159e+04 2.152685736650031600e+01
7.041540512200226658e+04 2.170608719414457255e+01
8.131731859072597581e+04 2.186288598826730833e+01
9.390709733656645403e+04 2.224419667966586545e+01
1.084460614664820314e+05 2.256448997376342902e+01
1.252359894102759863e+05 2.287630662184932362e+01
1.446253817933103128e+05 2.324169676641507110e+01
1.670166950998233806e+05 2.355660453309564417e+01
1.928746952725945448e+05 2.414357884977389901e+01
2.227361046406883688e+05 2.448590323958780601e+01
2.572207424120135256e+05 2.526614841599309713e+01
2.970443899686533841e+05 2.569045781269055340e+01
3.430336480038418667e+05 2.614731200089325824e+01
3.961430938831781386e+05 2.683260139112586273e+01
4.574750953573475708e+05 2.756659936056879445e+01
5.283026918902480975e+05 2.801626327030776409e+01
6.100960185394713189e+05 2.887135780991049927e+01
7.045528208571770228e+05 2.929816856842522910e+01
8.136336941947939340e+05 3.021066005182062497e+01
9.396027788571796846e+05 3.100728844909685833e+01
1.085074755796393845e+06 3.216040013236199258e+01
1.253069118312565843e+06 3.271909495774285404e+01
1.447072846253980882e+06 3.469766823984652859e+01
1.671112783615234541e+06 3.610432724966831586e+01
1.929839221841161605e+06 3.910787474100666827e+01
