2.200286563571627596e+01 1.258324306333651421e+01
2.493928123199120606e+01 1.257998917536105488e+01
2.826757926289093348e+01 1.257572198228065119e+01
3.204005881127083910e+01 1.257008082673581484e+01
3.631599858914508872e+01 1.256252682643974161e+01
4.116258841144360048e+01 1.255217065856743197e+01
4.665598498057980237e+01 1.253715483494697480e+01
5.288250857185944653e+01 1.250794379222107366e+01
5.993999942380025914e+01 1.250569270976429692e+01
6.793935514694980782e+01 1.249099816268052976e+01
7.700627330921538771e+01 1.244632439197349427e+01
8.728322657975371612e+01 1.237551598563493016e+01
9.893170146776772356e+01 1.224514757117484187e+01
1.121347358345461487e+02 1.180671423493374839e+01
1.270997950518435573e+02 1.257312627874830113e+01
1.440620320010049795e+02 1.307714454336803733e+01
1.632879821387056722e+02 1.303857989875892542e+01
1.850797516915786503e+02 1.306634623244721283e+01
2.097797647907656540e+02 1.292603632550589587e+01
2.377761441403065419e+02 1.308022628001265453e+01
2.695088097682936450e+02 1.326576763774085421e+01
3.054763916932809025e+02 1.344884531187339149e+01
3.462440651278660653e+02 1.344460207225956161e+01
3.924524313376160762e+02 1.362951535973533979e+01
4.448275837043671572e+02 1.343939586216594861e+01
5.041925171666022720e+02 1.377859256771514929e+01
5.714800603187028400e+02 1.386258435835508784e+01
6.477475333771208170e+02 1.398050163863812578e+01
7.341933623408568792e+02 1.438359995045041195e+01
8.321759104122156714e+02 1.446079113872009714e+01
9.432348225846426431e+02 1.468936603698355547e+01
1.069115218794997190e+03 1.467523088126827702e+01
1.211795115798436655e+03 1.478019655131479659e+01
1.373516508658475232e+03 1.511196197193700463e+01
1.556820600250022380e+03 1.517389811466344085e+01
1.764587732352832973e+03 1.525146818601241172e+01
2.000082645791075947e+03 1.527973102740429745e+01
2.267005780812463854e+03 1.537718691493312306e+01
2.569551423813498786e+03 1.537356373142085886e+01
2.912473614097136306e+03 1.575952267165553877e+01
3.301160846286181823e+03 1.591929259877740677e+01
3.741720742225906179e+03 1.609402393389058616e+01
4.241076022864554943e+03 1.623305071630953123e+01
4.807073288162207973e+03 1.646202478032076755e+01
5.448606314336896503e+03 1.652844582597441558e+01
6.175755805874483485e+03 1.661936903003373800e+01
6.999947798290153514e+03 1.692316797601836598e+01
7.934133200697190659e+03 1.716938503768229651e+01
8.992991299418272320e+03 1.726994086899179948e+01
1.019316042038545311e+04 1.740464811019161218e+01
1.155349937483354734e+04 1.756152342245182751e+01
1.309538379650376555e+04 1.770146470649847004e+01
1.484304202684080883e+04 1.793064235561318398e+01
1.682393582610255908e+04 1.830285106839150799e+01
1.906919189267163893e+04 1.855206902128319157e+01
2.161409097123103129e+04 1.877986930056253101e+01
2.449862223538615217e+04 1.898830872445560658e+01
2.776811165600333334e+04 1.916376794395428718e+01
3.147393422910643858e+04 1.947165390496475723e+01
3.567432125489717146e+04 1.968929263596989898e+01
4.043527535304694902e+04 1.991825917183906469e+01
4.583160759231769771e+04 2.027930484436276259e+01
5.194811303140812379e+04 2.052105524332224462e+01
5.888090314284099441e+04 2.096271481241127077e+01
6.673891605688311392e+04 2.122805108728405088e+01
7.564562835665738385e+04 2.150218106027433862e+01
8.574099532267371251e+04 2.180969802656956347e+01
9.718365011473614140e+04 2.222571069653525910e+01
1.101533964479867864e+05 2.260565034398677753e+01
1.248540339316548780e+05 2.298045009771752234e+01
1.415165604663635022e+05 2.321664621396973160e+01
1.604028020207394147e+05 2.390563104715712939e+01
1.818095268236819247e+05 2.443683145059534922e+01
2.060731086204922176e+05 2.495402207026487673e+01
2.335748122687576688e+05 2.558179626549674168e+01
2.647467847290003556e+05 2.606646546172957102e+01
3.000788455892889178e+05 2.720587205656737950e+01
3.401261838264602702e+05 2.849805703891633257e+01
3.855180817467140732e+05 2.965966943838335723e+01
4.369678031888815458e+05 3.061969032337403362e+01
