1.065898003408335265e-03 6.823350985568779947e+00 6.643738626882587539e+01
1.206379103931415602e-03 6.823229190104161290e+00 5.869453518358488253e+01
1.365375052536649345e-03 6.823072888236585420e+00 5.185248739293532338e+01
1.545326032268081514e-03 6.822872199625881429e+00 4.580623106334667938e+01
1.748993832550864089e-03 6.822614347158876491e+00 4.046296598076174433e+01
1.979504235628052212e-03 6.822282763484811774e+00 3.574067848386835067e+01
2.240394989360515107e-03 6.821855892984880931e+00 3.156688154648115585e+01
2.535670102650308243e-03 6.821305566417912303e+00 2.787750046908129065e+01
2.869861296784035742e-03 6.820594763801600457e+00 2.461588675918533298e+01
3.248097555817883175e-03 6.819674480299673824e+00 2.173194455655078983e+01
3.676183843425669985e-03 6.818479240221882343e+00 1.918135536393198137e+01
4.160690194313133167e-03 6.816920506994113893e+00 1.692488778235985691e+01
4.709052547524881366e-03 6.814876694442602023e+00 1.492777920935510494e+01
5.329686869178533112e-03 6.812177443756342932e+00 1.315917554491105079e+01
6.032118316119506815e-03 6.808577712539886306e+00 1.159161170948398123e+01
6.827127422829756126e-03 6.803712593114083163e+00 1.020050731006598177e+01
7.726915555187304982e-03 6.797012711695415099e+00 8.963630109435865023e+00
8.745292170370608242e-03 6.787530371792400707e+00 7.860420159525287609e+00
9.897886756870546976e-03 6.773533526371416258e+00 6.870877715865089996e+00
1.120238870734969160e-02 6.751359102626333986e+00 5.972967360258400582e+00
1.267881880578654481e-02 6.710935246089708706e+00 5.133180195332796458e+00
1.434983649554131754e-02 6.595553632367043839e+00 4.221870248191710751e+00
1.624108764412578870e-02 6.693076373042047500e+00 3.866951856179509761e+00
1.838159814198113418e-02 6.875447221659963581e+00 3.553189806108655979e+00
2.080421937600297755e-02 6.899694555783908001e+00 3.368974670937510574e+00
2.354613241469817597e-02 6.604457474768682168e+00 2.642649516098553253e+00
2.664941864293197266e-02 7.332533348004994345e+00 2.623116000672103265e+00
3.016170560405614237e-02 7.164139855695220049e+00 2.461602263769977927e+00
3.413689796145073785e-02 7.217614314984388102e+00 2.372361754386600907e+00
3.863600479787808462e-02 7.600192910685740877e+00 2.362354336317228576e+00
4.372807594958814242e-02 7.720002698370743488e+00 2.112500031386594923e+00
4.949126174551994606e-02 7.305444339715937652e+00 2.028446286142890909e+00
5.601401241589811647e-02 7.419280378260546094e+00 1.820539945818970828e+00
6.339643557809289398e-02 7.020015488764605571e+00 1.635093504298320566e+00
7.175183263369583342e-02 6.718923420819407966e+00 1.429330745188863938e+00
8.120843765659502278e-02 6.768291632064448393e+00 1.321921086353732067e+00
9.191138545955476746e-02 6.974926194689199832e+00 1.348780188374997024e+00
1.040249390441119193e-01 6.414512372161217613e+00 1.212106665644253400e+00
1.177350106194734458e-01 6.516922221338253607e+00 1.162939295106227400e+00
1.332520148816383476e-01 6.484070236045172742e+00 1.041577830214889477e+00
1.508140983433138294e-01 6.558558565684768027e+00 1.020936839905387750e+00
1.706907942766192621e-01 6.346791498966068978e+00 9.484525317640944975e-01
1.931871593626434680e-01 6.423317899428056421e+00 9.138466685290985714e-01
2.186484555348956194e-01 6.220111380229558229e+00 8.591648225511226977e-01
2.474654488710271993e-01 6.108727702108192936e+00 8.614474334228390262e-01
2.800804068573235495e-01 6.370939781040749317e+00 8.481808905670656928e-01
3.169938860687072091e-01 6.040259176301922217e+00 7.736005254359394900e-01
3.587724144378613977e-01 5.986805535669798672e+00 7.317026568515174745e-01
4.060571860167471181e-01 5.941287854907652211e+00 7.047379471957924135e-01
4.595739016729684101e-01 6.049121577460470967e+00 6.695069938866243797e-01
5.201439067506228309e-01 5.994182640621426472e+00 6.390275321950029674e-01
5.886967966303775501e-01 5.834430833433700947e+00 5.961043892316902904e-01
6.662846836520268656e-01 5.791156225732754237e+00 5.724207201402614631e-01
7.540983443604729608e-01 5.921158378128244415e+00 5.663400938275526819e-01
8.534854948942461883e-01 5.883263905290345264e+00 5.633551183369124304e-01
9.659714749972576620e-01 5.754837722696463764e+00 5.278444713406073019e-01
1.093282658100705351e+00 5.548770141138270162e+00 5.207860982416706586e-01
1.237372946760293857e+00 5.350352390890715348e+00 4.962095561971411883e-01
1.400453760086277200e+00 5.150190544451658248e+00 4.737800256030099688e-01
1.585027973397040046e+00 5.150155484561560471e+00 4.596041131212910136e-01
1.793928330983489694e+00 5.027195084260847935e+00 4.431208480818718543e-01
2.030360921522408102e+00 4.934726108920357568e+00 4.260806273791821197e-01
2.297954383375676812e+00 4.706510133436454524e+00 4.173968573198462151e-01
2.600815594951455090e+00 4.620553983098056428e+00 4.109290501462959377e-01
2.943592704832580509e+00 4.592608771147307145e+00 4.314945875549918153e-01
3.331546469024196711e+00 4.514030739693312810e+00 4.434850241011468741e-01
3.770630990165764196e+00 4.471529084733063542e+00 4.538236878258814500e-01
4.267585097848800579e+00 4.289704500080223859e+00 4.385914303766305089e-01
4.830035772495602231e+00 4.098247451758669335e+00 4.262628318463735910e-01
5.466615200092195259e+00 3.806030443961937682e+00 4.213701203824412045e-01
6.187093254267661102e+00 3.580695008797910361e+00 3.833602937092953633e-01
7.002527438982497188e+00 3.490735653820806750e+00 4.347880189873989387e-01
7.925432593064556386e+00 3.114504758285168595e+00 4.547121024576976644e-01
8.969972961125154853e+00 2.861227224843326145e+00 4.611455444143676696e-01
1.015217957865495713e+01 2.770900023144733382e+00 4.872940942004182485e-01
1.149019630760743560e+01 2.443729819357206789e+00 4.955848198091388768e-01
1.300455829848974787e+01 2.126447859339693824e+00 5.117998915760993972e-01
1.471850715264529086e+01 1.585542151219284879e+00 4.551745121542415395e-01
1.665834762166654315e+01 1.837162927797907797e+00 9.673003103496667920e-01
1.885385131836617489e+01 1.618078021487024953e+00 1.236990821936738927e+00
