21.992825013293647 12.861584353761742
24.906489176254244 12.861134274281968
28.206162815004763 12.860554403737845
31.94298542506214 12.859806318746708
36.174871589514375 12.858839544702805
40.96740855947429 12.857587303916114
46.3948727482247 12.855960422902916
52.54138089303602 12.853838345566206
59.502193725765196 12.851055388471808
67.3851923569782 12.847378740345443
76.31255025511344 12.842471154567582
86.42262673360376 12.835822794334273
97.87211129188204 12.82661376803096
110.83845204401726 12.813395640097697
125.52260587161666 12.793177392082097
142.1521529238252 12.75740715337152
160.98482373403212 12.682102506761693
182.31249361777174 12.673398982117021
206.46570625839422 12.851035521377943
233.81879658861834 12.832302911284028
264.795692364174 12.801538990748417
299.8764843443531 12.739924975890396
339.6048669064214 12.872110697353119
384.59656441113674 12.939899424772213
435.54887391412933 12.92224797631534
493.251472119424 12.981665985345508
558.598654065046 13.029357533930794
632.6031932201367 12.877399331053372
716.4120378022142 12.972528907637953
811.3240865815843 13.033773597956937
918.8103196685395 13.309927764496296
1040.536596277316 13.451045331568075
1178.3894727945276 13.594529595555796
1334.5054412895297 13.65709030600546
1511.3040416153594 13.983710072609176
1711.5253602831751 14.120523442805943
1938.272497280856 14.323218413754995
2195.059659001359 14.508506925616546
2485.8666226418595 14.672033267034758
2815.200416181954 14.753878765756715
3188.16516987881 14.903417777829462
3610.541221862135 15.095340110653707
4088.8747038351335 15.119774955538984
4630.578995311984 15.319380924371375
5244.049618765012 15.636638333764743
5938.794356366804 15.945177752794743
6725.580604921927 16.03870865819011
7616.602252746568 16.2071240360731
8625.668664812252 16.690219478244472
9768.418705111497 16.929356334665286
11062.563113238848 17.064842973780006
12528.158991624221 17.364473072280735
14187.920657517703 17.68256620799468
16067.571677418522 17.839973038968804
18196.24353990081 18.003984151216887
20606.927145607016 18.181155194382008
23336.984111758597 18.481060188596544
26428.72581556024 18.587281446178423
29930.069150714487 18.84120587671395
33895.27916019062 19.109681990863372
38385.81005483 19.41514000968747
43471.25765218808 19.770915390487495
49230.437996843495 20.06746785170187
55752.60887900862 20.289252400608984
63138.85318296391 20.62854898201807
71503.6455049341 20.903618515112974
80976.6263203971 21.104609811410164
91704.61119749128 21.44641638178993
103853.86619601274 22.0542253330703
117612.68471693131 22.440265311097374
133194.30573934066 22.923801263180895
150840.21867269758 23.407045985310486
170823.90604410728 23.915411406354426
193455.0820261292 24.4129900449769
219084.49249529018 24.809463536077782
248109.35101428846 25.889636402613366
280979.4949866423 26.40811112043758
318204.3573940182 27.375322491403484
360360.86216666293 29.2983439271442
408102.36555215006 32.596046809988