21.97700871370487 11.550700860839907
24.854873767788327 11.54603725071554
28.109592076898714 11.53967571593718
31.79051215917549 11.53074119791479
35.9534446667853 11.51754955130425
40.6615085952462 11.49606119416651
45.98608830292956 11.450749278487988
52.00791585121042 11.370214718924691
58.81829507586697 11.58297976158039
66.52048594927956 11.555921880187501
75.23127022333325 11.518572478482128
85.08272209153166 11.515493360751144
96.22421071736183 11.517497789387468
108.82466499154025 11.448309262302926
123.07513485672223 11.32972939638038
139.19168803485758 11.135995146348494
157.41868607779892 11.14759289384264
178.03248941312373 11.846966529945279
201.34564756162126 11.751890361129599
227.71163805913844 12.129427163155505
257.5302259350141 12.207729488964327
291.25352500830525 12.463474373511277
329.39285290406804 12.486525832216962
372.5264837264615 12.706899046835014
421.30841593584455 12.741493329921024
476.4782883697088 13.026607236260345
538.8725947556175 13.28361106029492
609.4373667522445 13.280830678107446
689.2425178206522 13.180486584452368
779.4980654096927 13.687383372186426
881.572477418698 13.8543517319877
997.0134211092263 13.852407395283317
1127.5712290639165 14.058974124803191
1275.2254379867804 14.140536650844709
1442.2148027301203 14.670641224924902
1631.0712406251748 14.681176790957426
1844.6582207854258 14.987606691052926
2086.2141804468347 14.91776396032181
2359.401626629959 14.881105386971752
2668.3626676105614 15.159589373264959
3017.7818161750615 15.566251168498821
3412.9570168930236 15.726352599540139
3859.8799743326476 15.936235732957194
4365.327000167487 16.24865284456699
4936.961756611607 16.51894538284097
5583.451453994263 16.665775952219295
6314.598264278834 16.838569119874983
7141.487943037148 16.92266659600465
8076.657913307421 17.080169410017216
9134.287359848036 17.263924372553056
10330.412216024215 17.485577635393824
11683.168302990394 17.582882470605668
13213.066307680385 17.68875053723351
14943.302768862122 17.950257070204156
16900.111786473288 18.219293924763328
19113.16278690657 18.519133720605147
21616.010375220336 18.748211741191792
24446.603095000213 18.88765727358291
27647.85880976346 19.142792088690097
31268.31542992367 19.452786451137634
35362.866851733896 19.5928301068556
39993.595266622666 19.86954778924241
45230.712460519804 20.127639099390247
51153.62437529074 20.50793247422959
57852.13507331667 20.560539771526294
65427.80835990868 20.825473926157382
73995.50770867546 21.170830435132977
83685.13783841942 21.708964916059994
94643.61434760696 21.93635229720139
107037.09127030017 22.238336158159008
121053.48032808145 22.310069811912584
136905.3000752392 23.092574102918828
154832.8981363732 23.73508249965019
175108.09539246128 24.08136227924497
198038.30736907214 24.634371135569488
223971.20531581965 25.27366522186054
253299.98764903145 26.474351971515002
286469.34168402065 27.805338169046575
323982.1860496248 29.382442779272107
366407.29601449217 32.19460722282899