21.97752227804036 11.638667656487243
24.856548987735255 11.637005372892958
28.11272443559428 11.634856516985426
31.79545461365626 11.6320658067712
35.9606176343792 11.628408575239293
40.67141156996085 11.623477515131961
45.9993133575027 11.616780869952075
52.02516331949778 11.611240312022572
58.84039175508595 11.600862131679843
66.54840621316109 11.58691123711701
75.26616049644335 11.56778919948597
85.12592920303504 11.54074416309212
96.27731473060268 11.500065836194327
108.88951719548508 11.431807047527212
123.15390170823905 11.342598284913128
139.28690195892858 11.119945028590616
157.53330416829385 11.357531940615392
178.16996123223328 11.67798996003946
201.5099934143617 11.523965358794142
227.90753932380545 11.922009232478262
257.7631292648833 12.100463069285075
291.52976248857664 11.980723677991657
329.71978055600295 12.014492566206394
372.91264110352574 12.440687448426795
421.76370996094056 12.587398568046833
477.0142050256569 12.49531377391857
539.5024427714089 13.018895868500962
610.1765580349166 13.229929630475107
690.1088900779835 13.144883311140008
780.5122532049382 13.139324793598531
882.7583388097046 12.83322487826385
998.398528067001 13.668108187431164
1129.1874310589023 14.369176151974031
1277.1095094962277 14.646675697783333
1444.4091869816575 14.650643814834304
1633.624903677984 14.696800829621425
1847.62763209342 14.807617984716575
2089.6644383844714 15.182373695784868
2363.4077501325746 15.224758677181411
2673.0110781351304 15.149276325636118
3023.172037678364 15.384242241583351
3419.2036255146077 15.58287228672139
3867.1148340305103 15.591387476695276
4373.7018257659565 15.651465180395187
4946.65105167589 16.048957458126964
5594.655877749721 16.383789089245752
6327.548489565527 16.628627892714018
7156.449076168555 16.844715638613216
8093.934556842936 17.021023653725237
9154.229410870092 17.09701428107775
10353.421505736194 17.305866176962176
11709.706198552896 17.3821950248649
13243.662414445294 17.55559801551234
14978.564890848123 17.88751064250149
16940.737325396796 18.065778893986483
19159.951785730926 18.397837048324632
21669.88044146037 18.682005594853756
24508.60647242869 18.98577099379749
27719.201905291808 19.173440302465632
31350.381145933534 19.441292448615528
35457.24012377395 19.780705245927617
40102.09226301672 20.058815228460524
45355.41396503749 20.206825896763213
51296.9139477305 20.42431126512424
58016.74266691244 20.71243170857054
65616.8601703506 20.956898063200946
74212.58313888169 21.31614828657203
83934.3345878965 21.63232327912747
94929.62277743345 21.92126477951736
107365.27935690948 22.176408135808067
121429.99070388661 22.41798678736566
137337.160864911 22.965962435853108
155328.1495378616 23.555591899542605
175675.93422575685 23.710988468924352
198689.2521279265 24.52695902871178
224717.28461351633 24.915221884253192
254154.95535490237 26.468514516131858
287448.92250966217 27.977061511939617
325104.35587055725 29.25989531739996
367692.60181330895 31.708438647739456