1.064789680969336922e-03 4.926721431883807512e+00 2.548693494509680235e+01
1.202764448428228624e-03 4.924818932859838405e+00 2.253554882563541995e+01
1.358617898218080324e-03 4.922349887708048044e+00 1.991868653558175239e+01
1.534666738587642503e-03 4.919129542677081801e+00 1.759722449329828819e+01
1.733527875362335900e-03 4.914901538264880188e+00 1.553631007449820700e+01
1.958157311354692329e-03 4.909301679261562690e+00 1.370476944208813208e+01
2.211894086335584354e-03 4.901796513558632107e+00 1.207451360797185558e+01
2.498509910718876501e-03 4.891572672628377028e+00 1.061987788344020878e+01
2.822265230747282409e-03 4.877321600048095007e+00 9.316754159535054924e+00
3.187972558569221546e-03 4.856776388670465572e+00 8.141160103758423361e+00
3.601068008586625138e-03 4.825565231244559605e+00 7.066166243900926958e+00
4.067692103437051815e-03 4.773693474793097025e+00 6.052970688089502005e+00
4.594781050763410007e-03 4.669466691018254068e+00 5.010362607636785093e+00
5.190169847569245376e-03 4.334125507662965227e+00 3.497238999204069998e+00
5.862708744770616168e-03 5.380962470518605656e+00 5.768469438016513351e+00
6.622394803150280854e-03 5.379984863145823581e+00 5.075679648070136274e+00
7.480520496248484197e-03 5.378203070588724266e+00 4.454530592786654530e+00
8.449841569121541163e-03 5.374449615624006249e+00 3.892009205742650302e+00
9.544766648131199419e-03 5.364255154139999426e+00 3.368879448822870160e+00
1.078157142024957840e-02 5.309416149193284973e+00 2.816708591086958258e+00
1.217864056558176991e-02 5.579969104528543333e+00 2.533060572028416058e+00
1.375674103935031062e-02 5.498777392278773490e+00 2.429225966366503897e+00
1.553933076558489980e-02 5.357894712894826661e+00 2.253598308216878898e+00
1.755290733114340737e-02 5.416825598783777451e+00 1.887480337852464496e+00
1.982740186328165594e-02 5.348203326257152668e+00 1.667058217584425517e+00
2.239662394562737940e-02 5.149153688161956843e+00 1.413408124870130234e+00
2.529876418608220656e-02 4.996562083738714577e+00 1.279776372920454985e+00
2.857696190715172668e-02 5.193262621497941822e+00 1.246759510175033947e+00
3.227994639722625569e-02 5.400638048803372726e+00 1.143664345614863631e+00
3.646276125479344654e-02 5.555388319597155622e+00 1.157890906203482340e+00
4.118758259271179667e-02 5.646954685250506145e+00 1.007002127372463196e+00
4.652464326487185109e-02 5.634810005827531221e+00 9.850344435703349832e-01
5.255327685355840051e-02 5.695280194538950624e+00 9.760279743077530101e-01
5.936309693602901533e-02 5.802398764180439095e+00 1.036335795613959831e+00
6.705532915970333074e-02 5.420343009092589703e+00 8.543967971398781502e-01
7.574431592680547221e-02 5.439178607304352653e+00 8.965266663746308540e-01
8.555921605508229333e-02 5.399229578728782286e+00 8.159061327314064416e-01
9.664592467947305532e-02 5.464130790045102160e+00 8.119948710958205806e-01
1.091692419334123754e-01 5.507670479596792568e+00 7.628132902408558680e-01
1.233153226464727414e-01 5.481058929528892065e+00 7.335809597124597348e-01
1.392944434722644120e-01 5.656755977850994377e+00 7.293940059901964368e-01
1.573441285790032063e-01 5.702497590270047212e+00 7.278566488116183786e-01
1.777326803650672304e-01 5.598077053819227267e+00 7.222312494888464274e-01
2.007631676824229161e-01 5.529100783384187423e+00 6.901774169557086669e-01
2.267779308514984438e-01 5.509964876047049209e+00 6.586884042841369968e-01
2.561636704330084724e-01 5.489386604979747730e+00 6.356193119676145642e-01
2.893571953995866530e-01 5.347794766434086355e+00 6.142899039582248033e-01
3.268519161518294580e-01 5.263166761536679061e+00 5.774171877327415325e-01
3.692051788952165348e-01 5.096385887934610004e+00 5.527553499843694818e-01
4.170465504009128743e-01 5.201938385505219919e+00 5.453986694400981827e-01
4.710871763005884949e-01 5.196146050607001854e+00 5.476424663328923748e-01
5.321303520231106532e-01 5.308454443790814103e+00 5.391538946880521932e-01
6.010834635064675746e-01 5.236740991188726824e+00 5.165668763594288837e-01
6.789714751795239422e-01 5.038128749408875784e+00 5.015795277936462293e-01
7.669521657078472998e-01 4.947751031603530691e+00 4.780348709256742601e-01
8.663333379777548027e-01 4.739122791310750316e+00 4.604651846979000429e-01
9.785922591391138514e-01 4.793259730079488357e+00 4.631690208131043485e-01
1.105397619676486531e+00 4.814703194749773374e+00 4.397687589373339145e-01
1.248634337922695181e+00 4.869866320781052416e+00 4.342031577579930635e-01
1.410431578725436896e+00 4.638372242383556276e+00 4.184209225970488277e-01
1.593194402754836370e+00 4.484749268398904753e+00 4.036177872422827551e-01
1.799639516908075887e+00 4.558474435646461487e+00 4.072679089057854585e-01
2.032835657228648785e+00 4.373784125908874110e+00 4.050690238626304951e-01
2.296249204618523443e+00 4.198257493989218325e+00 4.023213873404334340e-01
2.593795711405179283e+00 4.169687118155368744e+00 3.992830220033052879e-01
2.929898104688333227e+00 3.994107092846749474e+00 3.784038497308786497e-01
3.309552431639179559e+00 3.926682829282676757e+00 3.656503895417121397e-01
3.738402124033573415e+00 3.795377587499924044e+00 3.709807318076748239e-01
4.222821885936029140e+00 3.703254933038771401e+00 3.812401848589359599e-01
4.770012451496288719e+00 3.428896247514061635e+00 3.660559967381606938e-01
5.388107621400710201e+00 3.324093999198101557e+00 3.848172653063355875e-01
6.086295169038724140e+00 3.384778267253200745e+00 4.327169777964704478e-01
6.874953413613196673e+00 2.869862646603780654e+00 3.947596487646480856e-01
7.765805490307307934e+00 2.894100432901815179e+00 4.115631372592518655e-01
8.772093610681185538e+00 2.661821410021400602e+00 4.492969916960055099e-01
9.908775903619570613e+00 2.395307325284086630e+00 4.465292871801368468e-01
1.119274876280390352e+01 2.040502176200731821e+00 4.480697490262193772e-01
1.264309800582793031e+01 1.816011064577631062e+00 5.636357813123873406e-01
1.428138257835124847e+01 1.266815179212720244e+00 5.180119095307286203e-01
1.613195502045610041e+01 1.000083905475941393e+00 4.940482022770587567e-01