1.063994039438507979e-03 5.823801946776375971e+00 2.904718959132447509e+01
1.200172592482838833e-03 5.823234009465317662e+00 2.573638016348999003e+01
1.353780376915565339e-03 5.822503304835103144e+00 2.279922821340708339e+01
1.527048126578391032e-03 5.821560261916809864e+00 2.019303710674837049e+01
1.722492082651906967e-03 5.820338301452856911e+00 1.787989629812350145e+01
1.942950535191395687e-03 5.818746728558972237e+00 1.582612043998228124e+01
2.191625041543612731e-03 5.816659791672870838e+00 1.400174387413475152e+01
2.472126920229540410e-03 5.813899219261591256e+00 1.238005904014442393e+01
2.788529695489873686e-03 5.810205135544801891e+00 1.093718441209425940e+01
3.145428254107133365e-03 5.805185098384026077e+00 9.651640504574269031e+00
3.548005573595794035e-03 5.798219072350047298e+00 8.503895514009148116e+00
4.002107990805267232e-03 5.788267703218108018e+00 7.475798689506119921e+00
4.514330104006787983e-03 5.773442811769810667e+00 6.549694433208869349e+00
5.092110541435296289e-03 5.749891282225738642e+00 5.706580657163639714e+00
5.743839987063003097e-03 5.708132115041550492e+00 4.920730819241006415e+00
6.478983032384181065e-03 5.614104133058689605e+00 4.133357416555347719e+00
7.308215623775816440e-03 5.341045622589099651e+00 3.185026571443522414e+00
8.243580101481877073e-03 5.999925765435045300e+00 3.418927919189417519e+00
9.298660081739339514e-03 6.210556995509941558e+00 3.414424541597817608e+00
1.048877772173155767e-02 6.292757752214964029e+00 2.966329201738554300e+00
1.183121623210402901e-02 6.585998860621777418e+00 2.705136939465595525e+00
1.334547086842959723e-02 7.296935987564597603e+00 2.965300365602583810e+00
1.505353204658908817e-02 5.425765987478864183e+00 2.292820275501116445e+00
1.698020469354562245e-02 5.506579798975959505e+00 2.362113430942798686e+00
1.915346847121101453e-02 5.404480489925907349e+00 1.893652981741405172e+00
2.160488410467281337e-02 5.837605541598564152e+00 1.822090215243839406e+00
2.437005171559047251e-02 5.556860859596794988e+00 1.771330518025227008e+00
2.748912781680243334e-02 5.743738960465243792e+00 1.785063541272836840e+00
3.100740847607972098e-02 5.328181435920581244e+00 1.497287699084023815e+00
3.497598711788807435e-02 5.212869283878531768e+00 1.297847762971035213e+00
3.945249651593384782e-02 5.300706400874600099e+00 1.223472890572502969e+00
4.450194575191039614e-02 5.466332265257390688e+00 1.254950054111034996e+00
5.019766429498659366e-02 5.933703670250208617e+00 1.308444412444322413e+00
5.662236691221531060e-02 5.911940748867478668e+00 1.095636312136512913e+00
6.386935487477927997e-02 5.892355094333322718e+00 1.088206620664086133e+00
7.204387090431668694e-02 6.020685041855049491e+00 1.121251947652214254e+00
8.126462753622393231e-02 5.454002707964607843e+00 9.786801067867237913e-01
9.166553109524151755e-02 5.380459541910405541e+00 9.330280574753667677e-01
1.033976263193628897e-01 5.607265121731225044e+00 8.866249806793271571e-01
1.166312898724217451e-01 5.532901070752560990e+00 9.039705387046700347e-01
1.315587046001413796e-01 5.656773239745210624e+00 8.750111407169040012e-01
1.483966504614623316e-01 5.780195091538624652e+00 8.663206619452451518e-01
1.673896526658089634e-01 5.590633412348643638e+00 8.040734944861062106e-01
1.888135327343969383e-01 5.452704471940429620e+00 7.819641809045747571e-01
2.129794140550551051e-01 5.223611792329153403e+00 7.187130826617147417e-01
2.402382401003141377e-01 5.409939318603322889e+00 6.996305364416219863e-01
2.709858709235486995e-01 5.510779497796360005e+00 6.935183788822395501e-01
3.056688319458687464e-01 5.173936543374297869e+00 6.719497523353713531e-01
3.447907985192019686e-01 4.856368834833709514e+00 6.381906385907036849e-01
3.889199104361469317e-01 4.738303806077493796e+00 5.784837455064246736e-01
4.386970226098905190e-01 4.896782758816748959e+00 5.690236036928068009e-01
4.948450117427973249e-01 4.799877727532806837e+00 5.203059738765050124e-01
5.581792741376327971e-01 4.835363389026632319e+00 4.979907193820304889e-01
6.296195671034759966e-01 4.686957669644560731e+00 4.978202204109293816e-01
7.102033659204283200e-01 4.509336389775772780e+00 4.626252107645340006e-01
8.011009303365744794e-01 4.620239400761599668e+00 4.804147508984333848e-01
9.036322993969430062e-01 4.478639920294019028e+00 4.542406929181882491e-01
1.019286461407978184e+00 4.305947702410278133e+00 4.240897237797794928e-01
1.149742977428937163e+00 4.293761240293545001e+00 4.252028793923392502e-01
1.296896372312408063e+00 4.206225226763113056e+00 4.066154261508947432e-01
1.462883647507245310e+00 4.172401796237929616e+00 4.072838883018345402e-01
1.650115315172299590e+00 4.177680022343308153e+00 4.065791972716006342e-01
1.861310404286744102e+00 4.094387282186778165e+00 3.989158653829185663e-01
2.099535947125206636e+00 4.131976027076453839e+00 3.969436075024363464e-01
2.368251519530998550e+00 3.969077800722635274e+00 3.868427001077613392e-01
2.671359481813344594e+00 3.962302855629450171e+00 3.904930823732200018e-01
3.013261649880536019e+00 3.790214906708558651e+00 3.773047433379460025e-01
3.398923219602533852e+00 3.753024929615614180e+00 3.788625025038205862e-01
3.833944872729946329e+00 3.558038967096176286e+00 3.690678686618767412e-01
4.324644111511039668e+00 3.256754718484303979e+00 3.617794074327128073e-01
4.878147003170138163e+00 3.281645443296752340e+00 3.807821329944566235e-01
5.502491666585557439e+00 3.088041379144613074e+00 3.733357792869848035e-01
6.206745004028633161e+00 2.873515727059405833e+00 3.588099474611451400e-01
7.001134373173775849e+00 2.691478414814670206e+00 3.671733871248919479e-01
7.897196111556128884e+00 2.535184329473920251e+00 3.632021356804900902e-01
8.907943070389244156e+00 2.427254856661178906e+00 4.373452993858968352e-01
1.004805359071419701e+01 2.398589590829354190e+00 4.743866272717490173e-01
1.133408466624301170e+01 2.032734320476353940e+00 6.344249496862351956e-01
1.278471238850490010e+01 1.729354085590310897e+00 6.508461262458632435e-01
1.442100316610483013e+01 1.639090046287956737e+00 1.109244443556276716e+00