1.064887127410594049e-03 5.949864039651528103e+00 2.846341731267206043e+01
1.203082060838979320e-03 5.949771174671725227e+00 2.518059554196412364e+01
1.359211138773097757e-03 5.949653667490994557e+00 2.227301802343427894e+01
1.535601751452035733e-03 5.949505434097336121e+00 1.969728597342588117e+01
1.734883324448834550e-03 5.949319263736262187e+00 1.741491940377420633e+01
1.960026515080888661e-03 5.949086978142555715e+00 1.539176808806836760e+01
2.214387495505281724e-03 5.948800093702818259e+00 1.359747713358232524e+01
2.501757982619836479e-03 5.948451655163185414e+00 1.200499125190583527e+01
2.826421760557284654e-03 5.948040835391488201e+00 1.059007420373716180e+01
3.193218538343996389e-03 5.947584365593173494e+00 9.330800762138164117e+00
3.607616094638793451e-03 5.947146169578810593e+00 8.206927116226149010e+00
4.075791785001469693e-03 5.946921488831956815e+00 7.198888128825521093e+00
4.604724626706354490e-03 5.947515897058917922e+00 6.285577107428479415e+00
5.202299333793947850e-03 5.951164948486404427e+00 5.436916301337822333e+00
5.877423853193823426e-03 5.972073300297658704e+00 4.560253473530240242e+00
6.640162154010326861e-03 5.929870658527589988e+00 3.991114079902837286e+00
7.501884249438871798e-03 5.629263846333073751e+00 3.502793123560753674e+00
8.475435687664609197e-03 5.971526827579495489e+00 4.029941062654387451e+00
9.575329038316190977e-03 5.958615447789650688e+00 3.517678508425672756e+00
1.081796022893136491e-02 5.934947403056098914e+00 3.040657326704755192e+00
1.222185295632617977e-02 5.856225486981591288e+00 2.508134978525895953e+00
1.380793481626754748e-02 5.971460392926879912e+00 2.394304152690676091e+00
1.559984926766821295e-02 5.923714920943035978e+00 2.041776374848224940e+00
1.762430808170271229e-02 5.800010544410809210e+00 1.711813330521425147e+00
1.991148952974472475e-02 6.005739507723881765e+00 1.580912932119019843e+00
2.249548824584723938e-02 6.393836390828949945e+00 1.498428826344662346e+00
2.541482346979087245e-02 6.504386067929099013e+00 1.459248033025135838e+00
2.871301324699503110e-02 6.269684330242177417e+00 1.351209236248141599e+00
3.243922314479470714e-02 6.228105093066365505e+00 1.313814931670493902e+00
3.664899915538868957e-02 6.295289340746623274e+00 1.203910856316041444e+00
4.140509571072162331e-02 6.515355577303944656e+00 1.179763939380426896e+00
4.677841115238050296e-02 6.104309631059616770e+00 1.058781616569688611e+00
5.284904460139983051e-02 6.086909103150987654e+00 1.005595363356514227e+00
5.970748998255824558e-02 6.225514072563568035e+00 1.000797738062741082e+00
6.745598500228831840e-02 6.159949455860727063e+00 9.911920858556053648e-01
7.621003518918953445e-02 6.246615380719135580e+00 8.846010451339237912e-01
8.610013571576312363e-02 6.267988537506147928e+00 8.783466196508172841e-01
9.727371666827949737e-02 5.875506411105684279e+00 8.013803517617258398e-01
1.098973407625928878e-01 5.722267228377603487e+00 7.835203431341070113e-01
1.241591862668885438e-01 5.670398329247197111e+00 7.513814060929638883e-01
1.402718521438790777e-01 5.682743317861359778e+00 7.315870789910594585e-01
1.584755272282388494e-01 5.538849240180070410e+00 6.979867837737299130e-01
1.790415706816785302e-01 5.731961010235027132e+00 7.258369135143583062e-01
2.022765570989085160e-01 5.527302835197745345e+00 6.657806172726695726e-01
2.285268465642148750e-01 5.631538019772522219e+00 6.599695074706080078e-01
2.581837477837219397e-01 5.547316748691830668e+00 6.448532473417026845e-01
2.916893512592961812e-01 5.642271573406570262e+00 6.527010995677670069e-01
3.295431194582471024e-01 5.581532235016513965e+00 6.071535987999209238e-01
3.723093322173908204e-01 5.507038938818308083e+00 5.926279800869695968e-01
4.206254983688768601e-01 5.477742403125288817e+00 5.689166973521307957e-01
4.752118589784889435e-01 5.420367061177073786e+00 5.428914527425100500e-01
5.368821238596140910e-01 5.364100546997703667e+00 5.295346493206113392e-01
6.065556014103121729e-01 5.144072871266176072e+00 5.076588647451436564e-01
6.852709025909533569e-01 5.342068872819349501e+00 5.285733304590573001e-01
7.742014233253377009e-01 5.377626889333409821e+00 5.326219411214816457e-01
8.746728361188864653e-01 5.433866877044805754e+00 5.127872444200635149e-01
9.881828516385500194e-01 5.083606759128476149e+00 4.766912220326724459e-01
1.116423544837019444e+00 5.086245516823852952e+00 4.687099288168959932e-01
1.261306578433073478e+00 5.137729146622482368e+00 4.529642015154479728e-01
1.424991699750288721e+00 4.974393621015580358e+00 4.333423624216465875e-01
1.609918935711760479e+00 4.773463028747118919e+00 4.188476721934044078e-01
1.818844965916275314e+00 4.773603174075840450e+00 4.291282016624426987e-01
2.054884216003329822e+00 4.629005621590040143e+00 4.169592030220810597e-01
2.321555283878983467e+00 4.528347290705210249e+00 4.177112636498446774e-01
2.622833390870569659e+00 4.360191932350275579e+00 3.996678204203766294e-01
2.963209639690927766e+00 4.058172510890783791e+00 4.048063303016958270e-01
3.347757962560780509e+00 4.074870372850771361e+00 4.035431069978122620e-01
3.782210757473806417e+00 3.955668605471935884e+00 3.962312495651944544e-01
4.273044340101650462e+00 3.868355455003086085e+00 4.350982945843359651e-01
4.827575485156240021e+00 3.886403214372897263e+00 4.538128595707279778e-01
5.454070496335429397e+00 3.661312572133051724e+00 4.473187674557823623e-01
6.161868430739586344e+00 3.509510570005833330e+00 4.685350133628700120e-01
6.961520314645018637e+00 3.304601773200830817e+00 4.503201919148926979e-01
7.864946425900638971e+00 2.854039353197499462e+00 4.443010030812992728e-01
8.885613987530465607e+00 2.650219761037552413e+00 4.964618120430992487e-01
1.003873792139096466e+01 2.618250182410168936e+00 6.243090850455951246e-01
1.134150765448468512e+01 2.184265866077726326e+00 5.484453787096640331e-01
1.281334335889423492e+01 1.904435134390118911e+00 5.215667050950478778e-01
1.447618544506275207e+01 1.708952233399189113e+00 6.075771837279084764e-01
1.635482162384909444e+01 1.290239896235749306e+00 5.644918810597200354e-01