1.064478261801775349e-03 5.104651591271809785e+00 1.787520047707322135e+01
1.201749677895282229e-03 5.099773400216683683e+00 1.578418051823451584e+01
1.356723138598344173e-03 5.093383424949668559e+00 1.392451482059504464e+01
1.531681438044484381e-03 5.084942285801466788e+00 1.226821606248310204e+01
1.729201751562787787e-03 5.073663504059594764e+00 1.078994126952193966e+01
1.952193598053496119e-03 5.058353413394193865e+00 9.466360870972531316e+00
2.203941697859581814e-03 5.037099272051920096e+00 8.275303544954203616e+00
2.488154357440459409e-03 5.006593570414104022e+00 7.194307198401170389e+00
2.809018093565006802e-03 4.960431410633955096e+00 6.197440116815049471e+00
3.171259301650622506e-03 4.883657538151375377e+00 5.245795046085437896e+00
3.580213876636911124e-03 4.724453155606082255e+00 4.239950503843107121e+00
4.041905811925197364e-03 4.442771757118096687e+00 3.151768050192956139e+00
4.563135934164056287e-03 5.290354279233116408e+00 3.994452177234054435e+00
5.151582080964292598e-03 5.853150277315007699e+00 4.915194933719535086e+00
5.815912197183791335e-03 5.796885751638013673e+00 4.125879544026536117e+00
6.565912015716102168e-03 5.403406609912982717e+00 2.879629642257513389e+00
7.412629203549630716e-03 6.717573709714880437e+00 3.909724600541581552e+00
8.368536096401545804e-03 5.985152417581968365e+00 3.237213772665358480e+00
9.447713419044316552e-03 5.506306684629009851e+00 2.601559214460527070e+00
1.066605769756688235e-02 6.847341300328358749e+00 3.668469098262242767e+00
1.204151541879999558e-02 6.607063198276635241e+00 3.444275042413984966e+00
1.359434738612699117e-02 6.833364303795179673e+00 2.977774188198995642e+00
1.534742716570093937e-02 6.665264025996631148e+00 2.361588437625297132e+00
1.732657801924842450e-02 5.808907371404498754e+00 2.025528721030775525e+00
1.956095328655639565e-02 5.641059198354732018e+00 1.940558162030110667e+00
2.208346582076215273e-02 6.433353190398142019e+00 2.134267768135387655e+00
2.493127280212546412e-02 5.624805078095058697e+00 1.706423357171368282e+00
2.814632307169930708e-02 5.409168033473075177e+00 1.485108726961333891e+00
3.177597504724805066e-02 5.303355751535047347e+00 1.315753275217268703e+00
3.587369432345433040e-02 5.584723475699514772e+00 1.389709244835358071e+00
4.049984123222342969e-02 5.608853820875393303e+00 1.286142008264883119e+00
4.572255996402668776e-02 6.083883928620165804e+00 1.396595189116444757e+00
5.161878234724244507e-02 5.519921312719886508e+00 1.183944800400490438e+00
5.827536107139114074e-02 5.238168167834901467e+00 9.315675047752610682e-01
6.579034904689942675e-02 5.630080452579377059e+00 1.095232124175485211e+00
7.427444374665173599e-02 5.641463112475733510e+00 1.098149878614846697e+00
8.385261780480740557e-02 5.390744783407092733e+00 9.748334119673119913e-01
9.466595989197257310e-02 5.550908475710838452e+00 1.032091748437724998e+00
1.068737529832344685e-01 5.583371660743035036e+00 9.537362215194539194e-01
1.206558206324169491e-01 5.516868304057582328e+00 8.794909248167189775e-01
1.362151758137069568e-01 5.381436228974447289e+00 8.179530847020287654e-01
1.537810113486890451e-01 5.650240508804157180e+00 7.961267296012423111e-01
1.736120759684541826e-01 5.511376819299693253e+00 7.030405604388921814e-01
1.960004857409414769e-01 5.292970128993858658e+00 6.714430540149843862e-01
2.212760270067005430e-01 5.412822622959990504e+00 6.916699298290737152e-01
2.498110142062899552e-01 5.079497077884859380e+00 6.055916712397239055e-01
2.820257741562102183e-01 5.019358484294864198e+00 5.901516718932385830e-01
3.183948375579951362e-01 5.019429703167411994e+00 5.583926707497377517e-01
3.594539289427912676e-01 4.953927293217316397e+00 5.383313582639196460e-01
4.058078580148914427e-01 4.954331478674780520e+00 5.184016563605559069e-01
4.581394286354949497e-01 4.998186375931696901e+00 5.108703008988442207e-01
5.172194966780452319e-01 4.965323882418228862e+00 4.876672520327342553e-01
5.839183249096240313e-01 4.858897612714565994e+00 4.773928284882099637e-01
6.592184021583775699e-01 4.751593397916705541e+00 4.513749270344489806e-01
7.442289155962094060e-01 4.669257761929509698e+00 4.428853591949115653e-01
8.402020893167365667e-01 4.514336056109067741e+00 4.262026905778988350e-01
9.485516298794627321e-01 4.420180401006663651e+00 4.139990838849695876e-01
1.070873550527199791e+00 4.389514610428894237e+00 4.197499064642334909e-01
1.208969680822178372e+00 4.278330284381619109e+00 4.076454859525068253e-01
1.364874208003100886e+00 4.282538980564059017e+00 4.147522121864953837e-01
1.540883641023329975e+00 4.286455026718752670e+00 4.039635985562348708e-01
1.739590638647279475e+00 4.275161729214403294e+00 4.050917590560931258e-01
1.963922199900512533e+00 4.158648447114372537e+00 3.923618978721610251e-01
2.217182779427519179e+00 4.135028374404590146e+00 3.960423743716510181e-01
2.503102962856150526e+00 3.956080849818425005e+00 3.900355789833016007e-01
2.825894419167826577e+00 3.958988501789939107e+00 3.775826359350768491e-01
3.190311939534383967e+00 3.833852065329096170e+00 3.772134751725992885e-01
3.601723476467637575e+00 3.678880723575922218e+00 3.663423819469036613e-01
4.066189214974198052e+00 3.546406343851722820e+00 3.729322614165434535e-01
4.590550840451522063e+00 3.417494345684841228e+00 3.745058143265017625e-01
5.182532318261506177e+00 3.249391732008743983e+00 3.785929799605032842e-01
5.850853669487559472e+00 3.043589519170887048e+00 3.560139115906891250e-01
6.605359418817750239e+00 2.892797580839248095e+00 4.017659277610454160e-01
7.457163606620454743e+00 2.740500771706083860e+00 4.280688976166069915e-01
8.418813501273145761e+00 2.733087286681836314e+00 4.929596970507449383e-01
9.504474423263969740e+00 2.447629305323020255e+00 4.773787408501621865e-01
1.073013840356694359e+01 2.103683513402728966e+00 5.574812265491227992e-01
1.211385974987588199e+01 1.665643921580851616e+00 5.721610075641612170e-01
1.367602099064085408e+01 1.322716699320307887e+00 4.618564372979175325e-01
1.543963311432308672e+01 1.171210991147576763e+00 6.934645270605326317e-01