1.064703086241306374e-03 5.715381090885167659e+00 2.384588591360040510e+01
1.202482237462218669e-03 5.712937784698804755e+00 2.108691805040348655e+01
1.358090861290532116e-03 5.709752316725232646e+00 1.864014089212898284e+01
1.533836201533754105e-03 5.705572441256245853e+00 1.646904270218729849e+01
1.732324073589505947e-03 5.700040955926686692e+00 1.454107194287834837e+01
1.956497501452211102e-03 5.692637405630954106e+00 1.282707282900756773e+01
2.209680354586936527e-03 5.682575107539922676e+00 1.130070520219651797e+01
2.495626631684053076e-03 5.668606538621878244e+00 9.937769580242086676e+00
2.818576122035960918e-03 5.648622318561407951e+00 8.715253950301299568e+00
3.183317269839518529e-03 5.618723145746087333e+00 7.609600733106005599e+00
3.595258173527250342e-03 5.570680745723060490e+00 6.592510862811538530e+00
4.060506772850238852e-03 5.482819152364344362e+00 5.616587423210218866e+00
4.585961412664513182e-03 5.260703919934072381e+00 4.523325657868472405e+00
5.179413126230384551e-03 5.177880048710609806e+00 3.839426877087774415e+00
5.849661154602059376e-03 6.292979424866001814e+00 5.093996265486159913e+00
6.606643414939326539e-03 6.301348216989640427e+00 4.454883731860797447e+00
7.461583852224080299e-03 6.311377398311017295e+00 3.871360811792303291e+00
8.427158859198469881e-03 6.315482389175162581e+00 3.315118498000804159e+00
9.517685232070281082e-03 6.291303951014022289e+00 2.732359181911682366e+00
1.074933244884677605e-02 6.961945745796732865e+00 2.614971149712729481e+00
1.214036241779518389e-02 6.324510266627083155e+00 2.197194234900611054e+00
1.371140025083381238e-02 5.721920051847378730e+00 1.721445077407237623e+00
1.548574007667134766e-02 5.170789612527191714e+00 1.655111116004414962e+00
1.748969042805398680e-02 5.954763296322205690e+00 2.040017185032247937e+00
1.975296432425423937e-02 5.995718632260860659e+00 2.028530257934473280e+00
2.230911983264156906e-02 6.086429037286094967e+00 2.057036682943484074e+00
2.519605764163965200e-02 5.888809379349517314e+00 1.850826144493880721e+00
2.845658302269551618e-02 5.910134280898564185e+00 1.553067677821323933e+00
3.213904051359622871e-02 5.879331843658686552e+00 1.410282176010987376e+00
3.629803073372432631e-02 5.926832376641966604e+00 1.403207912593894768e+00
4.099521995963181786e-02 5.969121323091581388e+00 1.278171508924927036e+00
4.630025446469056977e-02 5.605896992218295516e+00 1.114874974114839379e+00
5.229179317993715853e-02 6.012020003555957004e+00 1.108489849516284931e+00
5.905867398760519804e-02 5.883160967353251891e+00 1.112124594421857626e+00
6.670123094023960864e-02 5.612899671079925490e+00 9.524499136883832762e-01
7.533278193609481421e-02 5.601438117389191618e+00 9.244579293523516039e-01
8.508130890891212050e-02 5.604475868374895420e+00 8.752048279597719471e-01
9.609135544462521494e-02 5.723771776689466684e+00 8.744192667632665339e-01
1.085261699613804254e-01 5.808812242502470191e+00 8.905906018584114348e-01
1.225701262302801298e-01 5.732772774309010444e+00 8.229349344515531905e-01
1.384314571264513294e-01 5.399649875321289372e+00 7.064941344316980620e-01
1.563453421443762315e-01 5.704512479594346708e+00 7.434127408931958669e-01
1.765773944567644305e-01 5.507499413254577370e+00 7.443673484771974325e-01
1.994275992203667358e-01 5.289737688113335778e+00 6.771480364090001203e-01
2.252347615228708078e-01 5.316801288565976336e+00 6.608588478029323587e-01
2.543815299215794745e-01 5.330042442865508434e+00 6.523589234633639933e-01
2.873000700590022105e-01 5.346647252255401384e+00 6.061225273194373875e-01
3.244784724793242092e-01 5.222352475876724576e+00 5.600325092851506925e-01
3.664679896558782346e-01 5.061157897586795684e+00 5.533716799981572843e-01
4.138912095346429787e-01 4.874662703896617266e+00 5.047451483179913323e-01
4.674512867847200326e-01 4.844062243650642863e+00 5.051307371013495917e-01
5.279423686296026430e-01 4.830931913254605803e+00 5.041071076808030238e-01
5.962613698453638200e-01 4.842289472365849612e+00 5.012657827695582435e-01
6.734212715162917195e-01 4.754596940742488620e+00 4.922206922659804751e-01
7.605661407315891243e-01 4.766753880048294256e+00 4.714314964470791569e-01
8.589880939235359225e-01 4.570349716236561832e+00 4.370800457844706832e-01
9.701464553663153856e-01 4.533973391494526162e+00 4.333900652394291342e-01
1.095689394902843894e+00 4.627811692221987627e+00 4.557245037393292675e-01
1.237478365727010310e+00 4.333599409881237818e+00 4.043778567578065752e-01
1.397615704565780881e+00 4.405919378362113115e+00 4.176038284894246222e-01
1.578475803495228202e+00 4.219269333005121858e+00 3.868417995001722232e-01
1.782740315581961887e+00 4.254565922937914024e+00 3.861594042971022711e-01
2.013437916351867862e+00 4.212285606007503347e+00 3.797220525791366597e-01
2.273989210638329261e+00 4.202308129311932205e+00 3.970052482692183471e-01
2.568257450653793406e+00 3.908456539278238218e+00 3.767033904078175288e-01
2.900605817292852606e+00 3.833590068250354310e+00 3.828259426378403107e-01
3.275962113989520308e+00 3.740477511728282689e+00 3.661335623496720926e-01
3.699891832358951582e+00 3.671067236662054700e+00 3.815273719213363446e-01
4.178680672984202538e+00 3.591802278908573953e+00 3.771152641271523498e-01
4.719427744902154664e+00 3.375591965484332935e+00 3.589166637860234377e-01
5.330150825678188653e+00 3.118700905312358884e+00 3.448695429790238354e-01
6.019905242784238553e+00 2.917499959220575700e+00 3.667633587204973677e-01
6.798918138960958757e+00 2.851584176650145519e+00 3.943906024975921132e-01
7.678740112346502222e+00 2.598393315082224930e+00 4.240067242324931929e-01
8.672416479773968234e+00 2.547921445313062083e+00 4.462734237477178345e-01
9.794680702596647137e+00 2.349386847836014702e+00 4.830081208122830039e-01
1.106217284300897674e+01 2.180920784345607100e+00 5.441212933927134232e-01
1.249368628996387542e+01 1.943924749372934802e+00 5.351728347505436689e-01
1.411044641294659385e+01 1.916995170822920258e+00 8.358840546125186899e-01
1.593642527526701613e+01 1.265737346730914092e+00 7.849733072528863875e-01