1.064450498479635812e-03 5.933006674357667265e+00 3.446145235404326712e+01
1.201659228947454198e-03 5.932271906322494459e+00 3.051021678460854503e+01
1.356554301564090806e-03 5.931325519722702388e+00 2.700788284163796149e+01
1.531415503465091178e-03 5.930102875300424792e+00 2.390282934495503042e+01
1.728816488620625938e-03 5.928517114404779242e+00 2.114924639071657353e+01
1.951662657563451447e-03 5.926449813675217726e+00 1.870644155053969016e+01
2.203233919851562729e-03 5.923736488072496087e+00 1.653820905315049927e+01
2.487232968654913470e-03 5.920143164543407721e+00 1.461224311664317277e+01
2.807839777984500081e-03 5.915326620986441242e+00 1.289956784461245398e+01
3.169773124668600825e-03 5.908762724655495013e+00 1.137393494259632654e+01
3.578360040573088340e-03 5.899607161186531279e+00 1.001108654801696751e+01
4.039614217282178760e-03 5.886396775199493447e+00 8.787627555971205595e+00
4.560324517220700445e-03 5.866315891758459244e+00 7.678743752861364236e+00
5.148154893948259439e-03 5.832983915921182927e+00 6.651850117001083973e+00
5.811757192278941761e-03 5.766823455703751655e+00 5.639274637435149451e+00
6.560898488448915766e-03 5.459168950598007441e+00 4.014422671591671765e+00
7.406604844558561766e-03 6.227520801823566821e+00 5.676853123337200380e+00
8.361323593105530333e-03 6.229211178498583301e+00 4.996161766714275920e+00
9.439106540155908776e-03 6.231975236033241217e+00 4.385753656961011160e+00
1.065581678358678772e-02 6.237078032165800145e+00 3.833867692144045769e+00
1.202936219040646321e-02 6.248790842486703134e+00 3.325526017413269919e+00
1.357995896953402386e-02 6.294085828512855585e+00 2.826321711980888551e+00
1.533042921937296209e-02 6.181237187808741318e+00 2.347479892181421945e+00
1.730653682956368247e-02 5.918990093495922089e+00 2.210499545100863994e+00
1.953736668080679334e-02 6.317883535534472905e+00 2.308982114853414647e+00
2.205575272392164624e-02 6.365084292140265276e+00 1.920286753531240231e+00
2.489876123872231811e-02 6.270643314605124807e+00 1.712726966656914929e+00
2.810823638544449402e-02 6.171129246764542664e+00 1.447323369011259464e+00
3.173141607829516042e-02 6.537951394449589060e+00 1.561276887621679155e+00
3.582162724571687218e-02 5.977081384353182258e+00 1.243454808592487693e+00
4.043907071039318235e-02 6.076554788915215610e+00 1.229818107152192530e+00
4.565170724106934474e-02 6.230477387691228941e+00 1.131824741109240140e+00
5.153625781733597172e-02 6.341011081906185787e+00 1.062404271548558654e+00
5.817933282954063784e-02 6.099450343818024756e+00 9.990637006492312233e-01
6.567870683369371465e-02 6.259172167687630406e+00 9.460360671940777344e-01
7.414475762355256239e-02 5.920472549867906054e+00 8.530220771159251480e-01
8.370209080053203632e-02 6.094419069041744130e+00 9.009298106974378273e-01
9.449137375229607616e-02 5.886729536876286417e+00 8.568473558144292790e-01
1.066714060330182234e-01 6.170920231621820129e+00 9.143804950687077771e-01
1.204214566177215506e-01 5.802855566408942956e+00 7.812097210144300918e-01
1.359439024310334920e-01 5.433813619555183827e+00 7.004830014544818351e-01
1.534672069849276621e-01 5.294654575857047796e+00 6.557189984711349062e-01
1.732492829658396905e-01 5.390147457945632326e+00 6.722640655538285603e-01
1.955812882626154214e-01 5.519207471343081650e+00 6.684427391923901673e-01
2.207919113062453143e-01 5.674265406433791625e+00 6.703598062440460081e-01
2.492522087941633491e-01 5.527243634356152846e+00 6.308468455351752269e-01
2.813810670020314708e-01 5.506996381740841606e+00 6.251138008063636953e-01
3.176513670640568332e-01 5.389098269521954698e+00 6.067020172813344381e-01
3.585969449640894480e-01 5.456091031460180929e+00 6.004321219060383408e-01
4.048204486765097365e-01 5.340770991684959945e+00 5.638191045177682881e-01
4.570022081004113668e-01 5.356358779010255589e+00 5.542449193329903601e-01
5.159102483371427184e-01 5.269367963422449286e+00 5.366944842172847174e-01
5.824115936893060619e-01 5.055188366034946590e+00 5.136406382480439570e-01
6.574850287564959483e-01 5.033782902095476963e+00 5.062900893193620355e-01
7.422355044490035469e-01 5.063201949462633245e+00 5.115093089501723256e-01
8.379104009510478512e-01 5.193915789706125885e+00 4.947274231017942947e-01
9.459178869961806235e-01 5.057642496810188959e+00 4.848552408662690216e-01
1.067847645671596180e+00 5.016111032615426346e+00 4.738485955387546356e-01
1.205494271799276484e+00 4.971179594729047579e+00 4.581085069528813003e-01
1.360883685262894049e+00 4.692876288970449394e+00 4.256890208942770704e-01
1.536302949038888421e+00 4.529076929783461658e+00 4.048382422672316960e-01
1.734333930801470691e+00 4.526815616207985116e+00 4.052447765516596356e-01
1.957891303542073302e+00 4.419603969352875694e+00 3.879483791464719000e-01
2.210265444506533505e+00 4.408395600539907200e+00 4.008985875747917982e-01
2.495170863848052978e+00 4.350124275727869971e+00 4.056369767370791579e-01
2.816800875781793501e+00 4.217026482597704629e+00 4.285416821238566265e-01
3.179889316905817331e+00 4.035715746379349156e+00 4.033757242657081687e-01
3.589780220075114769e+00 3.965755326016714655e+00 3.987760732440412959e-01
4.052506469307470383e+00 3.833522151280861490e+00 3.860387886272692581e-01
4.574878593385099279e+00 3.740342781313901632e+00 3.904418587091996740e-01
5.164585005040070342e+00 3.359061009550380117e+00 3.638577797593942620e-01
5.830305161070642228e+00 3.206047807042542441e+00 3.700676941411972232e-01
6.581837308909433304e+00 3.040290479684121916e+00 3.876041908570408978e-01
7.430242699851586252e+00 2.977925566988496087e+00 3.970692492100826310e-01
8.388008391511803552e+00 2.746300018997496650e+00 4.261648214916957667e-01
9.469231035680408581e+00 2.640455077786439286e+00 4.433105192078575230e-01
1.068982435661728836e+01 2.453896745353739473e+00 5.193152927229546245e-01
1.206775337350477173e+01 2.137362464375612614e+00 6.031647450277675127e-01
1.362329881440815882e+01 1.694866698968270580e+00 7.149390627804051990e-01
1.537935561345943469e+01 1.421564479676165504e+00 7.702294946052804514e-01