1.065228078962519344e-03 6.115880373979065254e+00 2.149555420057611599e+01
1.204193641457840290e-03 6.120031083398122185e+00 1.899525168718637502e+01
1.361288117320192618e-03 6.125540664878514896e+00 1.678058707575905828e+01
1.538876534934794597e-03 6.132940168591259678e+00 1.481804503296728015e+01
1.739632455203385473e-03 6.143036496936247204e+00 1.307780065795925495e+01
1.966578221510922528e-03 6.157116426101742590e+00 1.153318979201542049e+01
2.223130460548293323e-03 6.177368143521016819e+00 1.016014039299735394e+01
2.513151518997546255e-03 6.207857525407537658e+00 8.936416720749667419e+00
2.841007610449442725e-03 6.257191377892765694e+00 7.840163737557383605e+00
3.211634547944474186e-03 6.347988142894880781e+00 6.845182797926558038e+00
3.630612051728629268e-03 6.577158006189010919e+00 5.885615567825974281e+00
4.104247750913491213e-03 6.588914014329901647e+00 5.088238752884826077e+00
4.639672143670149629e-03 5.058938129480602619e+00 4.238921964030544665e+00
5.244945945565186035e-03 4.708418846917621359e+00 3.117059512698249435e+00
5.929181442148129255e-03 5.550985347651181456e+00 4.071085678653981965e+00
6.702679672731219271e-03 5.518157950314019899e+00 3.502578897392650603e+00
7.577085510637994459e-03 5.458731875510092202e+00 2.951747854060024157e+00
8.565562974625309800e-03 5.260601934698165394e+00 2.245699994713056924e+00
9.682993410759895697e-03 5.344474177580198493e+00 2.119981237523222095e+00
1.094619952834110718e-02 5.775229773725318871e+00 2.299001410057085693e+00
1.237419866268936290e-02 6.646897846895424955e+00 2.660184406483704134e+00
1.398848907762497568e-02 6.088287675701200108e+00 2.241384173911944000e+00
1.581337361786830722e-02 6.482450103655535756e+00 2.100006552664513304e+00
1.787632558388858178e-02 6.368917730053285098e+00 1.907206100229722479e+00
2.020840233737977026e-02 6.272839201465988168e+00 1.747546682114433203e+00
2.284471286411771454e-02 5.683652731452212947e+00 1.408415521223960631e+00
2.582494633327123146e-02 5.699228351249117530e+00 1.231416656813286714e+00
2.919396961053013009e-02 5.970868443007303128e+00 1.213216915008886287e+00
3.300250272050024580e-02 5.683932620241685996e+00 1.081031585025702402e+00
3.730788242732735460e-02 5.968848046742172286e+00 1.199212203462614701e+00
4.217492542911556452e-02 5.969598802149337580e+00 1.214284104553384314e+00
4.767690416137301823e-02 5.727033372937632372e+00 1.107214838729820627e+00
5.389664990002606543e-02 5.648699380242743651e+00 1.016038106394620000e+00
6.092779977101440980e-02 5.754227477738089291e+00 1.039331408480729246e+00
6.887620643996703040e-02 5.887940134913303147e+00 9.974753408672949462e-01
7.786153170457696393e-02 5.832414398259353483e+00 9.424176012420603099e-01
8.801904798091471360e-02 5.729829357563489545e+00 9.127276408252487094e-01
9.950167480472452142e-02 5.930118029981196415e+00 8.653936294168054211e-01
1.124822810068555751e-01 5.620926975978555618e+00 7.737807775561087453e-01
1.271562872216545903e-01 5.456891350243386007e+00 7.188457366966400919e-01
1.437446079086043549e-01 5.454456329769522327e+00 7.264857135480070616e-01
1.624969771788020434e-01 5.620981975092209204e+00 7.364574546379817344e-01
1.836957084959813802e-01 5.375987732702052213e+00 7.069566862027802934e-01
2.076599448536851356e-01 5.540469255614837607e+00 6.802598699075880218e-01
2.347504634142223434e-01 5.512193071460151472e+00 6.677541772842345846e-01
2.653751069423643250e-01 5.400266831708898430e+00 6.507878785844214420e-01
2.999949238030116261e-01 5.223759235502475562e+00 6.223217901369182403e-01
3.391311089593673223e-01 5.289350538322034723e+00 5.922282269192419291e-01
3.833728504670643189e-01 5.358720514558761749e+00 5.660166854621586641e-01
4.333861995917681620e-01 5.302411208174354407e+00 5.510347579332597334e-01
4.899240980882443308e-01 5.214024922701607778e+00 5.356181822795098579e-01
5.538377135997265555e-01 5.179253458685086464e+00 5.216423543153376752e-01
6.260892538299351884e-01 5.180860193199215757e+00 5.040639649037250702e-01
7.077664524027433846e-01 4.729745131373814360e+00 4.548871355639106939e-01
8.000989444914401449e-01 4.855359100428151997e+00 4.758790545889000634e-01
9.044767787496728051e-01 4.790842690658904779e+00 4.517994183542921038e-01
1.022471344237771085e+00 4.889546273016887490e+00 4.495242047220187609e-01
1.155859027395480521e+00 4.898344844375332130e+00 4.364885245522135970e-01
1.306647955212468126e+00 4.708094590899028375e+00 4.140396128988680369e-01
1.477108227210095492e+00 4.470180788522309712e+00 4.081346929680514379e-01
1.669806091371389911e+00 4.481505625413642946e+00 4.018127731926603441e-01
1.887642578531527615e+00 4.402577848352280832e+00 3.960380577027707294e-01
2.133897176862465273e+00 4.259178269767968317e+00 3.897476979348026283e-01
2.412277203963030914e+00 4.202521441147133885e+00 3.866876638438371261e-01
2.726973619842203433e+00 4.126358848592396100e+00 3.785429890247213325e-01
3.082724121049754462e+00 3.928419403684642486e+00 3.452233598705599649e-01
3.484884465824749533e+00 3.959995592382000051e+00 3.601966315927737083e-01
3.939509104048897647e+00 3.864872210176953704e+00 3.739113183260068252e-01
4.453442325873829155e+00 3.564134446178510274e+00 3.624268839874158488e-01
5.034421301248080738e+00 3.457916064609775297e+00 3.678407443722898629e-01
5.691192561584882625e+00 3.283802377941766437e+00 3.685254613755198916e-01
6.433643677180806542e+00 3.024823844812504881e+00 3.981847496471360159e-01
7.272952112764537347e+00 2.819099447357839239e+00 3.932236998600710520e-01
8.221753502168597905e+00 2.606922947477441355e+00 3.954738461696958307e-01
9.294331875468245130e+00 2.430181198381966112e+00 4.369480024959696007e-01
1.050683470242205253e+01 2.172674122921375517e+00 3.924803946657907106e-01
1.187751598965350297e+01 2.204501438553799986e+00 4.895261431702821464e-01
1.342701109135692938e+01 1.728047731068550696e+00 6.553818226828561633e-01
1.517864737075225179e+01 1.358960635793034832e+00 6.404084132327906298e-01
1.715879538923957881e+01 1.172004991510372518e+00 7.228277283608268711e-01