1.064164458771757384e-03 6.144438754433316774e+00 2.750513647985168575e+01
1.200727531854217742e-03 6.144021062251724175e+00 2.436009356180645113e+01
1.354815596281766033e-03 6.143482952221238413e+00 2.157048179879000216e+01
1.528677615223676244e-03 6.142787403867033369e+00 1.909553448579380230e+01
1.724851158858331989e-03 6.141884497316283387e+00 1.689905281087485278e+01
1.946199440998299529e-03 6.140705899388350986e+00 1.494886464585417762e+01
2.195953108585405478e-03 6.139156291271054222e+00 1.321633446862526817e+01
2.477757393986486367e-03 6.137099525568248559e+00 1.167591179306512750e+01
2.795725318292213539e-03 6.134335247097292054e+00 1.030470109590813976e+01
3.154497722137652657e-03 6.130557219569430671e+00 9.082025808875272332e+00
3.559311000213060371e-03 6.125273918098095294e+00 7.988933480634251794e+00
4.016073528071128704e-03 6.117643683452822501e+00 7.007521395345634119e+00
4.531451896703662420e-03 6.106090471363438077e+00 6.119754732722921808e+00
5.112968213508149382e-03 6.087243312254916994e+00 5.304671446073689900e+00
5.769109889782048084e-03 6.052061427871272770e+00 4.528781533078721999e+00
6.509453517127362747e-03 5.958631530782541041e+00 3.679045164948715918e+00
7.344804640780145874e-03 5.984574130942283077e+00 3.230748276513195627e+00
8.287355469900049149e-03 6.342179522088565946e+00 3.551965678430883067e+00
9.350862826650645221e-03 6.639448579233500070e+00 3.006126063817615268e+00
1.055084893129261403e-02 6.447167315633889118e+00 2.807559171770785067e+00
1.190482795381055114e-02 6.366067538451855690e+00 2.646226181815787726e+00
1.343256163866483541e-02 7.036484688896240236e+00 2.921494999000811887e+00
1.515634773359123694e-02 6.343399058119729261e+00 2.700789108721406429e+00
1.710134543215610647e-02 6.217628493328245298e+00 2.182126784558176436e+00
1.929594258000243492e-02 6.052601531572795679e+00 2.039489379458903073e+00
2.177217000427596888e-02 5.953357039421065977e+00 1.957955434543508844e+00
2.456616901349808341e-02 6.002455452095207811e+00 1.634444276689364095e+00
2.771871889119133237e-02 6.067447955497021539e+00 1.722216315370064255e+00
3.127583208219088945e-02 6.045665742522669639e+00 1.657794451267827984e+00
3.528942575857118430e-02 5.796118439319307925e+00 1.398423494262812428e+00
3.981807956690085193e-02 5.645762642757182093e+00 1.481670320433527088e+00
4.492789061638279013e-02 5.362508932907638304e+00 1.319907913687231815e+00
5.069343818669664464e-02 5.240231990643264837e+00 1.499845918695458247e+00
5.719887223575451096e-02 5.313915069912318323e+00 1.310050219316560405e+00
6.453914159447869670e-02 5.317785059727867747e+00 1.290792337365753495e+00
7.282137977448577271e-02 5.357147280892717411e+00 1.278841660122411739e+00
8.216646861497074739e-02 4.972669495194010025e+00 1.088085750433398724e+00
9.271080259070313412e-02 5.089465381043899228e+00 1.030853797724702758e+00
1.046082795317585523e-01 5.473760487960550591e+00 1.080098678403797807e+00
1.180325468101585673e-01 4.870156640233311407e+00 9.144203268217288016e-01
1.331795357772105060e-01 5.038470555679197993e+00 8.603992548258552198e-01
1.502703214424477851e-01 5.275016642334168893e+00 8.727931027268581721e-01
1.695543491320730678e-01 4.887349869616811837e+00 8.082705510448040531e-01
1.913130752209871721e-01 4.996798843741360407e+00 7.408712183716428257e-01
2.158640750760175697e-01 4.924811950012229822e+00 6.520696742048009975e-01
2.435656781670549609e-01 4.960450481292860481e+00 6.449988678679499099e-01
2.748221979969851514e-01 4.868774030082279047e+00 6.338133584231893103e-01
3.100898331828679244e-01 4.785879221935036121e+00 6.010851684518182525e-01
3.498833258164745219e-01 4.870344697395355915e+00 5.696339469171201042e-01
3.947834742850275802e-01 4.852862656037558509e+00 5.546180335598359656e-01
4.454456102040930676e-01 4.693932485713030900e+00 5.116466845735567759e-01
5.026091631860949427e-01 4.451882351948467154e+00 4.754152513742346264e-01
5.671084530452183969e-01 4.486031066196622952e+00 4.622698103573948947e-01
6.398848669542884782e-01 4.489279625025632825e+00 4.762048930349048192e-01
7.220005992830080821e-01 4.463125567032205865e+00 4.676430583191357737e-01
8.146541546547657608e-01 4.330012860747783243e+00 4.575465524267090522e-01
9.191978404939392666e-01 4.282727609055961615e+00 4.507496001774758954e-01
1.037157504372862693e+00 4.301700536093244764e+00 4.193740197851730800e-01
1.170254804231166013e+00 4.153070598303679972e+00 4.008441170761323225e-01
1.320432336508249538e+00 4.201004589448452897e+00 4.098497813519801358e-01
1.489881988941807123e+00 3.967273021016082257e+00 3.838472707366905046e-01
1.681076931850287615e+00 3.862051831662860479e+00 3.865918993503924539e-01
1.896807714822008606e+00 3.924090279448979590e+00 3.863039446379032404e-01
2.140222995653305649e+00 3.699760792684424260e+00 3.686267731448750196e-01
2.414875495987232501e+00 3.658409461591157097e+00 3.491487748682178816e-01
2.724773854389633598e+00 3.558258041541160210e+00 3.486650291188490014e-01
3.074441133674326920e+00 3.579790193400782528e+00 3.472992738068912399e-01
3.468980836410008983e+00 3.360068121474400815e+00 3.356569073405636927e-01
3.914151392125701179e+00 3.403281348646439941e+00 3.595011676840738080e-01
4.416450203378635919e+00 3.350321214720496155e+00 3.763506971416460400e-01
4.983208477363053390e+00 3.304118456478031263e+00 3.975483709487597217e-01
5.622698227156719852e+00 2.948164592624586078e+00 3.753172943307728771e-01
6.344253004321583234e+00 2.763857269750133128e+00 3.870329227527635196e-01
7.158404124988365425e+00 2.606860748013237750e+00 4.043884908627566332e-01
8.077034377687152045e+00 2.431328236501343998e+00 4.029113248028964867e-01
9.113551456337500412e+00 2.219690460398354492e+00 4.195281085016058786e-01
1.028308364970641264e+01 2.096042317741809047e+00 4.653618087200469544e-01
1.160270064348265606e+01 1.862578305916841037e+00 5.627236580008606603e-01
1.309166265764223880e+01 1.688782613782618736e+00 5.955562412908387282e-01
1.477170155534231810e+01 1.177847845265551197e+00 7.435579510365952771e-01