2.214972782066924495e+01 1.570895705045190560e+01
2.542115842078995058e+01 1.570862917623823307e+01
2.917576688467742230e+01 1.570819634260015718e+01
3.348491674607912216e+01 1.570762454057596891e+01
3.843051166139883890e+01 1.570686843075811900e+01
4.410655214574629923e+01 1.570586732776069638e+01
5.062092223298354554e+01 1.570453956986600907e+01
5.809744001866840790e+01 1.570277446646262476e+01
6.667821106039608026e+01 1.570042047498325388e+01
7.652632936642483230e+01 1.569726722576145583e+01
8.782897731005422770e+01 1.569301688483564305e+01
1.008009833895735028e+02 1.568723552872019056e+01
1.156889054558296692e+02 1.567926287066910440e+01
1.327757170169858227e+02 1.566802101888277932e+01
1.523861856926777421e+02 1.565150946525877629e+01
1.748930460454041622e+02 1.562447486597731761e+01
2.007240841156483668e+02 1.558420991821027357e+01
2.303702683159061166e+02 1.548381011937185647e+01
2.643950812268533355e+02 1.561167727628607160e+01
3.034452296643339082e+02 1.563033705487876901e+01
3.482629365825296190e+02 1.556506067032292151e+01
3.997000484445010215e+02 1.540300144969217300e+01
4.587342261977318003e+02 1.497250912193038985e+01
5.264875275952118727e+02 1.618642253225591432e+01
6.042477340547073936e+02 1.620521098827394013e+01
6.934928274140731901e+02 1.622134821111385961e+01
7.959190818102809999e+02 1.650894097482355249e+01
9.134733046221917903e+02 1.648599049999239696e+01
1.048389839278017007e+03 1.662985736425281047e+01
1.203233033236781466e+03 1.652869360111015951e+01
1.380945978329211812e+03 1.654057747028774372e+01
1.584906449861692863e+03 1.677813139415870580e+01
1.818991107713238307e+03 1.708972718290517179e+01
2.087649179690428809e+03 1.725397954020512259e+01
2.395987027633781508e+03 1.729013366006491381e+01
2.749865203616559029e+03 1.747614288729015897e+01
3.156009840975202678e+03 1.754444495809967108e+01
3.622140497371522542e+03 1.783273795770443115e+01
4.157116879789192353e+03 1.803280950859009124e+01
4.771107240254478711e+03 1.797600709493309523e+01
5.475781642964784623e+03 1.877711921601313705e+01
6.284533776237409256e+03 1.924560216830366954e+01
7.212735525239941126e+03 1.932249123462962714e+01
8.278029144145217288e+03 1.937071516236118285e+01
9.500662581002925435e+03 1.980969646968490139e+01
1.090387432882003850e+04 2.006095656253872406e+01
1.251433511768289645e+04 2.001463636877965158e+01
1.436265484312663830e+04 2.025796448083909596e+01
1.648396436589786754e+04 2.063336995167206567e+01
1.891858324133053975e+04 2.090432842859566875e+01
2.171278606981250050e+04 2.126607221707178041e+01
2.491968203430264839e+04 2.127737341819788952e+01
2.860022434219601564e+04 2.170553920402715420e+01
3.282436875791508646e+04 2.190059952493520967e+01
3.767240324636078003e+04 2.198468653415876872e+01
4.323647399964679789e+04 2.250489864179976962e+01
4.962233685218158644e+04 2.263848689269308068e+01
5.695136737310013268e+04 2.298479601942942097e+01
6.536286784170705505e+04 2.310608252710733268e+01
7.501671495442275773e+04 2.338801493866930059e+01
8.609639858798068599e+04 2.372187679898446078e+01
9.881250937639754557e+04 2.391604022767598536e+01
1.134067413898044906e+05 2.416360530703232001e+01
1.301564859937258734e+05 2.442896198167950317e+01
1.493801042039107997e+05 2.491142084125866774e+01
1.714429777479311160e+05 2.529691505101797588e+01
1.967644538455749862e+05 2.575675332876744505e+01
2.258258157069055887e+05 2.618317858972348233e+01
2.591794302425837959e+05 2.647427492842687258e+01
2.974592468562319991e+05 2.689314508525212943e+01
3.413928468685203115e+05 2.740893992892210562e+01
3.918152725953866611e+05 2.806192669946237572e+01
4.496848989285402931e+05 2.849398191647930645e+01
5.161016490880718338e+05 2.926748072155017155e+01
5.923279007724802941e+05 2.984887555501387979e+01
6.798124800675864099e+05 3.043103354255086046e+01
7.802181991645833477e+05 3.133614185467885704e+01
8.954534612943629036e+05 3.120882728448376042e+01
1.027708533590500592e+06 3.446140901542498369e+01
1.179497177316216519e+06 3.541076607716278346e+01
