2.214159256010428223e+01 1.314643679146301380e+01
2.539435596220105040e+01 1.313936532240815147e+01
2.912497432081456594e+01 1.312990386551585509e+01
3.340364805670719051e+01 1.311717080123612078e+01
3.831089055068912330e+01 1.309989688912450134e+01
4.393904319358235000e+01 1.307619784296613119e+01
5.039401300820894392e+01 1.304315476519310302e+01
5.779726554087674373e+01 1.299596461533903913e+01
6.628811052333658438e+01 1.292598491963381591e+01
7.602632331535443200e+01 1.281528319100047320e+01
8.719515145654919763e+01 1.261538304624165718e+01
1.000047629028909171e+02 1.200775449617542456e+01
1.146962008345965813e+02 1.321854068352903866e+01
1.315459194545005630e+02 1.592550919153910449e+01
1.508709861286906744e+02 1.590608475303505287e+01
1.730350477600073305e+02 1.587543382368712486e+01
1.984551736658544883e+02 1.582325570059322217e+01
2.276097037252771713e+02 1.565410803432781606e+01
2.610472494767820990e+02 1.582836443869801890e+01
2.993970175438763590e+02 1.585854072584391261e+01
3.433806496480279407e+02 1.592128045168951900e+01
3.938258020069355325e+02 1.600135585307160468e+01
4.516817196466525388e+02 1.582181106434942564e+01
5.180370986951343184e+02 1.607064102070348000e+01
5.941405727785715953e+02 1.631261234032751517e+01
6.814242090205822251e+02 1.625952622685694493e+01
7.815304557771362397e+02 1.611940559537497819e+01
8.963430491926795867e+02 1.640473447705701560e+01
1.028022460157508476e+03 1.646049199618120440e+01
1.179046548684863637e+03 1.685568293387642314e+01
1.352257190716141395e+03 1.684130884753508539e+01
1.550913754747998837e+03 1.702028258937293614e+01
1.778754434570760623e+03 1.787554364553788488e+01
2.040066592238874364e+03 1.817038004084044900e+01
2.339767434943009448e+03 1.822263413084570161e+01
2.683496543910255241e+03 1.830302308939348066e+01
3.077721996482820032e+03 1.838954882974357474e+01
3.529862078313515667e+03 1.835551754946094150e+01
4.048424875981280820e+03 1.858809957296839244e+01
4.643168376792408708e+03 1.875463782391438272e+01
5.325284088424499714e+03 1.929738750547900139e+01
6.107607633651631659e+03 1.937772464583724030e+01
7.004860282989303414e+03 1.945007798444888891e+01
8.033925970268006495e+03 1.969509152146277131e+01
9.214169003839548168e+03 1.972186510599829745e+01
1.056779845190498236e+04 1.983585327216530914e+01
1.212028605873724882e+04 1.985464148918504534e+01
1.390084555588204239e+04 1.969407424614696112e+01
1.594298238771251090e+04 1.988671644212421796e+01
1.828512419572618091e+04 2.096680205000524921e+01
2.097134392563941219e+04 2.106767987930234654e+01
2.405218916425231873e+04 2.121543970503447696e+01
2.758563331202142217e+04 2.150401358235066596e+01
3.163816648990507383e+04 2.194403668235689508e+01
3.628604670847787929e+04 2.209953321172258001e+01
4.161673484302436555e+04 2.235851431080518736e+01
4.773054041706736461e+04 2.255898116276899756e+01
5.474250916364635486e+04 2.264780812302867119e+01
6.278458788328192895e+04 2.305288906391613679e+01
7.200810733555680781e+04 2.337710576336558432e+01
8.258662988579978992e+04 2.375103440838212521e+01
9.471921549208894430e+04 2.393483234964929451e+01
1.086341674898567871e+05 2.428008815736260928e+01
1.245933286599055136e+05 2.449233872426158598e+01
1.428970084205290477e+05 2.480871361559027832e+01
1.638896338605313213e+05 2.518685513766900641e+01
1.879662309507121099e+05 2.525531748769625295e+01
2.155798578931665979e+05 2.532485959724120050e+01
2.472501304844714759e+05 2.594704926380141785e+01
2.835729999176604906e+05 2.663662238828047535e+01
3.252319670154912747e+05 2.707368491583331860e+01
3.730109439173656865e+05 2.748672179967339702e+01
4.278090052430076757e+05 2.789034050892341554e+01
4.906573063109829091e+05 2.892014479353775158e+01
5.627384867684122873e+05 2.934962954093952803e+01
6.454089247571320739e+05 3.050575895248437419e+01
7.402242603811534354e+05 3.124254939342079496e+01
8.489686687599078286e+05 3.235888115693887102e+01
9.736884335091162939e+05 3.440170707612948320e+01
1.116730452413850930e+06 3.679945098274112780e+01
