2.213800604312890741e+01 1.699678291194418378e+01
2.538254388687493446e+01 1.699638479128636348e+01
2.910259997734073067e+01 1.699586025470471640e+01
3.336786609001266868e+01 1.699516867021212363e+01
3.825824800079446675e+01 1.699425598067683651e+01
4.386536244606880075e+01 1.699304999308056097e+01
5.029425347666276025e+01 1.699145380496482360e+01
5.766536036000534438e+01 1.698933646936705344e+01
6.611677389728546927e+01 1.698651943859233171e+01
7.580682342560436382e+01 1.698275631132970176e+01
8.691704297019093417e+01 1.697770146620546683e+01
9.965557211477089083e+01 1.697085920857621844e+01
1.142610553022185940e+02 1.696149633665029910e+01
1.310071126152470242e+02 1.694847978660220988e+01
1.502074657930344870e+02 1.692994186996392969e+01
1.722218155149213885e+02 1.690247654224044283e+01
1.974625800565970053e+02 1.685866296004702036e+01
2.264026215612025226e+02 1.677359340988938285e+01
2.595841046698236028e+02 1.659356316949094889e+01
2.976286534695371984e+02 1.680976103785123144e+01
3.412489970399466301e+02 1.659853275491729718e+01
3.912623217666389337e+02 1.739287042599486099e+01
4.486055805646827253e+02 1.726639807220511713e+01
5.143530458161671959e+02 1.732643587841292288e+01
5.897364348596692025e+02 1.731373449960769406e+01
6.761679850638910239e+02 1.752048892506481081e+01
7.752669107754147717e+02 1.737762177031092392e+01
8.888897377867760952e+02 1.751459974451744017e+01
1.019165083612774993e+03 1.757821579188954431e+01
1.168533535151008891e+03 1.774049316484321537e+01
1.339793370797342050e+03 1.796590826643093308e+01
1.536152983577429495e+03 1.810625386685788030e+01
1.761290987392695342e+03 1.823730930005882556e+01
2.019425132415122107e+03 1.828522721888364799e+01
2.315391320696397997e+03 1.822721818698088470e+01
2.654734202275031294e+03 1.857452075545793946e+01
3.043811049014876971e+03 1.886150349109681557e+01
3.489910852154387157e+03 1.878593033710648541e+01
4.001390874747898579e+03 1.889114234931984626e+01
4.587833217181401778e+03 1.925550561606885935e+01
5.260224328871434409e+03 1.943393156757002416e+01
6.031160829131089486e+03 1.975799852585203453e+01
6.915085493064771072e+03 1.980524067459420579e+01
7.928557823466971058e+03 1.985880463536506468e+01
9.090564277636831321e+03 1.984650301389878280e+01
1.042287396091803748e+04 2.019574614031444781e+01
1.195044645055017463e+04 2.048643186963535356e+01
1.370189939003045765e+04 2.073807303218674036e+01
1.571004461392935809e+04 2.091359779321857459e+01
1.801250284695764276e+04 2.112816819711716931e+01
2.065240849309763871e+04 2.123281724187235042e+01
2.367921771836455082e+04 2.144728080279947235e+01
2.714963496587363625e+04 2.166236154637776323e+01
3.112867526060732052e+04 2.198092510273435352e+01
3.569088220516945876e+04 2.235660423459299295e+01
4.092172448453975085e+04 2.269504743002584846e+01
4.691919704203987203e+04 2.302065569858108418e+01
5.379565692304724507e+04 2.333015893513046635e+01
6.167992817927353462e+04 2.348236432143070118e+01
7.071971526702273695e+04 2.381985468526465510e+01
8.108437015219090972e+04 2.401865268780774088e+01
9.296806496113458707e+04 2.427120484033063263e+01
1.065934296140574152e+05 2.438439799414586417e+01
1.222157225885789085e+05 2.436096106185966903e+01
1.401276129488439474e+05 2.531742536011620004e+01
1.606646632270207047e+05 2.569124258677272366e+01
1.842116158738501254e+05 2.607613558638131934e+01
2.112096010490243789e+05 2.664712789616802979e+01
2.421644007826142479e+05 2.706559511648137217e+01
2.776559243288888247e+05 2.751928902842726288e+01
3.183490722244268982e+05 2.786996467997663629e+01
3.650061925785056083e+05 2.822739618913937321e+01
4.185013629527223529e+05 2.849906192616128564e+01
4.798367653875245596e+05 2.881064125414437882e+01
5.501614613464776194e+05 2.970165161234531226e+01
6.307929183093011379e+05 2.994969386466717864e+01
7.232416912942891940e+05 3.067393801907354600e+01
8.292397216953841271e+05 3.278948927735824270e+01
9.507727835861658677e+05 3.413081138927702085e+01
1.090117685341963544e+06 3.660939576903040660e+01
