2.215899245087454261e+01 1.314514941741271592e+01
2.545169733536305401e+01 1.310258849739444642e+01
2.923368012724607823e+01 1.302519369043560715e+01
3.357764484314899534e+01 1.282962638749738815e+01
3.856709891827296843e+01 1.281335253022178655e+01
4.429795853521087423e+01 1.372495131640933330e+01
5.088039249583088974e+01 1.372390293654683013e+01
5.844094008242041127e+01 1.372251396848699656e+01
6.712494362139412374e+01 1.372067121781288179e+01
7.709934251264232330e+01 1.371822190871459135e+01
8.855588243633415857e+01 1.371495830216991152e+01
1.017148014302706827e+02 1.371059509313186098e+01
1.168290636981389810e+02 1.370473515665854514e+01
1.341892225384791857e+02 1.369681555485996505e+01
1.541290058782551000e+02 1.368601799300958000e+01
1.770317317861137383e+02 1.367110987356596574e+01
2.033376772957703338e+02 1.365013284889955969e+01
2.335525421961782797e+02 1.361967313550481151e+01
2.682571704945518718e+02 1.357142990215272604e+01
3.081187164355370101e+02 1.350692072878702454e+01
3.539034697296600598e+02 1.338253901926045586e+01
4.064915865404627766e+02 1.296339331706965226e+01
4.668940094156257032e+02 1.363818388727157149e+01
5.362719014271635842e+02 1.406632003153274191e+01
6.159589681183874745e+02 1.419493903450497818e+01
7.074870963698989499e+02 1.434716043368248606e+01
8.126158030606140983e+02 1.466476144726505026e+01
9.333660596384867176e+02 1.460308103694253390e+01
1.072059142837138779e+03 1.457420464998500265e+01
1.231361258396147377e+03 1.460797125376611660e+01
1.414334795621704188e+03 1.458435626924941708e+01
1.624497198094198211e+03 1.451286978123424731e+01
1.865888582240437245e+03 1.482685027321793569e+01
2.143149403655264450e+03 1.514592754069865066e+01
2.461609664213087854e+03 1.533296779566516399e+01
2.827391374867477680e+03 1.541989505195773802e+01
3.247526243861459989e+03 1.555887520634937182e+01
3.730090852761141832e+03 1.567909919529282980e+01
4.284361918907375184e+03 1.592964455813551083e+01
4.920994629017176521e+03 1.623957852178259387e+01
5.652227472181357371e+03 1.638291392311806760e+01
6.492117509923449688e+03 1.657296227653581511e+01
7.456810606100513724e+03 1.670003015700605786e+01
8.564851811486811130e+03 1.691675219298889843e+01
9.837541869806225804e+03 1.729008172356559214e+01
1.129934669860803479e+04 1.742574128223151675e+01
1.297836771675759701e+04 1.783158770417515626e+01
1.490688206001553408e+04 1.800686223227790350e+01
1.712196306969249417e+04 1.838570579157245888e+01
1.966619298251884902e+04 1.882974035537786150e+01
2.258848152232463326e+04 1.912160393165572358e+01
2.594500612995864503e+04 1.941144474001474407e+01
2.980029190622271926e+04 1.979022245438730820e+01
3.422845202840960701e+04 2.009992465546677920e+01
3.931461248594327481e+04 2.033142551343039628e+01
4.515654852392996690e+04 2.070525914289035541e+01
5.186656425325607415e+04 2.101339426774149644e+01
5.957365156044964533e+04 2.138649602827925733e+01
6.842596981971997593e+04 2.169297791294622968e+01
7.859369407662152662e+04 2.213259247889158132e+01
9.027228645620754105e+04 2.236970433617175402e+01
1.036862536845131253e+05 2.281198916088175110e+01
1.190934629571458063e+05 2.316952599995287798e+01
1.367900991223054298e+05 2.362425856821159798e+01
1.571163584740436054e+05 2.403221493895417282e+01
1.804629886120088049e+05 2.454315258313751613e+01
2.072788000885231595e+05 2.503034610023215834e+01
2.380792942452627758e+05 2.557475946872490269e+01
2.734565730992035242e+05 2.608732254889946489e+01
3.140907217833285686e+05 2.651440258709357778e+01
3.607628823556685238e+05 2.699760537412926098e+01
4.143702703047440737e+05 2.733563242040492369e+01
4.759434224254494766e+05 2.791614509951123324e+01
5.466660076348053990e+05 2.834575578188042755e+01
6.278975815664047841e+05 2.862654731867957381e+01
7.211997223729302641e+05 2.906774256947369039e+01
8.283660501657525310e+05 3.013088197020000081e+01
9.514567071787969908e+05 3.236952015077864786e+01
1.092837961495860945e+06 3.389029149461796919e+01
1.255227695674856426e+06 3.613950394347591555e+01
