1.073347456075910865e-03 6.455579213122716098e+00 7.469007432445988570e+01
1.230802066853347969e-03 6.455557882318864849e+00 6.513385269555965351e+01
1.411354467926680557e-03 6.455529824530626293e+00 5.679996209973066357e+01
1.618392987614266157e-03 6.455492914277962235e+00 4.953200475238114109e+01
1.855803004759465228e-03 6.455444351570399419e+00 4.319358654894461580e+01
2.128039863513741820e-03 6.455380445678428281e+00 3.766575737595969997e+01
2.440212484347465110e-03 6.455296328065234235e+00 3.284477875544749281e+01
2.798179240370595421e-03 6.455185570023243002e+00 2.864017691501677021e+01
3.208657898221810908e-03 6.455039671446095362e+00 2.497304472222448624e+01
3.679351686726708461e-03 6.454847373807406363e+00 2.177456058181126508e+01
4.219093859186741000e-03 6.454593730823210862e+00 1.898469644398168654e+01
4.838013462220429849e-03 6.454258840721179169e+00 1.655109058899247643e+01
5.547725422050186345e-03 6.453816098251594191e+00 1.442806389093109765e+01
6.361548515480267701e-03 6.453229751538108516e+00 1.257576086509511093e+01
7.294755316108196899e-03 6.452451428623819041e+00 1.095939898599277207e+01
8.364858806373724059e-03 6.451415093508146015e+00 9.548611508179153162e+00
9.591941034137112937e-03 6.450029528220440511e+00 8.316870235713478721e+00
1.099902998150531323e-02 6.448166766100412950e+00 7.240975109069582416e+00
1.261253171839748881e-02 6.445643600300377862e+00 6.300596439019987116e+00
1.446272595083987478e-02 6.442190631033179571e+00 5.477851300595225403e+00
1.658433426367420319e-02 6.437397544441932240e+00 4.756882586364574728e+00
1.901717172158033653e-02 6.430610059469196393e+00 4.123368671676807651e+00
2.180689405665367508e-02 6.420723146329114783e+00 3.563741658288581693e+00
2.500585446459857586e-02 6.405772818245594635e+00 3.063117492884733561e+00
2.867408608856411231e-02 6.383639802161702015e+00 2.591708645174249259e+00
3.288042862835979796e-02 6.295086245365822286e+00 2.189372961404679518e+00
3.770382021751128576e-02 6.191526466228721937e+00 1.912890748306009359e+00
4.323477881210718160e-02 6.399968396950809435e+00 1.789408536732630894e+00
4.957710089185268787e-02 6.518892872815813533e+00 1.577131183799238112e+00
5.684980935192503193e-02 6.692514049942227317e+00 1.376389566482287163e+00
6.518938714065349027e-02 6.865261645174833838e+00 1.267526382913101157e+00
7.475233856048274506e-02 6.782943552387838970e+00 1.145525773710417194e+00
8.571812629875599776e-02 6.759767319332477875e+00 1.015561224360736814e+00
9.829253930597077471e-02 6.596232399554328829e+00 9.072162764132469803e-01
1.127115547246396454e-01 6.627383951077884028e+00 8.012045855626868107e-01
1.292457663434659065e-01 6.616289583693861331e+00 7.418979847092794788e-01
1.482054626832155220e-01 6.821572168535086078e+00 6.628228974541944263e-01
1.699464500119499122e-01 6.770961082727001035e+00 6.091597172330959209e-01
1.948767295669668886e-01 6.878879227213047898e+00 5.767792243767763116e-01
2.234641542912274015e-01 6.803795654533406179e+00 5.321902864500881458e-01
2.562452087740601514e-01 6.694352504587875785e+00 5.055203778407630910e-01
2.938350771644961945e-01 6.758943691633821693e+00 4.782024943580092669e-01
3.369391879962657099e-01 6.687493546852548931e+00 4.636240921097203871e-01
3.863664525798840566e-01 6.721982931763106350e+00 4.380004224343181374e-01
4.430444453995011633e-01 6.769318668699198405e+00 4.365275425883953231e-01
5.080368113967335120e-01 6.716409224020321034e+00 4.259191281601852341e-01
5.825632268144690373e-01 6.576058831407234351e+00 4.073138812751030957e-01
6.680222881948997271e-01 6.665676275307815146e+00 4.212083054467055110e-01
7.660177590771098943e-01 6.522049241042084056e+00 4.116666847135121987e-01
8.783886669516618451e-01 6.501328110349104961e+00 4.259678008887559097e-01
1.007243815285291610e+00 6.498044583732564661e+00 4.183434653712900242e-01
1.155001358284033497e+00 6.403857795024486599e+00 4.061858870023755119e-01
1.324434181072744465e+00 6.232043151667520320e+00 4.105551999012241882e-01
1.518721936916080928e+00 6.178593354181882269e+00 4.134379093967626706e-01
1.741510718035029992e+00 6.170642670964043397e+00 4.213748537255359583e-01
1.996981479828634720e+00 6.172304363277627104e+00 4.428124926471803668e-01
2.289928502580911296e+00 6.042030330384997150e+00 4.424040662061902718e-01
2.625849363100970724e+00 5.738818009545244792e+00 4.452318598057609100e-01
3.011048104744984855e+00 5.661495385846526673e+00 4.283852381395068520e-01
3.452753541955459582e+00 5.445529829270790323e+00 4.216269804956671585e-01
3.959254919474507250e+00 5.146653774939040638e+00 4.178844351737585061e-01
4.540057472073488753e+00 4.933669355089530306e+00 4.077528370632729771e-01
5.206060804103531225e+00 4.733411218621631278e+00 4.239652640912465187e-01
5.969763436418540792e+00 4.437448232286156369e+00 4.488406170781586435e-01
6.845497359291115913e+00 4.338372306072602491e+00 4.613532168072697059e-01
7.849696993047854399e+00 3.949787134180834158e+00 4.416402586578672129e-01
9.001207603861429263e+00 3.574125848707343511e+00 3.986580659814275562e-01
1.032163896257019076e+01 3.372624336521045318e+00 4.292821980588754083e-01
1.183577088344724615e+01 3.136801496220833929e+00 4.461214491526589443e-01
1.357201825344363044e+01 2.993006097530899634e+00 5.080712240411880964e-01
1.556296427885546407e+01 2.416766799061028426e+00 4.655113515911026290e-01
1.784597195656410662e+01 2.525374221852266565e+00 5.168676198210887529e-01
2.046388524499615258e+01 2.254287688009740442e+00 5.387688033382350694e-01
2.346583309329582789e+01 2.146144563569518215e+00 5.799133413839288043e-01
2.690815141748616668e+01 1.882372698326064242e+00 5.724690851792176849e-01
3.085544032584221696e+01 1.785192515307032268e+00 5.006603776147707796e-01
3.538177643384742055e+01 1.531700134758082310e+00 6.483676927797875633e-01
4.057210301958606635e+01 1.668341739931306522e+00 9.286454981838626610e-01
4.652382410785891409e+01 1.153344713433195778e+00 7.758713827224885673e-01
5.334863239832806414e+01 7.403754167115543794e-01 4.858342042803175387e-01
