1.073105961050036189e-03 6.167070197585065472e+00 5.089732645789251819e+01
1.230006846232208073e-03 6.166897133089914718e+00 4.440013269792486028e+01
1.409848511416068135e-03 6.166669336446743088e+00 3.873103454823881009e+01
1.615985172140137335e-03 6.166369321121640823e+00 3.378429367734774047e+01
1.852261470243963138e-03 6.165973882620391144e+00 2.946764213823723111e+01
2.123084180040240437e-03 6.165452130887825177e+00 2.570056028392247427e+01
2.433504398784180987e-03 6.164762771763538929e+00 2.241277312998747107e+01
2.789311754369396858e-03 6.163850294619524384e+00 1.954293671729234916e+01
3.197142387312073078e-03 6.162639523550227594e+00 1.703748929446370752e+01
3.664602720988587286e-03 6.161027639297405933e+00 1.484964471477760206e+01
4.200411328557484419e-03 6.158872135180626373e+00 1.293850714747169128e+01
4.814561542516795564e-03 6.155971918365565898e+00 1.126828657245032161e+01
5.518507839717267695e-03 6.152036167762799934e+00 9.807592365474427254e+00
6.325379478086647425e-03 6.146629706925756054e+00 8.528774388761751979e+00
7.250225369590053773e-03 6.139069070394549854e+00 7.407257965631134589e+00
8.310294756536527189e-03 6.128201985380621331e+00 6.420749161293278995e+00
9.525358926107885954e-03 6.111861546142385748e+00 5.547939861196073963e+00
1.091807996338720402e-02 6.085151396425698245e+00 4.765206945109478731e+00
1.251443342047633793e-02 6.032017413285021945e+00 4.031195644612180828e+00
1.434419278487757132e-02 5.863081798740729766e+00 3.181285646730375838e+00
1.644148478292851295e-02 6.228134501860763450e+00 3.389630909354011123e+00
1.884542587521959023e-02 6.177695271541143285e+00 2.871930809496696213e+00
2.160085181522989478e-02 6.062866970331858951e+00 2.350163653440523248e+00
2.475915387813350244e-02 6.190004658365204193e+00 2.149327727089820339e+00
2.837923735622686905e-02 6.024170367035147855e+00 1.710638722592407124e+00
3.252862019781498776e-02 6.348673168316625315e+00 1.690935961001164056e+00
3.728469228020075965e-02 6.647695189890746370e+00 1.615731161844744745e+00
4.273615880339866335e-02 6.718356346061212570e+00 1.528345666812814807e+00
4.898469472521752716e-02 6.889289856301602732e+00 1.434387783588667808e+00
5.614684109447687366e-02 7.009699684756211191e+00 1.332139543411456684e+00
6.435617865074769184e-02 6.993529268891153450e+00 1.179418658077727500e+00
7.376581923028917298e-02 7.168063756720727042e+00 1.052242363576401774e+00
8.455126144523628096e-02 6.840331335935425194e+00 9.507814899184767743e-01
9.691366389713004792e-02 6.874591657484518947e+00 8.544750261474639563e-01
1.110835969732898165e-01 6.749859922063266460e+00 7.686611733408675873e-01
1.273253432005443941e-01 6.687024968854081486e+00 6.984757007236425119e-01
1.459418263619474132e-01 6.910667500485483394e+00 6.649091177818846621e-01
1.672802613091227686e-01 6.764139236035870972e+00 5.980508114089200244e-01
1.917386298445320769e-01 6.740733443596579555e+00 5.474201502984153977e-01
2.197731034549355034e-01 6.798292402113517596e+00 5.445951909525771351e-01
2.519065513369797005e-01 6.658861310686472024e+00 5.255689666911914637e-01
2.887382923975601035e-01 6.799375788978481161e+00 5.139764759744079869e-01
3.309552731129002390e-01 6.617002949694867908e+00 4.981925159330590769e-01
3.793448797238919701e-01 6.669698750606237070e+00 4.906127440810960083e-01
4.348096237271429909e-01 6.574663159694588366e+00 4.724928240177522776e-01
4.983839745598980797e-01 6.608763612097129148e+00 4.711163683149074410e-01
5.712536534241745567e-01 6.450686886926370711e+00 4.458318967717357917e-01
6.547777480980118137e-01 6.506375783128564905e+00 4.440889736570594049e-01
7.505140611957795693e-01 6.350644321127091985e+00 4.320398507003693211e-01
8.602481646463462361e-01 6.378557464138530975e+00 4.456453198051747444e-01
9.860267022823481220e-01 6.284438580254321671e+00 4.339878757769288220e-01
1.130195561665046089e+00 6.439743997802795938e+00 4.448168343258910862e-01
1.295443627085063998e+00 6.279308659934668135e+00 4.289929772381232964e-01
1.484852929773461394e+00 6.393769717452469692e+00 4.362451797462111869e-01
1.701956130671562928e+00 6.257854441106802668e+00 4.372791899886885880e-01
1.950802407867055166e+00 5.902425592547258404e+00 4.241644575295129282e-01
2.236032977558747525e+00 5.769685100269943412e+00 4.218409491225468821e-01
2.562967657086760109e+00 5.438945271128210912e+00 4.213083364336372427e-01
2.937704084509736191e+00 5.319889544678770399e+00 4.224969923415919371e-01
3.367231445267139911e+00 5.301131401491744555e+00 4.068392233449047990e-01
3.859560827035453556e+00 4.891529125607913642e+00 3.952696029692066015e-01
4.423874634018451601e+00 4.632063546290609679e+00 3.888073857360476726e-01
5.070697847388046853e+00 4.580243726249532799e+00 4.019407910539005702e-01
5.812094326043355963e+00 4.493504941772759942e+00 4.039780132592026285e-01
6.661891808881079236e+00 4.397230364893534471e+00 4.188227047962930771e-01
7.635939815080314830e+00 3.997663874963393482e+00 4.117142659859828746e-01
8.752405252483683284e+00 3.909333063405848741e+00 4.712453760522442581e-01
1.003211124744809091e+01 3.650966185029537847e+00 4.990084155876163274e-01
1.149892551565923782e+01 3.231187473398673848e+00 4.830123040389666111e-01
1.318020551738933932e+01 2.717956074833471014e+00 4.807271238310916184e-01
1.510730869976081614e+01 2.581459084698149997e+00 4.975175874568891765e-01
1.731617734251200602e+01 2.669143711972051580e+00 5.435072380232011113e-01
1.984800891518641208e+01 2.315089753710593001e+00 4.811279087289012102e-01
2.275002444853518924e+01 2.104652549288789753e+00 4.276835871049928239e-01
2.607634925097918455e+01 1.955067122608538766e+00 4.369377154299793342e-01
2.988902239631763180e+01 1.901763713774760722e+00 5.048896261821586018e-01
3.425915381057534859e+01 1.489220278470266168e+00 5.684357151122768625e-01
3.926825053874162563e+01 1.083777128734065842e+00 5.799990354922991420e-01
4.500973692751824728e+01 1.051682593327478932e+00 4.630993590852989228e-01
5.159069707690932205e+01 7.673701125622581776e-01 5.745332262929550016e-01
