2.219101367177917794e+01 1.772774623011214246e+01
2.555737677556674114e+01 1.772772813918128421e+01
2.943441508843474708e+01 1.772770412399369278e+01
3.389959772501192248e+01 1.772767223600638076e+01
3.904214581689328156e+01 1.772762988009547414e+01
4.496481528637436043e+01 1.772757359388153731e+01
5.178595006586268568e+01 1.772749874993000319e+01
5.964184678940917195e+01 1.772739914777152848e+01
6.868947820648813263e+01 1.772726645167274384e+01
7.910962973597000314e+01 1.772708940559101620e+01
9.111051183339942838e+01 1.772685271737089607e+01
1.049319203521642976e+02 1.772653544338609422e+01
1.208500280288912734e+02 1.772610858031927350e+01
1.391829028342239667e+02 1.772553133884355248e+01
1.602968634540146979e+02 1.772474504756301528e+01
1.846137988930981066e+02 1.772366210106679318e+01
2.126195984584478538e+02 1.772213822824629403e+01
2.448738605655857441e+02 1.771999169878965219e+01
2.820210743649416827e+02 1.771713270521337336e+01
3.248034976140438630e+02 1.771247742794254876e+01
3.740759881149884336e+02 1.770482646124207449e+01
4.308230850718358056e+02 1.769007879151307350e+01
4.961786816794008814e+02 1.764709678363574596e+01
5.714486820316458306e+02 1.767749384462073436e+01
6.581370950691173221e+02 1.777238003771098818e+01
7.579760869621352413e+02 1.776654647198849446e+01
8.729605924219993085e+02 1.775476400555945133e+01
1.005388176526784036e+03 1.771410757167397065e+01
1.157904943561549089e+03 1.777831118298948709e+01
1.333558410201331526e+03 1.777122849586402964e+01
1.535858399523426215e+03 1.778322061942855115e+01
1.768847172603811941e+03 1.778275231074138318e+01
2.037180199033560712e+03 1.777676864220797981e+01
2.346219180272824360e+03 1.777050774921588427e+01
2.702139184590315381e+03 1.775024890937313771e+01
3.112052034307114809e+03 1.773544176492848479e+01
3.584148410809350935e+03 1.777670367248792616e+01
4.127861516803761333e+03 1.781352729737517038e+01
4.754055566036606251e+03 1.779235451753341835e+01
5.475242866786821651e+03 1.780189667937965226e+01
6.305833836791369322e+03 1.778650532565173492e+01
7.262424945280721658e+03 1.769723626561060925e+01
8.364130335643782018e+03 1.784125960509331321e+01
9.632963755046755978e+03 1.784544858278739810e+01
1.109427842253992640e+04 1.790682742634384539e+01
1.277727362488529980e+04 1.795224229709464581e+01
1.471557816265918700e+04 1.797138044511304500e+01
1.694792230476913028e+04 1.810016595074339918e+01
1.951891167805714213e+04 1.815769476559765039e+01
2.247991855547897285e+04 1.817549477580661943e+01
2.589010835215115367e+04 1.818518401157680131e+01
2.981762184021599387e+04 1.838310451867757322e+01
3.434093670497339190e+04 1.849821192410722048e+01
3.955043564823902125e+04 1.868460077375725703e+01
4.555021237201595795e+04 1.878297096955224532e+01
5.246015152877684159e+04 1.897282697986227618e+01
6.041832419892241887e+04 1.918391265938655010e+01
6.958374676069497946e+04 1.945600851318745939e+01
8.013955827895810944e+04 1.975540493980732393e+01
9.229667990189694683e+04 2.025060282562754921e+01
1.062980293859435915e+05 2.058795617330059002e+01
1.224233749615375127e+05 2.101471273547442919e+01
1.409949255273314775e+05 2.146690814467229202e+01
1.623837688734151307e+05 2.199718867609630735e+01
1.870172865790353098e+05 2.239938530215079382e+01
2.153876937457331514e+05 2.303432074795232865e+01
2.480618742027360422e+05 2.346910946300486955e+01
2.856927077069511870e+05 2.407013780612993514e+01
3.290321154722179053e+05 2.455283388053886995e+01
3.789460846973127918e+05 2.493817370260244815e+01
4.364319723055972718e+05 2.533113888728394159e+01
5.026384336513085291e+05 2.578573687622451871e+01
5.788883743983225431e+05 2.626288220387655770e+01
6.667053841847816948e+05 2.678196384992165946e+01
7.678441802583646495e+05 2.761490666098021052e+01
8.843256693922743434e+05 2.826450035722891130e+01
1.018477328672276577e+06 2.883354133855081969e+01
1.172979712024266599e+06 2.966762015164917443e+01
1.350920011753407773e+06 3.177921565161359041e+01
1.555853745335769840e+06 3.454270619920036722e+01
