2.219064355254712595e+01 1.760076766978955121e+01
2.555615413743433351e+01 1.760074016624017901e+01
2.943208982424193465e+01 1.760070366416345422e+01
3.389586346849334575e+01 1.760065521159614832e+01
3.903662863003425088e+01 1.760059087809907297e+01
4.495706020929828384e+01 1.760050542860343370e+01
5.177540514109445979e+01 1.760039187878531664e+01
5.962784410378401390e+01 1.760024089356829435e+01
6.867121141352816949e+01 1.760003996399694159e+01
7.908612742720676181e+01 1.759977227175361847e+01
9.108060601651524735e+01 1.759941510407935894e+01
1.048942091641959280e+02 1.759893760535239693e+01
1.208028316608586294e+02 1.759829752644958845e+01
1.391242114656502906e+02 1.759743640739233683e+01
1.602242757874888071e+02 1.759627221576125677e+01
1.845244496351636769e+02 1.759468766139209350e+01
2.125100728076988048e+02 1.759251075273080289e+01
2.447400934348999613e+02 1.758948049342053466e+01
2.818582316741533873e+02 1.758518172298540705e+01
3.246058365325114892e+02 1.757890888334319968e+01
3.738366925993666428e+02 1.756934119780392223e+01
4.305340724199705846e+02 1.755359557304247886e+01
4.958303750915391674e+02 1.752373883665076093e+01
5.710297433175061315e+02 1.744004311898855875e+01
6.576341106432972765e+02 1.747546191010516026e+01
7.573731991069510059e+02 1.771806008450235481e+01
8.722390664383092371e+02 1.771465666216428403e+01
1.004525892807223840e+03 1.771217323794756382e+01
1.156875801769099326e+03 1.768832753400233315e+01
1.332331630575240069e+03 1.767747706019227749e+01
1.534397703812954887e+03 1.772249737494587762e+01
1.767109824188408311e+03 1.773601226444736412e+01
2.035115878356297344e+03 1.773679859464266073e+01
2.343768667711474791e+03 1.772858715975999644e+01
2.699232818222988953e+03 1.771191472565222824e+01
3.108607904587334815e+03 1.771645026108378218e+01
3.580070247821264729e+03 1.770224352601096740e+01
4.123036218373266820e+03 1.766242036389301973e+01
4.748350306355894645e+03 1.775050064318302390e+01
5.468501715167059047e+03 1.778057412008934435e+01
6.297873804457189181e+03 1.775336697258732244e+01
7.253031364488912004e+03 1.771254404239381230e+01
8.353051459530473949e+03 1.769348304616816137e+01
9.619904448114964907e+03 1.749155421452396197e+01
1.107889279016412547e+04 1.797221440996768038e+01
1.275915640513477592e+04 1.798185736831309356e+01
1.469425467454857971e+04 1.807924750405636516e+01
1.692283671306026372e+04 1.808473909052092310e+01
1.948941329517947815e+04 1.812017110660855934e+01
2.244524585509814642e+04 1.816527671730280247e+01
2.584937031533975824e+04 1.818874630319989549e+01
2.976977619284120010e+04 1.815525334842135408e+01
3.428476453238535032e+04 1.851875305113088643e+01
3.948451178896568308e+04 1.860450660129203371e+01
4.547287089401808043e+04 1.871332221392504280e+01
5.236944547765429888e+04 1.905882203171228184e+01
6.031197867469122866e+04 1.932263911502143117e+01
6.945910422535450198e+04 1.958258507957881278e+01
7.999351481753319968e+04 1.991605369711759366e+01
9.212561095089834998e+04 2.025799044399601101e+01
1.060977032005105430e+05 2.055125578544820897e+01
1.221888518104188552e+05 2.101126702559025006e+01
1.407204402769451845e+05 2.138470977325674838e+01
1.620625942410958523e+05 2.188240450277819349e+01
1.866415738926384074e+05 2.224824468980587966e+01
2.149482875320264138e+05 2.279870741419887636e+01
2.475480963288912026e+05 2.340643765598057868e+01
2.850921061044856324e+05 2.378417875202366005e+01
3.283301716653333860e+05 2.415948482123372187e+01
3.781258734195836587e+05 2.490558793869286802e+01
4.354737653993661515e+05 2.522682250875738674e+01
5.015192391785180080e+05 2.611429819317903522e+01
5.775814004215227906e+05 2.670364518707012991e+01
6.651794149698436959e+05 2.707530709148653258e+01
7.660628506678197300e+05 2.773543838252820848e+01
8.822466209359643981e+05 2.825362727140949914e+01
1.016051228008756647e+06 2.904655368920770542e+01
1.170149109602578683e+06 3.033485983674385977e+01
1.347618014681349276e+06 3.164011377377482859e+01
1.552002474377390463e+06 3.365965583824333862e+01
