1.074526250455410011e-03 8.510460067864464406e+00 6.061626881415214712e+02
1.234687075380115281e-03 8.510459728810129576e+00 5.275324331545352834e+02
1.418720271807787266e-03 8.510459281039290502e+00 4.591018882037132016e+02
1.630184076413616120e-03 8.510458689667295573e+00 3.995479655213364936e+02
1.873167089948061387e-03 8.510457908889357270e+00 3.477192046808588088e+02
2.152367329328662947e-03 8.510456878061162911e+00 3.026135093125247977e+02
2.473183062643843563e-03 8.510455516643775198e+00 2.633587718124659318e+02
2.841817183341188973e-03 8.510453719326886102e+00 2.291960115315355324e+02
3.265397141649534728e-03 8.510451345961229208e+00 1.994646998389839041e+02
3.752112752079442282e-03 8.510448211932112983e+00 1.735899891164485211e+02
4.311374541476262895e-03 8.510444073515472496e+00 1.510715981826977838e+02
4.953995699246541845e-03 8.510438608212307798e+00 1.314741394355705779e+02
5.692401147720683487e-03 8.510431390296087528e+00 1.144187007943637866e+02
6.540867774976071719e-03 8.510421856888617853e+00 9.957551947915541746e+01
7.515800474963247116e-03 8.510409263717674477e+00 8.665760614137913365e+01
8.636049332103250958e-03 8.510392626190821375e+00 7.541519596846679008e+01
9.923274083042457616e-03 8.510370640988845992e+00 6.563091952364443671e+01
1.140236290234345959e-02 8.510341581543080736e+00 5.711559992816486186e+01
1.310191360923050607e-02 8.510303157940340313e+00 4.970459511619434778e+01
1.505478659940382227e-02 8.510252329046060993e+00 4.325461444401359046e+01
1.729874019272366337e-02 8.510185048337943314e+00 3.764094807515861874e+01
1.987716068105564379e-02 8.510095918403170145e+00 3.275505555858376283e+01
2.283990119157321141e-02 8.509977716787270552e+00 2.850246693676153953e+01
2.624424558473321262e-02 8.509820738175008614e+00 2.480095574616703047e+01
3.015601602365544642e-02 8.509611869030283771e+00 2.157894849842473661e+01
3.465084562948805152e-02 8.509333263698632521e+00 1.877413974840291644e+01
3.981564082923800402e-02 8.508960410630210802e+00 1.633228574110495401e+01
4.575026167020289358e-02 8.508459237188047197e+00 1.420615293027517012e+01
5.256945258947105792e-02 8.507781646338479220e+00 1.235460038361370039e+01
6.040506096944450731e-02 8.506858396387679377e+00 1.074177717819724087e+01
6.940858637461076730e-02 8.505587279675173917e+00 9.336417144274737012e+00
7.975410975843116868e-02 8.503812556901204189e+00 8.111213215456560377e+00
9.164165927584139171e-02 8.501287129940180876e+00 7.042250831963280611e+00
1.053010777785227947e-01 8.497598053782981609e+00 6.108470582042031083e+00
1.209964667700164087e-01 8.492006519097103023e+00 5.291103066696796198e+00
1.390312927434603218e-01 8.483061253994367945e+00 4.572932623616044800e+00
1.597542546317373691e-01 8.467489407098902632e+00 3.936915902365910380e+00
1.835660258157417180e-01 8.435949436282280445e+00 3.361907600244316896e+00
2.109270010458382250e-01 8.339803739670683669e+00 2.791654061207468285e+00
2.423661980613396327e-01 8.304330949850569965e+00 2.326503173155972437e+00
2.784914860186294971e-01 8.801898892620146242e+00 2.408568809029802082e+00
3.200013384920767923e-01 9.104760297411623071e+00 2.135903003806854716e+00
3.676983382891305663e-01 8.701675070383078747e+00 1.802296413224275806e+00
4.225046951918783322e-01 8.864778021005767172e+00 1.580939901411783977e+00
4.854800766567916037e-01 9.002512728927314356e+00 1.384575759270498585e+00
5.578420962248631376e-01 8.789885679141853814e+00 1.231864390186541147e+00
6.409898557805131514e-01 8.370042486960281636e+00 1.063480753468767359e+00
7.365309968430642229e-01 8.288113786439620156e+00 9.364786090715445654e-01
8.463127839208623993e-01 8.352076389993852601e+00 8.407956646947760682e-01
9.724578209170656740e-01 8.392249941328946861e+00 7.511619343646432911e-01
1.117405091155041053e+00 8.181136418498740071e+00 6.609962322163627224e-01
1.283957114522182197e+00 8.155379198719293399e+00 6.100328926837343957e-01
1.475334133503953149e+00 8.159243629156467392e+00 5.633574662131026756e-01
1.695236375781815408e+00 8.085777891479670743e+00 5.240722396575535624e-01
1.947915597227090290e+00 7.916817690322165646e+00 4.865662572563344557e-01
2.238257288556982250e+00 7.832304046955993471e+00 4.404120618070354043e-01
2.571875135098270704e+00 7.621925007314155565e+00 4.173093898770842136e-01
2.955219556015020288e+00 7.285101271482405494e+00 3.761783544319134420e-01
3.395702421579622765e+00 7.264484004371925430e+00 3.657670258604403535e-01
3.901840359864994223e+00 6.926833302315224650e+00 3.506472313009521002e-01
4.483419423657646341e+00 6.751778086618190677e+00 3.609110133670226372e-01
5.151684301385964559e+00 6.431354057602648666e+00 3.620129580853825857e-01
5.919555730410551497e+00 6.113429645119832223e+00 3.706082464372270624e-01
6.801880316309221186e+00 5.676492596477491936e+00 3.724315389433828227e-01
7.815717588351192902e+00 5.449454178179596653e+00 3.847548650354523647e-01
8.980669841307623358e+00 4.957111942523451553e+00 3.824127475846480495e-01
1.031926114100890324e+01 4.591542820830192717e+00 3.875686535281509526e-01
1.185737282162811823e+01 4.390520222806746808e+00 4.004976015473120099e-01
1.362474389492376581e+01 3.940368919671617398e+00 3.895317693744972387e-01
1.565554604673158501e+01 3.654848285457250157e+00 4.010175371481045081e-01
1.798904433812143111e+01 3.443090104846489918e+00 4.171892043195655764e-01
2.067035638571406508e+01 3.286265514991840941e+00 4.195199504318873340e-01
2.375132469972268723e+01 3.084522620581257257e+00 4.307837154686786629e-01
2.729151904616126600e+01 2.883861238134281635e+00 4.536044352367772925e-01
3.135938821364688778e+01 2.562765219079853107e+00 4.227320009487653407e-01
3.603358345392425122e+01 2.399972897630187507e+00 5.007318093718235996e-01
4.140447918451042142e+01 1.821302744200833157e+00 4.514120386033613208e-01
4.757592035587170187e+01 1.446064175987854084e+00 4.987938561421983996e-01
5.466723026804832131e+01 1.506862472132464603e+00 6.692596723998296415e-01
6.281551765736858783e+01 1.072713220783196419e+00 6.203647559053621086e-01
