2.213595267377530007e+01 1.693704463774768598e+01
2.537578230555904213e+01 1.693576235873376845e+01
2.908979509980587608e+01 1.693402975811074995e+01
3.334739275262895575e+01 1.693166598927328792e+01
3.822813462874860591e+01 1.692839748421247492e+01
4.382322444319183319e+01 1.692379068805738029e+01
5.023721453450458085e+01 1.691711292567688218e+01
5.758995957628398088e+01 1.690700729488688125e+01
6.601885623495444122e+01 1.689058729564079897e+01
7.568141062502930083e+01 1.686008289351154232e+01
8.675818153846947212e+01 1.677957377571173936e+01
9.945615444663380345e+01 1.675187466162608274e+01
1.140126093229221595e+02 1.709120412599924066e+01
1.306995545619674601e+02 1.709011457203217077e+01
1.498288098495636973e+02 1.708867188142225402e+01
1.717578329641003734e+02 1.708675678458074287e+01
1.968963993917070070e+02 1.708420588302668008e+01
2.257142595733706401e+02 1.708079207762375518e+01
2.587499168707537365e+02 1.707619335978260722e+01
2.966206902796884606e+02 1.706994001264135363e+01
3.400342499276899844e+02 1.706131787705748692e+01
3.898018409129302881e+02 1.704917020952544249e+01
4.468534425912138204e+02 1.703141764957789306e+01
5.122551465841362415e+02 1.700349626309053974e+01
5.872290782416238244e+02 1.694049531734645697e+01
6.731762338201685907e+02 1.686659443031577510e+01
7.717026601224341675e+02 1.692515267264924717e+01
8.846494658026338129e+02 1.692468690387684660e+01
1.014127225142287330e+03 1.701939150130155198e+01
1.162555417180621362e+03 1.693593659249814820e+01
1.332707637176767321e+03 1.705502329467250888e+01
1.527763425245246026e+03 1.729968969357749486e+01
1.751367680657705932e+03 1.725052763230605990e+01
2.007698772052991217e+03 1.721447565496590570e+01
2.301546616293243005e+03 1.674627257741161657e+01
2.638402184982292511e+03 1.778357957564812608e+01
3.024560111204978966e+03 1.761156313971769194e+01
3.467236313842602158e+03 1.851758253172561908e+01
3.974702837444817760e+03 1.857445137067561802e+01
4.556442427335818138e+03 1.913284219184431123e+01
5.223325728414066361e+03 1.919713335706354584e+01
5.987814418861205922e+03 1.925360591087531503e+01
6.864194074607005859e+03 1.916734253573085311e+01
7.868841115959448871e+03 1.918109561415006326e+01
9.020528824683471612e+03 1.930649029665590888e+01
1.034077814989964099e+04 1.900347877779547900e+01
1.185425985811802639e+04 2.046816892845158975e+01
1.358925554216170895e+04 2.061779721528385778e+01
1.557818610359789818e+04 2.061150769966660690e+01
1.785821758413459611e+04 2.101880755331833583e+01
2.047195566681785567e+04 2.119108520447306887e+01
2.346824182478820512e+04 2.144868529409781388e+01
2.690306599478621501e+04 2.155456795138275083e+01
3.084061283003051722e+04 2.182233524494685994e+01
3.535446108321535576e+04 2.188278138936635386e+01
4.052895853183187137e+04 2.178130302477313052e+01
4.646079813828005717e+04 2.189001143538029481e+01
5.326082489760049793e+04 2.283865437840024271e+01
6.105610713638664311e+04 2.296920387214721160e+01
6.999231096809149312e+04 2.305371617261848272e+01
8.023642227485687181e+04 2.351247660967541009e+01
9.197986708002953674e+04 2.387580315210280801e+01
1.054420886200336681e+05 2.420609551179469321e+01
1.208746479583569162e+05 2.441347521095018891e+01
1.385659247675479855e+05 2.492060043073477615e+01
1.588465061201305944e+05 2.515551480398292128e+01
1.820953639857788221e+05 2.542325011757268882e+01
2.087469368702159263e+05 2.573649977326960681e+01
2.392992479264930880e+05 2.595361830296661765e+01
2.743232112372887204e+05 2.655540580895710789e+01
3.144733001695607672e+05 2.694961917713157362e+01
3.604997771551752812e+05 2.712944692028914417e+01
4.132627134286368964e+05 2.705549889723780410e+01
4.737480607009798405e+05 2.815743049717303137e+01
5.430860750922688749e+05 2.897175724177526135e+01
6.225724376005138038e+05 3.023074866268444794e+01
7.136924657734853681e+05 3.089866323331083464e+01
8.181488690135000506e+05 3.121518085999834469e+01
9.378935661631536204e+05 3.218172901976978295e+01
1.075164159929582616e+06 3.542880128308419785e+01
