1.070760596227591198e-03 2.568611193607793108e+00 1.220502730450943432e+02
1.222295912639743054e-03 2.568558593462907158e+00 1.069100684839713580e+02
1.395276687729615859e-03 2.568490023174253789e+00 9.364562171558380044e+01
1.592737908382028554e-03 2.568400622716605408e+00 8.202420327136630362e+01
1.818144076444826651e-03 2.568284045102498858e+00 7.184191012787046304e+01
2.075449994198626247e-03 2.568131995934721079e+00 6.292008776371026357e+01
2.369170152258718957e-03 2.567933626447790552e+00 5.510219499483340400e+01
2.704457937335599284e-03 2.567674730703197294e+00 4.825105647787417951e+01
3.087196049572217375e-03 2.567336679125483023e+00 4.224645451675296925e+01
3.524099715850608112e-03 2.566894993813673587e+00 3.698301767377703442e+01
4.022834509968758500e-03 2.566317431468954080e+00 3.236836875990076123e+01
4.592150846869399831e-03 2.565561380259865132e+00 2.832149912126572389e+01
5.242037510652436741e-03 2.564570283840572618e+00 2.477133976123562675e+01
5.983896910054766621e-03 2.563268657294622166e+00 2.165550272756376060e+01
6.830745136294599784e-03 2.561555013593286745e+00 1.891916821466142196e+01
7.797440333340449961e-03 2.559291597234422344e+00 1.651409369976636654e+01
8.900943387412933033e-03 2.556289067442721663e+00 1.439772048878416655e+01
1.016061550957568851e-02 2.552282861408120773e+00 1.253234886776286494e+01
1.159855793256946502e-02 2.546895175582231996e+00 1.088434234774931930e+01
1.323999968194721627e-02 2.539570601985563947e+00 9.423296184275363530e+00
1.511374022504263087e-02 2.529459909936368600e+00 8.121043703297882388e+00
1.725265476414852839e-02 2.515191844231393858e+00 6.950209775152393021e+00
1.969427103938841891e-02 2.494370394840527805e+00 5.881515958062059291e+00
2.248142776141824964e-02 2.462258873923561353e+00 4.877103622616818512e+00
2.566302622630921293e-02 2.407105844636297842e+00 3.866172121316546306e+00
2.929488829986512735e-02 2.264192924194035061e+00 2.472860813090430820e+00
3.344073582490342256e-02 2.642790046171559215e+00 4.185298931522455135e+00
3.817330863542250929e-02 3.520170023245159818e+00 8.178371992084612074e+00
4.357564079346723518e-02 3.529959304128464481e+00 7.108415718698060992e+00
4.974251744055743774e-02 3.543956389344865787e+00 6.157651057306303244e+00
5.678213782446785152e-02 3.564797171526181696e+00 5.304643502061205496e+00
6.481801367954109772e-02 3.598037513307327906e+00 4.523284941487030864e+00
7.399113626804612598e-02 3.659210258174503405e+00 3.765393116817119079e+00
8.446245010381393803e-02 3.881460136577849607e+00 2.732067873924577395e+00
9.641567676019208166e-02 2.955516223593145142e+00 3.082358744467115663e+00
1.100605383066679266e-01 2.644813789702659346e+00 3.019679181033225301e+00
1.256364369300868866e-01 2.622653842229952570e+00 2.535521961410396763e+00
1.434166553002532152e-01 2.575460255140109567e+00 2.029001976390671036e+00
1.637131513762790092e-01 2.451326194843160167e+00 1.542400525301094616e+00
1.868820317796458241e-01 2.844277746923387973e+00 2.088651586876529187e+00
2.133297997655487499e-01 2.999796002252831162e+00 1.820525531199691516e+00
2.435204874145946441e-01 2.991529177514946181e+00 1.766232390526669027e+00
2.779837971807753716e-01 3.363299584961897182e+00 1.692327133508318537e+00
3.173243956410183308e-01 3.357235684315491131e+00 1.748814330550824137e+00
3.622325225072556276e-01 2.869006267186886561e+00 1.474384632547376173e+00
4.134961010385314051e-01 2.656625983039763383e+00 1.338671866965956303e+00
4.720145623330730955e-01 2.163876863254173610e+00 9.819648272061559657e-01
5.388146260506609941e-01 2.243283515771825165e+00 9.309527626813848267e-01
6.150683144416441150e-01 2.191495593268109054e+00 1.009529252888162976e+00
7.021135157428248785e-01 1.993768355357730115e+00 8.194140244898837633e-01
8.014774577296499558e-01 2.009806471206603273e+00 7.310172776273600181e-01
9.149035032734988970e-01 2.080155303792439181e+00 7.154740111450902385e-01
1.044381738038189011e+00 1.971302912826437215e+00 6.259509010389965322e-01
1.192183886983769536e+00 2.036124219506445954e+00 6.096893595071078975e-01
1.360903172295567343e+00 2.116577945122813276e+00 6.653165414754400597e-01
1.553499812054877749e+00 1.985113333240417166e+00 6.244967561122829469e-01
1.773352957935787177e+00 1.810081913011439836e+00 5.929391589523140826e-01
2.024319983186785077e+00 1.731116628619362441e+00 6.047564274075858393e-01
2.310804161118235278e+00 1.797615530023206620e+00 5.603374046549466359e-01
2.637831921530087165e+00 1.686895800245163723e+00 5.023421164874390943e-01
3.011141040561370552e+00 1.586575690322788112e+00 3.993052611716600975e-01
3.437281311272355033e+00 1.663692722728129292e+00 4.468293954111408617e-01
3.923729461247535077e+00 1.611679470999324959e+00 4.474426031321435127e-01
4.479020333474819537e+00 1.372499943049825699e+00 4.451736266935783504e-01
5.112896632099185545e+00 1.500444509359697642e+00 4.660548497118690014e-01
5.836479860373952278e+00 1.424726868791337697e+00 3.962979735447336171e-01
6.662465449954735774e+00 1.411972619123357697e+00 3.907652990509889457e-01
7.605345505123784378e+00 1.331667661731746222e+00 3.551799606256957897e-01
8.681663070042565877e+00 1.255508170082771047e+00 3.282437844079851841e-01
9.910302380209117246e+00 1.140320985206188409e+00 3.110974652019798392e-01
1.131282019064775213e+01 1.099991477414703045e+00 3.021830465210249561e-01
1.291382399405928716e+01 9.878054410905133809e-01 2.862520197579511705e-01
1.474140376485490656e+01 9.593341893747852067e-01 2.490488959886735520e-01
1.682762480412049300e+01 1.005501948689974334e+00 2.823726759220808180e-01
1.920909033258805465e+01 9.617220290273027494e-01 3.472656597128470635e-01
2.192758370243525690e+01 7.902610108308304460e-01 3.674501777225427923e-01
2.503080149566472201e+01 5.253080206052480605e-01 3.593975867998773777e-01
2.857319037144016249e+01 5.890146038614801904e-01 3.660062095517316316e-01
3.261690234505531549e+01 4.129035943276229137e-01 2.826300742588083725e-01
3.723288525912177249e+01 4.011769130946006845e-01 2.400774183323229893e-01
