2.215501629192250022e+01 1.323491496809978329e+01
2.543858872059550080e+01 1.323466507430458350e+01
2.920881607889148768e+01 1.323433323517957305e+01
3.353782499890733959e+01 1.323389136243512354e+01
3.850843192751622723e+01 1.323330057390749914e+01
4.421572745294195528e+01 1.323250572670558078e+01
5.076889544276345134e+01 1.323142530969662722e+01
5.829330179451230975e+01 1.322992920248092830e+01
6.693289275787176962e+01 1.322777388816414934e+01
7.685294870976939308e+01 1.322428681632661096e+01
8.824324606367497381e+01 1.321584040431823048e+01
1.013216878022590919e+02 1.322425381764501751e+01
1.163384720876044440e+02 1.321865550143153989e+01
1.335808786968958373e+02 1.320873190660136309e+01
1.533787648508752284e+02 1.320352583380950406e+01
1.761108755734420299e+02 1.318843643025266488e+01
2.022120893032306412e+02 1.317781680515336973e+01
2.321817373699094276e+02 1.316202073481256107e+01
2.665931564916002117e+02 1.313591919450623990e+01
3.061046570382227401e+02 1.305582975475678253e+01
3.514721168899932309e+02 1.299709602026638144e+01
4.035634418188801078e+02 1.312868382236405118e+01
4.633751690284866527e+02 1.308010549395354438e+01
5.320515314876904540e+02 1.317274016573542283e+01
6.109063477697790177e+02 1.319905775919925617e+01
7.014481561623787229e+02 1.311336689802192801e+01
8.054090738782483641e+02 1.312657127883045938e+01
9.247779334603501411e+02 1.353426380365372239e+01
1.061838330299810423e+03 1.364084491547171041e+01
1.219212309137814145e+03 1.391790862775637194e+01
1.399910525299509118e+03 1.408678738830806054e+01
1.607389840273361187e+03 1.416592042305868659e+01
1.845619453472743317e+03 1.456859039970880509e+01
2.119156835318638969e+03 1.487460115114186010e+01
2.433234914287293122e+03 1.507666989564910587e+01
2.793862185861507442e+03 1.511192759389823692e+01
3.207937658527786425e+03 1.548477155528365046e+01
3.683382835802790851e+03 1.583852768912461961e+01
4.229293259181672511e+03 1.612951746849469004e+01
4.856112511112651191e+03 1.622949400432629830e+01
5.575832006775453010e+03 1.638453738367990908e+01
6.402220396795981287e+03 1.682177174831999622e+01
7.351086969504016452e+03 1.699145225313100838e+01
8.440584091771590465e+03 1.710528322015967007e+01
9.691554474300352013e+03 1.752746460839051323e+01
1.112792990474394901e+04 1.778827436813934426e+01
1.277718907666091764e+04 1.798232165811133143e+01
1.467088327283093531e+04 1.819063404159593134e+01
1.684523995956065482e+04 1.835336706002703977e+01
1.934185583908770059e+04 1.877048869760429994e+01
2.220849261857640886e+04 1.913959508372523288e+01
2.549999071922699295e+04 1.931922988685597531e+01
2.927931840528239263e+04 1.977406791148815302e+01
3.361877640337807679e+04 2.005679130841060243e+01
3.860138105730027019e+04 2.026878954822997869e+01
4.432245247870398453e+04 2.054609692074073735e+01
5.089143807603360619e+04 2.092396155118333212e+01
5.843400634680977964e+04 2.128966130460487705e+01
6.709445098874138785e+04 2.146936561592619341e+01
7.703845132170012221e+04 2.193701983322206672e+01
8.845624182902780012e+04 2.239086918720520458e+01
1.015662514533368521e+05 2.274510605865393842e+01
1.166192822686397267e+05 2.325007152406126920e+01
1.339033074692238006e+05 2.363057599005150422e+01
1.537489804635773471e+05 2.399256680662973196e+01
1.765359604655215808e+05 2.443574673521803575e+01
2.027001755947714555e+05 2.476067137317651046e+01
2.327421624342410360e+05 2.506724732379418441e+01
2.672366415846550954e+05 2.554059142012539141e+01
3.068435124023701064e+05 2.609398883286949911e+01
3.523204772561016143e+05 2.670303250202364609e+01
4.045375368119019549e+05 2.714042978303817222e+01
4.644936336495807627e+05 2.804542950019308734e+01
5.333357626125812531e+05 2.866815780569663019e+01
6.123809134833771968e+05 2.915018559957509225e+01
7.031412657604699489e+05 2.962536432591909374e+01
8.073531175276516005e+05 3.033106248020378004e+01
9.270101018415611470e+05 3.135225114697654902e+01
1.064401326086252462e+06 3.312000206176669082e+01
1.222155163922701497e+06 3.565662119193536483e+01
