22.15466791404464 12.277250310631565
25.437440333268164 12.27682040135533
29.206638222655624 12.276249271748412
33.534337775073325 12.275488443134346
38.50329508790894 12.274470952592495
44.20852866009374 12.273102462135956
50.75913637594255 12.271245832422991
58.28038172094351 12.268690548096032
66.91608912299611 12.265076212993934
76.83139422382405 12.259584002975489
88.2159016724132 12.247876374158297
101.28731082513401 12.250789401848873
116.29557868471618 12.23634813704638
133.52769968355125 12.201768044308167
153.313193712358 12.154376874018208
176.0304073386091 12.269750745321597
202.11374870927972 12.242961198838064
232.06199448677972 12.21540656754373
266.44782766680527 12.150422944958562
305.92878866428964 12.085377405830442
351.25984907873783 12.007126757941121
403.30784857979586 12.287150704181634
463.0680709812712 12.281814735285728
531.6832764782894 12.293120768762694
610.4655539900575 12.431943790464846
700.9214114779577 12.082209215960514
804.7805840266197 12.708800301997645
924.0291105682606 12.803691152010456
1060.9473117573737 12.916359619060287
1218.153395224712 13.109615574798195
1398.6535220486458 13.279583553238806
1605.8992918360798 13.413916860996464
1843.8537456669178 13.61627175017521
2117.0671490382315 13.903711830117008
2430.764003961575 14.051511923335035
2790.942954095503 14.268206482124686
3204.491493341394 14.323778662413229
3679.3176714087617 14.50930232124751
4224.5013148794715 14.822710820470485
4850.467655483856 15.161614354430128
5569.18668578194 15.420334831339321
6394.402054413216 15.632241080644356
7341.893877946571 15.884368792129962
8429.780494929448 15.963227013968591
9678.864932404584 16.339346066709407
11113.03271017323 16.72175830937236
12759.708589785883 16.872308671341838
14650.381002407556 17.268133856675846
16821.20418388849 17.476995396299937
19313.689531321324 17.83231417881126
22175.499401496585 18.01012349743298
25461.358530605543 18.21120385232551
29234.100503742822 18.64950160640555
33565.869285240005 19.087032135884268
38539.49878600067 19.300114742241643
44250.096848505535 19.65990990159503
50806.86393911748 19.926315799561987
58335.18132548849 20.27091726706747
66979.00867007794 20.51678626343583
76903.63688757778 20.90242575673139
88298.84890754583 21.261591746946728
101382.54878368443 21.54707510214241
116404.9285471238 21.964752180420426
133653.25248403725 22.305940942354262
153457.35032456397 22.793954866969123
176195.92438611638 23.435228492930726
202303.7912789286 23.866382591462884
232280.19665279644 24.325661050296723
266698.3619831028 24.88005183464902
306216.4459538042 25.326551196113595
351590.13004556845 25.53194122909843
403687.06899598846 25.77838875519567
463503.4824596772 26.170353751874252
532183.2051409682 26.556090950143084
611039.5596838973 27.147033353658955
701580.4705821004 27.916718572846566
805537.2993474166 28.2648681362304
924897.9523354555 30.02339064198666
1061944.8943299411 32.193835051463054
1219298.794797643 34.18312702756954