22.15450307088229 11.741142900935753
25.43689695507778 11.740938637819061
29.205607755366277 11.740668036588294
33.53268780648337 11.74030896441516
38.50086466084486 11.739831437473821
44.20512272046663 11.739194450004113
50.75451920223537 11.738341184425053
58.274269155176455 11.737191455962849
66.90813939225308 11.735629090815221
76.82119710523233 11.733479151550311
88.20296571218447 11.730462237701548
101.2710482728848 11.7260870574469
116.27528774661387 11.71923560673202
133.50254363050573 11.707995602672451
153.28217630090631 11.675174961630045
175.9923439104673 11.692365852321108
202.0672322285985 11.733449365365642
232.00535564943908 11.718647047800395
266.3790880706914 11.691181583707943
305.84560586002453 11.658215526189847
351.15945212283907 11.745458303574832
403.18696248213803 11.719047540205064
462.9228281706852 11.683780298994725
531.5091130979702 11.65329611743407
610.2570884709729 11.607520921458523
700.6723024152999 11.645210229643267
804.4833638918219 11.555298976322671
923.6749912159361 11.42249640121571
1060.525957019647 11.134421515877264
1217.6526551096183 11.478441814603327
1398.059122156909 13.369519066635855
1605.1944705612198 13.56244701923644
1843.0188305234828 13.735248595656897
2116.079062044464 14.037268366584094
2429.5956843539834 14.137913595899269
2789.5626847365265 14.344904499478014
3202.8621149545525 14.538296704664287
3677.39566618846 14.759057296498753
4222.235738016951 15.007766498156535
4847.798889659627 15.204816429693917
5566.044989620323 15.415581075294078
6390.705871186159 15.629537619537082
7337.54786534687 15.935220101521374
8424.673230386581 16.0244084391018
9672.86624104864 16.365656139581393
11105.990554001002 16.499490133325686
12751.445446658816 16.868716777914777
14640.689651994931 17.337700705217088
16809.84280430704 17.486465527021625
19300.375994720314 17.698922728426325
22159.904638854357 18.065513916018396
25443.098815144866 18.385780214092694
29212.728478180557 18.711178394387762
33540.86353003233 18.905263342110604
38510.251693214 19.155139175673895
44215.90052822537 19.577699183971742
50766.89384157995 19.752063438905466
58288.47721142838 20.154200314030227
66924.4525030304 20.56193805845496
76839.92715377061 20.84579675960515
88224.47079009602 21.251141231977954
101295.73952635587 21.689082233688907
116303.63723692857 22.075458441799924
133535.0933591797 22.586429240785478
153319.54857197677 22.885414086902543
176035.25322805188 23.32341477124769
202116.49895718726 23.830477361643496
232061.92169808448 24.3488972077437
266444.0349009564 24.858761866530223
305920.1751619728 25.466556071317687
351245.06955436536 25.76062980545363
403285.26492549834 26.064375668587815
463035.69502733217 26.122920880615496
531638.7022200093 27.373589024070032
610405.8774161936 27.668235920231144
700843.1358145202 28.193967609838253
804679.5078341423 29.305636912978418
923900.1956916669 30.410547711768285
1060784.527614738 30.90356124884892
1217949.5353222727 34.42496859925193