2.215197456744079574e+01 1.325935203037919230e+01
2.542856282247450395e+01 1.325895227330901704e+01
2.918980451372173590e+01 1.325841535424080497e+01
3.350738669336939068e+01 1.325768902009655648e+01
3.846359993576527359e+01 1.325669615284114755e+01
4.415290674731620868e+01 1.325531749562911799e+01
5.068374196624488803e+01 1.325335513393444309e+01
5.818057946676496073e+01 1.325044200885618473e+01
6.678630455783891762e+01 1.324575757140861043e+01
7.666493729304254146e+01 1.323666284899851675e+01
8.800475859621857921e+01 1.319151218336323339e+01
1.010218987850338124e+02 1.326930231440157115e+01
1.159644568875861523e+02 1.326488600479765267e+01
1.331172292638106569e+02 1.325834347705756855e+01
1.528071376564249704e+02 1.324558949115252560e+01
1.754094601268685949e+02 1.324131988946114014e+01
2.013549836342071444e+02 1.322820847360771168e+01
2.311382145809447195e+02 1.319794835801869581e+01
2.653268038139125906e+02 1.318921924410786772e+01
3.045723657152025226e+02 1.314643738718765320e+01
3.496228975886487547e+02 1.309537721977303271e+01
4.013370360480523686e+02 1.311186899084097846e+01
4.607004221255135121e+02 1.307153273746374111e+01
5.288444870092031351e+02 1.309143467322208210e+01
6.070680164556738418e+02 1.306228416422655059e+01
6.968619048817145085e+02 1.304634366087653063e+01
7.999375709341622951e+02 1.351678774304179953e+01
9.182595761217060044e+02 1.363340679072152462e+01
1.054083068200598063e+03 1.379210112490913431e+01
1.209996762963158972e+03 1.383558141495472782e+01
1.388972283636660904e+03 1.408698345711002631e+01
1.594420798272483808e+03 1.416069677464315113e+01
1.830258034600831934e+03 1.431379316949796277e+01
2.100978911495869852e+03 1.466842730546462370e+01
2.411743209483061037e+03 1.493777779997046906e+01
2.768473913118138626e+03 1.512186327721434687e+01
3.177970099585550997e+03 1.523726229404207722e+01
3.648036525106610497e+03 1.555199951315311857e+01
4.187632378997988781e+03 1.580037941003156909e+01
4.807042040545324198e+03 1.606465494637390989e+01
5.518071093217431553e+03 1.626466916930868933e+01
6.334271332136632736e+03 1.656738910723785807e+01
7.271199053315096535e+03 1.681922059348304188e+01
8.346711547497998254e+03 1.733381728498061847e+01
9.581307449611555057e+03 1.756591699921190042e+01
1.099851743067606367e+04 1.777057342661002082e+01
1.262535267854173799e+04 1.797756281909618536e+01
1.449281971522619460e+04 1.817776584721144673e+01
1.663651136296887489e+04 1.843238305349133199e+01
1.909728512246747414e+04 1.868217378833668008e+01
2.192204189278621197e+04 1.897541834435809704e+01
2.516461987487887382e+04 1.924872591424572121e+01
2.888682069600151226e+04 1.960744649285741659e+01
3.315958731234193692e+04 2.005131833772449212e+01
3.806435613999668567e+04 2.029409855409435082e+01
4.369460918511573982e+04 2.046368820220534346e+01
5.015765575590179651e+04 2.089195494131243436e+01
5.757667771484576224e+04 2.130638037386688666e+01
6.609307725250195654e+04 2.165585406180375116e+01
7.586917192998886458e+04 2.198946435359020057e+01
8.709128835613888805e+04 2.236242311789786896e+01
9.997331346296195989e+04 2.263043923267072444e+01
1.147607710646428459e+05 2.299013032525422062e+01
1.317355013968862186e+05 2.347551764838420496e+01
1.512210328258743102e+05 2.402954418579175666e+01
1.735887481084478495e+05 2.454017506738747301e+01
1.992649627287978947e+05 2.491746404573880369e+01
2.287390502205992234e+05 2.542996489070212718e+01
2.625727693384418380e+05 2.587216113137639795e+01
3.014109708489541081e+05 2.632187748666845906e+01
3.459938880067577702e+05 2.693277715759924007e+01
3.971712449644842418e+05 2.730611692534463586e+01
4.559184520148440497e+05 2.775509508490453925e+01
5.233551963365293341e+05 2.845197693458304400e+01
6.007667825726198498e+05 2.899184132614076148e+01
6.896286299803499132e+05 2.954346457318355235e+01
7.916343930534909014e+05 2.995013465936931851e+01
9.087282415798554430e+05 3.119512794247173204e+01
1.043141915372817428e+06 3.251949768089291126e+01
1.197437259918205673e+06 3.451515325412366053e+01
