22.15162481149792 12.170227227506864
25.427410098871782 12.169740957495712
29.187618959698604 12.169098015126576
33.50388801785035 12.168246947718632
38.45844753087209 12.167118640467447
44.14568797796919 12.165619627830498
50.673958315238856 12.16362232573993
58.167630157129835 12.160950242122142
66.7694672093368 12.157354410851282
76.64334509375313 12.152472937530094
87.97737338150726 12.145753196168481
100.987479312669 12.136271755080156
115.92152147691252 12.122151003191085
133.06401182583537 12.096138861724052
152.74153597710043 12.080103122278327
175.32897507389129 12.072226129086955
201.25664773378924 12.00957576776607
231.01850815002072 11.99117013819212
265.18155652903135 11.880645207363566
304.3966411448474 11.882756270424307
349.4108578027036 11.777708411702358
401.08178293703816 12.43203182635676
460.3938115019523 12.442480134186342
528.4769109111323 12.531576202213923
606.6281483129549 12.578036139950822
696.3364013219605 12.66266537270004
799.3107229766568 12.659316065106323
917.5129013111334 12.910268286265605
1053.1948338405548 13.136594491517808
1208.9414289906445 13.348367500515696
1387.719851796393 13.580837143384553
1592.9360520613823 13.652650138221809
1828.4996519089916 13.855550015335302
2098.898428913498 13.977153903081115
2409.283813806716 14.046122648028806
2765.5690315971274 14.122937868172365
3174.5417558110325 14.34927445248108
3643.9934220581986 14.717351291773943
4182.8676645051655 15.054041900501783
4801.4307031543985 15.412195787782846
5511.466928017433 15.703752005222984
6326.503406302127 16.06520652942467
7262.067589753269 16.39412110903606
8335.983131789739 16.58274474938277
9568.70945012011 16.683304257422414
10983.731503923986 16.938108038790965
12608.007211335891 17.187887019861797
14472.481031087484 17.48258355194254
16612.67349267278 17.748121924331347
19069.35790631437 17.94401780902136
21889.337144891357 18.204838295085583
25126.335296484398 18.481298615346212
28842.021174620226 18.709689416612445
33107.18318535028 18.971084842226233
38003.07793383253 19.307680121380475
43622.97826303789 19.71315329446395
50073.95021663095 20.06469476570762
57478.892779362934 20.373566808235893
65978.87925455118 20.515192469101336
75735.84488477847 20.75532524155649
86935.67191830657 21.349435507332096
99791.73089553029 21.645213969353907
114548.94562135357 22.063035985401246
131488.459266233 22.518393032579908
150932.9904908776 23.01407580829168
173252.98163539724 23.467890512774282
198873.65610349772 23.82939592595165
228283.11939360993 24.247391333430706
262041.65811160282 24.597043653295998
300792.4141227594 25.381508047024717
345273.63719879993 25.644888549290023
396332.7495880102 26.010588130622608
454942.4904559104 26.52209850827711
522219.44776800554 27.2251312970769
599445.3306698765 27.741561237831547
688091.3876297298 28.23163339313266
789846.4355391805 29.22737909624283
906649.0337612734 30.19363592212607
1040724.4160810976 31.813131922120192
1194626.8841582774 33.10383757522769