22.151576349330522 10.809381459425294
25.427250379413493 10.806114517957958
29.187316137748542 10.801760338829792
33.5034032627686 10.795934673264563
38.45773365698297 10.7880991864495
44.14468782265498 10.777483920574369
50.67260282005251 10.762956075335069
58.165836099560025 10.742782264275018
66.76713452386605 10.714157394275878
76.64035371034144 10.672148504692306
87.97357949735981 10.606847489041282
100.98271099881384 10.49266893909838
115.91557350438384 10.209013036227848
133.05663957672954 10.296555770295587
152.73244828299238 10.96119351455942
175.31782579752345 11.378842763470235
201.24302587895767 11.208487388819126
231.0019262484539 12.04923954019509
265.16143701094967 12.037186682799444
304.37230035081757 12.00572430235907
349.3814872372362 12.007723625319858
401.04642729778254 12.24362495555002
460.3513429407999 12.195896882823106
528.4259988932452 12.104119483992342
606.5672243346377 12.423928086140203
696.263617625968 12.51044600836106
799.223904261187 12.537686242724714
917.4094882631587 12.393159833191277
1053.0718171315132 13.15398555994669
1208.7952721484849 13.120790233386241
1387.5464011074648 13.31187819332927
1592.7304313527961 13.683175709328117
1828.2561397100205 13.784018402679616
2098.6103150853933 13.905798637837716
2408.94323225484 14.09902475760601
2765.1667651267926 14.339054407351139
3174.067008546631 14.570990302271138
3643.4335540996553 14.772590388581424
4182.207882629906 15.261982612330556
4800.653700367528 15.47826277013489
5510.552463585382 15.639454064502196
6325.4278165496835 15.858137926590867
7260.803218330628 16.11114354130141
8334.497666290188 16.39551961022484
9566.965149809888 16.60103029949389
10981.684300886838 16.649470789537897
12605.605664481896 17.05787861738929
14469.665109165979 17.273874153036832
16609.373158589973 17.7033502933639
19065.49147060322 17.982361486936554
21884.80935101722 18.180507878851188
25121.035094681312 18.323858108297937
28835.819134009398 18.765626536248334
33099.928486042 19.134795905928115
37994.59487138068 19.372316523460128
43613.062186798925 19.672245296365627
50062.36281104134 19.79386390323322
57465.356582618944 20.287086688425532
65963.07129233671 20.632230223204978
75717.38927717616 21.005886496265223
86914.13129542195 21.326764857784344
99766.59643117018 21.752882519906038
114519.62546376223 22.03402129514532
131454.26510974896 22.50242262492011
150893.12199167293 23.069842893449053
173206.50832732316 23.39746665459724
198819.4964154738 23.84759328831404
228220.0163067829 24.08683959842086
261968.15092131254 24.71643993862523
300706.8056856148 25.255361375356298
345173.95594706095 25.942945360740538
396216.70547991607 26.344640748742442
454807.423899141 26.732410814535527
522062.2704013122 27.201809440284748
599262.4567118193 27.66000329083715
687878.6542996701 28.421991516859908
789599.0108198489 29.190889617457042
906361.3094993258 30.229518233098183
1040389.8841063268 31.850673217913197
1194237.9927368052 33.93506314086738