2.215164298973394708e+01 1.348079343090287985e+01
2.542747001001194462e+01 1.348031249411278409e+01
2.918773254921541138e+01 1.347967606117762074e+01
3.350406985158520712e+01 1.347883264479543186e+01
3.845871530880789635e+01 1.347771274480510328e+01
4.414606314265292752e+01 1.347622173891401332e+01
5.067446677161270685e+01 1.347422923640037240e+01
5.816830312341562603e+01 1.347155238897994778e+01
6.677034222199240787e+01 1.346792795585048452e+01
7.664446719346200609e+01 1.346296074042049717e+01
8.797879651176640436e+01 1.345601253707510736e+01
1.009892679679174705e+02 1.344589047803810544e+01
1.159237526434206131e+02 1.342934170024063434e+01
1.330667772658981107e+02 1.339876492345972103e+01
1.527449449156277410e+02 1.341347169667990968e+01
1.753331573564556720e+02 1.338099005111171991e+01
2.012617575368176972e+02 1.333599091700668815e+01
2.310247283373715277e+02 1.319029318437552334e+01
2.651891037649944565e+02 1.322316259311309139e+01
3.044057718920166735e+02 1.351934573330008860e+01
3.494218753546168728e+02 1.338283420849217364e+01
4.010950456604647911e+02 1.360173572208310944e+01
4.604097424927996940e+02 1.363007404658556254e+01
5.284960093018179350e+02 1.354476984007110651e+01
6.066510025085217421e+02 1.372881572683933626e+01
6.963637044881060092e+02 1.374134075217803108e+01
7.993432911562466643e+02 1.397843732191566701e+01
9.175516946079051195e+02 1.400749555180290606e+01
1.053240981180979134e+03 1.408102075963601152e+01
1.208996257058969377e+03 1.454545201042822455e+01
1.387784918835623102e+03 1.465226794144295752e+01
1.593013187346582299e+03 1.476881811044806270e+01
1.828591001831384347e+03 1.496413638495467069e+01
2.099006510767338114e+03 1.499646217798704484e+01
2.409411578549339993e+03 1.523768078194731146e+01
2.765719937059832318e+03 1.537396949509363964e+01
3.174719852079272641e+03 1.544803577551456364e+01
3.644203451019268869e+03 1.552308673633561753e+01
4.183115175886435281e+03 1.579965667976908961e+01
4.801722189752376835e+03 1.637466755977626676e+01
5.511809983255958286e+03 1.656727795949247550e+01
6.326906907766508084e+03 1.670901268961242536e+01
7.262541912937469533e+03 1.705169058805106985e+01
8.336540398978788289e+03 1.750942487326411978e+01
9.569363820125017810e+03 1.768799122497307863e+01
1.098449950930906925e+04 1.794725950314851914e+01
1.260890815084871792e+04 1.829310610777596580e+01
1.447353742624359074e+04 1.850356837257631426e+01
1.661391161888775969e+04 1.871823851094808688e+01
1.907080841064653214e+04 1.878199821195664398e+01
2.189103576439602330e+04 1.913353280707054438e+01
2.512832369342749735e+04 1.942724501251674241e+01
2.884434790740432072e+04 1.969101008010539999e+01
3.310990483702640631e+04 2.001419106498106260e+01
3.800626042357275583e+04 2.040979736342067241e+01
4.362669837000233383e+04 2.057843940520719173e+01
5.007829735036708735e+04 2.093601620983914557e+01
5.748397103632689686e+04 2.116734356904580494e+01
6.598480980665859533e+04 2.173696385634699269e+01
7.574276875321313855e+04 2.216812001841717006e+01
8.694375319429649971e+04 2.248144964426097658e+01
9.980116047962750599e+04 2.272868239663751311e+01
1.145599455641369859e+05 2.315226525796290602e+01
1.315012878065384575e+05 2.363388713740432934e+01
1.509479479029318027e+05 2.401584885274618841e+01
1.732704170139184280e+05 2.427472710419576174e+01
1.988939752363078878e+05 2.509733025601871503e+01
2.283067938950210228e+05 2.557398256929190339e+01
2.620692360173030756e+05 2.593287855709350609e+01
3.008245321787188877e+05 2.633064201285313999e+01
3.453110351135228993e+05 2.688438290821622800e+01
3.963762865600759396e+05 2.728281743568473061e+01
4.549931643380683963e+05 2.762928124356376003e+01
5.222784172861765255e+05 2.792125344584512803e+01
5.995139411814913619e+05 2.864833185108251712e+01
6.881712009823031258e+05 2.930067621179024684e+01
7.899392646785143297e+05 3.018301524433345406e+01
9.067569828410750488e+05 3.100355498585322422e+01
1.040849926944280392e+06 3.196941687145649524e+01
1.194772790197297465e+06 3.547387363421916717e+01
