1.073578217665406044e-03 6.969694148503142728e+00 4.874907831508397038e+01
1.231562161225854130e-03 6.969692298130287789e+00 4.249357167109893396e+01
1.412794458760162006e-03 6.969689845551888752e+00 3.704022001614813320e+01
1.620696255166431850e-03 6.969686587579884574e+00 3.228607896854924064e+01
1.859192138830719453e-03 6.969682247238384143e+00 2.814140283351691352e+01
2.132784226576117225e-03 6.969676443331384696e+00 2.452795025374083693e+01
2.446637150688842251e-03 6.969668644944362335e+00 2.137750691866628827e+01
2.806675552332145961e-03 6.969658101948978057e+00 1.863059738329545567e+01
3.219695921743483472e-03 6.969643736325241257e+00 1.623536158317091349e+01
3.693494896436408034e-03 6.969623967941106280e+00 1.414657468027508180e+01
4.237016439308538031e-03 6.969596428131520582e+00 1.232479148035497651e+01
4.860520674955234183e-03 6.969557476194422563e+00 1.073559883673800996e+01
5.575777571333359606e-03 6.969501360219942931e+00 9.348961174414167630e+00
6.396289122928271176e-03 6.969418715971494649e+00 8.138645417481797040e+00
7.337544229603643053e-03 6.969293789173663711e+00 7.081711879760438144e+00
8.417311082514280368e-03 6.969099089594222640e+00 6.158056292848864466e+00
9.655972576487622042e-03 6.968784609821626397e+00 5.349982938265124943e+00
1.107691108049562237e-02 6.968254825195349333e+00 4.641773233638741836e+00
1.270694982957773153e-02 6.967316308290151028e+00 4.019164456909488869e+00
1.457685927042585983e-02 6.965551133879590573e+00 3.468461007855356382e+00
1.672193791898063733e-02 6.962045780050674537e+00 2.973899421964508072e+00
1.918267869496096886e-02 6.960480552879613647e+00 2.486752832276610814e+00
2.200553331180774355e-02 6.833058173301585825e+00 2.119169029652358205e+00
2.524378915152681452e-02 7.071052778169505615e+00 1.868983841605586838e+00
2.895857517730812333e-02 7.275693300273394115e+00 1.796079195325607891e+00
3.322001587266013023e-02 6.977944153233169189e+00 1.525570872547083567e+00
3.810855499011379932e-02 7.025700574678413801e+00 1.335420546719172652e+00
4.371647409806718454e-02 6.949158496609546098e+00 1.200326298722449225e+00
5.014963459157053410e-02 6.916017487146381093e+00 1.094246285244974803e+00
5.752947605120883878e-02 6.652121072667201318e+00 9.168444655997625148e-01
6.599530867335404172e-02 6.892918900243496516e+00 9.144171848064659436e-01
7.570694304628147742e-02 6.869437228016447072e+00 8.406141272351634885e-01
8.684770691476507987e-02 6.816594606570076209e+00 7.356875389015251621e-01
9.962790588099704192e-02 7.058421159368559294e+00 7.479800954597374263e-01
1.142887933699182346e-01 6.938994108078551548e+00 6.834004141822287437e-01
1.311071248004951895e-01 6.851385322470367356e+00 6.302249180092995839e-01
1.504003819326079905e-01 6.547352114041979476e+00 5.979953877298844755e-01
1.725327660102032035e-01 6.686204748452897029e+00 5.829883496255171549e-01
1.979220728340297386e-01 6.881076558050007286e+00 5.939764637884256127e-01
2.270475795455709767e-01 7.150561811894468711e+00 5.935719042451307326e-01
2.604590920019862477e-01 6.999278341265527281e+00 5.736758002330787365e-01
2.987873235304986386e-01 6.964439813017754943e+00 5.919001885655732487e-01
3.427558009832809560e-01 6.829276446102531928e+00 5.500703837763825099e-01
3.931945228449379437e-01 6.814272215429298285e+00 5.363271232968475077e-01
4.510556272183986470e-01 6.649103027393718612e+00 5.257348711819654907e-01
5.174313654557618491e-01 6.559427887002584612e+00 5.074957538751770914e-01
5.935747207245866131e-01 6.493856309175974673e+00 4.781260982079059141e-01
6.809230607288991877e-01 6.427090261619771816e+00 4.644170463176617858e-01
7.811252710803098243e-01 6.515963369077177880e+00 4.790376533474751675e-01
8.960728815193022001e-01 6.437438503128549705e+00 4.965795998182594428e-01
1.027935772560292005e+00 6.408521517603912088e+00 4.977162841947093130e-01
1.179203136599289214e+00 6.404380360721283694e+00 5.143319422689752729e-01
1.352730466712153579e+00 6.151727701706459328e+00 4.937993635044630181e-01
1.551793460156900117e+00 5.880147756931688896e+00 4.715926252091688364e-01
1.780149854123256326e+00 5.757880429173217962e+00 4.686749793207792281e-01
2.042110361010700537e+00 5.644609547515971215e+00 4.506530775224263929e-01
2.342620042289153659e+00 5.459769729979065289e+00 4.396152111727410494e-01
2.687351657046941789e+00 5.406597596048002607e+00 4.301112633978759203e-01
3.082812747378319784e+00 5.298073174528560969e+00 4.269512430947806636e-01
3.536468482074900166e+00 5.027863882246499827e+00 4.213350714668575581e-01
4.056882577556811142e+00 4.826406895915684281e+00 4.155053070769712531e-01
4.653878956225748986e+00 4.730756335466675289e+00 4.273563269081861460e-01
5.338727193885011602e+00 4.456794055117615727e+00 4.338127559317279114e-01
6.124355256940800629e+00 4.156622046925347647e+00 4.402071678578216019e-01
7.025593545251728855e+00 3.961458849934808235e+00 4.583735377801824717e-01
8.059454847454137649e+00 3.521450035547967872e+00 4.526373413912794796e-01
9.245455493515123635e+00 3.291058065270538791e+00 4.563562936801742742e-01
1.060598376695048728e+01 3.027152355881284951e+00 4.499494342252287615e-01
1.216672253127137537e+01 2.774927025601668706e+00 4.198920543242450898e-01
1.395713404863234786e+01 2.607861999323098257e+00 4.117617597921003347e-01
1.601101614266339368e+01 2.510749611198761500e+00 4.371637015482177646e-01
1.836714020424183147e+01 2.478918890327150404e+00 4.720400141912802217e-01
2.106998308391930408e+01 2.275287943353224929e+00 4.526276997493368093e-01
2.417056668702938538e+01 1.997733799834694013e+00 4.438370602337546322e-01
2.772742112061830966e+01 1.695293025861736025e+00 4.496065942583822861e-01
3.180768957364474403e+01 1.750965523566735405e+00 5.772566642787423374e-01
3.648839578741134915e+01 1.327551282775852659e+00 6.392376145492618678e-01
4.185789804242663337e+01 1.334779111109022587e+00 5.144365639300438886e-01
4.801755710879072581e+01 1.141899525394058479e+00 5.744996517268812219e-01
5.508364964621404170e+01 9.404100695773447427e-01 6.340209907137968059e-01
