1.072544055316586092e-03 7.490584893703962521e+00 4.671711659152084906e+01
1.228157445873309314e-03 7.490602421986864989e+00 4.079549854845131307e+01
1.406348489255129872e-03 7.490625383431650519e+00 3.562383642076328982e+01
1.610392934452972886e-03 7.490655452874442233e+00 3.110705661955832468e+01
1.844041802689763438e-03 7.490694814567447679e+00 2.716212393301552197e+01
2.111590343770609196e-03 7.490746311858547557e+00 2.371651477429185562e+01
2.417956997179537479e-03 7.490813636697422062e+00 2.070688351740400890e+01
2.768773809492574081e-03 7.490901565871422640e+00 1.807789732058240162e+01
3.170489970282460573e-03 7.491016248478350903e+00 1.578121788496101630e+01
3.630490369852163324e-03 7.491165541479352541e+00 1.377461121521862175e+01
4.157231358285938191e-03 7.491359371304623593e+00 1.202116866122826444e+01
4.760396201524621715e-03 7.491610055618203923e+00 1.048862431636340453e+01
5.451073092269159183e-03 7.491932419406603039e+00 9.148755160587366930e+00
6.241958988149811684e-03 7.492343308926885825e+00 7.976850970480548142e+00
7.147593024390211901e-03 7.492859556536412668e+00 6.951240483238675161e+00
8.184623791873825438e-03 7.493492062186287050e+00 6.052857335813953021e+00
9.372115394080103926e-03 7.494229883326182673e+00 5.264820411114522258e+00
1.073189790924325426e-02 7.494996812322342272e+00 4.571977544201321741e+00
1.228896870040344612e-02 7.495522867139150058e+00 3.960279217375185734e+00
1.407195195077516614e-02 7.494897371962411903e+00 3.415523909886099219e+00
1.611362487223391357e-02 7.489436320280289827e+00 2.919151494738116526e+00
1.845152026039801815e-02 7.445342840066235368e+00 2.407485574571699427e+00
2.112861647328885539e-02 7.532465867465504950e+00 2.105157948503467935e+00
2.419412751769124681e-02 7.744711964347716027e+00 2.015722893769325452e+00
2.770440776765110275e-02 7.721574345255856286e+00 1.788568321830594110e+00
3.172398794687056323e-02 7.591640492761034587e+00 1.625507783473213674e+00
3.632676141983152973e-02 7.633631594420744904e+00 1.320003719951990950e+00
4.159734259965688907e-02 7.603604169681355884e+00 1.185030552841448870e+00
4.763262244480186147e-02 6.981726597736086504e+00 1.049577553675500319e+00
5.454354963982137317e-02 6.881403983249736456e+00 9.369173964614605499e-01
6.245717020428967481e-02 7.192706691129696850e+00 9.342916826674683151e-01
7.151896302472451894e-02 7.052824823826275846e+00 8.478872693689625262e-01
8.189551424442545469e-02 6.865373126506988832e+00 7.892527520644717631e-01
9.377757967548114304e-02 7.028412100938070672e+00 7.428017617626927471e-01
1.073835915303484323e-01 6.932589196381050201e+00 7.229243741843583981e-01
1.229636739384910027e-01 6.788899123472815766e+00 6.891913115902243980e-01
1.408042410667400546e-01 6.668933133508235578e+00 6.454831036977227710e-01
1.612332623722509961e-01 6.805728789382279764e+00 6.254681536626742755e-01
1.846262917810634341e-01 7.012601381845073867e+00 6.050655279433947431e-01
2.114133716287865949e-01 6.751646668850450617e+00 5.640233608380219588e-01
2.420869382809958115e-01 6.846936698945821576e+00 5.766608062556061176e-01
2.772108747651548799e-01 6.555198238007390543e+00 5.430136763706817637e-01
3.174308768317999352e-01 6.552608534176363797e+00 5.348399324606908367e-01
3.634863230079568575e-01 6.639855307477705360e+00 5.292369376969924266e-01
4.162238668541802800e-01 6.661657351237758817e+00 5.304194457496925752e-01
4.766130012964860940e-01 6.635180409178221161e+00 5.162265717069565163e-01
5.457638811577987248e-01 6.313538459617213938e+00 4.938804652910533388e-01
6.249477315268108235e-01 6.339584180957745119e+00 4.955708664130565877e-01
7.156202171385224187e-01 6.295896043741744386e+00 4.828546483007697954e-01
8.194482023740506937e-01 6.356067723798873637e+00 4.949259865179284068e-01
9.383403938182505177e-01 6.071931915803190805e+00 4.688982973792693576e-01
1.074482428688126712e+00 6.201759270949524172e+00 4.806932039523760247e-01
1.230377054175029183e+00 5.993669137966759486e+00 4.782599026999268532e-01
1.408890136331691689e+00 6.053786860862517827e+00 4.753088236787941789e-01
1.613303344301768583e+00 5.898076996156422780e+00 4.544341418185485759e-01
1.847374478404690379e+00 5.943901096521636340e+00 4.620778445824866298e-01
2.115406551108367950e+00 5.778348343542406340e+00 4.593688810209062834e-01
2.422326890829714863e+00 5.562466001256193948e+00 4.513852599153456713e-01
2.773777722756124664e+00 5.450199992014208128e+00 4.562206178679134583e-01
3.176219891867192224e+00 5.174578775509061757e+00 4.247942925674184633e-01
3.637051634933699873e+00 5.090954935448368524e+00 4.265863843372022512e-01
4.164744584921520776e+00 4.978981655229108405e+00 4.599010362419581055e-01
4.768999508017516931e+00 4.852108114268231631e+00 4.746278194755088053e-01
5.460924636246303976e+00 4.462168556260721175e+00 4.577134266002213514e-01
6.253239874029422829e+00 4.281872248404059000e+00 4.764364934279102237e-01
7.160510632688364296e+00 4.034924340041086133e+00 4.888273494632959792e-01
8.199415591553856686e+00 3.754766003537922003e+00 4.917045134595454670e-01
9.389053308028573852e+00 3.455183911634309712e+00 4.738771023587002862e-01
1.075129331312457026e+01 3.167949944544849128e+00 4.561413801761256548e-01
1.231117814678887257e+01 2.842925421175600764e+00 4.499218764926420366e-01
1.409738372377487003e+01 2.631880282433388007e+00 4.275467208407052189e-01
1.614274649312820031e+01 2.625893211082215739e+00 4.756003509579006527e-01
1.848486708224641717e+01 2.405496254489555952e+00 4.627329531079942271e-01
2.116680152251484870e+01 2.329415729327192430e+00 6.073664009759802695e-01
2.423785276356388252e+01 2.068793491375578331e+00 6.487658139123705370e-01
2.775447702683437967e+01 1.806132165218292007e+00 5.739270763625051730e-01
3.178132166026956185e+01 1.751370554792934131e+00 5.347769174973134865e-01
3.639241357338318750e+01 1.661306905950265644e+00 5.154462736082416896e-01
4.167252010012632013e+01 1.488503962563565874e+00 5.663766146215574171e-01
4.771870730677646577e+01 1.140412774165309395e+00 5.367350862908505382e-01