1.072969543272869405e-03 7.604775130806578076e+00 4.308755031865219109e+01
1.229557738309510363e-03 7.604783151794616280e+00 3.759659217154730015e+01
1.408998271493645121e-03 7.604793562222345926e+00 3.280439201067613908e+01
1.614626192179952589e-03 7.604807020409294793e+00 2.862188006814365693e+01
1.850263263779519055e-03 7.604824324035956984e+00 2.497131668716371777e+01
2.120288994364639794e-03 7.604846403382686582e+00 2.178484670819107905e+01
2.429722033415198171e-03 7.604874273183612310e+00 1.900323715298325311e+01
2.784313447531867533e-03 7.604908898214620905e+00 1.657477450589296097e+01
3.190653608721684929e-03 7.604950885490880275e+00 1.445430070289991420e+01
3.656294681862392974e-03 7.604999833229434181e+00 1.260236924670101821e+01
4.189890987875433299e-03 7.605053000102675043e+00 1.098450460805622519e+01
4.801359851372196536e-03 7.605102610880015490e+00 9.570549061512167555e+00
5.502065922258839170e-03 7.605130356463815744e+00 8.334080861671338880e+00
6.305032397067733205e-03 7.605095891859245505e+00 7.251884996787161697e+00
7.225183065737087254e-03 7.604911755136418705e+00 6.303449462086912369e+00
8.279619682476497405e-03 7.604385046416937577e+00 5.470436621945113487e+00
9.487939815883238495e-03 7.603068031799734783e+00 4.736008499882240486e+00
1.087260108581418472e-02 7.599813116487418974e+00 4.083631449982686235e+00
1.245933855665411379e-02 7.591052385353061815e+00 3.493768702249088420e+00
1.427764304457631792e-02 7.558675121865501723e+00 2.926082463408028023e+00
1.636130922852790937e-02 7.582340598399975207e+00 2.362196178330711049e+00
1.874906375203163472e-02 7.636128877279024785e+00 2.310521797746261985e+00
2.148528498959095812e-02 8.018477855648919572e+00 2.260549239010648748e+00
2.462082785514673605e-02 8.229123905403644912e+00 2.004435940751563283e+00
2.821396898232672937e-02 7.674597706682423137e+00 1.607232548084545742e+00
3.233148984343729715e-02 7.565131006504923761e+00 1.360153859917184072e+00
3.704991793785136767e-02 7.437611390841556869e+00 1.388575847410214559e+00
4.245694911829597795e-02 7.219049426273476122e+00 1.195624391414271237e+00
4.865307749013900868e-02 7.139238019794880152e+00 1.063638201558873675e+00
5.575346317668894436e-02 7.012709706717366487e+00 9.894863203123146489e-01
6.389007266445641264e-02 6.945172420436696470e+00 8.906805047500383488e-01
7.321413150844804929e-02 7.034516160417608965e+00 8.757259821137962641e-01
8.389893498303055419e-02 6.939811334364089923e+00 7.734616320946721135e-01
9.614306891661436594e-02 6.658610388927622026e+00 7.096422308961217729e-01
1.101741005720090899e-01 6.858463375717305688e+00 7.007280747419938338e-01
1.262528081704864524e-01 7.047038847498364511e+00 6.744777329843534286e-01
1.446780276687216205e-01 6.866369687627468466e+00 6.117065404446704324e-01
1.657922068699340112e-01 7.053230093632667952e+00 6.326511681265921672e-01
1.899877700969343497e-01 6.972408040441615107e+00 6.280712682997051655e-01
2.177144117197427620e-01 6.878691211885740842e+00 5.959569901001466885e-01
2.494874540939648888e-01 6.867459039582647584e+00 5.641980263951148489e-01
2.858974252490600887e-01 6.815671563689552848e+00 5.613904745698305998e-01
3.276210343356865673e-01 6.880854375967186520e+00 5.704265965516222003e-01
3.754337488198067341e-01 6.725874824531572926e+00 5.453134019462774207e-01
4.302242071810117308e-01 6.764849652481124131e+00 5.523810369831407829e-01
4.930107349868732558e-01 6.770489643976149274e+00 5.419384342522536313e-01
5.649602713081007810e-01 6.493995683362193461e+00 5.178220791935547185e-01
6.474100572374378304e-01 6.361269080762878225e+00 5.081208244287976905e-01
7.418924896111940281e-01 6.412776292755081542e+00 4.818392248335840455e-01
8.501636018601956835e-01 6.324094721217089266e+00 4.794775869277043134e-01
9.742357013301077284e-01 6.154153772169790315e+00 4.864152600932609150e-01
1.116414769662470885e+00 6.062102438589361597e+00 4.650723539661314465e-01
1.279343321353183294e+00 5.987291532628550073e+00 4.498746648276896187e-01
1.466049517049858419e+00 5.754283025696897980e+00 4.336213294120164208e-01
1.680003444398936452e+00 5.719195075971134301e+00 4.537060444727939457e-01
1.925181612468211956e+00 5.710692182518491755e+00 4.373799993238850492e-01
2.206140858426475226e+00 5.561923126928745020e+00 4.302811798393773590e-01
2.528103040096467247e+00 5.394683861626591082e+00 4.171644610484631088e-01
2.897052088461650854e+00 5.170932982046934967e+00 4.084280532541402775e-01
3.319845223927169187e+00 5.072184678948995717e+00 4.227732286305199150e-01
3.804340403380333857e+00 4.887490242844545918e+00 4.367870790787870550e-01
4.359542366758707210e+00 4.712885098426311536e+00 4.238058436153685493e-01
4.995769997520921102e+00 4.441080993300779767e+00 4.206460752872469566e-01
5.724848107551732568e+00 4.183252412866814929e+00 4.305227575943209595e-01
6.560327210980933188e+00 3.970402760118016960e+00 4.390396805673028036e-01
7.517735371592645599e+00 3.639580369317134689e+00 4.208175458090950283e-01
8.614866804615466833e+00 3.497644018834745072e+00 4.240344200642600647e-01
9.872112596794256234e+00 3.266696738570245895e+00 4.202483099196026028e-01
1.131283969144709012e+01 3.119655519807145172e+00 4.231075565572125496e-01
1.296382518225525615e+01 3.033925374591339708e+00 4.813248034063253300e-01
1.485575398749223375e+01 2.659685656062018122e+00 4.869692728712343710e-01
1.702378915437506635e+01 2.433660364731774273e+00 4.286888552857761603e-01
1.950822539311182169e+01 2.208375043486245470e+00 4.826799662884173614e-01
2.235523798711094656e+01 2.033825686100330987e+00 4.787565011334004028e-01
2.561774099846251573e+01 1.858323332036263764e+00 5.041168909571022150e-01
2.935637071914345952e+01 1.623035360527347315e+00 4.790980828136913172e-01
3.364061264619333258e+01 1.581593989725155192e+00 4.957593044361953138e-01
3.855009292661781473e+01 1.314804732972240764e+00 5.571900112097699642e-01
4.417605827458176293e+01 1.301209836863870928e+00 7.521274258061351192e-01
5.062307186636557788e+01 1.304407201270435968e+00 9.252364841730770229e-01
