1.073086526599030446e-03 7.759695743096363785e+00 4.555731333767709401e+01
1.229942860537713064e-03 7.760425101285277627e+00 3.974415988540435052e+01
1.409727363721666876e-03 7.761387065360779935e+00 3.467189701228841869e+01
1.615791516653715572e-03 7.762657413613101021e+00 3.024596610090324589e+01
1.851976695974514751e-03 7.764337800284172530e+00 2.638385552527343236e+01
2.122685784076766644e-03 7.766565486496538995e+00 2.301356157034695826e+01
2.432965246115387659e-03 7.769527411073934076e+00 2.007224470011714246e+01
2.788599204464844473e-03 7.773481057392766402e+00 1.750505577829839510e+01
3.196217264327152942e-03 7.778786369838000425e+00 1.526410975138807480e+01
3.663418100538206983e-03 7.785956440111261756e+00 1.330758654092887738e+01
4.198911109434918208e-03 7.795741761676529435e+00 1.159894020294915506e+01
4.812678766408277908e-03 7.809278324206170296e+00 1.010619705038534555e+01
5.516162715755650731e-03 7.828366625072422202e+00 8.801319179121087188e+00
6.322477061854958613e-03 7.856046151958716806e+00 7.659594276686999770e+00
7.246652837761003926e-03 7.897927685715986357e+00 6.658955950665484735e+00
8.305918208522923563e-03 7.965859379704096632e+00 5.778883100206168244e+00
9.520019632676086224e-03 8.091236657770824792e+00 4.996731141582663405e+00
1.091158996888982879e-02 8.411055418859067601e+00 4.232647901886038788e+00
1.250657038988778683e-02 8.322171500877630024e+00 3.774314871938833083e+00
1.433469396881414601e-02 6.707940244176969102e+00 2.765392617193725755e+00
1.643003995289553376e-02 6.687036084485065146e+00 2.756922817919123414e+00
1.883166905697639809e-02 6.774144225723208734e+00 2.484344865714245731e+00
2.158435161985008954e-02 6.807174173927631244e+00 2.176654067014966110e+00
2.473940219742408464e-02 6.658230180286889066e+00 1.744808429714293840e+00
2.835563615091637318e-02 7.088806202727650607e+00 1.649950044335636523e+00
3.250046606246912578e-02 7.242226139819390340e+00 1.534120444215169909e+00
3.725115841718019266e-02 6.965091116542841299e+00 1.338802346687789413e+00
4.269627397818406833e-02 7.043049394907439087e+00 1.207275310331510587e+00
4.893731870575614151e-02 6.978527406751275919e+00 1.058742504740546986e+00
5.609063599630309538e-02 7.004812945944900449e+00 9.594561954260856229e-01
6.428957551570375906e-02 7.022486521304107221e+00 8.748493329214438452e-01
7.368697905764146072e-02 7.357211529340466072e+00 8.764747262279146689e-01
8.445802976743849166e-02 7.152522311430146829e+00 8.079818973476283750e-01
9.680351784563767659e-02 7.147070404660757603e+00 7.641313791587474036e-01
1.109535836094475009e-01 6.902015534952044007e+00 6.772092253524116812e-01
1.271720076889067685e-01 6.710054262748306186e+00 6.362363312794333536e-01
1.457611283341214703e-01 6.783960080018362149e+00 6.242309320652511540e-01
1.670674775003143653e-01 6.716891622332387790e+00 6.349983268137252557e-01
1.914882407766336780e-01 6.773786474073596686e+00 6.041279814043355456e-01
2.194786615824796394e-01 6.813412506060111618e+00 5.978680828331847108e-01
2.515605276578146698e-01 6.569659477514331769e+00 5.623421982238071548e-01
2.883318980496725192e-01 6.670524961843201872e+00 5.498775046319335225e-01
3.304782519219851000e-01 6.593274177075119091e+00 5.336340282880419617e-01
3.787852670209795880e-01 6.602484666981774275e+00 5.379883848378189670e-01
4.341534660078790187e-01 6.720987105495906277e+00 5.283761955493416762e-01
4.976150036907712737e-01 6.566630164977910411e+00 5.091528740753576976e-01
5.703529080974154564e-01 6.422999511342927015e+00 4.953691099032105916e-01
6.537231340744074082e-01 6.369473786028612139e+00 4.887998307302506285e-01
7.492798405282689034e-01 6.140801140286582971e+00 4.932271032848469794e-01
8.588043625180421525e-01 6.089034462125583858e+00 4.770426657267823889e-01
9.843384182871188770e-01 6.074260679533193930e+00 4.702343981923132188e-01
1.128222170268296409e+00 6.050993034299540163e+00 4.719360536693657515e-01
1.293137849582155496e+00 5.890554304755599269e+00 4.258953915647094024e-01
1.482159757261554134e+00 5.745500622157546644e+00 4.381680079826756891e-01
1.698811574307772521e+00 5.711799248349880287e+00 4.334161809326091408e-01
1.947132048932544102e+00 5.632393640856238726e+00 4.206778089026323997e-01
2.231750285504809028e+00 5.527285303505469649e+00 4.170559088477141518e-01
2.557972038712690299e+00 5.582646968104097773e+00 4.082348664197766319e-01
2.931878621606593072e+00 5.219548639613678098e+00 4.243717514456827877e-01
3.360440271332951312e+00 4.917073834840858915e+00 4.146339609513897129e-01
3.851646085883409398e+00 4.783488289287025630e+00 4.200886386188478760e-01
4.414652954095345194e+00 4.728725055645124797e+00 4.215547186296863535e-01
5.059956255205299236e+00 4.345116521323144632e+00 4.161233194379266309e-01
5.799585510077285733e+00 4.171827999692768074e+00 4.222331592855351756e-01
6.647328631368516483e+00 3.902338826552901097e+00 4.266784044812653165e-01
7.618988953026540223e+00 3.571865374080382516e+00 4.297401282346829943e-01
8.732679830572722679e+00 3.523106915979231424e+00 4.309345892939271394e-01
1.000916230400865814e+01 3.372639247988534539e+00 4.404719362099628888e-01
1.147223211794054265e+01 3.176968739888863524e+00 4.488647278141423280e-01
1.314916331361677138e+01 2.880828185563324872e+00 5.078735877443799618e-01
1.507121666216806588e+01 2.785418870624518650e+00 5.384018379951990285e-01
1.727422241708666206e+01 2.475803530158917187e+00 4.969865720632063444e-01
1.979924824941461026e+01 2.413880030336100102e+00 4.988862582867799600e-01
2.269336481705788344e+01 2.226503193880855491e+00 4.445386318272785964e-01
2.601052323970466773e+01 1.915014811362097058e+00 4.208999026110955000e-01
2.981256083693141790e+01 1.566420873300594652e+00 3.826538263813411556e-01
3.417035387811861824e+01 1.467167894698881758e+00 4.734254527407223967e-01
3.916513883334143031e+01 1.219800085242344290e+00 5.059377324911220608e-01
4.489002675553689414e+01 1.192485974328336251e+00 5.779442538394780060e-01
5.145173902453635151e+01 1.002256205867673833e+00 6.152671637770581459e-01
