2.228504722104503344e+01 2.026973488516795641e+01
2.586886445996792006e+01 2.026973371535701318e+01
3.002902088608679421e+01 2.026973213299392640e+01
3.485820171088233366e+01 2.026973000430857397e+01
4.046399751513521181e+01 2.026972713306494001e+01
4.697130128757362399e+01 2.026972326537322644e+01
5.452509094838607950e+01 2.026971805189496578e+01
6.329365935016763700e+01 2.026971102597593699e+01
7.347236371833398039e+01 2.026970155501697946e+01
8.528797806576592677e+01 2.026968878889583436e+01
9.900374555026650114e+01 2.026967157776171646e+01
1.149252433376219642e+02 2.026964837036727118e+01
1.334071906350826850e+02 2.026961706967114907e+01
1.548613515732196220e+02 2.026957483999254350e+01
1.797657090065255261e+02 2.026951784059993855e+01
2.086751136182592745e+02 2.026944086013969581e+01
2.422336455837231028e+02 2.026933681025123946e+01
2.811889642006955228e+02 2.026919601628054579e+01
3.264089651861846164e+02 2.026900521088009555e+01
3.789011167517658691e+02 2.026874607734044176e+01
4.398349052509781245e+02 2.026839308309485688e+01
5.105678904712155486e+02 2.026791012274012260e+01
5.926759510627709915e+02 2.026724497096187605e+01
6.879883939508403046e+02 2.026631901249501055e+01
7.986287099422495430e+02 2.026500286987466382e+01
9.270618835317093271e+02 2.026296277964877390e+01
1.076149310935126323e+03 2.026045294972563227e+01
1.249212549883176280e+03 2.025695402964440461e+01
1.450107321473443335e+03 2.025273537190739148e+01
1.683309412787707288e+03 2.024351608047798123e+01
1.954014394121234318e+03 2.020736724023261388e+01
2.268253372450254574e+03 2.024308451611912574e+01
2.633027360039364794e+03 2.025026489593897949e+01
3.056463251822150596e+03 2.020882393877048955e+01
3.547994886615828818e+03 2.017913543646379892e+01
4.118573226079982305e+03 2.024463914672594100e+01
4.780910334051322025e+03 2.034639268213987151e+01
5.549762591933781550e+03 2.035285425054710018e+01
6.442259459973578487e+03 2.036199394152220066e+01
7.478285108977555865e+03 2.036616533961413822e+01
8.680921424947517153e+03 2.036114668822886742e+01
1.007696225644650622e+04 2.036168365724131846e+01
1.169751036174842375e+04 2.036399189181997826e+01
1.357867035531236252e+04 2.036671562549036452e+01
1.576235309191720080e+04 2.037210716145598610e+01
1.829720940954063917e+04 2.036578773391998709e+01
2.123971403408408514e+04 2.035052258340821396e+01
2.465542379453993271e+04 2.033252482835921526e+01
2.862043818070547422e+04 2.022758571684001083e+01
3.322309478359011700e+04 2.040031278675762039e+01
3.856593739167576132e+04 2.051934175509008185e+01
4.476800059076048638e+04 2.052848870649941659e+01
5.196746176658266631e+04 2.052519015953973991e+01
6.032471959488408174e+04 2.058062976881146966e+01
7.002596760539634852e+04 2.069708162876462509e+01
8.128734243611598504e+04 2.075309887866522018e+01
9.435973919790847867e+04 2.088346634070706642e+01
1.095344012322066410e+05 2.098094509825627796e+01
1.271494087974753493e+05 2.111090592101591312e+01
1.475972112475828617e+05 2.135511900911252781e+01
1.713333705134471529e+05 2.159706867621986959e+01
1.988867106862692162e+05 2.190868137781237124e+01
2.308710998275679885e+05 2.227577275175317695e+01
2.679991264960403787e+05 2.273737938194841490e+01
3.110979756941595697e+05 2.335898807485265039e+01
3.611278579388721846e+05 2.390683462047534391e+01
4.192034020424730261e+05 2.458269892092813436e+01
4.866184882190095959e+05 2.521888410660302782e+01
5.648750747794799972e+05 2.594735619320378817e+01
6.557166606532945298e+05 2.670034527775746014e+01
7.611671292562524322e+05 2.738880931212396774e+01
8.835758391177200247e+05 2.808076017456739848e+01
1.025669965852864087e+06 2.860366416014750257e+01
1.190615261620407458e+06 2.945588776365643113e+01
1.382086585741739720e+06 3.002730234532775455e+01
1.604349777851460036e+06 3.025173851474247755e+01
1.862356697652662639e+06 3.152746173019885845e+01
2.161855548692482524e+06 3.239372939229325965e+01
2.509518944090120960e+06 3.395683413050056032e+01
2.913092567427146249e+06 3.539897318632981182e+01
