22.285383524324924 18.173355540761342
25.8699815474277 18.173315589737506
30.031161210833268 18.173261743255512
34.86166551830153 18.17318916515901
40.4691551611238 18.173091331045633
46.978608024201606 18.172959438809286
54.53510465204116 18.17278160713635
63.30706175621361 18.17254178957658
73.48998583163151 18.172218295411213
85.31083054100687 18.171781777661028
99.0330549834427 18.171192470682527
114.9624955841842 18.170396390433076
133.45418247627742 18.169320061018126
154.92025229540798 18.167863129442125
179.8391337456891 18.165887889850524
208.7662106612676 18.163204180267496
242.34620021855775 18.15954714202796
281.3275221806274 18.154543573510537
326.57897943072766 18.14765925777112
379.1091215652131 18.13811287273177
440.0887231152412 18.124727430674863
510.8768773844643 18.105655593125665
593.0512874735876 18.0778239578577
688.4434296081832 18.03565959225492
799.1793724784482 17.96770014460972
927.7271623589252 17.844135350606646
1076.9518301121486 17.5226768074757
1250.1792460542247 17.72361906837886
1451.2702458585838 19.18645340868706
1684.7066795916733 19.173120795507206
1955.691301713193 19.19253605937286
2270.263728356354 19.19700875337326
2635.4350463058695 19.174929222515463
3059.344073794323 19.144599221319236
3551.43875580615 19.232303065646562
4122.686736768099 19.23969855306077
4785.819803801043 19.244876042906625
5555.617648603941 19.24006722820068
6449.237272361515 19.231270137816892
7486.595375343866 19.215092273950365
8690.81225377163 19.222129732706506
10088.727097374072 19.26310464449815
11711.496172422598 19.251711722087425
13595.28722234636 19.230981224789808
15782.085562502529 19.217933034733292
18320.62983507632 19.192283476253838
21267.498279908315 19.241941145467134
24688.369731695922 19.20180109874174
28659.487448259828 19.315280653039537
33269.358395198484 19.33426328320227
38620.72586002825 19.378162155981762
44832.85936078411 19.38404473905365
52044.21288581078 19.39855354899555
60415.51071071859 19.45246294527532
70133.32956817735 19.5407955549563
81414.25700877068 19.616806580305795
94509.7186330894 19.723476820469624
109711.58178282555 19.8754902492147
127358.66058409137 20.019446785472756
147844.26732522916 20.226850694962998
171624.9784717361 20.48361387099572
199230.81069236313 20.816191974950762
231277.03369631022 21.269306667770834
268477.8831621479 21.74612085648248
311662.47938771406 22.193880554294964
361793.30645062216 22.869407772253552
419987.6637368289 23.531386208385594
487542.56794187956 24.175053870763666
565963.660552439 24.944164269830814
656998.7650885512 25.574711020491804
762676.8420194134 26.334042438168897
885353.2095670023 27.229047935547246
1027762.0382639596 27.837144649752048
1193077.2892471794 28.43343789936196
1384983.4544597338 29.200266231760843
1607757.675395507 30.068099032664048
1866365.0706220896 31.207028580269075
2166569.396710421 32.405130114368546
2515061.508945604 33.79241114779677
2919608.48490892 36.400178130276785