22.28501597896554 19.268611407296564
25.86876068530127 19.26861037752021
30.02882205806038 19.268608990769984
34.85787994115312 19.268607121137844
40.46351840383609 19.268604600343473
46.97062255024275 19.268601203410068
54.52416076967281 19.26859662321108
63.292414411947426 19.268590445549115
73.47072684008835 19.268582112147588
85.28585538351543 19.268570865827808
99.00102314666525 19.26855568061685
114.92178321964732 19.268535161897415
133.40282593663758 19.26850740823296
154.85588083737917 19.268469816842703
179.75888937548092 19.26841880167184
208.66665272751203 19.268349380281784
242.22319191989405 19.26825454104863
281.1760956384292 19.26812422770393
326.3931753678529 19.267943585790157
378.88179891260245 19.267689583429366
439.81133302025637 19.267323315157387
510.53919509518266 19.266766910581815
592.6410943949737 19.265783744098606
687.9461364375591 19.263902250835265
798.5775726918245 19.265561997174157
927.0001033929041 19.26287593195808
1076.0747873169673 19.26453166267076
1249.1227818218174 19.261214566024222
1449.9993331845185 19.249510244328565
1683.1796656283082 19.259663111373822
1953.8586825157527 19.267079694421366
2268.0667008991863 19.262091394254703
2632.8037978182915 19.256991862147856
3056.195761376124 19.250898970553852
3547.67512094649 19.23632505432478
4118.191289590543 19.20463362594797
4780.454500336202 19.196517509206416
5549.218970849894 19.235724125993663
6441.611604979124 19.21147062617932
7477.513554136547 19.313208456032694
8680.00313913322 19.314868197013073
10075.870000086223 19.244711608528227
11696.21192887904 19.373607771471786
13577.127680694748 19.37470360630491
15760.521199409772 19.4091866986985
18295.035173767646 19.41508816586144
21237.134722545226 19.409534989638683
24652.365351569573 19.409358448209364
28616.81320795575 19.42185782378605
33218.80016381028 19.397985790304773
38560.851493288654 19.40355650400329
44761.97997986046 19.403607228664566
51960.337340220634 19.383382783781755
60316.29203454066 19.539541812066457
70016.0020319942 19.58707816664337
81275.5621273421 19.743789062404378
94345.81820448597 19.810456479549988
109517.95570146498 19.98780740047673
127129.9867794007 20.119008823524652
147574.28071965367 20.33932039386494
171306.30531499398 20.591435245987437
198854.7739996927 20.915837359862586
230833.4247811702 21.307272512659054
267954.6933898931 21.79702840718433
311045.58526451554 22.35205456257568
361066.0999759681 22.85558322977698
419130.61855865706 23.555572607616735
486532.73022600246 24.20205366927255
564774.0515718011 24.911479204868087
655597.6803054146 25.471166454368838
761027.0288191491 26.376860978752205
883410.9027406812 26.830155325011578
1025475.828752152 27.54753411602688
1190386.7974602098 28.531640820789157
1381817.7745758016 29.318479138268394
1604033.5512856236 29.701372155628007
1861984.7573170948 29.82016122707215
2161418.153443505 31.741168310036116
2509004.6605787193 32.028276741247176
2912487.977755053 34.0032417520122