22.28439716186754 19.507965689105234
25.866705242112783 19.50796482767955
30.024884012894358 19.50796367032934
34.85150704543791 19.507962107370773
40.454029491557044 19.507960002364904
46.957180358660814 19.507957163983058
54.50573935276317 19.50795334083598
63.267760110374795 19.507948185918437
73.43831157811842 19.507941237692528
85.24382083443497 19.50793186896262
98.94711403765942 19.50791923386189
114.85326772713847 19.507902187355402
133.3164007449588 19.507879179027277
154.7475579869013 19.50784810405105
179.62386149863784 19.507806097853432
208.49913264810863 19.50774924770832
242.0162218555983 19.507672181419565
280.9213203784017 19.507567469016628
326.0805727734696 19.507424726919975
378.49935988144017 19.507229218148385
439.3446816293005 19.506959530021785
509.9711379602162 19.506583353938858
591.9510863042012 19.506048654669
687.1096469856686 19.505260282782288
797.5653358935635 19.50398220418319
925.7772290195783 19.500504200436275
1074.5997088889847 19.502922150568423
1247.3460117043664 19.4993179016198
1447.8619899528785 19.488197345866556
1680.6117326546223 19.502967906472815
1950.7769494164963 19.4972982378602
2264.3723308795884 19.496695299584683
2628.379453830806 19.49803898836598
3050.902212109434 19.487059734362568
3541.3472336682667 19.464521551788824
4110.633300416003 19.375111888121936
4771.434433156692 19.533409682497357
5538.462053428431 19.5057932529911
6428.792504012881 19.5037870452061
7462.247219707572 19.519878829350255
8661.834012106394 19.560315464400595
10054.259292715218 19.568132279890143
11670.522638030503 19.538539340300236
13546.606933388579 19.576777907729895
15724.27946026421 19.5730633393896
18252.02176163227 19.594236664166402
21186.108986993313 19.563397764174407
24591.862746531056 19.581651915041746
28545.105366705102 19.65587503421143
33133.84792338415 19.660504777566196
38460.249633216576 19.6855367456497
44642.89222518583 19.68595476477188
51819.41992670517 19.65390749784209
60149.60383828559 19.804986867371483
69818.89891897794 19.903178876681864
81042.57277178772 20.02390993185787
94070.49814824914 20.09487564822531
109192.71586773117 20.196302259161083
126745.89199879757 20.33419452429415
147120.8130589072 20.553846673468847
170771.08609815355 20.84109446738914
198223.23735708432 21.153583310570507
230088.4343251115 21.526644696186874
267076.0921678039 21.96050786763565
310009.66744307353 22.44620221355064
359844.99072190135 23.02537917214055
417691.5462529022 23.72459633032724
484837.1724200904 24.316921677820247
562776.7329003608 25.001144569797464
653245.3968269207 25.649446914820537
758257.2688752454 26.538910438725505
880150.229293514 27.226720036986826
1021637.982151516 27.983909471469786
1185870.4705586694 28.96232472557997
1376504.0038756875 29.61561370083669
1597782.658162629 30.34863850231672
1854632.7620822485 30.977680934740775
2152772.57179914 31.69853361614333
2498839.5765679637 32.6557020164906
2900538.2692161896 32.99097870602087