1.078687998689120599e-03 6.696104938976116472e+00 9.465138878763591492e+02
1.248447598342759205e-03 6.696105019168586026e+00 8.178101766438938967e+02
1.444923284306419854e-03 6.696105120837746227e+00 7.066071474888636885e+02
1.672319527309186569e-03 6.696105258072774902e+00 6.105251195076588147e+02
1.935502480854578780e-03 6.696105443718151307e+00 5.275079910124471780e+02
2.240104114207126969e-03 6.696105690309035907e+00 4.557792407059137076e+02
2.592642733411573697e-03 6.696106021729201885e+00 3.938039133697051284e+02
3.000662469427669340e-03 6.696106465290526444e+00 3.402557715209094908e+02
3.472894718349303026e-03 6.696107059337488288e+00 2.939889144451744869e+02
4.019444988439148728e-03 6.696107855435899481e+00 2.540132571306569957e+02
4.652009152401732212e-03 6.696108921714045259e+00 2.194733426729599444e+02
5.384123732573658193e-03 6.696110349859916155e+00 1.896300360174086563e+02
6.231455574995293026e-03 6.696112263215557192e+00 1.638447070163194894e+02
7.212137111228378479e-03 6.696114826051796420e+00 1.415655638551161530e+02
8.347154382336567646e-03 6.696118259127819883e+00 1.223158452635676667e+02
9.660796128526934895e-03 6.696122858086295260e+00 1.056836179346728102e+02
1.118117355472171039e-02 6.696129018803884669e+00 9.131296141213155693e+01
1.294082189475525071e-02 6.696137271805266522e+00 7.889635161519625228e+01
1.497739664733653379e-02 6.696148328020997909e+00 6.816807997388426088e+01
1.733447938284064099e-02 6.696163140098194688e+00 5.889856741249859340e+01
2.006251036474774110e-02 6.696182984767562907e+00 5.088945148307323052e+01
2.321986794331120513e-02 6.696209573722381236e+00 4.396934152221606951e+01
2.687411781988085016e-02 6.696245201936380731e+00 3.799015097099947269e+01
3.110345891544495298e-02 6.696292947850470689e+00 3.282392840335493389e+01
3.599839678417622590e-02 6.696356942562647241e+00 2.836011942132408592e+01
4.166368038210362112e-02 6.696442733261369185e+00 2.450320083265221172e+01
4.822054363668542426e-02 6.696557774847754274e+00 2.117063647678527971e+01
5.580929978562976235e-02 6.696712097160424371e+00 1.829111094806799187e+01
6.459234400237449936e-02 6.696919214635269846e+00 1.580300340939185055e+01
7.475762856274661972e-02 6.697197373729697922e+00 1.365306882004328948e+01
8.652268491944092865e-02 6.697571276896357340e+00 1.179529832956256286e+01
1.001392787544812257e-01 6.698074489969125800e+00 1.018993440639054526e+01
1.158987976252053853e-01 6.698752849960662559e+00 8.802619549474808736e+00
1.341384864964109414e-01 6.699669376527332076e+00 7.603660233636713173e+00
1.552486645955912792e-01 6.700911519581126186e+00 6.567390098055918557e+00
1.796810780279624875e-01 6.702602190801233206e+00 5.671618297346838311e+00
2.079585668926105524e-01 6.704917252872292011e+00 4.897150299797146999e+00
2.406862537706846716e-01 6.708114785964488291e+00 4.227368905128757959e+00
2.785644930130786179e-01 6.712587770245124652e+00 3.647861792588923624e+00
3.224038579351759526e-01 6.718969127418234599e+00 3.146074687299305062e+00
3.731424866363168280e-01 6.728375784232899726e+00 2.710939642359389445e+00
4.318661576349039910e-01 6.743143608955871393e+00 2.332274022522753398e+00
4.998315249266057636e-01 6.770844123957066252e+00 1.998160723512840020e+00
5.784930096830172008e-01 6.805499563972645660e+00 1.709770741118598503e+00
6.695339240582222073e-01 6.825299460840882126e+00 1.479238987263858718e+00
7.749024931354524526e-01 6.811338510993808271e+00 1.295312971283729686e+00
8.968535458635296109e-01 6.818454696716181651e+00 1.095578362925455851e+00
1.037996767146014188e+00 6.738809189642133823e+00 9.381792974873526259e-01
1.201352543651008187e+00 6.596134955674214595e+00 8.217068844484195500e-01
1.390416598410971538e+00 6.524149769324880666e+00 7.154522483288623391e-01
1.609234797357158797e+00 6.440123743595329131e+00 6.271577322992535342e-01
1.862489728607013451e+00 6.358288319236152120e+00 5.360539356783188270e-01
2.155600907253270915e+00 6.397750036191432343e+00 4.740278698169205773e-01
2.494840749981694472e+00 6.253951701832724197e+00 4.023008068495289580e-01
2.887468801309942990e+00 6.238565013992073638e+00 3.531602642553882121e-01
3.341887083814647941e+00 6.145875715936584882e+00 3.125554549372032143e-01
3.867819896755437803e+00 6.039190331743053086e+00 2.771381962362851059e-01
4.476521910686731331e+00 5.964154938209135892e+00 2.435600240023947372e-01
5.181019011166604571e+00 5.883862720647808686e+00 2.207260086951757794e-01
5.996387045484574685e+00 5.744177491424451887e+00 2.020983765225459472e-01
6.940074437433670695e+00 5.607032922749043635e+00 1.857900305394298845e-01
8.032275573904030352e+00 5.363337560022055861e+00 1.780924885467668195e-01
9.296362953564056397e+00 5.174999570478689748e+00 1.742186185694952760e-01
1.075938734537132646e+01 4.960636610648863076e+00 1.755511822616209472e-01
1.245265666002795868e+01 4.772146308542664528e+00 1.804058011144555607e-01
1.441240592190865755e+01 4.460409369302353433e+00 1.940739479875497053e-01
1.668057267848909930e+01 4.014489162313606307e+00 2.012980319307279276e-01
1.930569444060654050e+01 3.678588745014248484e+00 2.144903445405776654e-01
2.234394735827656220e+01 3.327551783684610687e+00 2.271487682850529266e-01
2.586034835915225116e+01 2.993412018428864840e+00 2.437468393537791100e-01
2.993014647472256939e+01 2.544282674061185023e+00 2.648811471829967679e-01
3.464043312785888418e+01 2.395745819488561246e+00 2.948255334795197857e-01
4.009200584096993225e+01 2.330387127278668036e+00 3.395408474512475183e-01
4.640152524708680204e+01 1.998991406544727401e+00 3.205644052548000111e-01
5.370401156271873333e+01 1.822494317974935552e+00 3.292151728895784668e-01
6.215573394561418752e+01 1.535218991714587755e+00 3.288420888636790496e-01
7.193755456808173676e+01 1.486437289658369965e+00 3.925828098113501308e-01
8.325879896718524265e+01 1.350855787471915370e+00 4.972518738543011407e-01
9.636173549516050230e+01 1.179884477422309397e+00 4.781863577102554164e-01
1.115267597278095906e+02 9.910065066657405275e-01 7.912895264294289577e-01