2.228413831543225143e+01 9.884138749605313023e+00
2.586584548805508987e+01 9.879879680024606259e+00
3.002323685760888949e+01 9.874060163960503900e+00
3.484884156693625812e+01 9.866063743036519895e+00
4.045006087508662063e+01 9.854981766069458970e+00
4.695155853761885822e+01 9.839391901298458976e+00
5.449803539032943434e+01 9.815834887926580876e+00
6.325744988903677779e+01 9.787114664587123869e+00
7.342475628349083649e+01 9.732289148981294602e+00
8.522624362422141076e+01 9.687404485303614976e+00
9.892457217359945787e+01 9.572459419006886350e+00
1.148246193141906133e+02 9.338399382597890153e+00
1.332802650640876436e+02 8.877834034853540501e+00
1.547022682213075484e+02 1.125868289311820369e+01
1.795674084329689606e+02 1.121227511438606506e+01
2.084290976600664180e+02 1.113294531223496264e+01
2.419296972123217415e+02 1.123450551042510348e+01
2.808148144876780634e+02 1.119725553983715471e+01
3.259498976123746274e+02 1.124308394842067749e+01
3.783394973208556848e+02 1.169062487605839706e+01
4.391496247782944238e+02 1.179769919210159124e+01
5.097337029534766657e+02 1.185107145140877805e+01
5.916626891297884185e+02 1.207263613269744695e+01
6.867600389771420168e+02 1.218843606488207953e+01
7.971422903640723234e+02 1.246046172846576638e+01
9.252661701651935573e+02 1.270299850925711738e+01
1.073983272498510814e+03 1.281176082549155204e+01
1.246603525340907709e+03 1.301025254564046563e+01
1.446968858069001726e+03 1.318131555847225655e+01
1.679538709509860155e+03 1.338599729491048862e+01
1.949489279614840825e+03 1.364905169216745762e+01
2.262828733755289704e+03 1.404876956300214808e+01
2.626530923688997973e+03 1.415913085079787948e+01
3.048690601363306087e+03 1.448080880197650977e+01
3.538703580076905382e+03 1.480040263150812052e+01
4.107475852764253432e+03 1.501245886901266147e+01
4.767666321651829094e+03 1.511926064177263740e+01
5.533968541608295709e+03 1.540724855184525843e+01
6.423437747820367804e+03 1.572849975642100162e+01
7.455870446298629759e+03 1.597547327020060237e+01
8.654245015584125213e+03 1.628597441718204664e+01
1.004523312592478760e+04 1.654438181589950219e+01
1.165979335834252379e+04 1.675685544722182740e+01
1.353386023549677702e+04 1.703152250896211228e+01
1.570914399978683468e+04 1.731276972128910785e+01
1.823405893898538125e+04 1.771299564115012259e+01
2.116480092071880790e+04 1.806166148797793269e+01
2.456659811798245210e+04 1.839434805783214699e+01
2.851516276251192903e+04 1.877340267495954862e+01
3.309837623701577104e+04 1.914590486881092346e+01
3.841824501059053728e+04 1.947607981887712114e+01
4.459317094967076264e+04 1.977733545925135772e+01
5.176058653377807059e+04 2.009180775096920968e+01
6.008001362685127970e+04 2.045415391256513260e+01
6.973661388182043447e+04 2.090100593877339463e+01
8.094530979814266902e+04 2.128958696294919406e+01
9.395556815277729766e+04 2.180439366406751844e+01
1.090569522672174935e+05 2.236597365578687402e+01
1.265855666848265100e+05 2.279720124818920723e+01
1.469315376946898468e+05 2.329230029370151200e+01
1.705476961925538781e+05 2.364374185413007368e+01
1.979596561292835686e+05 2.391294206961350710e+01
2.297775128582190664e+05 2.473582628829872121e+01
2.667094217461555963e+05 2.505841808308772656e+01
3.095773592608295148e+05 2.550533373339263932e+01
3.593354173221668461e+05 2.613248514437574954e+01
4.170910380862384918e+05 2.648043556905023266e+01
4.841296617747131968e+05 2.693951624279042534e+01
5.619433361251868773e+05 2.746852283793735694e+01
6.522639242097326787e+05 2.817511894790749238e+01
7.571016497127750190e+05 2.852082147236596654e+01
8.787898375527734170e+05 2.921193903271685954e+01
1.020036845619092346e+06 2.971841122122577872e+01
1.183986343444788363e+06 3.003129932593626705e+01
1.374287279409942683e+06 3.082684100670966743e+01
1.595175093703310238e+06 3.130927466588887853e+01
1.851565984561753692e+06 3.246595257622243480e+01
2.149166325827659573e+06 3.340717396619111668e+01
2.494599671080483589e+06 3.455905694421301888e+01
2.895554171014814172e+06 3.774954672252575705e+01
