2.228178831695593232e+01 1.130162809824416037e+01
2.585804060231140511e+01 1.129776085889411164e+01
3.000828543380276869e+01 1.129244557157913675e+01
3.482464926581038611e+01 1.128508202456591292e+01
4.041404495308491107e+01 1.127476259753809629e+01
4.690054498476973066e+01 1.126004428191274442e+01
5.442813562517458337e+01 1.123842062851521817e+01
6.316391309726575543e+01 1.120431132507484051e+01
7.330179275722979071e+01 1.115581299809240079e+01
8.506681359575961210e+01 1.106671815273113602e+01
9.872013361667728759e+01 1.077184825425393555e+01
1.145648269794887000e+02 1.108859925800204849e+01
1.329526115898904095e+02 1.136804195397359152e+01
1.542916564761798668e+02 1.138181849749970986e+01
1.790556422584307938e+02 1.197442867596264904e+01
2.077942758332420112e+02 1.200122453496527797e+01
2.411454926773099885e+02 1.200409664751005678e+01
2.798496176345576032e+02 1.188385804091140585e+01
3.247657985256508937e+02 1.180312469798876940e+01
3.768910773704742496e+02 1.205463721279072686e+01
4.373825225634328717e+02 1.201001338003447216e+01
5.075829132879828762e+02 1.202885479596175600e+01
5.890505463088109082e+02 1.212212613620962820e+01
6.835938267879503201e+02 1.257380165754305601e+01
7.933114109660992881e+02 1.264720623375665909e+01
9.206387917897976649e+02 1.304500145576870729e+01
1.068402361584584014e+03 1.337903577216619411e+01
1.239882151848476724e+03 1.348962449680287534e+01
1.438884642853442756e+03 1.362866014348338695e+01
1.669827259270441573e+03 1.384507583004936215e+01
1.937836427438081500e+03 1.402902197965363307e+01
2.248861370934057959e+03 1.424491096184377170e+01
2.609806170464820752e+03 1.459455593975089727e+01
3.028683019517246976e+03 1.487276991537595805e+01
3.514790077716138512e+03 1.509470057933817166e+01
4.078917869847246948e+03 1.548157360027147256e+01
4.733588812157472603e+03 1.561129942763123957e+01
5.493335182897791128e+03 1.582671942323710113e+01
6.375021707453453018e+03 1.611153156664788355e+01
7.398219918753299680e+03 1.641702770302481795e+01
8.585642602949166758e+03 1.662450558712382431e+01
9.963647974119350692e+03 1.690498899492435214e+01
1.156282476958357074e+04 1.712787144337139011e+01
1.341867125367931112e+04 1.735682051936784731e+01
1.557238320241397923e+04 1.761203334398433640e+01
1.807176836054712476e+04 1.789058375458522221e+01
2.097230767007104441e+04 1.809386073707888798e+01
2.433838682706558393e+04 1.839425409571121506e+01
2.824472550482436782e+04 1.854849029528762827e+01
3.277803596891310008e+04 1.912067227319777984e+01
3.803894790182496217e+04 1.940977251430108197e+01
4.414424216417544085e+04 1.972188341357157526e+01
5.122944307710136491e+04 2.015479501324843881e+01
5.945182676892353629e+04 2.054023043083416766e+01
6.899391236485952686e+04 2.081382883374905290e+01
8.006751351664327376e+04 2.124485491187630615e+01
9.291844020724137954e+04 2.159031537706377435e+01
1.078319552005572768e+05 2.210082166647585211e+01
1.251391062574983371e+05 2.256907344618482369e+01
1.452240746799010085e+05 2.296275611965565133e+01
1.685327033040860551e+05 2.361053641010536097e+01
1.955823932470482250e+05 2.396984626687787667e+01
2.269735890916287899e+05 2.463145766547362570e+01
2.634031074569287011e+05 2.490644451620527278e+01
3.056796048193838797e+05 2.537387304898343743e+01
3.547415279366584728e+05 2.618952546361657596e+01
4.116779453349224059e+05 2.667833820880421314e+01
4.777527222734553507e+05 2.720110501085585852e+01
5.544325758184723090e+05 2.749016967600982042e+01
6.434196327881084289e+05 2.783492217699724236e+01
7.466892132844824810e+05 2.867837445290578557e+01
8.665336785254897550e+05 2.908086768515973830e+01
1.005613316303308471e+06 2.930838820816858714e+01
1.167015393616685644e+06 2.964587754465587111e+01
1.354322687317646807e+06 3.073921952720851181e+01
1.571693014004701283e+06 3.140216650299117163e+01
1.823951524554065662e+06 3.168001801509593207e+01
2.116697812027781270e+06 3.286714872881211136e+01
2.456430210522510577e+06 3.464774319295328553e+01
2.850690044124479406e+06 3.674430602180979832e+01
