2.228323592326412239e+01 1.106988915805098905e+01
2.586284830933458423e+01 1.106736202766006016e+01
3.001749498928566595e+01 1.106390156442027362e+01
3.483955033315403682e+01 1.105913384238479402e+01
4.043622786810226444e+01 1.105250750928247605e+01
4.693196406283998812e+01 1.104318080523152190e+01
5.447118504674396178e+01 1.102979861573287046e+01
6.322151777888063862e+01 1.101003748031748231e+01
7.337751706402869445e+01 1.097916826654736866e+01
8.516499128213669678e+01 1.093113263290973336e+01
9.884602300943811315e+01 1.083706596540716482e+01
1.147247961596602011e+02 1.044034570572417842e+01
1.331543592059223329e+02 1.121064341538700404e+01
1.545444748567274758e+02 1.141277815793653616e+01
1.793707307156594197e+02 1.137384029073308511e+01
2.081851134910958194e+02 1.139438918015339652e+01
2.416282818628036750e+02 1.134213176157626535e+01
2.804438108802032161e+02 1.130446553965107448e+01
3.254947246020971647e+02 1.123467625116216162e+01
3.777826845644036098e+02 1.144808242702413992e+01
4.384702607120783568e+02 1.156655745203521235e+01
5.089067799668899852e+02 1.167937314514471581e+01
5.906583271478286861e+02 1.153625539468491112e+01
6.855425652842941417e+02 1.158703117426592222e+01
7.956691495165321157e+02 1.207510337842048820e+01
9.234866331455581303e+02 1.283153861205618185e+01
1.071836908741173829e+03 1.294660854377827519e+01
1.244018394751100004e+03 1.308952557602064104e+01
1.443859372501616463e+03 1.324201690331828551e+01
1.675803104163800981e+03 1.353286197675377878e+01
1.945006624197321116e+03 1.373182568638554812e+01
2.257455400799690324e+03 1.389589380788413031e+01
2.620096416742429028e+03 1.405163823057733730e+01
3.040992628512024567e+03 1.432073286814948787e+01
3.529502237998585770e+03 1.446856837296042464e+01
4.096486762656999417e+03 1.484294852449931490e+01
4.754552530370357999e+03 1.516783969940570032e+01
5.518330968409860361e+03 1.541621432729440144e+01
6.404803918432937280e+03 1.562669484195483349e+01
7.433681210569819086e+03 1.586988097657448193e+01
8.627838891576733658e+03 1.605373415626453237e+01
1.001382785061588038e+04 1.639478400040849948e+01
1.162246415144230014e+04 1.679134861472181228e+01
1.348951419643722693e+04 1.708965179550058622e+01
1.565648995641772672e+04 1.741116893558208290e+01
1.817157194735377925e+04 1.771404384847656388e+01
2.109068047544721776e+04 1.810148421304640820e+01
2.447871896862430367e+04 1.836707861047592871e+01
2.841101703866107709e+04 1.877463950200548481e+01
3.297500535896930523e+04 1.909014170017772827e+01
3.827215959725806897e+04 1.936241910031560565e+01
4.442025662444884802e+04 1.968282372133481317e+01
5.155599316436937806e+04 2.001505598683555931e+01
5.983802510725549655e+04 2.051860821204973462e+01
6.945049506312495214e+04 2.098482762393232193e+01
8.060712658660751185e+04 2.136744582500948297e+01
9.355597610418262775e+04 2.174950136874921114e+01
1.085849481981238787e+05 2.223565179518745794e+01
1.260281968739152653e+05 2.277548178909365006e+01
1.462735551368506276e+05 2.313745428144079241e+01
1.697711580669430259e+05 2.365971215174949904e+01
1.970434511175000225e+05 2.410325415216920319e+01
2.286968061617684434e+05 2.445325407913399829e+01
2.654350035587066668e+05 2.517993597913240222e+01
3.080748799979910254e+05 2.568175444526124096e+01
3.575644900382746127e+05 2.602565781576120685e+01
4.150041851421483443e+05 2.663245711561673801e+01
4.816710788788415375e+05 2.698315434541634517e+01
5.590474422537197825e+05 2.760415151279293156e+01
6.488536605060328729e+05 2.795609297374142699e+01
7.530864841360016726e+05 2.814579759823664773e+01
8.740634246341751423e+05 2.907137744934811963e+01
1.014474282007234171e+06 2.943765506652490416e+01
1.177440949762690347e+06 3.016650812423435468e+01
1.366586827055888483e+06 3.055577149493003475e+01
1.586117381308236159e+06 3.126563262828144119e+01
1.840913652525065932e+06 3.257566974585898834e+01
2.136640778287132736e+06 3.354689193494759536e+01
2.479873952359254006e+06 3.475091522455925741e+01
2.878244617478452157e+06 3.726502457293781134e+01
