2.228405667565731108e+01 1.176938372118394938e+01
2.586557432561843228e+01 1.176798155021976910e+01
3.002271735939915587e+01 1.176606378638004102e+01
3.484800091021433843e+01 1.176342590207204175e+01
4.044880924338166039e+01 1.175976813678334310e+01
4.694978553928801546e+01 1.175463670147308726e+01
5.449560576485471586e+01 1.174731194658226130e+01
6.325419836461946943e+01 1.173657169905904141e+01
7.342048142404560451e+01 1.172011035352372765e+01
8.522070047375351010e+01 1.169275417366961634e+01
9.891746347033192421e+01 1.163790321577478082e+01
1.148155850047014184e+02 1.134793451677845333e+01
1.332688697979568815e+02 1.190718742360112437e+01
1.546879864479855939e+02 1.188395963845191083e+01
1.795496066531435133e+02 1.183685800195192428e+01
2.084070133018296076e+02 1.182684923958835022e+01
2.419024135056692444e+02 1.179333328989219609e+01
2.807812305966867825e+02 1.168942615607901203e+01
3.259086931496950683e+02 1.146173224685281866e+01
3.782890902102750488e+02 1.180167240939314510e+01
4.390881212437873842e+02 1.201878119905497933e+01
5.096588381923209568e+02 1.221578965603073641e+01
5.915717569670457578e+02 1.241298542194730103e+01
6.866498084921274767e+02 1.246794845275260855e+01
7.970089071181605505e+02 1.257910218672352798e+01
9.251050392348108744e+02 1.272800810758973000e+01
1.073788920016123939e+03 1.288335667267514317e+01
1.246369434656957537e+03 1.294309504289825696e+01
1.446687275953432163e+03 1.309138896355117154e+01
1.679200416994820216e+03 1.337701226334305105e+01
1.949083321118767344e+03 1.357517555417413746e+01
2.262342096997635053e+03 1.385345404935342906e+01
2.625948161574658570e+03 1.406995012830372360e+01
3.047993385451526137e+03 1.429880310574531244e+01
3.537870173410170537e+03 1.445962277623380920e+01
4.106480487670459297e+03 1.471865527096673532e+01
4.766478465591544591e+03 1.505496058295774198e+01
5.532552031152163181e+03 1.528174324416107766e+01
6.421749767332095871e+03 1.556639497776375514e+01
7.453860323775710640e+03 1.586186257156518842e+01
8.651852803264868271e+03 1.607347959739993115e+01
1.004238792758126328e+04 1.634506331470114304e+01
1.165641135849806597e+04 1.673783945833606168e+01
1.352984237796197158e+04 1.700071391260267006e+01
1.570437325369774771e+04 1.729351876672269483e+01
1.822839707971581447e+04 1.764583739668859153e+01
2.115808474034802202e+04 1.792801524511428113e+01
2.455863496510615369e+04 1.818372051004084611e+01
2.850572529370700795e+04 1.843037226616388935e+01
3.308719624176288926e+04 1.881703151036398580e+01
3.840500614740054152e+04 1.916423817378288419e+01
4.457750020293917623e+04 1.969991640256493781e+01
5.174204416778990708e+04 2.006071533843690702e+01
6.005808137453610834e+04 2.051197347803165982e+01
6.971068106033178628e+04 2.098136976218942706e+01
8.091465698995342245e+04 2.140242388251806460e+01
9.391934802839605254e+04 2.175937637267223224e+01
1.090141670522585773e+05 2.207094352089008638e+01
1.265350416881582642e+05 2.268496713655650510e+01
1.468718902135777171e+05 2.321387954621120286e+01
1.704772989925681031e+05 2.372163263835365399e+01
1.978765945582877030e+05 2.420171250205282831e+01
2.296795344915217138e+05 2.468848296316574675e+01
2.665938772698200773e+05 2.506583903241601519e+01
3.094411330774415983e+05 2.555936516041136031e+01
3.591748461024799617e+05 2.606590441226504140e+01
4.169018151845203247e+05 2.642197968855162671e+01
4.839067250677042757e+05 2.708633808677219434e+01
5.616807364153823582e+05 2.740149475152767877e+01
6.519546708427870180e+05 2.778126871601437387e+01
7.567375294839933049e+05 2.816510439396707710e+01
8.783612023045507958e+05 2.905421892910180048e+01
1.019532363143112161e+06 2.961699447705701616e+01
1.183392705380188301e+06 3.050835920011787294e+01
1.373588858748631785e+06 3.123943741418555931e+01
1.594353543249375885e+06 3.174876246713638039e+01
1.850599766212154180e+06 3.245692022881461014e+01
2.148030158809523564e+06 3.361598173479386986e+01
2.493263885253462940e+06 3.498278416429072024e+01
2.893983948975095991e+06 3.693092749687733090e+01
