22.1908216408914 16.34099370090341
25.55674242454423 16.340987753960288
29.43320864473688 16.34097985990925
33.89766022341804 16.340969378106017
39.039283229073526 16.340955455017486
44.960791541208714 16.3409369519945
51.78047875906144 16.340912345079005
59.6345813453962 16.340879588965947
68.68000021375504 16.340835924258464
79.09743512814217 16.340777598844205
91.09499453084803 16.340699443763853
104.91235291171617 16.34059416466767
120.82553877035755 16.3404509345827
139.15244882013172 16.34025145035381
160.2591985908019 16.33994630253073
184.567436295454 16.33960172302275
212.5627660703381 16.339460032409566
244.80444885816593 16.338873628112786
281.93657472880034 16.338058343044562
324.70092982608355 16.336899954364547
373.9518149829935 16.335193589898203
430.6731120356697 16.33250727176156
495.99793876899247 16.327605916187025
571.2312851393278 16.311706310353095
657.8760829768333 16.32847162232789
757.663229960134 16.342174995082072
872.5861676504173 16.33747153552304
1004.9407043481642 16.32915337919254
1157.370878311219 16.318195009365315
1332.9217775408238 16.327424664278073
1535.1003713131593 16.315255287441406
1767.945568684075 16.312298867363474
2036.1089035213513 16.294650015721434
2344.947457904316 16.26826710153333
2700.63088021571 16.193312470298384
3110.2646358195225 16.296955246905302
3582.0319524958054 16.389670010796507
4125.357296267522 16.386103464053523
4751.09464336572 16.359775142200863
5471.744309430267 16.30548972659468
6301.702667529424 16.462390568844143
7257.54974359946 16.50641349898259
8358.380434580333 16.508438736507152
9626.185965971237 16.469910343529882
11086.293209159743 16.505342484685826
12767.87063473906 16.622808775675647
14704.511009211132 16.67752853078614
16934.90247557089 16.727079627000947
19503.60142390636 16.773143895192927
22461.92259160199 16.904169829630913
25868.96417462096 16.934697352419676
29792.788428450138 17.149534007126718
34311.78134349857 17.27454424168189
39516.218557099404 17.50796891264831
45510.06878424068 17.755620910327774
52413.070794047846 18.00097615640026
60363.12542364587 18.26670931208311
69519.05041451206 18.615524058316144
80063.75310451194 19.05643396170623
92207.88435628745 19.430068580871236
106194.04671629537 19.842012871291644
122301.64087062427 20.39873464734243
140852.44721493332 20.912056181179047
162217.05404118434 21.41709651988038
186822.26075664983 21.852396824003648
215159.60402883688 22.369443264714498
247795.1771825889 22.959279980210788
285380.93901084317 23.392449839281433
328667.7379144446 23.87883814856265
378520.3115534416 24.46869684470527
435934.5616569497 24.964443010016932
502057.44908937626 25.42595337220521
578209.9066154944 26.17932068820267
665913.2270912328 26.763162830806078
766919.4542354062 27.43548415249424
883246.3830969259 28.109934959547996
1017217.8694196253 28.665713858503494
1171510.2531623398 29.57427612597928
1349205.8235739947 31.13768250934654
1553854.3938921294 34.33583252967921