22.190352759518326 16.677187696919567
25.55519356117228 16.677157891839425
29.43026300782237 16.67711828918077
33.89292977320989 16.677065635924347
39.03229435314297 16.676995574456893
44.95096802385727 16.67690224775057
51.76712155326156 16.676777748439555
59.616844569128375 16.67661133775082
68.656862690788 16.676388315754167
79.06766667390283 16.676088343297046
91.05711604404874 16.6756828673742
104.86458916835636 16.675131002792252
120.76576262451124 16.674372582588045
139.07811529080715 16.673315606451666
160.16726705054685 16.67181145151554
184.4542786677874 16.669599602735744
212.42405858193473 16.66616074482026
244.6350444691613 16.660196871185793
281.7303528702943 16.646216243285934
324.45061949587597 16.633642794452285
373.6487865747361 16.67484355592461
430.307132486604 16.63188231861372
495.5568836881739 16.711476476948032
570.700800499465 16.70909726761331
657.239187692678 16.704435031867988
756.8998492044977 16.69735142541856
871.6725850401899 16.68554987532035
1003.8489191261054 16.658713684846667
1156.0678513070222 16.65736028659987
1331.3685469613413 16.64300296944927
1533.2510162218935 16.664658870747804
1765.7459943086142 16.6958740347502
2033.4954181864364 16.717584534745004
2341.845106325356 16.70911950717914
2696.9514919837447 16.651426030998607
3105.9045410251065 16.82867192684421
3576.869308414881 16.819191464914237
4119.248959679129 16.822342944356993
4743.872512171037 16.82263838337697
5463.211044540735 16.789614652587286
6291.6266911929515 16.804097232895888
7245.659393094022 16.81385205787184
8344.357130123566 16.751137075033075
9609.65622830795 16.849627416576023
11066.819335055268 16.967469601600087
12744.939806896527 17.004629370810207
14677.522580213375 17.027518238251805
16903.153122473006 17.117534167933
19466.267820084337 17.198657143040325
22418.041184248075 17.328050994546942
25817.407588532045 17.430248461746654
29732.237937930633 17.60025698507616
34240.69476249012 17.700991472337176
39432.79279096267 17.991061736902207
45412.19616251492 18.21018601762141
52298.288159173215 18.491955249951733
60228.55478276978 18.827254942832763
69361.32976629435 19.141288355696467
79878.95582586621 19.452200838907814
91991.42527009797 19.900303304846236
105940.57265435279 20.381655159167114
122004.90318938883 20.78875624551712
140505.15330719756 21.150341889489326
161810.69440491215 21.612025189322182
186346.9076223459 22.16273577514692
214603.6768961356 22.675325928212498
247145.16986070052 23.2347095754224
284621.10187905346 23.714537146434047
327779.7080983055 24.10998282661656
377482.6825267006 24.722120153315274
434722.3824020803 25.339901423827257
500641.64134992595 25.82899904708416
576556.5869155687 26.34652020382143
663982.9180397418 26.906465188796627
764666.1671270295 27.566619242654976
880616.5509121513 28.290643533662077
1014149.1059478068 29.049320435455538
1167929.910049279 29.949914615305975
1345029.3125416595 31.241118768446114
1548983.2360915886 33.19481422576748