22.19131184683251 16.634249096071123
25.558361775291335 16.63423105307528
29.43628845132527 16.634207106801767
33.9026063332163 16.63417532025035
39.046591015902706 16.634133116724154
44.97106372820079 16.634077064874877
51.79444658874894 16.634002590067226
59.653129702433546 16.633903582607136
68.7041974123217 16.633771863653557
79.12856820115357 16.633596450658295
91.13461100473722 16.63336253333985
104.96231022241204 16.633050022511515
120.88806267745179 16.632631444388053
139.2302024120949 16.632068783049466
160.3553637503088 16.63130851144448
184.68580981722454 16.63027317081901
212.70787300233573 16.628845237878263
244.98167607979425 16.626828414403377
282.1523282977222 16.62379734620381
324.96282023107494 16.61759057529285
374.2688751485538 16.6183246625544
431.05605375211064 16.610655566639537
496.4594541894288 16.596068780314553
571.7864011157244 16.57611123207493
658.5425773282284 16.549978648169574
758.462120309037 16.52073385495059
873.5422852651163 16.642674744253075
1006.0833675322967 16.669744311997302
1158.7346823375888 16.678752520387683
1334.5475209924803 16.683392959364017
1537.0361420391905 16.639577353763997
1770.24801647961 16.56485159828164
2038.8447311931136 16.688745410945174
2348.195167692086 16.751705337605813
2704.482818731227 16.773037708787378
3114.8293878831037 16.821607435927653
3587.4371426666607 16.831870803994875
4131.752866673326 16.8167433191373
4758.656687869805 16.7778187272481
5480.679557497459 16.77831441061797
6312.253726674466 16.732444846628766
7270.001227385963 16.807076278543647
8373.066124203204 16.917805109255582
9643.497177989846 16.96117232781643
11106.688570520266 16.960722776140464
12791.887499493121 16.963115081651885
14732.778790071307 17.03284987985459
16968.15820853457 17.156002669426897
19542.707936665192 17.21766940326904
22507.88970754065 17.383994601663844
25922.973455298048 17.417582744920168
29856.222040174296 17.56714837429813
34386.255729857614 17.863217047082003
39603.623711269254 18.041840909090723
45612.61404514957 18.238806006895345
52533.338241969075 18.602808084260108
60504.13212699002 18.976755161102005
69684.3209844921 19.258770073161926
80257.40425261922 19.5422076946968
92434.7234265483 19.924281363485672
106459.68648635475 20.439632797581655
122612.63329011908 20.841539877344946
141216.4391848378 21.33810037438103
162642.96884366852 21.786332471923924
187320.5093329016 22.220840666173437
215742.3309855159 22.771987273226912
248476.54720149012 23.246855690400402
286177.4702588123 23.74287884182003
329598.6901223419 24.19498219816513
379608.13767805096 24.67665615224346
437205.43348612695 25.227062604529554
503541.86883081764 25.88850960618965
579943.418460919 26.42632853719629
667937.2450141576 26.859084277093572
769282.2249127172 27.272758351960192
886004.1059008721 28.131850017347748
1020435.9989758898 28.328647321086123
1175265.0140906046 29.990379385290773
1353585.9718116678 31.999003868667025
1558963.264556166 34.85949105415649