22.190272591981497 16.458331500509015
25.55492874672797 16.45832518250479
29.429759393146263 16.458316801440372
33.892121027704945 16.458305682726845
39.031099521123124 16.458290930995812
44.9492886143803 16.458271356322737
51.764838083677965 16.458245377743836
59.61381246358885 16.45821089216717
68.65290741756415 16.458165099842045
79.06257798498281 16.458104268307345
91.05064115656467 16.458023412861422
104.85642469938372 16.457915859360373
120.75554505795829 16.457772639557234
139.06540971666652 16.45758163987564
160.15155387176802 16.457326370800835
184.43493791733275 16.456984112533714
212.40035143091336 16.456522924246862
244.60609143478223 16.45589623502312
281.6951081479846 16.455030911117014
324.4078407412103 16.45378975340372
373.5969993454336 16.451720830054416
430.2445884199659 16.44980431015857
495.48151133170614 16.450100267233214
570.6101475282585 16.446718736739818
657.1303530319759 16.44195298732231
756.7694033246123 16.435018675256003
871.5164763975259 16.423950762336503
1003.6623643815026 16.409796903387182
1155.845206552801 16.386101260709633
1331.1031567218038 16.338773945175824
1532.9350364475565 16.135146904051258
1765.3701849492275 16.57378625893396
2033.0489001868998 16.571841787796806
2341.315077024502 16.553601939491223
2696.3228918882924 16.557366077853125
3105.1596637562507 16.545467115128194
3575.987344255466 16.54170939646197
4118.2054615530615 16.513185551744215
4742.638771026331 16.463650503304127
5461.75335893992 16.49297748748259
6289.905513389114 16.59300687577245
7243.628330928809 16.642543965423805
8341.9617806568 16.59185315081861
9606.83281509777 16.659122443644524
11063.493116360554 16.592332484040718
12741.023216662652 16.80855645123671
14672.913057403164 16.883295436421953
16897.730576972128 16.929573772033223
19459.891674875973 17.055569204200633
22410.546923619102 17.156991622608178
25808.602730515184 17.204295701268457
29721.897335738428 17.358282899280134
34228.5551240511 17.54203079979561
39418.54628746896 17.834061205618774
45395.482975719344 18.004296243925413
52278.68779255137 18.242833107620925
60205.57593302599 18.572879852154184
69334.39851839209 18.952633914316117
79847.40189604556 19.33691204187932
91954.46597632753 19.705455176985556
105897.29424133388 20.139000257782136
121954.23907439802 20.592663710091877
140445.85874234975 21.03601559826821
161741.31696925135 21.5751401845001
186265.75286167196 21.963782190153573
214508.76831750633 22.45044221446018
247034.2023596004 22.994562616327087
284491.387527414 23.505409117815155
327628.11304751306 23.837724033961017
377305.55357754196 24.5462174442365
434515.461558728 25.04324416956002
500399.9664022767 25.434178305489603
576274.3757774342 26.170445056424406
663653.4342024706 26.676861651914486
764281.5631608714 27.24660529495799
880167.6864515651 27.795583396118165
1013625.3360208787 28.518571666095973
1167318.8389426044 29.894625480265663
1344316.507615634 31.722326951266894
1548151.8950597118 33.90117610452943