1.075586729979559342e-03 8.711516879725758500e+00 3.707059229286690538e+02
1.238186897436683838e-03 8.711518864390146888e+00 3.220242518292114937e+02
1.425367894798234072e-03 8.711521494107476116e+00 2.797354954834530076e+02
1.640845691169528879e-03 8.711524979265229618e+00 2.430001258336881165e+02
1.888898011562638399e-03 8.711529597914644540e+00 2.110888621066788460e+02
2.174449259480461163e-03 8.711535719076135109e+00 1.833681930601578358e+02
2.503168277541666792e-03 8.711543831388501857e+00 1.592878002510164492e+02
2.881580886917548424e-03 8.711554583032642185e+00 1.383696330468456210e+02
3.317199439744939089e-03 8.711568833162107950e+00 1.201984181759040098e+02
3.818671956425633181e-03 8.711587721016938346e+00 1.044134156288142208e+02
4.395953808527353762e-03 8.711612757522791739e+00 9.070125713599632888e+01
5.060505355582898060e-03 8.711645946985242972e+00 7.878972509660385981e+01
5.825519459328016084e-03 8.711689949144378886e+00 6.844234843237829580e+01
6.706183392053808798e-03 8.711748295071988224e+00 5.945370809047825844e+01
7.719980338550960254e-03 8.711825675309508910e+00 5.164535899731410495e+01
8.887036477146080526e-03 8.711928325551662411e+00 4.486228750094128515e+01
1.023052053017915394e-02 8.712064544126409515e+00 3.896983397083526057e+01
1.177710371590913810e-02 8.712245389449570609e+00 3.385101945894827224e+01
1.355748923294051653e-02 8.712485624846586063e+00 2.940422334044829711e+01
1.560702178864263254e-02 8.712805007397694368e+00 2.554116581958570009e+01
1.796638927208909706e-02 8.713230061943605165e+00 2.218515523020192148e+01
2.068243050132319641e-02 8.713796551237532384e+00 1.926956530563813885e+01
2.380906508057223370e-02 8.714552967116249604e+00 1.673651214108813079e+01
2.740836382719417930e-02 8.715565559150322272e+00 1.453570450403416459e+01
3.155178101876948693e-02 8.716925753935361953e+00 1.262344453474160488e+01
3.632157292324932063e-02 8.718761437339582088e+00 1.096175876586430675e+01
4.181243077321436519e-02 8.721254772207762684e+00 9.517641785629754381e+00
4.813336060250231196e-02 8.724671702085663227e+00 8.262396717737841456e+00
5.540984726424252882e-02 8.729413813942258571e+00 7.171057757348072492e+00
6.378634559098436685e-02 8.736116789040071495e+00 6.221879548723444842e+00
7.342914815212156499e-02 8.745857459267361023e+00 5.395873720065964996e+00
8.452968654012851801e-02 8.760657216290312022e+00 4.676354397220659820e+00
9.730833172365949135e-02 8.785017244679984572e+00 4.048368314581747285e+00
1.120187689131748043e-01 8.833130969078418104e+00 3.497239430759448542e+00
1.289530337901404200e-01 9.005129865860727278e+00 2.994314138053888019e+00
1.484473100804211410e-01 8.732075358986763902e+00 2.618606772652093628e+00
1.708886035669026082e-01 8.862169577374336527e+00 2.239545030361879796e+00
1.967224250356934268e-01 8.654807570516600990e+00 1.928029232164828022e+00
2.264616346798876134e-01 8.243586411214376852e+00 1.591572208214189210e+00
2.606966235424442169e-01 8.452091212793446218e+00 1.465185925825471136e+00
3.001070341230152594e-01 8.461810588351854179e+00 1.276821132705697748e+00
3.454752528294608993e-01 8.440096287115856910e+00 1.124432094360971357e+00
3.977019421299419211e-01 8.530062572319172531e+00 1.019893270882034297e+00
4.578239207541863198e-01 8.499335760486035340e+00 8.802561399741596349e-01
5.270347469066460899e-01 8.433352864579699570e+00 7.873408004307300700e-01
6.067084131152022941e-01 8.430278763721160473e+00 6.823038019517090325e-01
6.984266231121341040e-01 8.361837623800134622e+00 6.040032493584046591e-01
8.040101922555589198e-01 8.231157967642328543e+00 5.325773438817631433e-01
9.255551948612277258e-01 8.221919934703626254e+00 4.842098864396845448e-01
1.065474576051536282e+00 8.197722841592650411e+00 4.387151984497194013e-01
1.226546054211722137e+00 8.261159482345499683e+00 4.050707048512933173e-01
1.411967265026113472e+00 8.096671048403784710e+00 3.665580078964963961e-01
1.625419241829125339e+00 7.910747826608588440e+00 3.365594020315864077e-01
1.871139492500561108e+00 7.708462682983332037e+00 3.122798454046448180e-01
2.154006123648021465e+00 7.694797339445909046e+00 3.020184403876957635e-01
2.479634682133022405e+00 7.581241034338959572e+00 2.935192496399396944e-01
2.854489636465699753e+00 7.436333211848729974e+00 2.957040660843340274e-01
3.286012711227667804e+00 7.133727381195459571e+00 2.967956473103542381e-01
3.782770622253599502e+00 6.963220593251194579e+00 2.922052550884070565e-01
4.354625145451382906e+00 6.784397708501555435e+00 3.013521081164692306e-01
5.012928895514250804e+00 6.570473551709232751e+00 3.095219645891014171e-01
5.770750701178185338e+00 6.008235114425739098e+00 3.020380087690932025e-01
6.643135051236803257e+00 5.646221399937164875e+00 3.160829644374749114e-01
7.647400761907968914e+00 5.372299203932667133e+00 3.180620322774322384e-01
8.803484794779596001e+00 4.942694780160290513e+00 3.252780937370007841e-01
1.013433805090391715e+01 4.722713697091565521e+00 3.442974828114291896e-01
1.166638099845441623e+01 4.327184212462627855e+00 3.445065422938397570e-01
1.343002817919209946e+01 3.859100335126217196e+00 3.341308644641056702e-01
1.546029200638902523e+01 3.422535602791144438e+00 3.542660209082065248e-01
1.779747784097315844e+01 3.438496178566899264e+00 4.141092184521236175e-01
2.048798414473883156e+01 3.185521501135113009e+00 4.277655789942726439e-01
2.358522359548658187e+01 3.021666773565847119e+00 4.079466011785456425e-01
2.715068345032572239e+01 2.515347046729687008e+00 3.803225025528151892e-01
3.125514620776623786e+01 2.390526808379960677e+00 4.048963596322751601e-01
3.598009480152241935e+01 2.188510336149607216e+00 4.104109993224346331e-01
4.141933022232565520e+01 1.687175083150980859e+00 3.645146694763147233e-01
4.768083368122390198e+01 1.615365943302456753e+00 4.073614381295221909e-01
5.488891028254984406e+01 1.347875971930022398e+00 7.482418777407373600e-01
6.318665676334853742e+01 6.565296303927419252e-01 5.944947612795488112e-01
7.273880228951315985e+01 7.112614864071401533e-01 7.145735570268838543e-01
