1.074686628763936577e-03 9.060371533711064629e+00 3.506960354868573404e+02
1.235216071324054003e-03 9.060376185545361949e+00 3.051186823493526390e+02
1.419724319648510598e-03 9.060382331014519508e+00 2.654644884887561034e+02
1.631793166065952962e-03 9.060390450302733711e+00 2.309636612897210171e+02
1.875539426892945758e-03 9.060401177233647019e+00 2.009464485505838809e+02
2.155694860709905791e-03 9.060415350298605119e+00 1.748301368556057866e+02
2.477698024290239491e-03 9.060434077148707743e+00 1.521077395466481335e+02
2.847799849348848014e-03 9.060458822395670353e+00 1.323381547576944115e+02
3.273184989633471688e-03 9.060491522853906687e+00 1.151376024539022040e+02
3.762111294026363427e-03 9.060534740313261892e+00 1.001721741966761101e+02
4.324070113197485410e-03 9.060591865100294129e+00 8.715135106216641248e+01
4.969970551784714044e-03 9.060667386136442403e+00 7.582236380873551695e+01
5.712351242922398403e-03 9.060767251553789592e+00 6.596528584713965415e+01
6.565623756221112238e-03 9.060899350462733537e+00 5.738876369016561796e+01
7.546352364390255044e-03 9.061074160011202139e+00 4.992630199575216210e+01
8.673575599512400869e-03 9.061305617998034023e+00 4.343303101143987988e+01
9.969175841225842716e-03 9.061612307850326786e+00 3.778289359141161441e+01
1.145830411149792276e-02 9.062019081436789136e+00 3.286619704101774886e+01
1.316986832237739338e-02 9.062559306091404920e+00 2.858748204479153188e+01
1.513709445490405564e-02 9.063278020704514049e+00 2.486366694905892061e+01
1.739817156314018426e-02 9.064236450524154165e+00 2.162243077359543264e+01
1.999699312455524569e-02 9.065518618769900172e+00 1.880080252503310589e+01
2.298400912833255261e-02 9.067241322009248705e+00 1.634392757551604447e+01
2.641720544288195943e-02 9.069569762655897094e+00 1.420398370795126652e+01
3.036322947466830666e-02 9.072743260090259554e+00 1.233921899558547608e+01
3.489868397036585690e-02 9.077120252301279280e+00 1.071307854718408770e+01
4.011161407845517668e-02 9.083263766210516010e+00 9.293370380928394070e+00
4.610321653805493636e-02 9.092122856529083919e+00 8.051370032795821530e+00
5.298980417485713024e-02 9.105485008266962055e+00 6.960593674305551204e+00
6.090506384021963926e-02 9.127434521545383816e+00 5.994253634073164250e+00
7.000265162597635316e-02 9.172100390113094193e+00 5.115669245086118977e+00
8.045917573493732711e-02 9.314647667512673479e+00 4.213995168793671198e+00
9.247762491247252248e-02 8.955125964213440426e+00 3.786560878550657705e+00
1.062913089940893674e-01 9.358439405855566662e+00 3.585285856939397942e+00
1.221683880654382548e-01 8.806550758227098541e+00 3.260408031782400240e+00
1.404170781577021299e-01 8.806546840010470945e+00 2.762101824172728648e+00
1.613916345346640691e-01 8.895626357106680260e+00 2.488484777343053178e+00
1.854992287228549586e-01 8.986265142415136964e+00 2.089938080717084201e+00
2.132078527860959138e-01 8.916021101009647509e+00 1.819899334672682834e+00
2.450554042872782889e-01 8.694056644142024837e+00 1.640044031811384029e+00
2.816601283004790401e-01 8.705502594902343461e+00 1.407451319737155426e+00
3.237326191804402731e-01 8.890708384814837828e+00 1.318063105257891277e+00
3.720896150754531284e-01 8.647715864571596356e+00 1.111989693118787148e+00
4.276698529715662334e-01 8.636739557358680486e+00 9.839456322305755176e-01
4.915522920563958342e-01 8.559786361871163152e+00 8.641453673661046997e-01
5.649770591661522623e-01 8.558639870518330639e+00 7.653868586001666419e-01
6.493695229223183096e-01 8.432535814269362717e+00 6.850366624021649864e-01
7.463679639005459387e-01 8.380535545073346526e+00 5.943824044904316706e-01
8.578553779828166359e-01 8.275703847167871885e+00 5.306634121498385870e-01
9.859960302799153364e-01 8.166626239554323874e+00 4.716471182726834077e-01
1.133277469232378376e+00 8.037691280316945353e+00 4.249304857274510683e-01
1.302558816494562954e+00 7.981013742751712492e+00 3.882830266295095312e-01
1.497126270036007067e+00 7.886924928299503534e+00 3.591842343196289256e-01
1.720756897921839723e+00 7.870095138391409506e+00 3.404084626254851309e-01
1.977791961177983060e+00 7.766588274113651380e+00 3.220529496407139036e-01
2.273221189131580555e+00 7.520875543063858082e+00 3.085727468802188511e-01
2.612779643233551496e+00 7.372332174693311480e+00 2.986795797489547599e-01
3.003059049745861575e+00 7.283114017834778409e+00 2.998151635037009655e-01
3.451635762554960518e+00 7.140652221762262108e+00 3.007371784935574666e-01
3.967217840207499790e+00 6.889714584562574906e+00 3.059130312356488912e-01
4.559814092321987644e+00 6.751525002961897393e+00 3.186309757886748861e-01
5.240928377013627681e+00 6.414591197912437259e+00 3.151889342329288746e-01
6.023782921158426618e+00 6.089050408633126743e+00 3.194127564133993902e-01
6.923574998732627606e+00 5.889369553650520395e+00 3.369222572563788654e-01
7.957771950031861330e+00 5.275619714852523678e+00 3.365607366542041623e-01
9.146450268872056810e+00 4.857395970289082321e+00 3.434545284114214336e-01
1.051268534035016700e+01 4.619065084092691897e+00 3.584225158152806179e-01
1.208299939500379772e+01 4.383929247549052555e+00 3.838555599821026343e-01
1.388787637534283448e+01 4.016097575866005798e+00 3.720397086074271331e-01
1.596235370967218792e+01 3.896868626521817536e+00 3.761460799306354241e-01
1.834670248109807034e+01 3.526715085591391574e+00 3.914575264183913217e-01
2.108720919559440432e+01 3.262548429455602861e+00 3.718046723719407587e-01
2.423707432531206507e+01 3.117843773836722399e+00 4.119479507306376131e-01
2.785744507022910454e+01 2.753669346747759317e+00 4.385937401280330383e-01
3.201860238677302561e+01 2.423754061007156402e+00 4.121514376710540550e-01
3.680132532677508550e+01 2.084817918854779517e+00 3.999544229998292511e-01
4.229845917217849660e+01 1.899497503443358326e+00 4.364067141515802217e-01
4.861671780713655266e+01 1.529613610315983641e+00 4.768531234128320917e-01
5.587875531630189840e+01 1.450018212626316139e+00 5.173388650592365412e-01
6.422554702450088371e+01 1.188035463257702373e+00 7.058550673703778422e-01