22.04756436779372 16.583420051628213
25.085501790013712 16.58341836260453
28.54203709576255 16.583416175720494
32.474848954394375 16.5834133437531
36.94956358834325 16.583409676800507
42.04084986773365 16.583404928045773
47.8336652982528 16.58339877757885
54.42467369389122 16.58339081050022
61.92385819103707 16.583380488471096
70.45635652004049 16.583367112314907
80.1645491591407 16.583349772624803
91.21043521545694 16.583327285671224
103.77833567900082 16.583298107086318
118.07796915849212 16.58326021675277
134.34795142330478 16.583210962255354
152.85977714785724 16.583146841078648
173.92235030119974 16.58306318765282
197.88713877970778 16.58295369602481
225.15403929743928 16.582809611084805
256.1780504006723 16.582618056913276
291.4768649581843 16.582356926168618
331.6395088219807 16.581954042593726
377.3361698104693 16.58162831083828
429.3293810287972 16.58128602207598
488.48674514068796 16.580563814076722
555.7954119197309 16.57951233226859
632.3785506647789 16.577779787110508
719.5140923520992 16.574574890719703
818.6560542716695 16.577060758097268
931.4588029885217 16.574045181492078
1059.8046605014088 16.56901799386438
1205.8353142584956 16.56135122653875
1371.9875551641362 16.555131446541132
1561.033939931322 16.569646282226003
1776.1290563061843 16.555854733252577
2020.8621631851815 16.547972381374993
2299.3170840224543 16.556295265291833
2616.140352959372 16.553523791801048
2976.618750820169 16.541485662042373
3386.7675248048217 16.514787277503427
3853.4307639875296 16.50841119468133
4384.395605571202 16.566348983924986
4988.522177640011 16.562859380397384
5675.8914467446075 16.51986093372995
6457.973437429785 16.475213430881777
7347.818630757769 16.545370240340926
8360.275735664636 16.52197072864345
9512.239467066809 16.697643357535867
10822.932465352493 16.66198493199519
12314.22606160492 16.78063717259616
14011.005241117056 16.73936498173603
15941.583895287418 16.68758193340754
18138.177291141033 16.777031156492342
20637.43964250126 16.800351454696543
23481.075753179473 17.00874677388785
26716.536938577727 17.124228222282287
30397.812838440306 17.24644749546033
34586.332333611084 17.346048463767705
39351.988600255136 17.52011537363806
44774.30540646535 17.72602792275179
50943.76411306527 17.947664582361895
57963.3135220649 18.15455301121887
65950.08776737677 18.343022693823354
75037.3609139686 18.63315755781848
85376.77088154604 19.061995613350472
97140.84980303576 19.41910425869345
110525.90304156838 19.842201555465735
125755.28490767229 20.20666525677276
143083.12573806432 20.623881719576527
162798.57252922255 21.027272320780696
185230.61388853806 21.652520163901464
210753.56981625812 22.21495957036855
239793.33792536164 22.811493665014506
272834.5003290705 23.29947479744158
310428.40978752886 24.09010639102736
353202.390045927 24.826332499940225
401870.2038886872 25.677432987426275
457243.96358851175 26.49346752748346
520247.6824981094 28.150791089600347
591932.6939179166 31.07892146424423