22.046687420891153 16.692942984647033
25.08262935456569 16.69294118472487
28.536636063627252 16.692938854449178
32.46627721186977 16.692935838097096
36.937050101062084 16.69293193264906
42.02347134735734 16.692926876995767
47.8103188871432 16.692920331179725
54.39404501346763 16.69291185562985
61.88438399482792 16.69290088028049
70.40618107131229 16.692886666005627
80.10147331289104 16.692868253905907
91.13185702256703 16.692844398934557
103.681181143082 16.692813483458718
117.9586115595406 16.69277340278498
134.20211737222283 16.692721414822717
152.68243724704297 16.692653939550645
173.7075919528102 16.692566290961388
197.62801829801407 16.692452314090666
224.84241003703764 16.692303887474253
255.8043630991133 16.69211022930638
291.0299358993881 16.691856907643643
331.10625074360007 16.691524386123355
376.701279690294 16.691085801417888
428.57497797645556 16.690503380872702
487.59195057295665 16.689722224525177
554.7358629896529 16.68865826710889
631.1258365222543 16.68717024283744
718.03510120878 16.684948646547078
816.9122173937864 16.681756192759718
929.4052196108325 16.674704680991386
1057.389085201396 16.673241983698173
1202.9969855034956 16.676706186275112
1368.6558404892705 16.66797174994147
1557.1267694585154 16.653591389150645
1771.5511120001834 16.660592141505255
2015.5027862763225 16.695040076772273
2293.047857310255 16.681855165296213
2608.812308133557 16.68603553930246
2968.05914336758 16.668323232007303
3376.7761103635908 16.656611150357378
3841.775499993836 16.677896725282725
4370.807690523406 16.66446153402601
4972.690327055598 16.664454540170116
5657.45528964949 16.649988397374372
6436.515899701056 16.590748796805947
7322.857151500568 16.666295917723993
8331.25213965114 16.676759776600473
9478.508289652844 16.750646760968625
10783.74749570113 16.721536700558953
12268.724834896948 16.714655408832733
13958.191170038193 16.749251474366336
15880.305684675399 16.856780772159553
18067.105226360345 16.968274676461657
20555.038280867284 16.94372125739262
23385.572477403177 17.00380422347143
26605.885750401147 17.069076551308306
30269.652677837883 17.09883519458569
34437.939102370365 17.416858453678987
39180.219946391575 17.561170551016147
44575.53718543977 17.620975794616044
50713.81728048522 17.789598809917237
57697.370027399855 18.198866409335054
65642.59380568654 18.410069828379765
74681.91564870438 18.819636578054933
84965.99847151428 19.136267893322817
96666.25224531998 19.413974378324003
109977.69097350887 19.780111606583713
125122.18308794723 20.049718547160523
142352.14944151597 20.59647819712655
161954.7705331852 21.065363252067886
184256.7730895609 21.5186402529278
209629.8757832598 22.282194365172753
238496.98485463508 22.83261914700323
271339.24290239124 23.168722543692567
308704.0483288189 23.95029024574999
351214.17910376954 24.88433464225694
399578.17291772563 25.502999599187476
454602.13673518616 26.822120147345622
517203.1825841234 28.480508928125932
588424.7135225615 31.42932254490858