2.204519011539225204e+01 1.766113390561335805e+01
2.507772528215831898e+01 1.766113090500147109e+01
2.852741582338640569e+01 1.766112702098778442e+01
3.245164560995446834e+01 1.766112199145755923e+01
3.691569223493252849e+01 1.766111547820493044e+01
4.199381287358296788e+01 1.766110704141258125e+01
4.777047951420394156e+01 1.766109610984114298e+01
5.434178410726136832e+01 1.766108194022809741e+01
6.181703700675976876e+01 1.766106356449954262e+01
7.032058529312222106e+01 1.766103971821112495e+01
7.999388122446789851e+01 1.766100874651305830e+01
9.099783522393605040e+01 1.766096847486424437e+01
1.035154925438198745e+02 1.766091603254202980e+01
1.177550781314743773e+02 1.766084760566587164e+01
1.339534603468153762e+02 1.766075808332612596e+01
1.523800911486108305e+02 1.766064053557017033e+01
1.733414882925863765e+02 1.766048541067616640e+01
1.971863341004621475e+02 1.766027923325686544e+01
2.243112756153833232e+02 1.766000233347021009e+01
2.551675226264199523e+02 1.765962447371647670e+01
2.902683533169619636e+02 1.765909515731969748e+01
3.301976523897045013e+02 1.765831714199128299e+01
3.756196236956461689e+02 1.765704339409639090e+01
4.272898389318104932e+02 1.765390822420868133e+01
4.860678061972320165e+02 1.765494583786843918e+01
5.529312674788274080e+02 1.765778818368909597e+01
6.289924628986539119e+02 1.765509084842249976e+01
7.155166322701472836e+02 1.764957782282266052e+01
8.139430617274391579e+02 1.763381621795922172e+01
9.259090255278736095e+02 1.766519842181673283e+01
1.053277021287587786e+03 1.766206540809426784e+01
1.198165751694637265e+03 1.765885266774862927e+01
1.362985368064910290e+03 1.764242472045085464e+01
1.550477561999699674e+03 1.765830690314091811e+01
1.763761172049534707e+03 1.764476936381474204e+01
2.006384064028236025e+03 1.764761644743450475e+01
2.282382147980181799e+03 1.766468234742249876e+01
2.596346513518420124e+03 1.765016482200696402e+01
2.953499800296277499e+03 1.764525764436702460e+01
3.359783073996938128e+03 1.764474741187649443e+01
3.821954652979477942e+03 1.762481802299965494e+01
4.347702529513009722e+03 1.762297195348298118e+01
4.945772255669751758e+03 1.761733716618370238e+01
5.626112421194678063e+03 1.759362175091121827e+01
6.400040143303083823e+03 1.756725174285773505e+01
7.280429321245801475e+03 1.752127674180649208e+01
8.281924787162306529e+03 1.756681981744461751e+01
9.421185915513628061e+03 1.750016924489898429e+01
1.071716374341578921e+04 1.768433517750910511e+01
1.219141621163136369e+04 1.771679247803311341e+01
1.386846677009492669e+04 1.786654781760417166e+01
1.577621231319527760e+04 1.794298214681507631e+01
1.794638723061314522e+04 1.799726758791762293e+01
2.041509129296717583e+04 1.802889571056524076e+01
2.322339015338102035e+04 1.801474630163798452e+01
2.641799845401366474e+04 1.802913165475231239e+01
3.005205690068732292e+04 1.829425842164051375e+01
3.418601623185944482e+04 1.849840823725605787e+01
3.888864278631882917e+04 1.861274766710431905e+01
4.423816239672012307e+04 1.882449633816596446e+01
5.032356163705118524e+04 1.898811395074353570e+01
5.724606806963233976e+04 1.924299055044048856e+01
6.512083411481303483e+04 1.953940780283506840e+01
7.407885255369353399e+04 1.981837337156654399e+01
8.426913552729789808e+04 2.015130331930910756e+01
9.586119327875628369e+04 2.046315865562905856e+01
1.090478538711280853e+05 2.074025082553477972e+01
1.240484707854575972e+05 2.125306272559736698e+01
1.411125717558455945e+05 2.173046267978911317e+01
1.605240095380771090e+05 2.214421426505852963e+01
1.826056836577583454e+05 2.252939888766640308e+01
2.077249116818737239e+05 2.305340776766805533e+01
2.362995393621690455e+05 2.367057606081517918e+01
2.688048912895296235e+05 2.426274343492038099e+01
3.057816776800025837e+05 2.495044484611764091e+01
3.478449888178770198e+05 2.564795600569281220e+01
3.956945267738709808e+05 2.653007729377728552e+01
4.501262445979231270e+05 2.717047200852803357e+01
5.120455865987191210e+05 2.881389777567385480e+01
5.824825499553560512e+05 3.209545387238452463e+01
