22.045716884930876 16.73377428220731
25.079450542458765 16.733771070807464
28.5306593926899 16.73376691362464
32.4567926240493 16.73376153055783
36.92320506656264 16.73375455965617
42.00424509528597 16.733745530781228
47.78449224123944 16.733733833413122
54.360165111247966 16.733718674236936
61.84072305307169 16.73369902017054
70.35068822731391 16.733673524494268
80.03171841650854 16.73364042688048
91.0449650755871 16.73359741914271
103.57375587608306 16.73354146183835
117.82664639798888 16.733468528825597
134.04089176805218 16.733373242892704
152.4863960337698 16.733248337087332
173.47020501477806 16.733083817468213
197.34161742012003 16.732865562636743
224.4979993115901 16.732572709099863
255.39139870132743 16.73217186216131
290.53607039095357 16.731600107148374
330.5170363115224 16.730678398131158
375.9998238606097 16.72895907327323
427.7415443419333 16.730215117617615
486.60349592038637 16.728471745991275
553.5655008826054 16.725194575456413
629.7422158626368 16.718524176417777
716.4016865344463 16.72928675496666
814.9864556346469 16.726444517344035
927.1375756818345 16.726488715431202
1054.7219261108007 16.720886416031878
1199.8632895455344 16.70843102026274
1364.9777045099463 16.708006188459414
1552.8136830612955 16.69480979805138
1766.4979628132937 16.700477620077848
2009.5875549419256 16.700432066606925
2286.1289545706104 16.703604885296294
2600.7254991570394 16.668609777690655
2958.613996136552 16.64839097233483
3365.751895373921 16.566365919137333
3828.9164575054283 16.702656993097342
4355.817568937945 16.801620733624027
4955.226081435487 16.76912995265953
5637.119812647581 16.779342866564654
6412.849637919715 16.856362267973623
7295.328438167793 16.79692516549369
8299.246049062915 16.84110256547957
9441.31378959339 16.810207109529536
10740.542640452393 16.853935141299168
12218.55970283817 16.90360342970982
13899.968205473517 16.880826881331075
15812.757052559577 16.934866054326363
17988.766730042647 17.076114437472484
20464.219325719016 17.149494967507977
23280.321485948727 17.264101538361455
26483.950345859776 17.26276235015542
30128.433851109345 17.33279270307319
34274.43846052124 17.473704869467213
38990.97900639145 17.636675699494536
44356.56752270357 17.859461324983997
50460.520164770554 18.043677146441446
57404.443975425536 18.290823946184066
65303.92824662933 18.470727741266685
74290.4686310795 18.75495140255775
84513.65603278654 19.080092366835515
96143.66671312212 19.511641590881617
109374.09506290805 19.795651931249836
124425.17619517131 20.123678279684732
141547.4520021852 20.603537482631076
161025.9417023712 20.979611276480238
183184.88630042708 21.717848662654607
208393.1459374676 22.250337981837756
237070.33997604105 22.971906303896116
269693.83202852693 23.429294071318537
306806.67620243883 23.998650325497593
349026.6568366738 24.471250200034834
397056.5722051158 25.107181077672564
451695.93337121524 26.37206351497382
513854.27293391747 28.554442239753246
584566.2852037351 31.181043631223908