1.068261705731760828e-03 9.865018085228998146e+00 6.417598351937612051e+02
1.214104438134101620e-03 9.865029235956594533e+00 5.646689062196360283e+02
1.379858117901172198e-03 9.865043640693826887e+00 4.968383775237228974e+02
1.568241055492675725e-03 9.865062247573540333e+00 4.371558486414756999e+02
1.782342674385689781e-03 9.865086282485750147e+00 3.846425439855803461e+02
2.025674176689841021e-03 9.865117330433687215e+00 3.384372612543886021e+02
2.302226125805099076e-03 9.865157437490433168e+00 2.977822476203302244e+02
2.616533890460459588e-03 9.865209248734363001e+00 2.620107730840588829e+02
2.973752023396044296e-03 9.865276181564807345e+00 2.305361961527176504e+02
3.379738794476622697e-03 9.865362652886801698e+00 2.028423431423490797e+02
3.841152264554181968e-03 9.865474371420315691e+00 1.784750430291825580e+02
4.365559475661950559e-03 9.865618718651555596e+00 1.570346792303619736e+02
4.961560548226226844e-03 9.865805239650198288e+00 1.381696359018870339e+02
5.638929720452894381e-03 9.866046282749675100e+00 1.215705315410797169e+02
6.408775642892166821e-03 9.866357829434674542e+00 1.069651451408629157e+02
7.283723556964130826e-03 9.866760575129365662e+00 9.411395173568121209e+01
8.278122345118092695e-03 9.867281339703348308e+00 8.280619411616902426e+01
9.408279848186026917e-03 9.867954913024627572e+00 7.285642623662690198e+01
1.069273030906389352e-02 9.868826479166093790e+00 6.410147160918495501e+01
1.215253832871669541e-02 9.869954815780477730e+00 5.639774673947174932e+01
1.381164431929430766e-02 9.871416541585244175e+00 4.961890561674920974e+01
1.569725711968514292e-02 9.873311798404893480e+00 4.365376648812499383e+01
1.784030021228460994e-02 9.875771925013433261e+00 3.840448668977369806e+01
2.027591885879910516e-02 9.878969945115867901e+00 3.378495523165025816e+01
2.304405647195992279e-02 9.883135115063014453e+00 2.971937615437945368e+01
2.619010967546994695e-02 9.888573474092797966e+00 2.614101835516612837e+01
2.976567279496889970e-02 9.895697528846705282e+00 2.299110946156583069e+01
3.382938398944499575e-02 9.905070311789108572e+00 2.021785202025138162e+01
3.844788689939347692e-02 9.917472958275045158e+00 1.777553876898401342e+01
4.369692358246234087e-02 9.934012563495851822e+00 1.562373752308549157e+01
4.966257666040092833e-02 9.956302873371347673e+00 1.372649813713668543e+01
5.644268104814754994e-02 9.986785665999516226e+00 1.205148203895927139e+01
6.414842841698811804e-02 1.002934749585386776e+01 1.056874893340914845e+01
7.290619070449888550e-02 1.009062911620422298e+01 9.248293663764115990e+00
8.285959257628719432e-02 1.018324656613040879e+01 8.051989244651519328e+00
9.417186682727941849e-02 1.033642885689408253e+01 6.877620490297451816e+00
1.070285313504281133e-01 1.058971500292708967e+01 6.020757177013349448e+00
1.216404315743191134e-01 1.145494937777264788e+01 5.852001569779631929e+00
1.382471982647402453e-01 9.043085684436615423e+00 5.057561809612511894e+00
1.571211773971164516e-01 8.297790097744657700e+00 4.215285299017534015e+00
1.785718965485360021e-01 8.301587123554213576e+00 3.691599540848718330e+00
2.029511410568533292e-01 8.305505301238559568e+00 3.225364557264482013e+00
2.306587231943494909e-01 8.305252536376263706e+00 2.803623715215418866e+00
2.621490389686622069e-01 8.220842902091105131e+00 2.361765145496745433e+00
2.979385200805477196e-01 8.587341913545751382e+00 2.195766547520882739e+00
3.386141032483370727e-01 8.497257276608467080e+00 1.845846169093299682e+00
3.848428557934614469e-01 8.307260960630971525e+00 1.655725894881249216e+00
4.373829153437491790e-01 8.401221292039375399e+00 1.413890137477573195e+00
4.970959230623385183e-01 8.205047228675994120e+00 1.335257988393825368e+00
5.649611543034174233e-01 8.105519520401513134e+00 1.191226968659740537e+00
6.420915784332890119e-01 8.270393907428543301e+00 1.012804431123434989e+00
7.297521111929995419e-01 8.271052413704847339e+00 9.342086446184535431e-01
8.293803589357755524e-01 7.991711796743197205e+00 8.267830821515143036e-01
9.426101949385277123e-01 7.773662054697638268e+00 7.094765336286593671e-01
1.071298554431830752e+00 7.781385062973852129e+00 6.396339872632983425e-01
1.217555887778803747e+00 7.894281673263162880e+00 6.115470186185477663e-01
1.383780771225863848e+00 7.719544526343358193e+00 5.415486985844367718e-01
1.572699242831242739e+00 7.730213480552171390e+00 5.141692940070169415e-01
1.787409508668661662e+00 7.749892250335711275e+00 4.884416581110279099e-01
2.031432752474444658e+00 7.524114024018071945e+00 4.635057415145344417e-01
2.308770882000987790e+00 7.398767217261217333e+00 4.336621474338935300e-01
2.623972159099408064e+00 7.268063224441531744e+00 4.123825688428981451e-01
2.982205789844963650e+00 7.097239441031887530e+00 4.004141229256895640e-01
3.389346697960864851e+00 6.997039033827552323e+00 3.937499234666618220e-01
3.852071871799104485e+00 6.791138520366803988e+00 3.927423558841219853e-01
4.377969864939792899e+00 6.476694239245654572e+00 3.823266508098476235e-01
4.975665246185869250e+00 6.248530860714985202e+00 3.885486834177561688e-01
5.654960039895651214e+00 5.949822630993063299e+00 3.861415251229770029e-01
6.426994476232098741e+00 5.471883902071305705e+00 3.856149220954080414e-01
7.304429687584514497e+00 5.165667578714927544e+00 3.982083887006765410e-01
8.301655347328980028e+00 4.931211963920699937e+00 4.259818717755857187e-01
9.435025656140719974e+00 4.498808150322549437e+00 4.321831419283614917e-01
1.072312754596291029e+01 4.074780532170336755e+00 4.517007665252067428e-01
1.218708550009624147e+01 3.667233075273296006e+00 4.714451173647020155e-01
1.385090798836699832e+01 3.269178180179073578e+00 4.612215483764896540e-01
1.574188119880620995e+01 2.836545094698684100e+00 4.394999434605980082e-01
1.789101652292070810e+01 2.656461778243891736e+00 5.892619011696281772e-01
2.033355913318007779e+01 2.138575292625458868e+00 7.012160076009095189e-01
2.310956599323709781e+01 1.815687612939780093e+00 6.655255048108817961e-01
2.626456278007521306e+01 1.648182261878407884e+00 9.101193153339278696e-01