1.067826680371156784e-03 8.534197181480209338e+00 5.729264000429146790e+02
1.212680958253812506e-03 8.534194725816094618e+00 5.044899588884882746e+02
1.377185205749151178e-03 8.534191557747377033e+00 4.442281427913013090e+02
1.564005007273618162e-03 8.534187471945832826e+00 3.911644850068764754e+02
1.776167542728091138e-03 8.534182202078161694e+00 3.444391556732667823e+02
2.017110639140573276e-03 8.534175404182413160e+00 3.032950294876756629e+02
2.290738476329066964e-03 8.534166636118058591e+00 2.670654177124610555e+02
2.601484849224830476e-03 8.534155325585087937e+00 2.351632649643857746e+02
2.954385011942389262e-03 8.534140734560814678e+00 2.070716369003179409e+02
3.355157267739094454e-03 8.534121910496411445e+00 1.823353439419132656e+02
3.810295626926900586e-03 8.534097623113350295e+00 1.605535654242768260e+02
4.327175034141275689e-03 8.534066282838008277e+00 1.413733547964944535e+02
4.914170870042774628e-03 8.534025835568005647e+00 1.244839205573230032e+02
5.580794663826055789e-03 8.533973624625017962e+00 1.096115901955245704e+02
6.337848215586826262e-03 8.533906211465557945e+00 9.651537561403267773e+01
7.197598625905850950e-03 8.533819141123629493e+00 8.498306811734252619e+01
8.173977068784237660e-03 8.533706633984404988e+00 7.482779967872434668e+01
9.282804528795424517e-03 8.533561179348227554e+00 6.588501476125064471e+01
1.054204816024049279e-02 8.533372995541268935e+00 5.800980356423298190e+01
1.197211242228443662e-02 8.533129307687966403e+00 5.107455345064774832e+01
1.359616970755212276e-02 8.532813371869904628e+00 4.496688040787446283e+01
1.544053582160440433e-02 8.532403141124415669e+00 3.958780690182142337e+01
1.753509639746712173e-02 8.531869415179285099e+00 3.485015640359565481e+01
1.991379115472396988e-02 8.531173229389928281e+00 3.067713826785470488e+01
2.261516384998282780e-02 8.530262092865621426e+00 2.700109953525952733e+01
2.568298682997107243e-02 8.529064434714459964e+00 2.376242261358153840e+01
2.916697030735722340e-02 8.527481167447239940e+00 2.090854958188402790e+01
3.312356785222150130e-02 8.525372437452215735e+00 1.839311484642400529e+01
3.761689115115140342e-02 8.522535993103488750e+00 1.617516756578959658e+01
4.271974885648287257e-02 8.518670215076598495e+00 1.421846245891746285e+01
4.851482635893237388e-02 8.513307374484403667e+00 1.249078933226483379e+01
5.509602560035133101e-02 8.505684729141995248e+00 1.096328975478780521e+01
6.256998663658352999e-02 8.494473120333154270e+00 9.609648817254800690e+00
7.105781560543772413e-02 8.477135214514891715e+00 8.404861775580489081e+00
8.069704709932294662e-02 8.448130859523908853e+00 7.322564992045327514e+00
9.164387274032684272e-02 8.392321429995636350e+00 6.326235153284732959e+00
1.040756720689930970e-01 8.241131088823070883e+00 5.312210399538009220e+00
1.181938867566669216e-01 8.156524164027096901e+00 4.533190611271221471e+00
1.342272847144051484e-01 8.936388181587602730e+00 4.878781869663396442e+00
1.524356669892295568e-01 8.962941988161418294e+00 4.247180544212337594e+00
1.731140775133147014e-01 8.983533871713312635e+00 3.572048500079616939e+00
1.965975839198011998e-01 9.372358442542246593e+00 3.390275266701881840e+00
2.232667068923412657e-01 8.966110009476224718e+00 2.989080934922077937e+00
2.535535860241563966e-01 8.966619801251120236e+00 2.603515766597729542e+00
2.879489820965985269e-01 8.848624379222441050e+00 2.247788463822714355e+00
3.270102292403304078e-01 8.856956225597794941e+00 1.944620347118157344e+00
3.713702658338955409e-01 8.931134061278086733e+00 1.746676573205637517e+00
4.217478904740298296e-01 8.389183165220986282e+00 1.446540401709463408e+00
4.789594092028129357e-01 8.347868967788990346e+00 1.293024554345512112e+00
5.439318627203272305e-01 8.355619696976502198e+00 1.193913900778436732e+00
6.177180479131663127e-01 8.455064357865822444e+00 1.106368146617361159e+00
7.015135771037688261e-01 8.308745360516242684e+00 1.000670702003511936e+00
7.966762514442571330e-01 7.939739472367701723e+00 8.560942654147466468e-01
9.047480623762589325e-01 8.036707370549311946e+00 7.786852314655227092e-01
1.027480177662694949e+00 7.931636014215817987e+00 6.844101214304054714e-01
1.166861316858748943e+00 7.858159662662568934e+00 6.330570776672331812e-01
1.325149976010839614e+00 7.618323567177866629e+00 5.755477728167034401e-01
1.504911023744305965e+00 7.652468538275426724e+00 5.392013051639817922e-01
1.709057261733375910e+00 7.568482445179967044e+00 4.888902117725291707e-01
1.940896622988563358e+00 7.372132240129460001e+00 4.415802506280795958e-01
2.204185772750368866e+00 7.319575588616986650e+00 4.297365077340260520e-01
2.503190980524349740e+00 7.148260398566147700e+00 4.152388594975096048e-01
2.842757249612325232e+00 7.168622402524194470e+00 4.024974475095742243e-01
3.228386824296812563e+00 6.910261919558886134e+00 3.937504220691838697e-01
3.666328346788880310e+00 6.678797450226948484e+00 3.883282019978857580e-01
4.163678108615601836e+00 6.495461381367491072e+00 3.808013381532356911e-01
4.728495037098507936e+00 6.126916645275635176e+00 3.840161749535082047e-01
5.369931280134270679e+00 6.032049986398932973e+00 3.875057649521616576e-01
6.098380505239759053e+00 5.704339252763502621e+00 3.991584208387918276e-01
6.925646315860936042e+00 5.489914425703905643e+00 4.094530338447568973e-01
7.865133513920090635e+00 5.164094853754619407e+00 4.225539526753454012e-01
8.932065307770352902e+00 4.560302632850758542e+00 4.252339888559813486e-01
1.014372998513923463e+01 4.219688787514345840e+00 4.358106881675268829e-01
1.151976104808595380e+01 3.889855594121561122e+00 4.454698729554861791e-01
1.308245534920719599e+01 3.696444004990957932e+00 5.123254414990565664e-01
1.485713438408839515e+01 3.351390439970550084e+00 5.131804767590614214e-01
1.687255459429016824e+01 2.740511918836303629e+00 5.433937464175457865e-01
1.916137332931378978e+01 2.601270723337714141e+00 5.807469971381907792e-01
2.176067801787333877e+01 2.205190712482700821e+00 7.337475034292887388e-01
2.471258712302925886e+01 1.405540886004454704e+00 1.220303887365272510e+00