1.067103697801745008e-03 8.216442452191749624e+00 6.511445511068274072e+02
1.210316905922569942e-03 8.216442659860192066e+00 5.740964273546552477e+02
1.372750385721311500e-03 8.216442925099908479e+00 5.061651629483161514e+02
1.556983639802654931e-03 8.216443267153048069e+00 4.462719851246434928e+02
1.765942359097810461e-03 8.216443706526431967e+00 3.934657683267562902e+02
2.002944883898209391e-03 8.216444272351122180e+00 3.469079307209678404e+02
2.271754900303522232e-03 8.216445000008635091e+00 3.058591169424183818e+02
2.576641208922723913e-03 8.216445936088101476e+00 2.696674569322819366e+02
2.922445514976868518e-03 8.216447140252878256e+00 2.377582139784751405e+02
3.314659316335012186e-03 8.216448689486702150e+00 2.096246577449027200e+02
3.759511110493178945e-03 8.216450682383687365e+00 1.848200171268473468e+02
4.264065305374849582e-03 8.216453246243027309e+00 1.629503854288358298e+02
4.836334404692405747e-03 8.216456544596464795e+00 1.436684649561228468e+02
5.485406249413728348e-03 8.216460787924855680e+00 1.266680517965276351e+02
6.221588335974652731e-03 8.216466247007174317e+00 1.116791731985864828e+02
7.056571503062856326e-03 8.216473270311263732e+00 9.846380030096797498e+01
8.003615586378722002e-03 8.216482306342518527e+00 8.681206814378980141e+01
9.077759989638108790e-03 8.216493932178313031e+00 7.653894292378788577e+01
1.029606251576100154e-02 8.216508890776815122e+00 6.748128359176904212e+01
1.167787025097199310e-02 8.216528138526845382e+00 5.949525109080018126e+01
1.324512680355041487e-02 8.216552907002427020e+00 5.245402412382023982e+01
1.502272077629288917e-02 8.216584782495637285e+00 4.624578515476385121e+01
1.703888100655758658e-02 8.216625808962492172e+00 4.077194466168002407e+01
1.932562485044544281e-02 8.216678621248727055e+00 3.594557543538637390e+01
2.191926663003380266e-02 8.216746617958490262e+00 3.169003204949746788e+01
2.486099431798911852e-02 8.216834186123262995e+00 2.793773356303922384e+01
2.819752361751959313e-02 8.216946994274747951e+00 2.462909010411866717e+01
3.198183982469477576e-02 8.217092375907057544e+00 2.171155625188518457e+01
3.627403925417502228e-02 8.217279833798651012e+00 1.913879613363790355e+01
4.114228359049659778e-02 8.217521707033549561e+00 1.686994689507660539e+01
4.666388232035734163e-02 8.217834059693601034e+00 1.486896871639275020e+01
5.292652043532021511e-02 8.218237875500999934e+00 1.310407083795682226e+01
6.002965090129940007e-02 8.218760681036554772e+00 1.154720412102325611e+01
6.808607400774946417e-02 8.219438779322398858e+00 1.017361146082426870e+01
7.722372867719595746e-02 8.220320367301811260e+00 8.961427782194981262e+00
8.758772418175295171e-02 8.221469951708064272e+00 7.891321112186158615e+00
9.934264453102278902e-02 8.222974681568240740e+00 6.946164660535678159e+00
1.126751621258946096e-01 8.224953443228052663e+00 6.110725107049730376e+00
1.277970021840118264e-01 8.227569464495751106e+00 5.371338834743632162e+00
1.449483050130614958e-01 8.231044698918353220e+00 4.715506119896456738e+00
1.644014395260047778e-01 8.235657259160184651e+00 4.131178271155508952e+00
1.864653285582544839e-01 8.241585499068067477e+00 3.604728334697555159e+00
2.114903546744067442e-01 8.247447299380333163e+00 3.108997307221990969e+00
2.398739243705171331e-01 8.222285031014132883e+00 2.645407157645303098e+00
2.720667790334727609e-01 8.644504481125506956e+00 2.566506523226097514e+00
3.085801528777851188e-01 8.089988162226884327e+00 2.107198839432714355e+00
3.499938915304392495e-01 8.175568716002235448e+00 1.919121684147350626e+00
3.969656601898697845e-01 8.162744615820118455e+00 1.746821727803021806e+00
4.502413875879719418e-01 8.136443199245729119e+00 1.504660933485375107e+00
5.106671116090548690e-01 8.332743480171755479e+00 1.353957891852601181e+00
5.792024146784627847e-01 8.208001086087350018e+00 1.210710009797794751e+00
6.569356622797117851e-01 8.024763048650015662e+00 1.075495818782026047e+00
7.451012865933253071e-01 8.113957700257140360e+00 9.733515475781209236e-01
8.450993897278246125e-01 8.258843334441300144e+00 8.566228811627520923e-01
9.585179778492946001e-01 7.870264733748896013e+00 7.729587846364327497e-01
1.087158179295571347e+00 7.915956190938753245e+00 6.917810469554677155e-01
1.233062847147861518e+00 8.050608177547321276e+00 6.357605127258711963e-01
1.398549000478999993e+00 7.826837300742636394e+00 5.634809255305396336e-01
1.586244619457149785e+00 7.654072415418095687e+00 5.020325969301221436e-01
1.799130378624541837e+00 7.457499225697024947e+00 4.609241359200587640e-01
2.040586981090862118e+00 7.347259337731125051e+00 4.472471584808168088e-01
2.314448845325454585e+00 7.411418353671410664e+00 4.376589986570256774e-01
2.625064997114086474e+00 7.118537339992867530e+00 4.136689714101206561e-01
2.977368133666649541e+00 6.991907849558828936e+00 3.985832063243678891e-01
3.376952956638873626e+00 6.856508092919570529e+00 3.823247553973714852e-01
3.830165018024879409e+00 6.607386570817186389e+00 3.837387141182911354e-01
4.344201489825589846e+00 6.354638586538992939e+00 3.797293696476274349e-01
4.927225457751883475e+00 6.097681887918043664e+00 3.835604783430102693e-01
5.588495553987977260e+00 5.829655236910628702e+00 3.799352780238583471e-01
6.338512987630382511e+00 5.219264126440419815e+00 3.910162796562452470e-01
7.189188307699147629e+00 5.061019456160241958e+00 4.124607852254806306e-01
8.154030546978511040e+00 4.607905700091409429e+00 3.936250348066068216e-01
9.248361750359791245e+00 4.548519033518124921e+00 4.337837265609920112e-01
1.048956029447450788e+01 4.192279434685377559e+00 4.395442265767488532e-01
1.189733686262170664e+01 3.796175238395876672e+00 4.385673959793341403e-01
1.349404745757156121e+01 3.518231879427981212e+00 4.875483844943949707e-01
1.530504842300213397e+01 3.200027750852310060e+00 5.269816797473513281e-01
1.735909911143853179e+01 2.818399703182723037e+00 5.563838856639128361e-01
1.968881859320753591e+01 2.184776643249518813e+00 7.555176258459072036e-01
2.233120365911148753e+01 2.372518425186320723e+00 9.772137072301835259e-01