1.067797504833309808e-03 8.586988759536902549e+00 6.387793549358248129e+02
1.212585517823175146e-03 8.586989682191527251e+00 5.625061701470045818e+02
1.377006062834011928e-03 8.586990871713000573e+00 4.953403183065723283e+02
1.563721213234983611e-03 8.586992405735268008e+00 4.361943418542601307e+02
1.775754006259479961e-03 8.586994383640899287e+00 3.841106296667848028e+02
2.016537387903773008e-03 8.586996934800808390e+00 3.382459132864294133e+02
2.289969794509685679e-03 8.587000224586637032e+00 2.978576137030925111e+02
2.600478270932493705e-03 8.587004467303653854e+00 2.622918186352040948e+02
2.953090147217419907e-03 8.587009939040127549e+00 2.309726952017999508e+02
3.353514434275765670e-03 8.587016995612220427e+00 2.033931668256938394e+02
3.808234256408535648e-03 8.587026096622174975e+00 1.791067033761623861e+02
4.324611817219003312e-03 8.587037834569871464e+00 1.577200915206075251e+02
4.911007598379191902e-03 8.587052974049177223e+00 1.388870683766955381e+02
5.576915721154259570e-03 8.587072501741209507e+00 1.223027152807624702e+02
6.333117662274095894e-03 8.587097691197950411e+00 1.076985209581163048e+02
7.191856812909992736e-03 8.587130186476295890e+00 9.483803415089120392e+01
8.167036706977468669e-03 8.587172110944187864e+00 8.351303531752162712e+01
9.274446128207717438e-03 8.587226207875309214e+00 7.354016540966233606e+01
1.053201474061458975e-02 8.587296023514731758e+00 6.475795716294094007e+01
1.196010338117720583e-02 8.587386145252313696e+00 5.702422081276780119e+01
1.358183371476170270e-02 8.587502512702604562e+00 5.021374192170391382e+01
1.542346258860523983e-02 8.587652825191799622e+00 4.421625402821722162e+01
1.751480714739991548e-02 8.587847078180990579e+00 3.893465329245530882e+01
1.988972759186059119e-02 8.588098273182492193e+00 3.428342621737358797e+01
2.258667539694535903e-02 8.588423364257046444e+00 3.018726497485144122e+01
2.564931586573097194e-02 8.588844531284063777e+00 2.657984789017128335e+01
2.912723509848693867e-02 8.589390912383402465e+00 2.340276530104636166e+01
3.307674282322817239e-02 8.590100994642618559e+00 2.060457333750985143e+01
3.756178408608409902e-02 8.591025971352422630e+00 1.813996020219477145e+01
4.265497456233216522e-02 8.592234558845142089e+00 1.596901129044688261e+01
4.843877625044101798e-02 8.593820091025520469e+00 1.405656097928393500e+01
5.500683258435879602e-02 8.595911306697077592e+00 1.237162011855439125e+01
6.246548458036506324e-02 8.598689397586333882e+00 1.088686910342412340e+01
7.093549256586975660e-02 8.602416245653042637e+00 9.578206702623482727e+00
8.055399136604531052e-02 8.607483967207306463e+00 8.424344061487040847e+00
9.147671060400903997e-02 8.614508328056610154e+00 7.406430118751731406e+00
1.038804960626301954e-01 8.624521962816258380e+00 6.507684885680974141e+00
1.179661729304157802e-01 8.639427050970175159e+00 5.712985789479978926e+00
1.339617972892496456e-01 8.663264890702956578e+00 5.008234159236467420e+00
1.521263484876432259e-01 8.706996552424548952e+00 4.378719545155610682e+00
1.727539221813727821e-01 8.823644671025318686e+00 3.799658164190137910e+00
1.961784919295025131e-01 8.809966136947299020e+00 3.273428537584747389e+00
2.227793164390663161e-01 8.374685951348014967e+00 3.003557661490390718e+00
2.529870800051444713e-01 8.360105654732537417e+00 2.578704477954451679e+00
2.872908655639719866e-01 8.404112227906333388e+00 2.205111573388047308e+00
3.262460732572503019e-01 8.529159321677614258e+00 2.092128566313999460e+00
3.704834127142639932e-01 8.733954015437877416e+00 1.788372235417778677e+00
4.207191146425768857e-01 8.214605846296851865e+00 1.529145765360111264e+00
4.777665270594688152e-01 8.250096148352110248e+00 1.354375461788297930e+00
5.425492839144848700e-01 8.374751834709577736e+00 1.253775443200759510e+00
6.161162593114870578e-01 8.585050171427671017e+00 1.162246334519592361e+00
6.996585494485898504e-01 8.138262234608538037e+00 1.005519383431790592e+00
7.945287572244046359e-01 8.150947497663015184e+00 8.988466647027035794e-01
9.022628917406547711e-01 8.233313434043507684e+00 8.256312819274267412e-01
1.024605237268060742e+00 8.163688006230719552e+00 7.221071943103112289e-01
1.163536594319892759e+00 8.165789601622162053e+00 6.632508228005066231e-01
1.321306350074164637e+00 8.063254620439236575e+00 6.057731810070208223e-01
1.500468897385037081e+00 7.993516048239777128e+00 5.591009437896042877e-01
1.703924992030423358e+00 7.963717129308155229e+00 5.211369733727930775e-01
1.934968717795984006e+00 7.859192369563509750e+00 4.737488977428631065e-01
2.197340819790137623e+00 7.678807772227189687e+00 4.437353448223817498e-01
2.495289269490439388e+00 7.394051098859619309e+00 4.202551573035287480e-01
2.833638042108008293e+00 7.226813086019999943e+00 3.997686122089219585e-01
3.217865219819345590e+00 6.999624852556798338e+00 3.904386604989834031e-01
3.654191685406629198e+00 6.936176693454301656e+00 3.875426116783759478e-01
4.149681842313023061e+00 6.668491806103559405e+00 3.958158689911086547e-01
4.712357991834854154e+00 6.387954943134481312e+00 3.827661721295823605e-01
5.351330219290273860e+00 5.994675568403634358e+00 3.834149064730610901e-01
6.076943892104214484e+00 5.623350734299066289e+00 3.978782104024559674e-01
6.900947157897591389e+00 5.415442314124041090e+00 4.156366285034001629e-01
7.836681154481548006e+00 5.010597835606076522e+00 4.250786913775422282e-01
8.899296011377689553e+00 4.587244638930594753e+00 4.167904204705364934e-01
1.010599614006655855e+01 4.180996563403969191e+00 4.132958616889971237e-01
1.147631878436970254e+01 3.944911314967562976e+00 4.355128742237826533e-01
1.303245034087352394e+01 3.609745642347548245e+00 4.530346694926891127e-01
1.479958557082401072e+01 3.172832929488138554e+00 4.673128912603719542e-01
1.680633551936186265e+01 3.067506012674005689e+00 5.059543339464682710e-01
1.908519074657018777e+01 2.531226107910487411e+00 5.261457208415643017e-01
2.167304737034065454e+01 2.381129036730378346e+00 7.097148825490372515e-01
2.461180443802712148e+01 1.717552459909258200e+00 7.000317934721491664e-01