2.219095669398030068e+01 1.581314875698742739e+01
2.555718855549090307e+01 1.581313553972850627e+01
2.943405711922728685e+01 1.581311799178199706e+01
3.389902283722825871e+01 1.581309468721025446e+01
3.904129643644214553e+01 1.581306372467342847e+01
4.496362136327518044e+01 1.581302256517659544e+01
5.178432661403235215e+01 1.581296781015939601e+01
5.963969096713003637e+01 1.581289489681481086e+01
6.868666585481749109e+01 1.581279767386005553e+01
7.910601127781771424e+01 1.581266780209183942e+01
9.110590741896263012e+01 1.581249388959846947e+01
1.049261141164386828e+02 1.581226020970563262e+01
1.208427613035816819e+02 1.581194473069421136e+01
1.391738661289715253e+02 1.581151593981488901e+01
1.602856869897657930e+02 1.581092738935975106e+01
1.846000414328723593e+02 1.581010750300515610e+01
2.126027341367917813e+02 1.580893819669108424e+01
2.448532633665511753e+02 1.580720212710241590e+01
2.819959998382474282e+02 1.580441599413395792e+01
3.247730613486938864e+02 1.579900314441065134e+01
3.740391404073259309e+02 1.577727467995529764e+01
4.307785811288129594e+02 1.581469906654549007e+01
4.961250465854153617e+02 1.581025840405194316e+01
5.713841695759215327e+02 1.580265289615706514e+01
6.580596393771404564e+02 1.579929257144018884e+01
7.578832456954036161e+02 1.578870413021887309e+01
8.728494801010161837e+02 1.579314330931508792e+01
1.005255386287839428e+03 1.578604385902030316e+01
1.157746455372537184e+03 1.577088182717013076e+01
1.333369483228888839e+03 1.575274421698653526e+01
1.535633445955137859e+03 1.579548920409021662e+01
1.768579609775905965e+03 1.576250313183787988e+01
2.036862276185715700e+03 1.578732499381803045e+01
2.345841775634937221e+03 1.573844146302275959e+01
2.701691567786849191e+03 1.575310724195826140e+01
3.111521588226016775e+03 1.571599068305613578e+01
3.583520306104899646e+03 1.572593973936153589e+01
4.127118331063096775e+03 1.583146384478082069e+01
4.753176838311581378e+03 1.591910643043233264e+01
5.474204576645146517e+03 1.591141651890454511e+01
6.304607795237742721e+03 1.594819654088204253e+01
7.260978082797921161e+03 1.604448097268425855e+01
8.362423870156648263e+03 1.614789194722537147e+01
9.630952219761980814e+03 1.630237098550567509e+01
1.109190853029561367e+04 1.641532504118106317e+01
1.277448294177968091e+04 1.661272464110530578e+01
1.471229355922853210e+04 1.671324740987162727e+01
1.694405814774701139e+04 1.690050411369539418e+01
1.951436771965054504e+04 1.713762981364375193e+01
2.247457747000085510e+04 1.727634308848387334e+01
2.588383286159142881e+04 1.765726803943112344e+01
2.981025136072446548e+04 1.805445274510080367e+01
3.433228343504833174e+04 1.836832741241914846e+01
3.954028000640945538e+04 1.875382360882688104e+01
4.553829767667657870e+04 1.911121919656804380e+01
5.244617779523708305e+04 1.949591865434777205e+01
6.040194090826538013e+04 1.990646340924437041e+01
6.956454443124194222e+04 2.033454019796312195e+01
8.011705864345886221e+04 2.076111633113331933e+01
9.227032446138927480e+04 2.112727525772355008e+01
1.062671660738154023e+05 2.155206001111118397e+01
1.223872426078368735e+05 2.198741264132490514e+01
1.409526357628190599e+05 2.251897710201215119e+01
1.623342850541005027e+05 2.303275448371369194e+01
1.869593992436521803e+05 2.348367073138388861e+01
2.153199920392563508e+05 2.386018973446700997e+01
2.479827126068368671e+05 2.428437199607792252e+01
2.856001673111403943e+05 2.463699629407627967e+01
3.289239588949576137e+05 2.509991132604650232e+01
3.788197036217622226e+05 2.567469568747910813e+01
4.362843264266683836e+05 2.618706144168186256e+01
5.024659796355871367e+05 2.663757448449626608e+01
5.786869832317631226e+05 2.695223902664178439e+01
6.664702450198702281e+05 2.745551188954102884e+01
7.675696885667655151e+05 2.808589569684691511e+01
8.840052968740060460e+05 2.885577933786159122e+01
1.018103471960286261e+06 3.006611228257639112e+01
1.172543516744698398e+06 3.073582548710127682e+01
1.350411167946254369e+06 3.167958800062844560e+01
1.555260249595517525e+06 3.537770786792380306e+01
