2.218895810134776170e+01 1.552575679976415302e+01
2.555058681643918561e+01 1.552571614328380889e+01
2.942150251862177157e+01 1.552566220161993371e+01
3.387886222230817879e+01 1.552559061918240069e+01
3.901151223502868248e+01 1.552549560140577611e+01
4.492175908616172109e+01 1.552536943078512266e+01
5.172740875149180795e+01 1.552520181379000164e+01
5.956411482043175454e+01 1.552497899397149261e+01
6.858808241074437717e+01 1.552468253862179637e+01
7.897918172653473334e+01 1.552428766157588669e+01
9.094453332049788230e+01 1.552376087286602058e+01
1.047226365236494701e+02 1.552305662399659525e+01
1.205881233324509765e+02 1.552211239748374005e+01
1.388572325101699505e+02 1.552084125839986939e+01
1.598941130149812011e+02 1.551911992495347548e+01
1.841180823978693013e+02 1.551676770781056369e+01
2.120119848483251133e+02 1.551349885049283017e+01
2.441318154845534423e+02 1.550860781966702717e+01
2.811178027243252586e+02 1.550308427533746247e+01
3.237071696357937753e+02 1.549342387306601942e+01
3.727488286338590342e+02 1.547608130867382847e+01
4.292203024240667446e+02 1.545758672381140109e+01
4.942472084706976716e+02 1.542479228311231410e+01
5.691256953631470878e+02 1.543271002871245123e+01
6.553482782933895123e+02 1.542178856201814341e+01
7.546335886100993093e+02 1.517475033362721248e+01
8.689606304323162931e+02 1.569681474337412830e+01
1.000608227142492751e+03 1.569295992906717885e+01
1.152200444026016385e+03 1.570937139832576257e+01
1.326758892443821424e+03 1.569475307778724726e+01
1.527762958090831489e+03 1.567046226626121808e+01
1.759219153839797855e+03 1.565050423410788305e+01
2.025740979545869095e+03 1.568069766135126564e+01
2.332640880617167568e+03 1.569027819659664935e+01
2.686036138315298558e+03 1.566794239695903102e+01
3.092970802443830053e+03 1.560037496420435765e+01
3.561556096847672052e+03 1.572669978058883089e+01
4.101132096355503563e+03 1.582806184933006932e+01
4.722453897790352130e+03 1.585367416398542417e+01
5.437905995901403912e+03 1.588717182049495236e+01
6.261749137264572710e+03 1.604329007977507615e+01
7.210404572566376373e+03 1.609043225841119451e+01
8.302781373128878840e+03 1.618687187645382153e+01
9.560653335911172690e+03 1.633416883508028761e+01
1.100909298964513800e+04 1.651566642852211331e+01
1.267697135293137762e+04 1.661522716823834855e+01
1.459753340572181696e+04 1.682142626992736467e+01
1.680906074477250877e+04 1.704468605408007065e+01
1.935563463144415437e+04 1.732058144546752487e+01
2.228801464129818487e+04 1.762429181751112495e+01
2.566465042916851962e+04 1.785568773037268286e+01
2.955284677671292593e+04 1.817400227856698791e+01
3.403010514475054515e+04 1.844199369216225293e+01
3.918566847087290807e+04 1.879089257709136973e+01
4.512230000400190329e+04 1.915250365191635851e+01
5.195833163250858343e+04 1.952051330716216526e+01
5.983002253418619512e+04 1.988911817976199004e+01
6.889427516186008870e+04 2.028438622539895420e+01
7.933176270100919646e+04 2.066087749709851451e+01
9.135053033743708511e+04 2.099242406216422197e+01
1.051901421172487026e+05 2.148521237556152741e+01
1.211264560564062849e+05 2.190699342176280595e+01
1.394771226797184790e+05 2.243594286019842698e+01
1.606079165888742136e+05 2.291057842729039606e+01
1.849400272634793655e+05 2.340845362280818875e+01
2.129584544189636945e+05 2.380212290561048860e+01
2.452216752618023602e+05 2.417027126037718077e+01
2.823727763345843996e+05 2.471057906175650132e+01
3.251522718363932800e+05 2.511792075128563084e+01
3.744128639196261647e+05 2.551200173696912898e+01
4.311364391728228657e+05 2.616148144274426812e+01
4.964536400718408404e+05 2.659537580827185721e+01
5.716664015072595794e+05 2.689827913522738356e+01
6.582739015972737689e+05 2.735154929544058788e+01
7.580024440505693201e+05 2.816970311488271150e+01
8.728398677092815051e+05 2.917134128328994080e+01
1.005075169140127487e+06 2.998780291202499981e+01
1.157344128050892614e+06 3.100098320936885088e+01
1.332681844960729824e+06 3.220482586909896838e+01
1.534583238331196131e+06 3.371730579849359799e+01
