22.188655862745925 14.595186132776668
25.54958853115211 14.595162956560626
29.419604240524528 14.595132212674287
33.875814188310144 14.595091423494072
39.00700966399047 14.595037294961061
44.9154312415523 14.594965443382133
51.718805952894705 14.594870027014945
59.552693033449614 14.594743246045029
68.57318497968495 14.594574656391673
78.96001773785284 14.59435021105516
90.92015199540585 14.594050876671375
104.69189693336175 14.593650501634771
120.54965860659206 14.593111997108561
138.80940756490358 14.592377269233111
159.83497465886552 14.591268925933262
184.045300476158 14.590293349482089
211.92278285558865 14.588752938636855
244.02288880543838 14.586439371327849
280.98522234642803 14.583221152988349
323.54626880932176 14.578584350043762
372.55406952103215 14.57110745602516
428.98511927665066 14.560689843742066
493.96382328448306 14.558323585074547
568.7849012694289 14.54940712811774
654.939185143028 14.522517796132579
754.1433242663127 14.504248467969763
868.3739901915369 14.409687281418991
999.9072624222863 14.477743775647216
1151.363979964787 14.424690911239123
1325.7619623133646 14.341051180694741
1526.5761403884972 14.752581687894986
1757.807795554029 14.7110169482498
2024.0642863212663 14.752281605698206
2330.6508513178865 14.782957827668763
2683.6763177227544 14.792870015238602
3090.174821438166 14.79295726392849
3558.2459643096618 14.860747195799153
4097.216201067072 14.899202449299352
4717.824671668917 14.971530765302179
5432.437181814112 15.110122064936224
6255.292595245364 15.221554084221498
7202.786547283147 15.351779608964385
8293.798132665619 15.496502203544019
9550.066077045401 15.601806023301837
10996.62188747057 15.756403366218638
12662.288612500239 16.060381673396112
14580.255149896126 16.308773561115
16788.73754513929 16.570014310372443
19331.740457338834 16.762436320556116
22259.93396496391 17.099438460848315
25631.66318201046 17.39396470287415
29514.11080150056 17.750125562258013
33984.63573033451 17.990470837109303
39132.314488187425 18.360601039490245
45059.7160832752 18.72149809103939
51884.94572990986 19.106230212563055
59743.99812951548 19.407843704974347
68793.46720491884 19.774172055884684
79213.66628016505 20.12280454023188
91212.22087635528 20.53724015769138
105028.2057110169 20.90881210918269
120936.90833193166 21.356006715085257
139255.31430222158 21.825561244800717
160348.42323061381 22.197133776484165
184636.5214956387 22.60968327402284
212603.55657492267 23.1194083809123
244806.77984054206 23.4504938839152
281887.8499559616 24.029041536930848
324585.61811299727 24.374090719719792
373750.84985839546 25.02345650198289
430363.17684674135 25.356105433949438
495550.6162883425 25.699265626756564
570612.0470228045 26.5312976960452
657043.0900606563 26.9867491030381
756565.9092704053 27.61192175414728
871163.5259984458 28.375790705767283
1003119.3313506756 28.92497371371823
1155062.583429624 29.556804109609516
1330020.7960728782 30.322585691823512
1531480.0629537585 33.96282256223635