22.189546446820305 14.607304028903576
25.552530155181568 14.607242756537241
29.425197982134808 14.607161432633848
33.884796183764756 14.607053464107013
39.0202782361017 14.606910066324405
44.934079147635785 14.60671951623057
51.744158681522265 14.606466137228594
59.58635424265575 14.606128908193945
68.61709036152803 14.605679538388106
79.01649881965076 14.605079768169102
90.99201165219498 14.604277520632632
104.78249869575511 14.60320129759854
120.66303221092775 14.601751798049243
138.95037361735686 14.599788956010645
160.00929178252926 14.597111039668363
184.25983889221024 14.593419142182794
212.1857290308331 14.588252709001285
244.34398659538562 14.580861320127177
281.37605699509743 14.569930219428418
324.02060125675087 14.552938541992383
373.1282297434981 14.523611408632998
429.6784688736392 14.460944487414428
494.79929926639954 14.238680555397957
569.7896550327706 14.763269947990992
656.1453329940285 14.735928990117559
755.5888286267387 14.745680568103964
870.1036938575966 14.750230238643075
1001.9741020266358 14.737543315958042
1153.8304092022308 14.70288894898746
1328.7016206376925 14.76443791271811
1530.0758088928148 14.728791916719398
1761.9696887517953 14.738578700983284
2029.0087367152003 14.75944559551639
2336.5194531712214 14.758855575695133
2690.6356075557096 14.802776515468642
3098.4205857224524 14.808243154982357
3568.0082799282945 14.822082862172202
4108.765331698335 14.863039590587727
4731.477963752205 14.832173020234242
5448.567127638612 14.926023639674236
6274.336258525336 15.040892623938188
7225.256578991133 15.139588314779907
8320.295642638106 15.277108101913079
9581.29567082709 15.404989303553677
11033.409229038236 15.457260850906248
12705.600933085232 15.687113268688002
14631.225192477348 15.853025203763778
16848.6915149004 16.06428438028412
19402.230642327417 16.25394385435537
22342.77680051015 16.632932592431807
25728.983659660924 16.9778842236173
29628.394271207322 17.244853867496
34118.78831678965 17.629534351943093
39289.73354243358 17.899991795708765
45244.37232361485 18.217819511850227
52101.47899697597 18.661178727060342
59997.82899530884 19.029569071835336
69090.9270418073 19.48316300213876
79562.14882157782 19.827811015827457
91620.35879583 20.236208956174163
105506.07632155895 20.67666329769322
121496.27317632013 21.070110571889067
139909.89818203196 21.588505717497306
161114.23912484015 22.0618519000124
185532.2488692213 22.551472931534118
213650.98179682594 22.93772256462904
246031.30884767818 23.205732860119056
283319.10494502017 23.807069306371773
326258.1319540255 24.138228683862778
375704.87414460315 24.687763241955917
432645.62207418855 24.952435621140037
498216.14565457514 25.436461891785815
573724.3488120562 26.133437025427643
660676.3576225658 26.66124598031113
760806.5622893907 27.199975995587693
876112.2121964525 28.01785335650754
1008893.2540881507 28.944654224104603
1161798.2080089296 29.77421802916546
1337876.9960680339 31.539946295532545
1540641.7777795952 34.257159391387184