22.18823531451652 14.677838165501052
25.548199502089094 14.677804728789486
29.416963023260955 14.677760347604742
33.87157335455839 14.67770141733629
39.00074527088451 14.677623128995851
44.906627624362145 14.677519053524973
51.70683766647393 14.67738057224855
59.53680342757788 14.677196088052611
68.55246080292281 14.676949917852653
78.93335905836446 14.67662070889124
90.88623660277192 14.676179119355092
104.64913823960335 14.675584313789496
120.49615589383545 14.674778445227464
138.7428872271097 14.673677482449751
159.75272085090046 14.672154808915149
183.9440733094319 14.670008800934264
211.79872195882507 14.666888703288521
243.8713996940261 14.662080879071002
280.80084260510966 14.653519123171744
323.3225105800345 14.630477133387835
372.28323418810953 14.65040989709404
428.65807954083476 14.629006616828143
493.5697669984014 14.619288511452375
568.3110304506683 14.697053946776535
654.370362463766 14.687905465039194
753.4616580139211 14.665887492061554
867.5583471715099 14.669003994316624
998.9326964970209 14.65721926068568
1150.2010618468967 14.631804662284265
1324.3759938111848 14.637981627137261
1524.9262334769385 14.611198137169335
1755.845793349296 14.500776547916931
2021.733499195548 14.78849684602913
2327.8845769096283 14.776717688457662
2680.396108374308 14.762873256217334
3086.288456503247 14.719384038585156
3553.6450776756014 14.89723993653186
4091.7735059657907 14.926842006024655
4711.3907152131 14.96444794824238
5424.836550467118 14.987081857021597
6246.319479354179 15.003861630273356
7192.199557570052 15.153029700845195
8281.314243833565 15.351467081912872
9535.35355299445 15.456849313126646
10979.292018571448 15.644728064406507
12641.886067372005 15.824547992920863
14556.246711544223 16.05032437730061
16760.498963378857 16.346104077525357
19298.541105286226 16.573139672153033
22220.91893601602 16.86489445472274
25585.832403970835 17.21698123928094
29460.294674989418 17.50048251122324
33921.46671774933 17.825387025695537
39058.19398542011 18.14555257911457
44972.77579699913 18.46954117934678
51783.00265604037 18.860649882184983
59624.50208053222 19.173878202266053
68653.43966176324 19.512758310488383
79049.62914449701 19.913718369338298
91020.11346654824 20.33706244584188
104803.28807513518 20.733035055976472
120673.6486369742 21.20874062660144
138947.2576940532 21.601972936879648
159988.03913501793 21.979285268924272
184215.0258382791 22.487495451486026
212110.7048256218 22.896152878940743
244230.62612231896 23.303523518944992
281214.466686807 23.732062452611302
323798.7697510898 24.183820132853306
372831.6132792968 24.54058318825338
429289.49967072904 25.198577770991285
494296.80307042354 25.617676295025504
569148.1615857023 26.03711268407566
655334.2603557839 26.907282998141913
754571.5189512986 27.279862204091696
868836.2743363238 27.803210801781084
1000404.1401559248 28.4499200838465
1151895.326200094 30.216806748005713
1326326.8205935392 31.51920798446232
1527172.4739337899 34.24612875154539