2.218977194642526740e+01 1.579482121989215848e+01
2.555327501106745558e+01 1.579480681364829664e+01
2.942661444956565475e+01 1.579478769915886360e+01
3.388707074096539884e+01 1.579476233322386491e+01
3.902363846073168929e+01 1.579472866375652629e+01
4.493880189157104610e+01 1.579468395907854195e+01
5.175057977953611044e+01 1.579462457850761936e+01
5.959488003218116603e+01 1.579454566176037744e+01
6.862821133946917485e+01 1.579444070594444227e+01
7.903080581941841842e+01 1.579430098434255569e+01
9.101021499120034264e+01 1.579411473844270652e+01
1.048054508221823937e+02 1.579386603726612037e+01
1.206917544706705456e+02 1.579353313343602672e+01
1.389860878698265765e+02 1.579308602786697335e+01
1.600534577202905098e+02 1.579248272678621667e+01
1.843141980671736633e+02 1.579166319697178800e+01
2.122523567626656700e+02 1.579053892643135981e+01
2.444253531401143391e+02 1.578897315600651119e+01
2.814750995885209477e+02 1.578673825700735023e+01
3.241408089239868673e+02 1.578340430312678500e+01
3.732737430894983959e+02 1.577793501657613184e+01
4.298541974476264613e+02 1.576643164726885971e+01
4.950110595350405447e+02 1.575307106526774525e+01
5.700443325131392385e+02 1.578807006626975706e+01
6.564510727004233104e+02 1.577757720640705408e+01
7.559552586896454613e+02 1.575721732974324318e+01
8.705421879953619282e+02 1.572708338672974371e+01
1.002498087510337427e+03 1.574468451052810636e+01
1.154455728074649869e+03 1.575610182264993497e+01
1.329446953254787786e+03 1.574717451754758102e+01
1.530963170381663531e+03 1.577068555802090444e+01
1.763025010758648477e+03 1.580179397093523797e+01
2.030262548893097119e+03 1.580985516111401168e+01
2.338007681277402298e+03 1.577219201600854959e+01
2.692400507851736620e+03 1.574191559710079780e+01
3.100511838660721423e+03 1.574823422391530237e+01
3.570484269944528933e+03 1.581157511264671101e+01
4.111694644400397010e+03 1.574244212577860225e+01
4.734941137005362179e+03 1.595251728281112236e+01
5.452658699117736433e+03 1.598085004149406174e+01
6.279167159376380368e+03 1.604824295872054662e+01
7.230956931481965512e+03 1.607350920589689025e+01
8.327018029273165666e+03 1.618632949002866894e+01
9.589218953573474209e+03 1.635396187245678234e+01
1.104274301032094445e+04 1.654365306402056390e+01
1.271659076535630811e+04 1.666990075434395280e+01
1.464415866079684929e+04 1.691278194876035457e+01
1.686390533749181122e+04 1.713165121231475752e+01
1.942011895795794044e+04 1.729615864366419586e+01
2.236380083934519644e+04 1.761361869015620840e+01
2.575368302658880566e+04 1.796338789761593802e+01
2.965740010826479920e+04 1.822343793430114545e+01
3.415283865510114993e+04 1.852272307324889411e+01
3.932969120500619465e+04 1.895365827940432979e+01
4.529124579956704110e+04 1.927775234024375806e+01
5.215644677667070937e+04 1.962012810218122993e+01
6.006226793597471260e+04 1.998977521217199538e+01
6.916644542638627172e+04 2.039964442719869453e+01
7.965062488184639369e+04 2.075118242866486895e+01
9.172398559675514116e+04 2.113020667258100360e+01
1.056274140502225346e+05 2.164112866686559045e+01
1.216383100488804776e+05 2.222702588860389383e+01
1.400761213799345715e+05 2.266891796379018942e+01
1.613087174012966570e+05 2.306448241822194944e+01
1.857597287340277107e+05 2.351960769841006638e+01
2.139169994978968170e+05 2.394987391446517933e+01
2.463423207282102667e+05 2.431581165965074831e+01
2.836826391740645631e+05 2.464341389296251705e+01
3.266829651148394332e+05 2.519059946232679437e+01
3.762012367303876090e+05 2.559178524522666009e+01
4.332254375973410206e+05 2.580434264088276564e+01
4.988933088380976696e+05 2.609858221385559318e+01
5.745150492173063103e+05 2.678483758325130282e+01
6.615994560958894435e+05 2.765357411417070921e+01
7.618840288042908069e+05 2.815412298744870512e+01
8.773696350544260349e+05 2.835619494088576076e+01
1.010360432051101117e+06 2.989526462497181925e+01
1.163509838804898318e+06 3.088875787866392741e+01
1.339873476881497074e+06 3.266323674970579560e+01
1.542970135855936212e+06 3.497134747640618002e+01
