22.188246701989584 14.584801924796142
25.548237113330657 14.58477900337935
29.41703453930132 14.584748602151016
33.87168818137026 14.584708275044331
39.00091488566564 14.584654772028653
44.90686598713845 14.584583771845395
51.70716170886552 14.58448952348375
59.53723363265893 14.584364363598736
68.55302189255646 14.584198063408968
78.93408080726518 14.583976939459257
90.88715480191533 14.583682631963052
104.65029583554754 14.583290407588652
120.49760433513786 14.582766765914663
138.74468805443558 14.582065997006742
159.75494757375176 14.581125100921074
183.9468136198405 14.579856029903677
211.8020803410271 14.578133294235894
243.87550049928282 14.57577291616185
280.8058336727066 14.572493541713094
323.328567499365 14.567835168597494
372.2905653129686 14.56095240807411
428.66693188600476 14.549848726412943
493.580433170756 14.515458337395188
568.323856792894 14.531007679969417
654.3857586190207 14.496353444249937
753.4801081550258 14.461850725184622
867.5804231794712 14.563412969237188
998.9590734217579 14.520119916182713
1150.2325360391674 14.641019965911951
1324.4135041801778 14.606216944137639
1524.97088640439 14.561254260118588
1755.898891880082 14.565286881575819
2021.7965772286261 14.608283458697784
2327.9594392343597 14.591681773283234
2680.4848775384617 14.589433620726455
3086.3936276636528 14.767380707595915
3553.769582774346 14.78185744001575
4091.9207887985126 14.810081105837762
4711.5648192165345 14.907524869000445
5425.04222135665 14.890634465088157
6246.562285095819 14.930250432519468
7192.4860285831655 15.125551676067083
8281.65203680035 15.27669770689733
9535.751642210696 15.444606803744747
10979.760919423434 15.626140178614975
12642.43809728139 15.801092743360236
14556.89629460393 16.056447112651398
16761.262985928388 16.257795746498378
19299.439330868507 16.52688658581271
22221.974489546126 16.75643515193842
25587.072336562844 17.053801316874694
29461.750622767075 17.312269196339436
33923.17567015233 17.681548349835364
39060.199181060474 17.96372906718637
44975.127768079816 18.41932796650444
51785.76044578654 18.767442485388475
59627.73466208397 19.087531418057917
68657.22759162792 19.469296047580308
79054.06648906307 19.913442980929716
91025.31004644402 20.337857597062072
104809.3720795192 20.76187397268093
120680.76966832858 21.154666124605658
138955.59031391324 21.541208594026585
159997.78699253238 21.978420015417235
184226.42647680934 22.454584686997215
212124.03527805844 22.876980911604434
244246.20942376708 23.406735649347723
281232.6794541673 23.87208914426868
323820.0510033139 24.21525605937169
372856.4747002595 24.66616402454611
429318.5375493703 25.10809702571668
494330.7121907991 25.608742225445685
569187.751383696 26.127554981280817
655380.4737104458 26.60729479110474
754625.4540382428 27.171796754377805
868899.2100396601 27.941043332736907
1000477.5656153315 28.499570458287845
1151980.9751626905 29.304426589837902
1326426.7113481874 30.989258742963997
1527288.9557307947 32.31244544617405