1.075533344459765010e-03 8.848378769788006082e+00 1.638143278633336308e+02
1.238010605629849331e-03 8.848364606965965606e+00 1.423141029058395759e+02
1.425032768669611156e-03 8.848345839409821778e+00 1.236354091110847264e+02
1.640307750634359277e-03 8.848320968948401699e+00 1.074079210587734252e+02
1.888103611331733850e-03 8.848288009189202441e+00 9.330991109262303951e+01
2.173333172232625246e-03 8.848244325770595609e+00 8.106187070637967906e+01
2.501651418480783581e-03 8.848186423995464622e+00 7.042096894930207895e+01
2.879567615101519609e-03 8.848109665905333543e+00 6.117623798942803148e+01
3.314574360234814020e-03 8.848007893155397596e+00 5.314439037179791114e+01
3.815296134013054698e-03 8.847872922675012575e+00 4.616618502578668171e+01
4.391660288225886222e-03 8.847693870939409067e+00 4.010326995820311424e+01
5.055093866827556869e-03 8.847456244824561722e+00 3.483543899505146157e+01
5.818750159466619734e-03 8.847140712790945827e+00 3.025824813393265700e+01
6.697769479707224582e-03 8.846721433500094989e+00 2.628094416159202140e+01
7.709579338152871414e-03 8.846163763977109795e+00 2.282466433702713360e+01
8.874239961730041870e-03 8.845421083979976729e+00 1.982087122998895978e+01
1.021484200942597391e-02 8.844430336338000131e+00 1.720999133260941605e+01
1.175796436962606856e-02 8.843105656406343940e+00 1.494022986586765178e+01
1.353420111537928169e-02 8.841329074124528731e+00 1.296653728034413788e+01
1.557876806505063133e-02 8.838936573934478957e+00 1.124970518953466403e+01
1.793220097408313590e-02 8.835696486635619351e+00 9.755570555229448715e+00
2.064115920027743273e-02 8.831274588064374598e+00 8.454306050522388816e+00
2.375935077612422591e-02 8.825174785251670428e+00 7.319769561370917721e+00
2.734859722875096488e-02 8.816631707874872603e+00 6.328870978727580976e+00
3.148005925869219040e-02 8.804399799930022752e+00 5.460871961404458297e+00
3.623564757789339563e-02 8.786292210018070037e+00 4.696399554116814201e+00
4.170964687834071566e-02 8.758007237840967463e+00 4.015429565130768985e+00
4.801058512825442937e-02 8.709329615706041139e+00 3.390525449623432941e+00
5.526338525666903145e-02 8.604356733567962934e+00 2.714195951558538766e+00
6.361184188587835908e-02 8.380604106770087824e+00 2.339222874073296765e+00
7.322147221565063202e-02 8.973944263427249268e+00 2.474114336772090361e+00
8.428279758108228603e-02 9.142208060274347403e+00 2.254400730566320732e+00
9.701512074453134959e-02 9.289544010588478784e+00 2.022524713372913840e+00
1.116708738105360588e-01 9.448180560351005397e+00 1.752616295073423869e+00
1.285406229658442590e-01 9.195735806759307351e+00 1.550291169989704843e+00
1.479588292689479889e-01 9.208136130931807273e+00 1.355276773200892793e+00
1.703104797030179918e-01 9.276895368522138696e+00 1.200114573896990944e+00
1.960387199600496233e-01 9.339232150412419386e+00 1.066305377747416294e+00
2.256536402844370737e-01 9.460936997814700433e+00 9.255316464677306731e-01
2.597423885648455499e-01 9.357399055841566948e+00 8.227231479591785579e-01
2.989808111773867294e-01 9.412636410754888772e+00 7.458466683973420386e-01
3.441468523724295903e-01 9.282112480463892368e+00 6.403543235173273507e-01
3.961359778624103933e-01 9.420502605189586376e+00 6.072403100638997797e-01
4.559789283999847731e-01 9.443355680251654505e+00 5.633711016833271579e-01
5.248621553304458898e-01 9.496226283837614801e+00 5.332169588312072328e-01
6.041513432753841117e-01 9.382917635277532753e+00 4.946073932996662981e-01
6.954184863102820247e-01 9.303450860506339737e+00 4.597415818346207717e-01
8.004730544506073464e-01 9.181202828652628156e+00 4.260473272269094669e-01
9.213978683557633165e-01 9.336505221518505593e+00 4.220774959022265405e-01
1.060590393505780771e+00 9.130666440685944352e+00 4.181051293755406739e-01
1.220810272552559361e+00 8.943434552638290569e+00 4.067331348677489244e-01
1.405234038226022886e+00 8.910375240506841266e+00 4.121995625899690374e-01
1.617518091537848424e+00 8.949284787550766396e+00 4.201109639894431980e-01
1.861871193893907428e+00 8.679135003072042664e+00 4.132268090733044463e-01
2.143137910350109809e+00 8.316652739664840865e+00 4.101141780014644911e-01
2.466894658364620518e+00 8.081256161390351522e+00 4.240297806742731046e-01
2.839560266317038728e+00 8.003535333231885929e+00 4.433877884419553106e-01
3.268523233737011147e+00 7.711999320377077360e+00 4.315919184749160697e-01
3.762288216314212175e+00 7.400629513710065943e+00 4.379339109584395318e-01
4.330644639913762362e+00 7.054619939576132204e+00 4.461986434493929732e-01
4.984860786552644640e+00 6.839820227504181283e+00 4.709639017313397846e-01
5.737907200301954447e+00 6.355820559915965617e+00 4.612891898024531478e-01
6.604713842379093869e+00 5.856228372921153280e+00 4.724361979214308782e-01
7.602466093808287084e+00 5.406850111062222020e+00 4.623974132936093384e-01
8.750945474222897147e+00 4.955251502215793913e+00 4.586342099359999036e-01
1.007292183192909718e+01 4.902650032054085116e+00 4.653725036363887679e-01
1.159460478082385926e+01 4.608497589729250166e+00 4.578093347822022041e-01
1.334616333439345937e+01 4.123324341241268343e+00 4.380545715421397812e-01
1.536232403909951572e+01 3.816188440950996963e+00 4.296691237839065924e-01
1.768305946579516075e+01 3.567484833388037568e+00 3.912908199848110224e-01
2.035438070925996712e+01 3.317589637420522486e+00 3.944009077919071737e-01
2.342924960801542511e+01 2.708600149689275760e+00 3.437293736483109652e-01
2.696862877016751270e+01 2.621369362642388179e+00 4.093620209459614689e-01
3.104269022317669169e+01 2.375316828243145828e+00 4.170509340065920445e-01
3.573220665034662602e+01 2.402371180052583544e+00 4.481056049404467667e-01
4.113015279680286085e+01 1.899778209280369889e+00 4.350090056866741661e-01
4.734354879457021070e+01 1.682185339134425028e+00 5.222803598421571492e-01
5.449558195266607896e+01 1.385520677048145854e+00 4.486213638484582433e-01
6.272804907899818261e+01 1.075785145328246539e+00 5.282606374241817226e-01
7.220416775574419432e+01 6.010652681589114810e-01 3.845577699566465335e-01