1.074589359375207470e-03 1.036222100261149137e+01 1.984329632616439483e+02
1.234895223189629715e-03 1.036225852914560441e+01 1.726733769294500860e+02
1.419115310376066301e-03 1.036230809907599770e+01 1.502576772835832912e+02
1.630817114137065368e-03 1.036237358249350038e+01 1.307517756195036327e+02
1.874100321740281624e-03 1.036246009702349369e+01 1.137779326054025972e+02
2.153676206547236981e-03 1.036257441264034718e+01 9.900744319488033796e+01
2.474958863643207489e-03 1.036272548997467347e+01 8.615427112480971061e+01
2.844170055881483500e-03 1.036292519805502543e+01 7.496950971441059153e+01
3.268459700726178939e-03 1.036318927320130179e+01 6.523656168072832884e+01
3.756044331167874856e-03 1.036353860557259665e+01 5.676694463988175698e+01
4.316366212061257743e-03 1.036400097355496541e+01 4.939664105862567567e+01
4.960276193234136599e-03 1.036461339683015836e+01 4.298292196952942845e+01
5.700243840388989972e-03 1.036542535518069208e+01 3.740158293648350707e+01
6.550598913063160160e-03 1.036650323844860466e+01 3.254453873881190162e+01
7.527808865961778395e-03 1.036793658239855276e+01 2.831773018551038490e+01
8.650797747583970423e-03 1.036984695873811191e+01 2.463930251395428073e+01
9.941312671737520534e-03 1.037240092599738439e+01 2.143802008154662886e+01
1.142434495880458728e-02 1.037582941244595247e+01 1.865188663182756557e+01
1.312861410232181621e-02 1.038045771221594116e+01 1.622694439985162163e+01
1.508712393307481275e-02 1.038675386092487152e+01 1.411622880586974382e+01
1.733780175103963317e-02 1.039541072658714249e+01 1.227885858853660928e+01
1.992423280220842127e-02 1.040749441954719501e+01 1.067924416163896417e+01
2.289650432372686284e-02 1.042473502206833302e+01 9.286400356888982799e+00
2.631217550260376778e-02 1.045015928131319605e+01 8.073355865781230989e+00
3.023739213161824937e-02 1.048968294186794026e+01 7.016671778476184507e+00
3.474816754816693887e-02 1.055710142336442381e+01 6.096187776872055153e+00
3.993185466192721023e-02 1.069726514899632086e+01 5.296088034025912883e+00
4.588883757772127536e-02 1.159954802086925696e+01 4.691602259612412062e+00
5.273447557251162432e-02 9.626444468940375643e+00 3.674829853770574140e+00
6.060133707239395706e-02 9.887350879694237094e+00 3.418160666772713796e+00
6.964176689141569898e-02 9.876405479824750699e+00 2.919105004546623583e+00
8.003083644779215855e-02 9.992638938679290206e+00 2.521154563358548817e+00
9.196973408959778495e-02 1.052934729240388023e+01 2.232410186347717929e+00
1.056896611849003076e-01 9.815945178640577140e+00 1.885828537355252355e+00
1.214563094256291553e-01 9.577790347525713344e+00 1.666497977682139364e+00
1.395750060498984479e-01 9.701959428155182863e+00 1.447314236101661988e+00
1.603966266220036851e-01 9.464642113580287841e+00 1.248072805959712817e+00
1.843243898733628594e-01 9.591424383232542539e+00 1.143349473159793739e+00
2.118216661891230701e-01 9.394221355129728224e+00 9.841395704074640260e-01
2.434209509547945183e-01 9.433584139103572852e+00 8.967480778042746792e-01
2.797341765352383547e-01 9.612506901029357564e+00 8.118453626943005208e-01
3.214645625814674945e-01 9.735322757512388847e+00 7.304414520230964047e-01
3.694202341510333665e-01 9.397437897586758737e+00 6.420827350822783108e-01
4.245298713621628028e-01 9.167931115444778456e+00 5.658796360359690247e-01
4.878606936432486330e-01 9.188588164432298200e+00 5.234077809985889784e-01
5.606391268496371261e-01 9.330585137718770739e+00 5.021311246237194492e-01
6.442745534744171998e-01 9.437352493591781410e+00 4.599100070319556144e-01
7.403866058852264231e-01 9.419648723938619739e+00 4.366599477598471779e-01
8.508365311311527623e-01 9.269866965111344115e+00 4.191934449925872608e-01
9.777632347113456301e-01 9.133457519973850580e+00 4.071081327782685166e-01
1.123624701306845441e+00 9.155680639545298760e+00 4.062075656455969019e-01
1.291245594604117919e+00 8.975077635495736672e+00 3.977315563335860338e-01
1.483871957999277846e+00 8.757892213927336300e+00 3.934089524893204515e-01
1.705234075483278655e+00 8.556890863386858115e+00 3.944438940390118664e-01
1.959618710033421252e+00 8.271791530934123671e+00 3.797987009418260507e-01
2.251952118435547767e+00 8.249393068647867366e+00 4.008900734870985416e-01
2.587895450151044940e+00 8.065859843419024955e+00 4.223431714534575665e-01
2.973954377664605797e+00 7.658717046254031047e+00 4.138370082196273780e-01
3.417605081346798634e+00 7.521699861165141776e+00 4.241600925161490010e-01
3.927439028577021762e+00 7.256563370148237269e+00 4.426791462706182179e-01
4.513329350830515452e+00 7.040413638709272171e+00 4.498229824040551050e-01
5.186622040686053481e+00 6.591943320407388285e+00 4.510496210030583430e-01
5.960355671358260388e+00 6.177516283229045335e+00 4.643004850504772740e-01
6.849513893708254031e+00 5.674761726595126454e+00 4.592910607056258088e-01
7.871315600434816595e+00 5.670554325600479117e+00 4.969409218556113395e-01
9.045548376587834838e+00 5.230754600822943523e+00 4.633568356843992264e-01
1.039495169380209560e+01 4.787027688433296291e+00 4.464419664409624566e-01
1.194565726895594082e+01 4.444997560966706729e+00 4.561929352035642982e-01
1.372769511497036987e+01 4.193630385096443369e+00 4.613685272672690685e-01
1.577557508361797645e+01 3.632348434011017702e+00 4.278655437349314083e-01
1.812895516214307534e+01 3.459397162371883105e+00 4.012744418675664448e-01
2.083340946551529527e+01 3.273248908244942967e+00 4.321926950005597345e-01
2.394131079678363250e+01 3.050475976291266100e+00 4.421655806411324274e-01
2.751284486665328899e+01 2.920095800729588298e+00 4.514727589591394086e-01
3.161717581303955171e+01 2.527387622488805441e+00 4.263495776209229038e-01
3.633378559133539909e+01 2.294801210955814241e+00 4.750305300112491746e-01
4.175401317320309147e+01 2.002963354539854191e+00 4.185335591388563703e-01
4.798282336106947099e+01 1.727191499062947999e+00 5.164183171514217241e-01
5.514083947210129111e+01 1.330420838276078044e+00 5.290255352984827297e-01
6.336667925537165758e+01 1.235439562780330069e+00 6.569198700214146092e-01
