21.959198865462668 16.07055727312548
24.796810618738405 16.07054416595151
28.001104258346196 16.0705274483026
31.619463153631358 16.070506124088023
35.70539364803253 16.070478921663074
40.31931628208396 16.070444216705738
45.52945925984203 16.0703999336337
51.41286737083709 16.07034341863675
58.05654128694469 16.070271276004807
65.55872408148544 16.07017915653734
74.03035399490508 16.0700614828897
83.59670492975191 16.069911091206208
94.39923893370771 16.06971876068812
106.59769806419429 16.069472590867935
120.37246656792334 16.06915716848501
135.92723830602853 16.068752437607927
153.492028869228 16.06823213988183
173.3265769245531 16.067561611158425
195.72418509092924 16.06669457391492
221.0160571404079 16.06556827990625
249.57619566124777 16.064095761386863
281.82693260684994 16.06215258329223
318.2451745133267 16.059551979102114
359.36945473661973 16.055991787158234
405.8078969938546 16.05091822084044
458.2472079694926 16.04305732502401
517.462831964099 16.02743842414674
584.3304177472081 16.002464016332265
659.8387671799308 16.0560736745013
745.1044570845658 16.04366616255181
841.3883505815498 16.023889590434596
950.1142420545124 15.994068268145055
1072.889911455134 15.9675820350163
1211.530899287543 15.93201782263036
1368.0873538439112 15.874504998060893
1544.8743476937257 16.0756845058753
1744.506111730649 16.035998946389963
1969.934693011633 15.926569049637685
2224.4936080395964 16.0681984950755
2511.9471370109013 16.016902796495636
2836.5459879644422 16.04951949431064
3203.090153963799 16.104097851801527
3616.9998928106397 16.280413271732417
4084.3958788991467 16.153767080669997
4612.189712453967 16.029885973953615
5208.1861245535465 16.777894672393053
5881.1983892917115 16.736572604798024
6641.1786497304565 16.81443008429333
7499.365084833902 17.00448224647355
8468.44809360887 17.184571502939065
9562.757953893644 17.299480837759756
10798.47673079211 17.41958440815922
12193.877568341053 17.490486362668292
13769.594902927018 17.699147082465903
15548.929594223286 18.148015971160714
17558.193485758944 18.350247111409782
19827.098490296295 18.466510443868234
22389.195953601695 18.836167542096693
25282.372793684714 19.115650811906466
28549.411752145686 19.24354882530345
32238.624042326846 19.555423314828445
36404.563749527406 19.7589112211368
41108.834547448365 20.051974342612933
46421.00066015548 20.227302562105017
52419.615540375664 20.59386038725561
59193.38347566739 20.76702485843978
66842.47129967225 21.034586166011955
75479.98960532699 21.674876553020603
85233.66536341998 22.04364345229005
96247.73068027488 22.348286858231248
108685.05562449305 22.944922085893907
122729.55666184872 23.25732988602067
138588.91631297529 23.618434772708795
156497.65425067695 24.13423881965694
176720.59525059882 24.637809178398452
199556.78527744388 25.041589628917762
225343.91361571028 25.553712340807316
254463.30643703957 25.98584299793027
287345.5656463594 29.535213899636354
324476.93639104505 32.317973589574066