2.219396266063896306e+01 1.898522959305524438e+01
2.556711930497194629e+01 1.898522827381785305e+01
2.945294626064985977e+01 1.898522652221927842e+01
3.392936189193725482e+01 1.898522419677164663e+01
3.908612701107219323e+01 1.898522111060120565e+01
4.502664475657898180e+01 1.898521701437238463e+01
5.187003402667257035e+01 1.898521157691522276e+01
5.975351804411442203e+01 1.898520435839767373e+01
6.883517594787574012e+01 1.898519477448474291e+01
7.929711258635623494e+01 1.898518204802213916e+01
9.134911007265762350e+01 1.898516514512062159e+01
1.052328343226747904e+02 1.898514268880933642e+01
1.212266809252491129e+02 1.898511284331060978e+01
1.396513575134751761e+02 1.898507315699746201e+01
1.608763145745291467e+02 1.898502034799059146e+01
1.853271536482240265e+02 1.898495000918661901e+01
2.134941614630342883e+02 1.898485619436116068e+01
2.459421411355654925e+02 1.898473082500375853e+01
2.833217375680768555e+02 1.898456280787235073e+01
3.263824841402353059e+02 1.898433664336176463e+01
3.759878323065659629e+02 1.898403000888009018e+01
4.331324654721663023e+02 1.898360881496607178e+01
4.989622443234613343e+02 1.898301370753312511e+01
5.747971835565491574e+02 1.898209412038104205e+01
6.621579207310899164e+02 1.898061039259507510e+01
7.627962080015743140e+02 1.898050268532812979e+01
8.787300381442998969e+02 1.897921796499676361e+01
1.012284109225001544e+03 1.897833057305593130e+01
1.166136439302170857e+03 1.897526028883925875e+01
1.343372065881244907e+03 1.896999068518565679e+01
1.547544906897828696e+03 1.896650753222244390e+01
1.782749023662607215e+03 1.895666302688935190e+01
2.053700714728150160e+03 1.894419987280432593e+01
2.365833086818804532e+03 1.892881164154683660e+01
2.725404999154170127e+03 1.892819896386994571e+01
3.139626565711067997e+03 1.887214749825948346e+01
3.616803731987679839e+03 1.891202303481441405e+01
4.166504825314261325e+03 1.893360034719251672e+01
4.799752418367097562e+03 1.901836132694616310e+01
5.529244353121130189e+03 1.901245716877713576e+01
6.369608357199986131e+03 1.895887163830997935e+01
7.337695358174933062e+03 1.894306648492834100e+01
8.452917377333111290e+03 1.901848196299480520e+01
9.737636778340160163e+03 1.909982417580388514e+01
1.121761467598764102e+04 1.906165070892939539e+01
1.292252749649003999e+04 1.911041871090926847e+01
1.488656204736668224e+04 1.915337739565407915e+01
1.714910102921356884e+04 1.916204225538710659e+01
1.975551273520514223e+04 1.919805477648547765e+01
2.275806077333198846e+04 1.924490265820547563e+01
2.621695205306925345e+04 1.929114891724916347e+01
3.020154405064016464e+04 1.940643611977440131e+01
3.479173556088391342e+04 1.947058815166978363e+01
4.007956882299920835e+04 1.959044041957218241e+01
4.617107514589073253e+04 1.975591603964185339e+01
5.318840104148518003e+04 1.984508161471954324e+01
6.127225749911191815e+04 2.001762562500612574e+01
7.058474151364798308e+04 2.019350537244582000e+01
8.131258644453747547e+04 2.047602010251592830e+01
9.367090638168543228e+04 2.073072962589979085e+01
1.079075096000211051e+05 2.101830049434125769e+01
1.243078675958588428e+05 2.134989408684058176e+01
1.432008393438686035e+05 2.168043472857305431e+01
1.649652655571063224e+05 2.204463052554835656e+01
1.900375651778035681e+05 2.245531452354185120e+01
2.189204864232839027e+05 2.294860613219864476e+01
2.521931878624440287e+05 2.348256440079036622e+01
2.905228516679264721e+05 2.401967320734313205e+01
3.346780619122070493e+05 2.465349896279012043e+01
3.855442161683726590e+05 2.527463647400107050e+01
4.441412794480610755e+05 2.595124819345391742e+01
5.116442364774408052e+05 2.659829624803302650e+01
5.894066524190228665e+05 2.740559549379944571e+01
6.789878144774462562e+05 2.858476775460019681e+01
7.821839986310594250e+05 2.925103396606960260e+01
9.010644884478936438e+05 3.039467116264267332e+01
1.038013068233105005e+06 3.136372088992215623e+01
1.195775822525949450e+06 3.230030622698809850e+01
1.377516200418880442e+06 3.407603901760251830e+01
1.586878448845116887e+06 3.631533314314253147e+01
