2.219435226795771143e+01 1.799996773583001897e+01
2.556840657083700563e+01 1.799995919001310085e+01
2.945539507883900754e+01 1.799994784598674613e+01
3.393329564150820943e+01 1.799993278753968795e+01
3.909194054304926169e+01 1.799991279665225008e+01
4.503481865026936504e+01 1.799988625529167763e+01
5.188115152864323676e+01 1.799985101244202212e+01
5.976828517598440982e+01 1.799980420745231768e+01
6.885444535489118323e+01 1.799974203302430453e+01
7.932191179938119774e+01 1.799965941699661087e+01
9.138067497426800401e+01 1.799954959435175894e+01
1.052726487464457961e+02 1.799940352606671823e+01
1.212765234795348306e+02 1.799920910784920380e+01
1.397133569110346230e+02 1.799895008010680897e+01
1.609530149719708731e+02 1.799860450905427456e+01
1.854215917599316015e+02 1.799814263308931928e+01
2.136099575194292015e+02 1.799752373644645331e+01
2.460836061127618564e+02 1.799669145729503583e+01
2.834939995339535699e+02 1.799556639843186190e+01
3.265916370509062290e+02 1.799403360102969884e+01
3.762411111590956807e+02 1.799191854301809812e+01
4.334384523880697770e+02 1.798892877781978683e+01
4.993311109192522963e+02 1.798438492244686415e+01
5.752409758712891517e+02 1.797839947814172845e+01
6.626908940485861876e+02 1.797222763291840408e+01
7.634352201522876840e+02 1.795587612671779709e+01
8.794950113291291700e+02 1.788947879815610520e+01
1.013198572104817458e+03 1.798024781933749949e+01
1.167228163084000244e+03 1.796549294318381129e+01
1.344673810451742156e+03 1.796706181798834123e+01
1.549095295762396290e+03 1.796153015915410833e+01
1.784593569608535518e+03 1.792911024438631173e+01
2.055893021817441422e+03 1.787271480873374330e+01
2.368436258618150077e+03 1.789157956351775169e+01
2.728493288127543110e+03 1.779414432849384298e+01
3.143287304552836758e+03 1.754374657762263467e+01
3.621139594498862607e+03 1.755460294412151256e+01
4.171636472381828753e+03 1.878189027448152615e+01
4.805821593882709749e+03 1.879594880929314726e+01
5.536417505488571805e+03 1.876608632716370906e+01
6.378080874682669673e+03 1.889042028561219411e+01
7.347696521020043292e+03 1.888602102217475576e+01
8.464716146719631070e+03 1.893164673904716366e+01
9.751548562132098596e+03 1.890640671793588012e+01
1.123400923449422044e+04 1.884386374057465829e+01
1.294183817847984028e+04 1.894335415273802425e+01
1.490929657807951116e+04 1.894563473386928365e+01
1.717585410878963012e+04 1.899520124651715491e+01
1.978698074865355011e+04 1.898951407087331589e+01
2.279505896287428914e+04 1.907436829689017799e+01
2.626043456156259708e+04 1.926629187872234183e+01
3.025262731214083760e+04 1.930737565416474766e+01
3.485172559280109999e+04 1.938970481979038851e+01
4.014999306550979964e+04 1.943279382843660841e+01
4.625371960042807768e+04 1.951086974160477183e+01
5.328535358360613463e+04 1.970097406433733056e+01
6.138595838471010939e+04 1.993783484609153689e+01
7.071804226459529309e+04 2.013512192678405555e+01
8.146881849421015067e+04 2.039191939540870280e+01
9.385396108689261018e+04 2.063270266988902080e+01
1.081219314887445362e+05 2.088253778807592909e+01
1.245589630259027181e+05 2.121982821286038501e+01
1.434948031029514095e+05 2.155468916777817867e+01
1.653093283481561230e+05 2.190749057584019610e+01
1.904401654136032448e+05 2.242482113796752330e+01
2.193914703130249982e+05 2.280295132488660315e+01
2.527440424218027911e+05 2.337912072448940748e+01
2.911669760386377457e+05 2.393122536221048335e+01
3.354310832537800889e+05 2.465733407115504150e+01
3.864243574033403420e+05 2.533370044419210743e+01
4.451697873259087210e+05 2.614108178330175036e+01
5.128458797977461363e+05 2.683736580031494867e+01
5.908103018522550119e+05 2.755621268127380574e+01
6.806271172782204812e+05 2.810614409293339122e+01
7.840981636950316606e+05 2.839627203884074191e+01
9.032991996682441095e+05 2.968259042450509355e+01
1.040621547021818580e+06 3.048358872853854251e+01
1.198820063743882114e+06 3.186755589195069760e+01
1.381068409882495645e+06 3.209034048183613663e+01
1.591022715134381782e+06 3.608579529489465187e+01
