2.219257443954179365e+01 1.897631783064363376e+01
2.556253285007145593e+01 1.897631562765778312e+01
2.944422187210081887e+01 1.897631270292846750e+01
3.391534816750667858e+01 1.897630881893326915e+01
3.906541821073194143e+01 1.897630366267954827e+01
4.499753009882132915e+01 1.897629681515581979e+01
5.183043744910146700e+01 1.897628771750544274e+01
5.970092670120993716e+01 1.897627562657192257e+01
6.876655541414942263e+01 1.897625954689517513e+01
7.920880637572156502e+01 1.897623814702212286e+01
9.123672066574974338e+01 1.897620963670783212e+01
1.050910824025683752e+02 1.897617160028100614e+01
1.210492389462808944e+02 1.897612075944032028e+01
1.394306530533526711e+02 1.897605262942460058e+01
1.606032981298779987e+02 1.897596101041593286e+01
1.849910246086614336e+02 1.897583720527902429e+01
2.130820449159623990e+02 1.897566876313036843e+01
2.454387068865521542e+02 1.897543734080133504e+01
2.827087512788843355e+02 1.897511477472808039e+01
3.256382787520514057e+02 1.897465509676155904e+01
3.750866858875298249e+02 1.897397586975631611e+01
4.320438692565844576e+02 1.897290453064703897e+01
4.976500419376960735e+02 1.897095891630015174e+01
5.732185591864321168e+02 1.896514470576645195e+01
6.602622101997254731e+02 1.896964342293768979e+01
7.605235023034911137e+02 1.897517486133452635e+01
8.760095438159439709e+02 1.897450371192757856e+01
1.009032223898829443e+03 1.897690992532470844e+01
1.162254493748001096e+03 1.897454935788484320e+01
1.338743675616116207e+03 1.897035780632820234e+01
1.542032866848814592e+03 1.896200911201356121e+01
1.776191668168018850e+03 1.897372527549219967e+01
2.045907652095978847e+03 1.896550742512426524e+01
2.356580202418183944e+03 1.895617029840205703e+01
2.714428603236291565e+03 1.896995675707880835e+01
3.126616541421586135e+03 1.894477011569393099e+01
3.601395514855656074e+03 1.896101221647538537e+01
4.148270017315686346e+03 1.899033557370013625e+01
4.778187806803547574e+03 1.899255184276375630e+01
5.503759066257678569e+03 1.898885921347641315e+01
6.339508843976882417e+03 1.898317228890472563e+01
7.302167827304283492e+03 1.897142337080581598e+01
8.411007270504602275e+03 1.895784417363415031e+01
9.688224781680755768e+03 1.899761205214078075e+01
1.115938869171159968e+04 1.896488875221015746e+01
1.285394990093287561e+04 1.899393933842994642e+01
1.480583145010522821e+04 1.899070200430374911e+01
1.705410761815834121e+04 1.901586324331729827e+01
1.964378614141655999e+04 1.902142260267192242e+01
2.262670921337717664e+04 1.905777848757725934e+01
2.606259130195399848e+04 1.901160147962153246e+01
3.002021456001663319e+04 1.900738861163434024e+01
3.457880575988111377e+04 1.900451374999129328e+01
3.982962231629451708e+04 1.927451994918921230e+01
4.587777914815182885e+04 1.936596542343938410e+01
5.284435295048027911e+04 1.946958380392437604e+01
6.086880600163993950e+04 1.958292632856229432e+01
7.011177802739288018e+04 1.974613740622102043e+01
8.075830201154216775e+04 1.988213648243544185e+01
9.302150832973219804e+04 2.009916964161917008e+01
1.071468913586336421e+05 2.021289849028622854e+01
1.234172239728064014e+05 2.034908760259183680e+01
1.421582183114501240e+05 2.089070397279385816e+01
1.637450461366618110e+05 2.127528965675464789e+01
1.886098493127913098e+05 2.165351383530168050e+01
2.172503907574950717e+05 2.212656452465429169e+01
2.502400190459376608e+05 2.264256862889036270e+01
2.882391461473166710e+05 2.303658205095397449e+01
3.320084680639446015e+05 2.362776990408971400e+01
3.824241930338979000e+05 2.423427205594499867e+01
4.404955821472024545e+05 2.494380527716877438e+01
5.073851535172181320e+05 2.543532791159012163e+01
5.844319544700025581e+05 2.611486107048941108e+01
6.731783676323838299e+05 2.675228938857715733e+01
7.754009875438127201e+05 2.740434659706830445e+01
8.931461859039636329e+05 2.804390341221888150e+01
1.028771077428793185e+06 2.869381526234184321e+01
1.184990706401338335e+06 2.892583733037794147e+01
1.364932398534246022e+06 3.068573141149720840e+01
1.572198366201758850e+06 3.306156384413841209e+01
