2.219198980218073558e+01 1.896732784031119579e+01
2.556060141592157819e+01 1.896732607680549876e+01
2.944054816929531881e+01 1.896732373517520287e+01
3.390944768493223904e+01 1.896732062805969932e+01
3.905669947736844705e+01 1.896731650496161592e+01
4.498527337392464176e+01 1.896731103194997914e+01
5.181376940720140567e+01 1.896730376792027428e+01
5.967879038696219141e+01 1.896729412355666966e+01
6.873767461426891145e+01 1.896728131641567217e+01
7.917164340531493849e+01 1.896726430281087872e+01
9.118942639059214628e+01 1.896724169171602625e+01
1.050314371128361728e+02 1.896721162301990304e+01
1.209745824558204106e+02 1.896717160435197513e+01
1.393378021157393789e+02 1.896711828403197941e+01
1.604884489312890707e+02 1.896704713240272611e+01
1.848496377097766015e+02 1.896695198548174233e+01
2.129087095611773179e+02 1.896682437104083263e+01
2.452269810675873600e+02 1.896665247039058855e+01
2.824509733184177662e+02 1.896641941301074041e+01
3.253253454461181491e+02 1.896610018361930372e+01
3.747077913954379937e+02 1.896565502334308562e+01
4.315861979333600971e+02 1.896501055151431814e+01
4.970984071425456250e+02 1.896395108329122792e+01
5.725549787433448046e+02 1.896276209787754397e+01
6.594654076004474064e+02 1.896147747523041716e+01
7.595683208905800257e+02 1.895972503422334654e+01
8.748662590200494833e+02 1.896162175252319315e+01
1.007665736077999100e+03 1.895817366233625023e+01
1.160623381227399250e+03 1.895224430438687335e+01
1.336799084083823573e+03 1.893892540759716070e+01
1.539717207245559848e+03 1.892861620054292615e+01
1.773437090520485526e+03 1.895523560682246611e+01
2.042634257273826279e+03 1.894332567368358511e+01
2.352693947414877130e+03 1.896863510222328131e+01
2.709818848132917083e+03 1.896479191830989208e+01
3.121153177515917378e+03 1.896586243326467169e+01
3.594925603322058123e+03 1.896367637258768468e+01
4.140613855967842028e+03 1.894627405330041370e+01
4.769134328785420621e+03 1.892897430056776287e+01
5.493060458467493845e+03 1.890631105838468784e+01
6.326874254360456689e+03 1.904948941827615982e+01
7.287256008403181113e+03 1.906077685531062116e+01
8.393417981305559806e+03 1.903711942911050770e+01
9.667488740297567347e+03 1.905438835443371914e+01
1.113495583705494028e+04 1.903439727425807249e+01
1.282517568149217914e+04 1.900729082168964723e+01
1.477196081135447639e+04 1.901628993587646832e+01
1.701425630582895246e+04 1.901872663454620849e+01
1.959691887470534857e+04 1.905888991713460001e+01
2.257161420862184968e+04 1.901186755418088836e+01
2.599785054172298624e+04 1.904152730219162848e+01
2.994416910296083006e+04 1.898865970098706768e+01
3.448951527079936932e+04 1.914936983615368860e+01
3.972481786102003389e+04 1.934600005486250041e+01
4.575480814099132840e+04 1.940203459995872137e+01
5.270011495944894705e+04 1.943878996211968158e+01
6.069967790447303560e+04 1.961149208988048542e+01
6.991352676444518147e+04 1.965947715702589704e+01
8.052598289459123043e+04 1.981608555267549576e+01
9.274934653186010837e+04 1.995140805199102019e+01
1.068281438221958233e+05 2.015896064741903615e+01
1.230440185212038050e+05 2.039687155825053111e+01
1.417213662257859833e+05 2.077043766984282769e+01
1.632338238485129550e+05 2.125368716210851261e+01
1.880117441554786346e+05 2.170227850055287533e+01
2.165508048943936010e+05 2.214932978407122022e+01
2.494219247369460645e+05 2.261743580282018584e+01
2.872826844020352000e+05 2.319074288011648832e+01
3.308904814373530680e+05 2.369206046788239561e+01
3.811176818183046998e+05 2.451846342642720700e+01
4.389690714692215552e+05 2.501199441507637999e+01
5.056019568213474122e+05 2.557781787365024684e+01
5.823493165155702736e+05 2.623837408840307361e+01
6.707464673954627942e+05 2.674999951187215430e+01
7.725617782389263157e+05 2.743393674142463112e+01
8.898320456510081422e+05 2.849085081166920830e+01
1.024903239806126570e+06 2.930474553254634884e+01
1.180477435150803532e+06 3.045947875080455702e+01
1.359666864906995790e+06 3.185873305954588730e+01
1.566056180726446444e+06 3.419830997227079195e+01
