1.075136046092963187e-03 8.028711326319163177e+00 1.053382278575958026e+03
1.236698989123857090e-03 8.028711768037661400e+00 9.157678479889731307e+02
1.422540333623718845e-03 8.028712351324754692e+00 7.961314204769458911e+02
1.636308445776220354e-03 8.028713123480583747e+00 6.921243408103051706e+02
1.882199939384513084e-03 8.028714145166931715e+00 6.017047815859797311e+02
2.165042062188047081e-03 8.028715496903737758e+00 5.230976602274707830e+02
2.490387462543576947e-03 8.028717285749500832e+00 4.547597921774398060e+02
2.864623196893598817e-03 8.028719652137384699e+00 3.953495942956375870e+02
3.295096118015135821e-03 8.028722783757208603e+00 3.437007485064510206e+02
3.790257105622993859e-03 8.028726927058640328e+00 2.987993042526360910e+02
4.359826970807533994e-03 8.028732409711091478e+00 2.597637736718278916e+02
5.014987291279410578e-03 8.028739664233858875e+00 2.258278261023288849e+02
5.768599923825798101e-03 8.028749263622421140e+00 1.963252440101834679e+02
6.635459503362674261e-03 8.028761966228408653e+00 1.706768439834282560e+02
7.632583885547970098e-03 8.028778775869277240e+00 1.483791064380335172e+02
8.779548234813843582e-03 8.028801021178237463e+00 1.289942906865893235e+02
1.009886931650657432e-02 8.028830461983876177e+00 1.121418414277748212e+02
1.161644753741027276e-02 8.028869428695671218e+00 9.749091777405715220e+01
1.336207541262495954e-02 8.028921009119464713e+00 8.475389833302564568e+01
1.537002244082623023e-02 8.028989296040730750e+00 7.368073471197845947e+01
1.767970786995382362e-02 8.029079717528748716e+00 6.405404264606826814e+01
2.033647456080776850e-02 8.029199478060288442e+00 5.568483436716736890e+01
2.339247914074621404e-02 8.029358149609917561e+00 4.840880842589913158e+01
2.690771592264178461e-02 8.029568466692381890e+00 4.208312412435249428e+01
3.095119469028171505e-02 8.029847401421983832e+00 3.658359722221914723e+01
3.560229547204427081e-02 8.030217627183992235e+00 3.180226184785300347e+01
4.095232689924988012e-02 8.030709529014902870e+00 2.764525071771633336e+01
4.710631874228214666e-02 8.031363996896880408e+00 2.403095200446832180e+01
5.418508381486199232e-02 8.032236364684884222e+00 2.088840659328024429e+01
6.232758972499104211e-02 8.033402071054387861e+00 1.815591413964976297e+01
7.169368703387146713e-02 8.034964994192096199e+00 1.577982035666100735e+01
8.246724738097432894e-02 8.037070104379800739e+00 1.371346137337993909e+01
9.485977318172766903e-02 8.039923425904984100e+00 1.191624381808444788e+01
1.091145497620283067e-01 8.043825094449100988e+00 1.035284142097975568e+01
1.255114214426936436e-01 8.049227552223644722e+00 8.992490137624459479e+00
1.443722853361167346e-01 8.056846312833753743e+00 7.808363329848333478e+00
1.660674107072384886e-01 8.067893431917999791e+00 6.777004247780946677e+00
1.910227079581146015e-01 8.084643042904566812e+00 5.877777817588802911e+00
2.197280899380015251e-01 8.112110665921024477e+00 5.092248323507383212e+00
2.527470897250023718e-01 8.165078159750269293e+00 4.403113213332638942e+00
2.907279236918824949e-01 8.340230826509962725e+00 3.788167186317328738e+00
3.344162170419319180e-01 8.107747678726564544e+00 3.237510178206321143e+00
3.846696416377257677e-01 7.692134208028748255e+00 2.619267125996634249e+00
4.424747534870372423e-01 8.003392238511144896e+00 2.634166479786561599e+00
5.089663604329862645e-01 8.125673161350702500e+00 2.269281206589309097e+00
5.854498002675072588e-01 8.216244816294622666e+00 1.935682047003263184e+00
6.734265666235381698e-01 7.898509408662776288e+00 1.672352849505807759e+00
7.746237857236422109e-01 7.760878335844560105e+00 1.457553379945476735e+00
8.910281226613159244e-01 7.665443207510940660e+00 1.292138620874678789e+00
1.024924782850129557e+00 7.746726201622223584e+00 1.126820305169422998e+00
1.178942374302224483e+00 7.717449138392892927e+00 9.634480770630002855e-01
1.356104511455263006e+00 7.472249957057167435e+00 8.221039042663227381e-01
1.559889173614418478e+00 7.342100367221727986e+00 7.057573332416211542e-01
1.794296983311632676e+00 7.364698377124597961e+00 6.229648050711554808e-01
2.063929744996767290e+00 7.271904669633761920e+00 5.584604714018268634e-01
2.374080785902196844e+00 7.103604754271590771e+00 5.018376431776009339e-01
2.730838872618127411e+00 7.040631910186501585e+00 4.373657058266354203e-01
3.141207743429109023e+00 6.953438432105965461e+00 4.022720914625346200e-01
3.613243603024831607e+00 6.777731699796172293e+00 3.680085713275665915e-01
4.156213278828785107e+00 6.626230003995020823e+00 3.372765182609027690e-01
4.780776143809314149e+00 6.410735264425499125e+00 3.114515321756822774e-01
5.499193377212103329e+00 6.211313891076206239e+00 2.961409701519214788e-01
6.325568671340755955e+00 5.941494178652360958e+00 2.853378903422696955e-01
7.276125109848879724e+00 5.744300997318387836e+00 2.803176592386079080e-01
8.369523653112421968e+00 5.390738765399490262e+00 2.872607426878959758e-01
9.627229483065221416e+00 5.129577332033309567e+00 2.966390599838706899e-01
1.107393339943945776e+01 4.634117390487521249e+00 2.953692063682733515e-01
1.273803654010083264e+01 4.312529912907131724e+00 3.022853590842470850e-01
1.465220794132255833e+01 3.868082705040416069e+00 3.112739550786076115e-01
1.685402588380834388e+01 3.584397525341733726e+00 3.158304088846562996e-01
1.938671561512397545e+01 3.253512828388038791e+00 3.301257332935509381e-01
2.229999793122221874e+01 2.877041962647863382e+00 3.294304668072798314e-01
2.565106527608880427e+01 2.733706752632924175e+00 3.341132176452021874e-01
2.950570452192442872e+01 2.717698149358036996e+00 3.464219411339264365e-01
3.393958847185375305e+01 2.069436642840641660e+00 2.982909642209041756e-01
3.903976143944851884e+01 1.852181234148604583e+00 3.249679822230514548e-01
4.490634806939389279e+01 1.664233745463675085e+00 3.882852513390908644e-01
5.165451894621113382e+01 1.822757962003140442e+00 5.237308104676073883e-01
5.941675157911583938e+01 1.599556563786609820e+00 7.263748454010406919e-01
6.834543114980098721e+01 1.630885254158807696e+00 1.004430718530162636e+00
