2.188895304190148750e+01 1.020072143346655480e+01
2.456839699524184084e+01 1.030924579380043582e+01
2.757583378978153021e+01 9.490726359420390779e+00
3.095141328711549278e+01 1.247226219340108422e+01
3.474020012496671939e+01 1.245312368850588669e+01
3.899277533879656943e+01 1.242556945657559986e+01
4.376591162838955995e+01 1.237313822714306610e+01
4.912333128435176377e+01 1.234748999887668397e+01
5.513655689298769857e+01 1.227683791525512547e+01
6.188586617663024469e+01 1.231137928325215114e+01
6.946136371672623966e+01 1.225013995436087022e+01
7.796418386738746165e+01 1.201546789642657487e+01
8.750784091853529389e+01 1.177344815397047029e+01
9.821974453357771040e+01 1.294550826193969328e+01
1.102429006930039179e+02 1.264407103448576208e+01
1.237378208518216240e+02 1.325039459741242354e+01
1.388846647984575782e+02 1.340843541117320115e+01
1.558856458227012922e+02 1.363651746586030811e+01
1.749677303021473449e+02 1.380942812370884454e+01
1.963856677471375747e+02 1.398752817200977283e+01
2.204253917558864373e+02 1.432980297610172649e+01
2.474078372831980346e+02 1.455993834155408706e+01
2.776932251840480035e+02 1.438990914490273099e+01
3.116858712315148523e+02 1.461098945980561936e+01
3.498395838103760980e+02 1.483526398318415218e+01
3.926637223466240130e+02 1.485992852263523289e+01
4.407299973541006466e+02 1.481766743571485456e+01
4.946801028801878601e+02 1.512376043338275089e+01
5.552342832451779486e+02 1.516650693158540797e+01
6.232009484429446502e+02 1.521297100400119184e+01
6.994874665703716801e+02 1.513905279484103872e+01
7.851122773665545083e+02 1.561477051063350174e+01
8.812184885798590130e+02 1.542569093171931094e+01
9.890891366769644719e+02 1.584173581247607210e+01
1.110164315627300311e+03 1.566376016794805359e+01
1.246060402435452033e+03 1.617282059214161549e+01
1.398591636086107883e+03 1.639267696470714952e+01
1.569794337984625372e+03 1.654905746358860696e+01
1.761954097240769215e+03 1.643759003075224356e+01
1.977636283724409168e+03 1.648767710914268747e+01
2.219720296248359318e+03 1.690307655086493810e+01
2.491438003098209265e+03 1.665978215492307513e+01
2.796416888097633546e+03 1.732567299835288210e+01
3.138728478217482916e+03 1.755611264162433116e+01
3.522942699246596021e+03 1.751539839626849471e+01
3.954188885182988997e+03 1.804925713839222112e+01
4.438224255832619747e+03 1.805103911179187648e+01
4.981510776804851957e+03 1.787580673250590024e+01
5.591301428000385386e+03 1.816002857728144804e+01
6.275737032292649019e+03 1.834762246550442200e+01
7.043954937084221456e+03 1.864434103694648570e+01
7.906210999657998400e+03 1.884735301858642487e+01
8.874016504851146237e+03 1.905884474619147895e+01
9.960291842929185805e+03 1.919894087427439899e+01
1.117953899928945611e+04 1.952224622592177639e+01
1.254803515876481652e+04 1.974363701037285068e+01
1.408405000918243240e+04 1.980316838748321118e+01
1.580808964522200040e+04 1.989441184037123023e+01
1.774317032873707649e+04 2.018675184812082080e+01
1.991512576029263801e+04 2.026313147082227317e+01
2.235295196405305614e+04 2.070156237426961354e+01
2.508919439030051217e+04 2.116343767068108406e+01
2.816038240347702958e+04 2.124710450330153577e+01
3.160751695624931017e+04 2.142112983588284436e+01
3.547661796013942512e+04 2.148262601120080006e+01
3.981933866022475559e+04 2.174316316490698142e+01
4.469365521592798177e+04 2.197206356417037654e+01
5.016464069393389218e+04 2.227703024911921759e+01
5.630533380618776573e+04 2.256530883196903403e+01
6.319771399079498224e+04 2.249425285302294242e+01
7.093379585334064905e+04 2.262081200758385791e+01
7.961685757963152719e+04 2.305549426548373759e+01
8.936281971940738731e+04 2.326571749079448637e+01
1.003017927480510989e+05 2.342262147084014501e+01
1.125798140665443207e+05 2.350569245994932643e+01
1.263607976289531507e+05 2.325400311067427594e+01
1.418287222253480577e+05 2.399933598418460434e+01
1.591900876341563417e+05 2.872025660616946752e+01
1.786766714340550534e+05 3.048427387105817132e+01
2.005486232793759264e+05 3.109908043779633857e+01
