21.88914199997151 9.510275660969848
24.56901013392584 9.363363369628566
27.576972133569075 9.507357879662568
30.95319623827792 9.75197578482542
34.742768449153246 9.670973895002685
38.996294606202305 9.582665265587
43.77057617729327 9.23768415620344
49.12936878334887 9.452847600894039
55.14423358910318 10.559397838547616
61.89549292886916 10.496255335876207
69.47330292871696 11.106154319334175
77.97885744882868 11.133696884404273
87.52573942344216 10.96327894384157
98.24143764413895 11.243608455820972
110.2690492415571 11.092887985380735
123.76919060042235 10.731390372981501
138.92214222620206 11.211357582531246
155.9302562058708 12.222770533885091
175.02065841195054 12.295246138970956
196.4482815349813 12.653306774906964
220.49926944745272 12.653009894434849
247.49479836097558 12.633113033899786
277.79536580431784 12.485831242029699
311.80560469719666 13.09230360283134
349.97968680683186 13.44344023217266
392.8273877448663 13.321937982003082
440.9208944964495 13.482563773974976
494.90244638903675 13.73808205387294
555.4929115381844 13.80534849689584
623.5014132999543 14.64557189482754
699.8361352813009 14.689447915489046
785.5164491982445 14.838003641193769
881.6865275369051 14.711228586681761
989.6306228004875 15.072276048739791
1110.7902173808443 15.320488993586451
1246.7832730735256 15.3666642012982
1399.4258372937843 15.412943583296244
1570.7562945223433 15.447681291639196
1763.062586834034 15.636329479003859
1978.912767011483 15.628541838615956
2221.1892922492634 15.705606673464636
2493.127516405656 15.857949837347384
2798.3588948264705 16.212990941676683
3140.9594786969074 16.60221928330366
3525.5043465136814 16.73195953351585
3957.128699553733 16.95648600250843
4441.596437206676 17.11200074854729
4985.377127924053 17.09212580548871
5595.732403653261 17.169002145131056
6280.812931464974 17.504105896072105
7049.76725733043 17.556547104049493
7912.863975545291 17.696145856381474
8881.628855247136 17.605768987632977
9968.998755210192 17.782149355678044
11189.4943822911 18.36391173174981
12559.414200537145 18.415626569414503
14097.052080413694 18.439716796776047
15822.941594632406 18.344104048943137
17760.13022289985 18.792089021234588
19934.487127308923 19.163385667457593
22375.04860839701 19.222841139435037
25114.405855081262 19.530750333915943
28189.14016647255 19.67213045324878
31640.31145750808 19.87862985495827
35514.006571892925 19.972794476027136
39861.95472450596 20.820812177750543
44742.21829187068 21.202854131566504
50219.96817548739 21.500661310670033
56368.35409220648 21.590367712659447
63269.48141347632 21.95677878634396
71015.5075981487 22.251460264724322
79709.87286057507 22.550203177652545
89468.68150830023 22.888267648943966
100422.25239569794 23.143539049152782
112716.85919826248 23.559611911994885
126516.68374712943 25.834038441829097
142006.00850860024 26.750745396630048
159391.67748697964 27.58401995804791
178905.85841355228 28.670659608077433
200809.14310789283 30.594616661565137