21.894832116513914 11.09818884870354
24.587476894741428 11.094583035038118
27.61126538136246 11.08998406295734
31.00692190678081 11.084099429319712
34.82017911363694 11.076537596087466
39.102393883238435 11.066764942620313
43.91123900913847 11.054035972411068
49.3114799333097 11.037271484952
55.37584700598302 11.014820849874532
62.18601501673123 10.983898560366658
69.8337031891053 10.938483176483214
78.42191045353138 10.868349932665419
88.0663026351028 10.792510866159711
98.89677023888774 10.644233381699
111.05917781297725 10.673154748637383
124.71732844966587 10.33126925184599
140.0551698826308 10.8120099987019
157.27927189178916 12.309273114838287
176.6216083814777 12.476325063793011
198.3426816009353 12.371854670955319
222.73503058403566 12.192977036158734
250.12717105987417 12.47364021840209
280.88801989685646 12.863420669071942
315.43186366862403 12.759987127015794
354.22393825837537 13.0457874190658
397.78669464759685 13.109541989473778
446.7068352767352 13.202186245280496
501.6432157433945 13.355886591389314
563.3357182579913 13.526849319579119
632.6152163644119 13.443812340895867
710.414765130357 13.34237096997406
797.7821675166582 13.908254025453594
895.8940861692129 14.51738363549707
1006.0718906909008 14.843690231431715
1129.7994538242626 14.831650918597383
1268.7431362236218 15.34156668761225
1424.7742289712046 15.384587866692055
1599.994156092677 15.552575914954083
1796.7627764991369 15.599351511890433
2017.7301665256139 15.718030038455481
2265.8723111127615 15.865607876721903
2544.531184319939 16.040580818557753
2857.459758973338 16.25187684458252
3208.872551638307 16.29018342306089
3603.502383654676 16.39671371737714
4046.6641226917077 16.319387031579684
4544.326263292827 16.744064900285455
5103.191310455644 16.84385415653749
5730.78604885194 17.182392529517976
6435.562913431852 17.295966735634536
7227.013826669821 17.623884140416887
8115.798035610305 17.584324569065927
9113.885670420388 17.780706500855764
10234.71895789331 18.10870378997191
11493.39326112361 18.240442655304292
12906.860383593023 18.405641466908254
14494.156875763012 18.636977460650055
16276.660419003132 18.76405844369831
18278.377739829495 19.143353495538012
20526.26793207721 19.13860064873274
23050.60554150423 19.524182568490733
25885.38830284361 19.732923991882252
29068.79502069978 20.024720867532036
32643.69976102056 20.23329668162623
36658.24927826681 20.55876326870266
41166.51145505869 20.629934240400342
46229.20348747222 21.08413455265645
51914.509623173195 21.439091555591787
58298.99946567106 21.428134637579355
65468.659212398634 21.828023131282464
73520.04971531378 22.546783631288253
82561.6069607633 22.45866852322641
92715.10248344865 23.64810222749211
104117.28338332374 24.157530509467954
116921.71403314316 24.878078874262563
131300.8442807461 25.859475657709744
147448.33200058827 27.097230026316552
165581.65127460493 27.943352222099527
185945.02132933922 29.322885570995222
208812.69567621002 31.22923415226684