2.186326567132266518e+01 1.443179435880425743e+01
2.448511004097328581e+01 1.443061791754425016e+01
2.742136617334995918e+01 1.442910402392786651e+01
3.070973834933404234e+01 1.442713835264994771e+01
3.439245234984380772e+01 1.442455219035004177e+01
3.851679767443957303e+01 1.442107939017172669e+01
4.313573478282225437e+01 1.441625437017238198e+01
4.830857515677553948e+01 1.440911218251003945e+01
5.410174291518448086e+01 1.439692079189154228e+01
6.058962776198103484e+01 1.436054424952019737e+01
6.785554021966770222e+01 1.439571298343283523e+01
7.599278141451307533e+01 1.442831661769688623e+01
8.510584115046411569e+01 1.441789133734108042e+01
9.531173965616639521e+01 1.440382821704472072e+01
1.067415302343827364e+02 1.438415913436512383e+01
1.195419821092364572e+02 1.435456392572610440e+01
1.338774650806152238e+02 1.429847875018238312e+01
1.499320601864648950e+02 1.421998172782618397e+01
1.679119234758550476e+02 1.434054332676742938e+01
1.880479332458787098e+02 1.425801566000290066e+01
2.105986547353878109e+02 1.398691434690156221e+01
2.358536603450124289e+02 1.442854786792793043e+01
2.641372480182005233e+02 1.419202901134803341e+01
2.958126055307743627e+02 1.465281850266508101e+01
3.312864741623865825e+02 1.459424826883799220e+01
3.710143716357887342e+02 1.442304444726486423e+01
4.155064413913452199e+02 1.419957470754027895e+01
4.653340033069642914e+02 1.495877235942502104e+01
5.211368899808257993e+02 1.531627288742982884e+01
5.836316627816539722e+02 1.513501804412429763e+01
6.536208131683231386e+02 1.573988776244281240e+01
7.320030674323610356e+02 1.610316442776726831e+01
8.197849271859049622e+02 1.625243845633157846e+01
9.180935937857914269e+02 1.629063028688099024e+01
1.028191442655499941e+03 1.628120729468563255e+01
1.151492233368810503e+03 1.650581385759452502e+01
1.289579263647841344e+03 1.662454135850844494e+01
1.444225700389819849e+03 1.687672756691339515e+01
1.617417348792026814e+03 1.671073367235994311e+01
1.811378151951816790e+03 1.773323137035727015e+01
2.028598748380479492e+03 1.780322763103604444e+01
2.271868454136191758e+03 1.795594447477871825e+01
2.544311080256623427e+03 1.806222835836333118e+01
2.849425045420588958e+03 1.811640389113799188e+01
3.191128298922947579e+03 1.809639141009303032e+01
3.573808630815824472e+03 1.827343130251728809e+01
4.002380015245531013e+03 1.824893353982432131e+01
4.482345710486465578e+03 1.857463159412999687e+01
5.019868925935531479e+03 1.844839443993636863e+01
5.621851963497547331e+03 1.864317610460101093e+01
6.296024849611206264e+03 1.901760295437998138e+01
7.051044596033876587e+03 1.901626728593059568e+01
7.896606363986739780e+03 1.906478429847748401e+01
8.843567959112122480e+03 1.895391217902234260e+01
9.904089255874921946e+03 1.989015479965412680e+01
1.109178834174812073e+04 2.019472550214510420e+01
1.242191638622014034e+04 2.009722331139178308e+01
1.391155348010592934e+04 2.037135432034551030e+01
1.557982795992212414e+04 2.060770030959461963e+01
1.744816203365685215e+04 2.089789347406656006e+01
1.954054686199924618e+04 2.111555482101625003e+01
2.188385062732953156e+04 2.129076965837960955e+01
2.450816354636419055e+04 2.132244940456462956e+01
2.744718425674208629e+04 2.164304811363517445e+01
3.073865253911733816e+04 2.212981831657375054e+01
3.442483393131627963e+04 2.215089458583076265e+01
3.855306245745845081e+04 2.256962064919282085e+01
4.317634844119232002e+04 2.301213731224116543e+01
4.835405920793725818e+04 2.328417071286203566e+01
5.415268141698682302e+04 2.329550663196494398e+01
6.064667481253160804e+04 2.383808876097953089e+01
6.791942835656556417e+04 2.418890727043137900e+01
7.606433102131815394e+04 2.429435776134726055e+01
8.518597099119090126e+04 2.500841003537647467e+01
9.540147867307523848e+04 2.556520571002165099e+01
1.068420307605627168e+05 2.595016989352102144e+01
1.196545346656424954e+05 2.660602121885442273e+01
1.340035149475666985e+05 2.817383060130946859e+01
1.500732259623995051e+05 2.986567617077017545e+01
1.680700178616499761e+05 3.093648971880684684e+01
