2.217167293558301111e+01 1.645603191675466803e+01
2.549352288168740799e+01 1.645570285320405546e+01
2.931306585693278777e+01 1.645526586730094465e+01
3.370486824910740609e+01 1.645468471641493835e+01
3.875466828458719704e+01 1.645391032775978601e+01
4.456104983849515833e+01 1.645287573374655565e+01
5.123736702188623582e+01 1.645148858372376566e+01
5.891395711838850957e+01 1.644961971800410439e+01
6.774068507198529687e+01 1.644708503038363290e+01
7.788986920027498684e+01 1.644361521384027469e+01
8.955964524995525267e+01 1.643880203802601869e+01
1.029778344687414062e+02 1.643199499472982339e+01
1.184063912075043419e+02 1.642208026269825183e+01
1.361465168801962022e+02 1.640693312619622191e+01
1.565445401179896692e+02 1.638172260504475020e+01
1.799986779119543598e+02 1.633105357855087902e+01
2.069668097375452476e+02 1.608266142435562074e+01
2.379754164299470744e+02 1.656609500676816182e+01
2.736298583179697630e+02 1.653346343881328551e+01
3.146261932696426129e+02 1.649194850816935443e+01
3.617647653653215229e+02 1.658556897175046174e+01
4.159658294809040626e+02 1.650748084741884725e+01
4.782875168094600440e+02 1.656894658214380911e+01
5.499464920501631013e+02 1.656873316650756678e+01
6.323417055410343437e+02 1.655421761587420093e+01
7.270817040325289327e+02 1.659904653916841610e+01
8.360160332719673306e+02 1.655915656312069828e+01
9.612713454505053505e+02 1.655931650278333933e+01
1.105292916414225601e+03 1.669913832506622242e+01
1.270892383152147431e+03 1.673269126941740836e+01
1.461302633508270901e+03 1.678817425198194258e+01
1.680240919692854277e+03 1.675542928878494564e+01
1.931981427715883456e+03 1.689400283529102254e+01
2.221438719467329975e+03 1.688720515977056991e+01
2.554263676428236977e+03 1.709545207911141418e+01
2.936953818057661920e+03 1.719176225904448430e+01
3.376980148527678921e+03 1.739158898121704055e+01
3.882933008150596834e+03 1.749581221268043763e+01
4.464689776858443111e+03 1.753960961060677448e+01
5.133607703697781290e+03 1.783676185211924903e+01
5.902745626821362748e+03 1.783511894726657232e+01
6.787118912468014059e+03 1.814846833633476564e+01
7.803992589934294301e+03 1.872645270763667469e+01
8.973218405216268366e+03 1.890172467074382112e+01
1.031762237339463536e+04 1.903463353801525670e+01
1.186345039568975517e+04 1.942860918142330107e+01
1.364088064067084633e+04 1.960806848854834783e+01
1.568461269249571524e+04 1.988949845000431083e+01
1.803454496772865969e+04 2.019946845067129715e+01
2.073655362549309939e+04 2.030119016464443860e+01
2.384338817710170770e+04 2.034785865298980667e+01
2.741570127955315911e+04 2.091140186767427878e+01
3.152323281686624250e+04 2.110732603433811505e+01
3.624617138528103533e+04 2.133384301590303522e+01
4.167671976169383561e+04 2.155785786226367406e+01
4.792089491692102456e+04 2.207180137111021878e+01
5.510059771424911742e+04 2.249346007966199323e+01
6.335599269861435459e+04 2.286748173483777435e+01
7.284824443544738460e+04 2.293386906905996625e+01
8.376266381889961485e+04 2.342767360228130258e+01
9.631232577272623894e+04 2.382123488409546752e+01
1.107422289697853848e+05 2.425569045736676799e+01
1.273340787775810168e+05 2.462422549493998503e+01
1.464117868041015463e+05 2.479458007921515517e+01
1.683477944079168665e+05 2.493828157415666524e+01
1.935703436222001037e+05 2.551024941695703063e+01
2.225718374380705063e+05 2.576896351822458442e+01
2.559184526594881900e+05 2.601138517065184885e+01
2.942611929950491758e+05 2.663595766184236879e+01
3.383485981688126340e+05 2.684744278422493124e+01
3.890413571616517147e+05 2.782019605646919302e+01
4.473291108676774311e+05 2.831746439300102836e+01
5.143497721927833627e+05 2.845320726073553885e+01
5.914117407687006053e+05 2.924779564303897317e+01
6.800194459655905375e+05 3.008378663532509734e+01
7.819027168623667676e+05 3.105125911850354825e+01
8.990505525450622663e+05 3.205149763465662005e+01
1.033749952008235618e+06 3.242168832190441208e+01
1.188630561709673610e+06 3.253329460252877681e+01
1.366716012402774766e+06 3.660527806313495347e+01
