2.216933292581050097e+01 1.547599434884467051e+01
2.548580220379709971e+01 1.547563250513858968e+01
2.929840587196299495e+01 1.547515359349981168e+01
3.368136422680012743e+01 1.547451943484512071e+01
3.872000071048110925e+01 1.547367916917403896e+01
4.451240290993678173e+01 1.547256486914590212e+01
5.117133203668089436e+01 1.547108550288881901e+01
5.882641805939660884e+01 1.546911852248837604e+01
6.762668322212709882e+01 1.546649795947576678e+01
7.774344307362432005e+01 1.546299723827976536e+01
8.937364148245394802e+01 1.545830373369958544e+01
1.027436845608931435e+02 1.545197990348128947e+01
1.181138481329614649e+02 1.544340153700331619e+01
1.357833445471581797e+02 1.543165472587434195e+01
1.560961474700027907e+02 1.541535305983930115e+01
1.794476880521560247e+02 1.539228672810966358e+01
2.062925528219848275e+02 1.535867508914699364e+01
2.371533331621548655e+02 1.530732511752271030e+01
2.726307986428015511e+02 1.522195150399974395e+01
3.134155922564661410e+02 1.505025907314495548e+01
3.603016752269821268e+02 1.452193657720204634e+01
4.142017831236071288e+02 1.623135096600875116e+01
4.761651941659576437e+02 1.621946280274671892e+01
5.473981556169248961e+02 1.618343141416769271e+01
6.292873659059928286e+02 1.607696729577590844e+01
7.234269696115488841e+02 1.606358628361720164e+01
8.316495908159229202e+02 1.627292704016739933e+01
9.560620089622523210e+02 1.621910719630365350e+01
1.099086171718269497e+03 1.615585308863912672e+01
1.263506343248093572e+03 1.657892416399420199e+01
1.452523305731653863e+03 1.659054087981462544e+01
1.669816669277568508e+03 1.648775525309564216e+01
1.919616503222121082e+03 1.682665596000406794e+01
2.206785683267238255e+03 1.693032618499760744e+01
2.536914557516570312e+03 1.697895727001949595e+01
2.916429774281849859e+03 1.704665052861848906e+01
3.352719390220192054e+03 1.720790031483271321e+01
3.854276694293594574e+03 1.733411988515520363e+01
4.430865547384541060e+03 1.764651955876441747e+01
5.093710456248792070e+03 1.789005686680902940e+01
5.855715081991972511e+03 1.812948600947075661e+01
6.731713436794028894e+03 1.823924552402496246e+01
7.738758658950648169e+03 1.871269622682225986e+01
8.896454987841170805e+03 1.878923772600143849e+01
1.022733940140938648e+04 1.884408949901866492e+01
1.175732034552821096e+04 1.913499387002502417e+01
1.351618209603194191e+04 1.982579145303907708e+01
1.553816457187693413e+04 2.015385443371170027e+01
1.786262988670531922e+04 2.055251155867459545e+01
2.053482861463062727e+04 2.084809048980276103e+01
2.360678068720985902e+04 2.109798358335272184e+01
2.713828807010223318e+04 2.130637162285702146e+01
3.119809893328154430e+04 2.142036105937226154e+01
3.586524597780777549e+04 2.159520232302851639e+01
4.123058497248494677e+04 2.207892959681942457e+01
4.739856345123578649e+04 2.236071939821230359e+01
5.448925400258329319e+04 2.283513599600416910e+01
6.264069173346706521e+04 2.301261970765236953e+01
7.201156141101184767e+04 2.323628113343553281e+01
8.278428659307704947e+04 2.358137620138521839e+01
9.516858088396802486e+04 2.391752962177249486e+01
1.094055304479216866e+05 2.400788710616040333e+01
1.257722872550210013e+05 2.441939982209319027e+01
1.445874644233765430e+05 2.496077874495895443e+01
1.662173386891840491e+05 2.514722931495786185e+01
1.910829807486967184e+05 2.572667981054539155e+01
2.196684522791166382e+05 2.619558385217762719e+01
2.525302292105449887e+05 2.638215464884336470e+01
2.903080346926676575e+05 2.683761678721988986e+01
3.337372926425073529e+05 2.756473172560932383e+01
3.836634443075704039e+05 2.807064008613401640e+01
4.410584065462029539e+05 2.861982900290408693e+01
5.070394922199716675e+05 2.907105279321122993e+01
5.828911610230365768e+05 2.947980346836450494e+01
6.700900241738620680e+05 2.997414925327625923e+01
7.703335897378296359e+05 3.074587779593028358e+01
8.855733081685204525e+05 3.160618970882570622e+01
1.018052561368173570e+06 3.265266267316119553e+01
1.170350334803757025e+06 3.382127697546820144e+01
1.345431422847640235e+06 3.645578692686252964e+01
