2.216819753598384324e+01 1.669692065987693397e+01
2.548205645712211975e+01 1.669679464434493710e+01
2.929129444240767199e+01 1.669662775298577628e+01
3.366996425722229702e+01 1.669640656011046786e+01
3.870318859795133193e+01 1.669611310264798121e+01
4.448881490354651902e+01 1.669572324694237153e+01
5.113931754002278751e+01 1.669520438893692216e+01
5.878398433694403735e+01 1.669451215082668227e+01
6.757142998284412272e+01 1.669358551397716894e+01
7.767248514076771926e+01 1.669233940755224666e+01
8.928351744923139677e+01 1.669065293138186945e+01
1.026302489698917668e+02 1.668834957941675512e+01
1.179721442942841634e+02 1.668516154906889781e+01
1.356074546157858833e+02 1.668065886358782635e+01
1.558790158251231617e+02 1.667408887319797728e+01
1.791809133461935346e+02 1.666393617158913898e+01
2.059661432786745934e+02 1.664626998240830247e+01
2.367554187824030123e+02 1.660197995242581115e+01
2.721472929023606184e+02 1.660131462417165338e+01
3.128297946251193480e+02 1.670110474708641135e+01
3.595938043752831845e+02 1.665111409032415679e+01
4.133484289757174110e+02 1.668265351169631927e+01
4.751386749655515018e+02 1.667206844645384933e+01
5.461657638507251704e+02 1.669773309288317975e+01
6.278104842218394879e+02 1.663081147876700783e+01
7.216600347117074534e+02 1.644715382418881688e+01
8.295388796280094539e+02 1.665813688062905129e+01
9.535442171041006532e+02 1.684548959735415963e+01
1.096086749279800188e+03 1.686959917136300646e+01
1.259937547097093784e+03 1.680608480167380492e+01
1.448281920776885499e+03 1.684053923914905226e+01
1.664781343235535360e+03 1.689234184381528792e+01
1.913644630251567378e+03 1.683291949380797092e+01
2.199709761147021709e+03 1.720950966744898025e+01
2.528537930602815322e+03 1.724852255161875547e+01
2.906521660004511432e+03 1.728765405236839925e+01
3.341009070036519461e+03 1.729806916124541516e+01
3.840446730422426299e+03 1.765199863212399123e+01
4.414543863854609299e+03 1.778047971009522854e+01
5.074461096288347107e+03 1.800360343840152666e+01
5.833027422964575635e+03 1.827552059465212508e+01
6.704989608047902948e+03 1.864992552606813447e+01
7.707298866286060729e+03 1.866037209616162329e+01
8.859440399870942201e+03 1.916819890944944049e+01
1.018381219679981950e+04 1.920562724556960887e+01
1.170616045469412893e+04 1.977979972116946428e+01
1.345608009484959439e+04 1.989585632194494380e+01
1.546759009666577913e+04 2.020500942744311601e+01
1.777979483713437367e+04 2.041008056322415243e+01
2.043764429203057807e+04 2.072317152765179671e+01
2.349280787735409831e+04 2.100246244311143329e+01
2.700467891876766953e+04 2.107058143209889067e+01
3.104152927623004143e+04 2.123862995771257545e+01
3.568183657008349837e+04 2.156409981147970711e+01
4.101580981028186943e+04 2.202868618231128650e+01
4.714714308746349707e+04 2.258378274746118208e+01
5.419503141816621792e+04 2.291796108540980725e+01
6.229648793283943087e+04 2.316959170345421981e+01
7.160900745350515353e+04 2.354881433136160496e+01
8.231362824184223427e+04 2.370284179257275170e+01
9.461845143902431300e+04 2.395979442640376789e+01
1.087626866163108207e+05 2.423341397480307080e+01
1.250213020831470640e+05 2.448619336633716159e+01
1.437103703562015726e+05 2.486262400741674838e+01
1.651932127069136186e+05 2.507394130439610436e+01
1.898874622394570906e+05 2.506099249429887621e+01
2.182731828075414523e+05 2.557697364863527056e+01
2.509022016043063777e+05 2.653808706147507479e+01
2.884088368537455099e+05 2.685128244848856838e+01
3.315222291533005191e+05 2.747365914263646403e+01
3.810805161927413428e+05 2.768605362166918837e+01
4.380471264102576533e+05 2.828074546289361280e+01
5.035295083394746180e+05 2.881503253716951463e+01
5.788006597516986076e+05 2.928237966709085427e+01
6.653238751265818719e+05 3.036612237918432911e+01
7.647811925496902550e+05 3.118400260716367356e+01
8.791060930534735089e+05 3.209320913088295413e+01
1.010521088086942444e+06 3.256990475265284601e+01
1.161580925826097140e+06 3.355127984765400129e+01
1.335222256269161124e+06 3.806337907030714263e+01
