2.216508843571776666e+01 1.638826758468344025e+01
2.547180055302868951e+01 1.638809245291661298e+01
2.927182651650280221e+01 1.638786051330691151e+01
3.363876165049332201e+01 1.638755305379232396e+01
3.865718064230630802e+01 1.638714497877732867e+01
4.442427550509982126e+01 1.638660245837845508e+01
5.105173790126848132e+01 1.638587957175087340e+01
5.866792228138009335e+01 1.638491339632157917e+01
6.742033173230200305e+01 1.638361659073843768e+01
7.747847467808294653e+01 1.638186571176898454e+01
8.903714775948310489e+01 1.637948174929228529e+01
1.023202084718709983e+02 1.637619511317995347e+01
1.175849106263860051e+02 1.637157541976133146e+01
1.351268865994948669e+02 1.636486558051488771e+01
1.552858728624603373e+02 1.635446561663383136e+01
1.784522896773848402e+02 1.633505559654892281e+01
2.050748023891857770e+02 1.630608777558845901e+01
2.356690107534848266e+02 1.633788423560446645e+01
2.708274345871316200e+02 1.628899315201324427e+01
3.112309891340368040e+02 1.607957335447913039e+01
3.576621723903944030e+02 1.647843648758306756e+01
4.110202197889889248e+02 1.646387612401503731e+01
4.723385197442418644e+02 1.645160301666547653e+01
5.428046273458745645e+02 1.642172326719176567e+01
6.237832638075576597e+02 1.647434684460398557e+01
7.168427471022116606e+02 1.654336588483002402e+01
8.237853656676127230e+02 1.649625997733292593e+01
9.466822834316268427e+02 1.650096064103070148e+01
1.087913652164741052e+03 1.641510734909382307e+01
1.250214708018148031e+03 1.629184058772503363e+01
1.436728745001735433e+03 1.634048610340050800e+01
1.651067991342410551e+03 1.673790042517899579e+01
1.897383567718741006e+03 1.676345443509472233e+01
2.180445882257124140e+03 1.684314460316444695e+01
2.505737019304052410e+03 1.680236078637574693e+01
2.879556911273229616e+03 1.693511370495171775e+01
3.309145349803873160e+03 1.724957754363273921e+01
3.802822199227425699e+03 1.753055270026235846e+01
4.370148527865063443e+03 1.753888798176290820e+01
5.022111777795222224e+03 1.767556918260248011e+01
5.771338559284830808e+03 1.804430835425324631e+01
6.632339191086412939e+03 1.785154855474910107e+01
7.621788722627224161e+03 1.859757903743582474e+01
8.758849880663568911e+03 1.902092516313838644e+01
1.006554419492695706e+04 1.927662789106178920e+01
1.156717849037414271e+04 1.946821680862920800e+01
1.329283500594129509e+04 1.962322419716219457e+01
1.527593463196079028e+04 1.972596664709126912e+01
1.755488417449252302e+04 2.028686250675371383e+01
2.017382018217574660e+04 2.085241536641330740e+01
2.318346374133946665e+04 2.106693935795543382e+01
2.664210279423812244e+04 2.128245582039499340e+01
3.061672100502702597e+04 2.143083179115345160e+01
3.518429503629088140e+04 2.186859654661676444e+01
4.043328536055523728e+04 2.210944873862064597e+01
4.646534947941462451e+04 2.234213343686455744e+01
5.339731073029207619e+04 2.272363706422349949e+01
6.136342081082493678e+04 2.301755863532500967e+01
7.051795983931916999e+04 2.321171698153865393e+01
8.103822430679413083e+04 2.350112195429913697e+01
9.312796078845953161e+04 2.380744633700397017e+01
1.070213119155146851e+05 2.385826666802579510e+01
1.229873510291359562e+05 2.418438579416752887e+01
1.413352933395608852e+05 2.507652712469105794e+01
1.624204845150900655e+05 2.534999955683485240e+01
1.866512826823597425e+05 2.560747547837909011e+01
2.144969671219851007e+05 2.615273472048808756e+01
2.464968268277443422e+05 2.675691041050176722e+01
2.832706049479577923e+05 2.714697656967882367e+01
3.255305013871698175e+05 2.749556690855499852e+01
3.740949660232161987e+05 2.788809978625505082e+01
4.299045496737193316e+05 2.829596868118368036e+01
4.940401197986011393e+05 2.895618903926395760e+01
5.677437937231881078e+05 2.941186635168689634e+01
6.524429947968584020e+05 2.982408663638306123e+01
7.497780973842593376e+05 3.074185942683707395e+01
8.616341960912514478e+05 3.181841342459673783e+01
9.901776145020313561e+05 3.253672839306248932e+01
1.137897860494267428e+06 3.361118238068655018e+01
1.307655840683292132e+06 3.677392166877411483e+01
