2.217145380558942236e+01 1.525478146638333499e+01
2.549279983447414111e+01 1.525432062727649907e+01
2.931169282353192074e+01 1.525370767821433837e+01
3.370266670431476541e+01 1.525289070831544436e+01
3.875142080058343907e+01 1.525179867366442998e+01
4.455649243540838711e+01 1.525033308220495876e+01
5.123118009951042495e+01 1.524835481501755474e+01
5.890575471561840004e+01 1.524566179295042190e+01
6.773000215643592981e+01 1.524194725525190641e+01
7.787614663893808142e+01 1.523670935431872664e+01
8.954221205134123807e+01 1.522900146596075821e+01
1.029558868162906435e+02 1.521633857206503393e+01
1.183789677214041376e+02 1.517941994606093026e+01
1.361124694481081860e+02 1.521490641046467474e+01
1.565024995222388497e+02 1.518774695584965784e+01
1.799470133487376700e+02 1.512251109296406071e+01
2.069035811695102041e+02 1.509454070045131857e+01
2.378983185333784149e+02 1.514326093474443269e+01
2.735361545755055204e+02 1.513794817059396181e+01
3.145126385139072909e+02 1.516282936773849777e+01
3.616275147922900146e+02 1.525935332932594690e+01
4.158003318173977050e+02 1.538849689720853497e+01
4.780883889290387856e+02 1.530835634008344037e+01
5.497073718766093862e+02 1.526669893336497807e+01
6.320550795479376802e+02 1.533382271946562980e+01
7.267387050287230750e+02 1.543066047723316636e+01
8.356062034412747153e+02 1.551190943631155505e+01
9.607823587735632600e+02 1.582921365431866967e+01
1.104710253620521826e+03 1.567654426695964176e+01
1.270198951209029701e+03 1.585832891217551577e+01
1.460478320324107926e+03 1.638329249008597444e+01
1.679262073162987235e+03 1.646075698487792849e+01
1.930820246436701154e+03 1.637265753166865068e+01
2.220062540344197259e+03 1.659250558047118318e+01
2.552634141958749296e+03 1.673607876199140776e+01
2.935025903226695846e+03 1.694876057382010970e+01
3.374701023939720471e+03 1.735730872797197577e+01
3.880240712172060739e+03 1.738737466074872273e+01
4.461511665060163068e+03 1.772940434267625420e+01
5.129858638673358655e+03 1.811115360652135564e+01
5.898325865391818297e+03 1.814039970284345316e+01
6.781911640229390287e+03 1.843158345236469842e+01
7.797861044902367212e+03 1.890935292283496949e+01
8.966002522785614929e+03 1.902343807083794758e+01
1.030913487374209944e+04 1.919344956936505753e+01
1.185347222186441286e+04 1.928331895903295745e+01
1.362915564063326747e+04 1.979694762815130105e+01
1.567084142096118376e+04 2.000197007984121811e+01
1.801837746344073821e+04 2.026612965198306426e+01
2.071758099605066673e+04 2.038498527593898046e+01
2.382113279615786087e+04 2.073974536215734332e+01
2.738960536948586378e+04 2.117889048138778918e+01
3.149264515317961195e+04 2.145098222917884812e+01
3.621033181620843243e+04 2.173307837192861314e+01
4.163474118678578088e+04 2.190725605651127594e+01
4.787174231070455426e+04 2.204991404401751964e+01
5.504306371405646496e+04 2.243120702724311855e+01
6.328866919790804241e+04 2.261617473314600701e+01
7.276948953368946968e+04 2.305677737525167714e+01
8.367056337422208162e+04 2.337922029544963465e+01
9.620464868203630613e+04 2.358302842633995766e+01
1.106163751597911614e+05 2.387215535187932502e+01
1.271870187264288252e+05 2.419655848220596539e+01
1.462399912232624192e+05 2.476457020774761020e+01
1.681471524934480549e+05 2.526184163009480343e+01
1.933360680286845018e+05 2.549337179180626833e+01
2.222983538317642233e+05 2.615676218413931409e+01
2.555992713629641221e+05 2.645408328008492660e+01
2.938887598363446305e+05 2.673360332635603243e+01
3.379141211850092513e+05 2.714347867080614662e+01
3.885346052697728155e+05 2.759531308948073303e+01
4.467381799930383568e+05 2.836889396580093603e+01
5.136608136228185031e+05 2.916945313358241165e+01
5.906086456630318426e+05 2.972926996206439298e+01
6.790834789824143518e+05 3.054620419741184634e+01
7.808120907359140692e+05 3.129091268642337553e+01
8.977799341444100719e+05 3.213922308698829511e+01
1.032269888895650045e+06 3.308483494504113764e+01
1.186906816464041593e+06 3.470537602175107139e+01
1.364708789942445233e+06 3.573220348825785919e+01
