2.217089138897140188e+01 1.519507658618925916e+01
2.549094411211373057e+01 1.519477536725075950e+01
2.930816900082482590e+01 1.519437601373781987e+01
3.369701672888267296e+01 1.519384603866093286e+01
3.874308682997706654e+01 1.519314179478389093e+01
4.454479722024085220e+01 1.519220431147284778e+01
5.121530372889885996e+01 1.519095329859561261e+01
5.888470707531887172e+01 1.518927825738549586e+01
6.770259033706722107e+01 1.518702477519143379e+01
7.784093639942636855e+01 1.518397222808061642e+01
8.949748228794305760e+01 1.517979469407912241e+01
1.028995758064866379e+02 1.517398479375406595e+01
1.183086097002008330e+02 1.516568039408174151e+01
1.360251198267049517e+02 1.515316077757789159e+01
1.563946467696342779e+02 1.513141772725748524e+01
1.798144752186922801e+02 1.507243677276260030e+01
2.067413825602344843e+02 1.513244247768412265e+01
2.377005478059203085e+02 1.513780779372109642e+01
2.732957946180550834e+02 1.509923484621867651e+01
3.142213682103001133e+02 1.502480856698214495e+01
3.612754758189395261e+02 1.470841103506840852e+01
4.153758548363508680e+02 1.514260176899505694e+01
4.775776722455957497e+02 1.514657516286949956e+01
5.490941044644506519e+02 1.511259846539877394e+01
6.313199989855629610e+02 1.529689659301985216e+01
7.258590793063870024e+02 1.543658757943138404e+01
8.345552237504267623e+02 1.569795549951218128e+01
9.595284282379803926e+02 1.560277158806393771e+01
1.103216154419737222e+03 1.561250766195804474e+01
1.268420869622024156e+03 1.619067988872512487e+01
1.458364705816809646e+03 1.612453136984065694e+01
1.676752303678133103e+03 1.638604862776598736e+01
1.927843067427530286e+03 1.679281543734274607e+01
2.216534239717864693e+03 1.694990677824936398e+01
2.548456416837642337e+03 1.712338930688491345e+01
2.930083367152332357e+03 1.719823642209979653e+01
3.368858294667752489e+03 1.733905254876637514e+01
3.873339010344164308e+03 1.755746097692577834e+01
4.453364842564127684e+03 1.772960036114962179e+01
5.120248542154849929e+03 1.774137835564362575e+01
5.886996924856454825e+03 1.789301132191597077e+01
6.768564554619086266e+03 1.827819497115041614e+01
7.782145415535947905e+03 1.879332053889098120e+01
8.947508261144943390e+03 1.878460362600689137e+01
1.028738218170953041e+04 1.892268411411701123e+01
1.182789990953441702e+04 1.943361435230218248e+01
1.359910750848727730e+04 1.972529257910618483e+01
1.563555038864669950e+04 2.006434304647642364e+01
1.797694707563232441e+04 2.024698436864577289e+01
2.066896387572939784e+04 2.043718657044892950e+01
2.376410554577884614e+04 2.071932137971627697e+01
2.732273933934618253e+04 2.079389956899021641e+01
3.141427240203703332e+04 2.137794549897147789e+01
3.611850547972912318e+04 2.176364654215398176e+01
4.152718934227587306e+04 2.203969310881820221e+01
4.774581427897341928e+04 2.214298018529011358e+01
5.489566756788567727e+04 2.256404690207162744e+01
6.311619904764999228e+04 2.278138438477043692e+01
7.256774092957813991e+04 2.299912043893030145e+01
8.343463489692578150e+04 2.334741788496220138e+01
9.592882748188062396e+04 2.381192322759629576e+01
1.102940038440496719e+05 2.419722798957344878e+01
1.268103405751411337e+05 2.466390140231641581e+01
1.457999702279449266e+05 2.483994175608454569e+01
1.676332641490972601e+05 2.510709079249347297e+01
1.927360561552092549e+05 2.522445842185185683e+01
2.215979479420285206e+05 2.601410023943927996e+01
2.547818582142900559e+05 2.642992598354824452e+01
2.929350017812822480e+05 2.670617982677250524e+01
3.368015127530258615e+05 2.724449287410766729e+01
3.872369580382966087e+05 2.749288096333462761e+01
4.452250242139279144e+05 2.763245792085051633e+01
5.118967032239948167e+05 2.849375268551183282e+01
5.885523511043416802e+05 2.903365793868139733e+01
6.766870499630349223e+05 3.012616935470068924e+01
7.780197678736228263e+05 3.071162815228052878e+01
8.945268854120858014e+05 3.118737239724697830e+01
1.028480742734833970e+06 3.295695053776255179e+01
1.182493959015113069e+06 3.473217529964238537e+01
1.359570388638523873e+06 3.733737221926750749e+01
