1.073017404741979409e-03 3.510941851830273741e+00 1.073763627654673485e+02
1.229715297016445875e-03 3.510942641837568878e+00 9.369292852063638577e+01
1.409296536135751883e-03 3.510943679492357195e+00 8.175299349971049878e+01
1.615102887296738891e-03 3.510945042523586856e+00 7.133437153644371165e+01
1.850964129740109362e-03 3.510946832996567846e+00 6.224318602565769254e+01
2.121269323788347108e-03 3.510949185087832713e+00 5.431026213535226788e+01
2.431048485351943421e-03 3.510952275154411328e+00 4.738797866978068640e+01
2.786066187756580052e-03 3.510956335087458413e+00 4.134752101208870556e+01
3.192928832695310533e-03 3.510961669899474114e+00 3.607648401668302540e+01
3.659207586473808144e-03 3.510968680964423161e+00 3.147678023982958351e+01
4.193579269226765244e-03 3.510977896790970831e+00 2.746281457124747760e+01
4.805987818864173797e-03 3.510990013859829340e+00 2.395989128422617398e+01
5.507829334374228503e-03 3.511005951003333792e+00 2.090282383519915754e+01
6.312164141889729449e-03 3.511026922153373864e+00 1.823472150496636601e+01
7.233959829782069320e-03 3.511054534232986857e+00 1.590593024216265583e+01
8.290369775338897809e-03 3.511090919971456614e+00 1.387310790480417921e+01
9.501052346032080875e-03 3.511138920054418744e+00 1.209841654077693995e+01
1.088853671528199410e-02 3.511202336687930359e+00 1.054881643336124064e+01
1.247864210005728523e-02 3.511286293736553876e+00 9.195448373231558392e+00
1.430095822175765294e-02 3.511397762476613948e+00 8.013091982062105600e+00
1.638939593111008244e-02 3.511546358321203876e+00 6.979688819441667746e+00
1.878281824346690609e-02 3.511745610535038420e+00 6.075919235895624659e+00
2.152576352722341407e-02 3.512015125916566394e+00 5.284820958543221536e+00
2.466927430291823015e-02 3.512384612251528537e+00 4.591433872594853582e+00
2.827184707585241041e-02 3.512902243092417276e+00 3.982445732823419959e+00
3.240052087733412411e-02 3.513654690231049926e+00 3.445786330560413280e+00
3.713212477083662616e-02 3.514824773434583438e+00 2.970031704909878556e+00
4.255470753748032131e-02 3.516906519595556002e+00 2.543139522453870427e+00
4.876917614536183110e-02 3.521961467487440434e+00 2.147949772738993346e+00
5.589117349243935551e-02 3.554384936564361386e+00 1.715308164489615539e+00
6.405323036524260272e-02 3.382196146286641447e+00 1.378528641397250620e+00
7.340723165846291254e-02 3.616152028396953266e+00 1.635476414154893199e+00
8.412724274845133354e-02 3.501777782733056732e+00 1.512797239180329489e+00
9.641274861563214893e-02 3.531547706995380231e+00 1.326662616708641051e+00
1.104923659915407891e-01 3.544527650602559365e+00 1.076751533921798565e+00
1.266280976085472632e-01 3.881975611196714304e+00 1.045819196085131297e+00
1.451202077181275307e-01 3.478378373360785147e+00 9.938011634567293084e-01
1.663128096045167481e-01 3.377228368186204310e+00 8.729870602907378041e-01
1.906002690698542223e-01 3.224428415915698398e+00 7.952150104463444613e-01
2.184345430510615804e-01 3.225362891809759436e+00 7.394539889544791134e-01
2.503335899302388534e-01 3.035683478317784179e+00 5.895437886315776366e-01
2.868910080431366083e-01 3.355605142473357727e+00 6.304750339974831697e-01
3.287870817453768524e-01 3.100332088264042607e+00 5.842254622135472086e-01
3.768014405888496232e-01 3.232091754326420485e+00 6.576416028608571551e-01
4.318275671785233305e-01 2.681920672138038420e+00 5.950202660922829789e-01
4.948894236813602410e-01 2.514752971212023791e+00 5.144472102582069439e-01
5.671605063842937167e-01 2.624712703201884434e+00 5.519513044186227235e-01
6.499856828809497111e-01 2.655133050274396389e+00 4.959231150331955829e-01
7.449062182477697025e-01 2.672909820478165166e+00 5.125122779464831302e-01
8.536884559129988004e-01 2.740841904628823933e+00 4.941502920730759252e-01
9.783566869309081593e-01 2.696285645409738141e+00 5.255275471664062614e-01
1.121230819314219973e+00 2.501179635777759813e+00 4.790749975773255231e-01
1.284969548400314743e+00 2.428551729163145545e+00 4.804232074523496210e-01
1.472619831593642736e+00 2.361388947121644044e+00 4.504665831519310548e-01
1.687673588142719172e+00 2.492183597661360661e+00 4.708809422480503271e-01
1.934132679058249593e+00 2.165050137662849039e+00 4.292378459757670850e-01
2.216583376361219049e+00 2.079013861424850784e+00 4.197665494578747269e-01
2.540281707433439173e+00 2.138295967749360038e+00 4.051332790663050853e-01
2.911251262614065638e+00 2.069725214969452498e+00 4.204772981584671276e-01
3.336395286109844260e+00 2.140239891932499638e+00 4.318588159900000334e-01
3.823625136080071929e+00 1.933770759886066726e+00 4.022692830200709224e-01
4.382007504365599715e+00 2.009692780039936011e+00 3.884055953233205294e-01
5.021933135422906425e+00 1.909532027063425508e+00 3.747728192551702531e-01
5.755310184095568715e+00 1.825943422026994778e+00 3.465774716851405812e-01
6.595785810351053158e+00 1.829712320254424762e+00 3.531339209571784932e-01
7.559000134562666062e+00 1.628441073031646535e+00 3.677938728633869947e-01
8.662877279102740857e+00 1.448880962886524015e+00 3.474227182019029025e-01
9.927958912139420278e+00 1.300133477582396724e+00 3.079704424231674009e-01
1.137778650043826900e+01 1.168669072877644100e+00 3.072299065564385590e-01
1.303933938437893048e+01 1.220217913659391806e+00 3.677542430735489809e-01
1.494353682717337506e+01 1.209223852672372868e+00 3.635022840812824896e-01
1.712581338074614479e+01 1.210717566933258826e+00 4.347435600376642895e-01
1.962677827506124828e+01 1.207366602233272079e+00 5.450995676617801378e-01
2.249297110124371812e+01 1.150346637170810871e+00 4.876899087678786548e-01
2.577772785074201067e+01 7.469186076296674415e-01 3.729601421736160605e-01
2.954217342635443799e+01 5.039860917832389431e-01 2.549858311361985486e-01
3.385635909441418079e+01 4.621874568941137240e-01 2.872748229305301937e-01
3.880056604458745539e+01 4.887827924209633412e-01 3.113638470918591583e-01
4.446679931477851255e+01 5.458633919917977861e-01 5.493476199175587604e-01
5.096049988107355944e+01 3.935698339062317364e-01 3.981827425690316891e-01
