1.073109559922497732e-03 3.589960158297542225e+00 7.124409385278150353e+01
1.230018695271614844e-03 3.590101786404578110e+00 6.214976743089465572e+01
1.409870946287118893e-03 3.590288176334098580e+00 5.421468883470511457e+01
1.616021035148251968e-03 3.590533606695649915e+00 4.729084244715505037e+01
1.852314208558627270e-03 3.590857007427717740e+00 4.124907206515860025e+01
2.123157961810447775e-03 3.591283546258824177e+00 3.597667034275876574e+01
2.433604250278264061e-03 3.591846808982376960e+00 3.137527425638264589e+01
2.789443721804991602e-03 3.592591834742434820e+00 2.735902687482052897e+01
3.197313727664464946e-03 3.593579410766878368e+00 2.385297038539103909e+01
3.664822126791881553e-03 3.594892273299354013e+00 2.079163911772301887e+01
4.200689192559852250e-03 3.596644287405116103e+00 1.811782408665410316e+01
4.814910269038334516e-03 3.598994459518649602e+00 1.578148197155679355e+01
5.518942210709746297e-03 3.602169141785619644e+00 1.373876054030412597e+01
6.325917083235117061e-03 3.606498859820884917e+00 1.195110703134373864e+01
7.250887111358175416e-03 3.612482923518923528e+00 1.038440995234938846e+01
8.311105442876387528e-03 3.620911063224465209e+00 9.008080923693434272e+00
9.526347965672716384e-03 3.633114418049708583e+00 7.793855107573376628e+00
1.091928218055053870e-02 3.651553121487154829e+00 6.713654592197495496e+00
1.251589001032977350e-02 3.681481006769213860e+00 5.733982411216293151e+00
1.434595243171695941e-02 3.737615309975821809e+00 4.791726626801239064e+00
1.644360496962077658e-02 3.920488969349292585e+00 3.428034124405283656e+00
1.884797441535751225e-02 3.068948557099697716e+00 4.414342394821196613e+00
2.160390864523207069e-02 3.057272678704204605e+00 3.804337463387703622e+00
2.476281315254957177e-02 3.038243669596902841e+00 3.256844562301272727e+00
2.838360989660143607e-02 3.003024444719919916e+00 2.750546436244920123e+00
3.253383635370618587e-02 2.914346922950670216e+00 2.229149561305656224e+00
3.729090527052620480e-02 2.824212067214288968e+00 1.787041402620154651e+00
4.274354861740562589e-02 3.369352110883844009e+00 2.133796700513475475e+00
4.899347267529442773e-02 3.379685788172156258e+00 1.764195054782754513e+00
5.615725512802578756e-02 3.339698167781603111e+00 1.578715739386731487e+00
6.436851954575655010e-02 3.321361495264178565e+00 1.536491826067002409e+00
7.378042781946242412e-02 3.483602863819108997e+00 1.339152140655639256e+00
8.456853703701136538e-02 3.437042588218675032e+00 1.181984320426727963e+00
9.693407408914200829e-02 3.176330050915560754e+00 1.114057029337527149e+00
1.111076890854458821e-01 3.317513023858041699e+00 9.647791159312192333e-01
1.273537575915311693e-01 3.309839684261849602e+00 8.742367793766026018e-01
1.459753119355177153e-01 2.924867798351817871e+00 8.039888150238218012e-01
1.673196935658276541e-01 3.207505497195487720e+00 8.667365070060251142e-01
1.917850318917571628e-01 3.077743572940114802e+00 7.828238315707830575e-01
2.198276704544142590e-01 3.140684149234260314e+00 7.154154283751347210e-01
2.519706789458342477e-01 3.275731841316323667e+00 6.470828327168984817e-01
2.888136098480398317e-01 3.450841042074395570e+00 6.866267600474087462e-01
3.310436816792761139e-01 3.249820074260984182e+00 6.087233413747239474e-01
3.794485974446666354e-01 2.974665859102088028e+00 6.427684106205487913e-01
4.349312373894433925e-01 2.824080063436109178e+00 5.520624331719142797e-01
4.985265001136222618e-01 2.614367237068325522e+00 5.271792354505404621e-01
5.714206061796420766e-01 2.676361212379513077e+00 5.584248074946103202e-01
6.549732242765224921e-01 2.550766889419126660e+00 4.950280716123195424e-01
7.507428326522740392e-01 2.650662306745696917e+00 4.802841267085030119e-01
8.605157888726280291e-01 2.654097030824515535e+00 5.215066519546150969e-01
9.863396501343053568e-01 2.673326347505563305e+00 5.702640685821207533e-01
1.130561365645163407e+00 2.597750509093974092e+00 5.396074126950167749e-01
1.295871053460554423e+00 2.574353063197593716e+00 5.388233948296283771e-01
1.485352178330163309e+00 2.488002480269594141e+00 5.156283374901009520e-01
1.702539066505446286e+00 2.303785545084063635e+00 4.829088505973599954e-01
1.951482830311591421e+00 2.400154619773574804e+00 4.587865531270092778e-01
2.236826932152371050e+00 2.274373223925580945e+00 4.689869232628825491e-01
2.563893797417271969e+00 2.274905173365437072e+00 5.111089631161225277e-01
2.938784091851665892e+00 2.256426946134748590e+00 4.720783476039870918e-01
3.368490515176688849e+00 2.124444988143210367e+00 3.851837446505233520e-01
3.861028233512039165e+00 2.155359970768004008e+00 4.068444073562730856e-01
4.425584383512846109e+00 2.130480811280184739e+00 4.522833815914510391e-01
5.072689436869847412e+00 1.965049646102587033e+00 4.147318760463019061e-01
5.814413621575957869e+00 2.032756332104122432e+00 4.415645170541003250e-01
6.664592063737545757e+00 1.770734598141276317e+00 3.973739455639089257e-01
7.639082849423186161e+00 1.577197996195210949e+00 3.922101036709529365e-01
8.756062820088837739e+00 1.499289529193227333e+00 3.802061038121115066e-01
1.003636661894970850e+01 1.412842227491142078e+00 3.352226289910720802e-01
1.150387531241421968e+01 1.358625725993760858e+00 3.650626081776405796e-01
1.318596183540199718e+01 1.327817528426208593e+00 3.314176337841860942e-01
1.511400156928417537e+01 1.190043318229553115e+00 3.105158881129941872e-01
1.732395757608078313e+01 1.166998500894823598e+00 3.280930348386514317e-01
1.985705140508735056e+01 8.156208302246343855e-01 2.608751673779335922e-01
2.276053198425604762e+01 6.646604779956973852e-01 2.771352745697413522e-01
2.608855693819780441e+01 6.384243035047413306e-01 2.395892826987689184e-01
2.990320277172710206e+01 6.864931004603023190e-01 2.770045319850449328e-01
3.427562276155546073e+01 7.300838675631178276e-01 3.001356726741176706e-01
3.928737415388918919e+01 4.835403821012727588e-01 2.588521102585835676e-01
4.503193942369187397e+01 3.237604779522912368e-01 3.904983418844573118e-01
5.161646997113722080e+01 3.064351282494637285e-01 2.254676727678304737e-01
