2.228248185796808656e+01 1.933985511298100235e+01
2.586034390022424034e+01 1.933985238861498956e+01
3.001269745895567098e+01 1.933984871669441929e+01
3.483178770700700255e+01 1.933984377186538239e+01
4.042467147530502558e+01 1.933983710925228650e+01
4.691559553682053973e+01 1.933982813331955342e+01
5.444875676773644102e+01 1.933981603861403897e+01
6.319150550322611082e+01 1.933979974038523153e+01
7.333806325088403355e+01 1.933977777318414937e+01
8.511383735138389284e+01 1.933974815882732301e+01
9.878042843721405575e+01 1.933970822248287291e+01
1.146414419309566739e+02 1.933965434371312142e+01
1.330492326864378754e+02 1.933958161310293633e+01
1.544127326059894472e+02 1.933948335792221584e+01
1.792065351255439793e+02 1.933935047876744662e+01
2.079814383807953959e+02 1.933917051133732556e+01
2.413766812724838076e+02 1.933892627544592102e+01
2.801341442568755156e+02 1.933859388119076073e+01
3.251148303341839210e+02 1.933813968223843816e+01
3.773179923626212258e+02 1.933751536792272674e+01
4.379033316143064667e+02 1.933664933144811116e+01
5.082167607173606712e+02 1.933542860526966578e+01
5.898203033119119709e+02 1.933363927641415714e+01
6.845267946454645198e+02 1.933080648720184769e+01
7.944401539866942130e+02 1.932863460907788777e+01
9.220021235155370505e+02 1.932325969996620785e+01
1.070046512001201336e+03 1.931390204422462986e+01
1.241862148299751425e+03 1.928899021585418794e+01
1.441265943192890518e+03 1.926230390101225254e+01
1.672687682647930387e+03 1.933252695861269999e+01
1.941268436194256310e+03 1.933768415800827611e+01
2.252974766573503530e+03 1.929870478678284584e+01
2.614731277848379250e+03 1.938264059044047372e+01
3.034574446546766012e+03 1.937616956113068767e+01
3.521831153223612091e+03 1.938731503781258780e+01
4.087325880546726694e+03 1.936285469841923401e+01
4.743621180843803813e+03 1.936055441079425066e+01
5.505296755134204432e+03 1.935590120407266923e+01
6.389273343429145825e+03 1.936453743630560709e+01
7.415188621573065575e+03 1.939873451513420122e+01
8.605833455232330380e+03 1.942588335708398262e+01
9.987658202480732143e+03 1.942161143140955915e+01
1.159136031257155810e+04 1.943880405537313649e+01
1.345256627449333246e+04 1.944648536233101765e+01
1.561262306490123956e+04 1.944495535874000680e+01
1.811951667756170355e+04 1.945039366820048343e+01
2.102893813958311148e+04 1.943789437776238671e+01
2.440552069614703214e+04 1.950070868631161147e+01
2.832427564798900858e+04 1.945172304296896826e+01
3.287225873897944984e+04 1.966587650619220184e+01
3.815050411286088638e+04 1.973828122650222383e+01
4.427626880228801747e+04 1.981056599796761120e+01
5.138563761183957831e+04 1.990654405448925246e+01
5.963654626287864812e+04 2.002137214972577794e+01
6.921228995988990937e+04 2.017438010071672139e+01
8.032559532163375115e+04 2.032863919325733804e+01
9.322334613569450448e+04 2.060400595728602013e+01
1.081920679197867867e+05 2.094018084790405609e+01
1.255642931301925564e+05 2.129571650566738583e+01
1.457259484214136028e+05 2.166105896011108456e+01
1.691249280661477824e+05 2.217287678661744010e+01
1.962810439954327012e+05 2.270366984268365940e+01
2.277975735006296018e+05 2.316437124103398304e+01
2.643746611312208115e+05 2.379435561868831428e+01
3.068248725136427674e+05 2.433607216078953428e+01
3.560912456216315040e+05 2.480390219075957958e+01
4.132682405098268064e+05 2.557075663868137383e+01
4.796260529121894506e+05 2.614103802266076571e+01
5.566388318355572410e+05 2.675915834913910274e+01
6.460174280065244529e+05 2.722412417858462774e+01
7.497474006834216416e+05 2.789994084194785984e+01
8.701331271605727961e+05 2.833409761843642372e+01
1.009848994864249951e+06 2.885924471966364990e+01
1.171998813280608505e+06 2.950998773792343144e+01
1.360184765560715925e+06 3.013099954221176802e+01
1.578587431573186070e+06 3.126533101108524804e+01
1.832058660128842341e+06 3.196378788589757747e+01
2.126229353548151441e+06 3.266744314706226504e+01
2.467634559022173751e+06 3.421673636540428021e+01
2.863858645690858830e+06 3.709912976270040730e+01
