22.282375004736355 17.879775779317352
25.85998902713523 17.879771697905184
30.01201767501924 17.879766198987877
34.83068782359219 17.87975879043958
40.42303411257593 17.879748808703518
46.91327645156895 17.879735358439234
54.44557925295935 17.87971723066311
63.187253681812294 17.879692794269037
73.33247405266034 17.8796598435971
85.10659092360576 17.879615393968894
98.77113669227435 17.879555399235112
114.62963488034652 17.879474360231324
133.03434214531347 17.87936477746997
154.39407277629488 17.879216370682844
179.18327947541624 17.879014940491306
207.95259213146855 17.878740639550802
241.34104867820537 17.87836517136852
280.09028971503665 17.87784670562847
325.06103218792293 17.87711846756519
377.25218805186324 17.876048570049335
437.82305258798726 17.874306947110696
508.1190552329169 17.872918517630826
589.7016449103163 17.872141278553073
684.3829736921173 17.868253495382568
794.266149199733 17.86439837878599
921.7919498511316 17.859389777288897
1069.7930406155056 17.848900682731777
1241.5568935421895 17.82727227404466
1440.8988106851498 17.774885043705765
1672.2466714436773 17.869106472512783
1940.739286768348 17.841611848770636
2252.3405449235925 17.77443592663852
2613.971884267954 17.868437248636777
3033.666035601715 17.820944541386417
3520.7454490815135 17.877888980861975
4086.0293690071767 18.027964603514345
4742.074156126433 18.026096394088672
5503.452195613116 18.047376914499097
6387.07558595827 18.039168102203874
7412.571798708869 18.015497261404313
8602.719653390533 17.985824143358734
9983.955291700824 18.08867471048753
11586.959389917454 18.11719181560454
13447.338652968345 18.114118454334214
15606.416727840517 18.13189285151833
18112.152104480316 18.16780723078971
21020.203393045223 18.186854671217947
24395.165639962346 18.163440640422863
28312.005144446077 18.243932123856986
32857.72464631556 18.330409500449836
38133.29587307181 18.479894659160365
44255.90237290799 18.604160421435697
51361.542452548354 18.740427683889322
59608.050037633584 18.89929082450746
69178.60055647018 19.053807243806823
80285.77972153452 19.183267450221923
93176.3055864809 19.43720080677645
108136.50876727553 19.751849393848584
125498.6925567876 20.12739056242129
145648.51420678908 20.576791286024662
169033.55133398084 21.030084620951556
196173.24373121353 21.50042233798287
227670.43141623717 22.002998937911165
264224.7452067192 22.549261171083526
306648.1472594804 23.141542944230256
355882.9667679464 23.756770342641403
413022.8314354819 24.391747308439648
479336.95966464886 24.974341728178242
556298.3530522828 25.697724868608212
645616.515415774 26.259053625938193
749275.4251214403 26.854277829365394
869577.6041747745 27.369375479846425
1009195.2629565876 27.85600389213485
1171229.656656746 28.15428429916969
1359279.971859409 29.19738917846476
1577523.2734220324 29.84631563622548
1830807.2874670152 30.925978600689014
2124758.0814268044 31.67107360116534
2465905.0329839 32.99313508838113
2861825.8637764854 36.06960010523419