1.078571821570303499e-03 7.794451993126378042e+00 6.323505467372179965e+02
1.248062527000661729e-03 7.794452329130087342e+00 5.464753294699187336e+02
1.444187619360817829e-03 7.794452780604117947e+00 4.722622166679848306e+02
1.671132523245736756e-03 7.794453384189469425e+00 4.081274567431320861e+02
1.933740376119326854e-03 7.794454192520200664e+00 3.527023762146117178e+02
2.237615383710805407e-03 7.794455274810383472e+00 3.048041714849671280e+02
2.589242417054588626e-03 7.794456723806628240e+00 2.634106666560731469e+02
2.996125403444737344e-03 7.794458664146968196e+00 2.276385000864921722e+02
3.466947464648164300e-03 7.794461262437283544e+00 1.967242727366711392e+02
4.011756219820067533e-03 7.794464741314138578e+00 1.700082568177899986e+02
4.642178207594582426e-03 7.794469399786394526e+00 1.469203168866785632e+02
5.371667003243927804e-03 7.794475637553636815e+00 1.269677427335811899e+02
6.215790325871865633e-03 7.794483990082287761e+00 1.097247346991469641e+02
7.192562262677511253e-03 7.794495174728695019e+00 9.482331685839891122e+01
8.322827700150301974e-03 7.794510152048037988e+00 8.194548417386816652e+01
9.630707166183478940e-03 7.794530208595050524e+00 7.081641608810190291e+01
1.114411157629790344e-02 7.794557067940830031e+00 6.119861168285241604e+01
1.289533786896276610e-02 7.794593039310320215e+00 5.288682125224424624e+01
1.492175824122060623e-02 7.794641217193549743e+00 4.570366613196445371e+01
1.726661769330938706e-02 7.794705749586814392e+00 3.949585329966097902e+01
1.997995690235208899e-02 7.794792198703106578e+00 3.413090395752750084e+01
2.311968011978001239e-02 7.794908026748471386e+00 2.949432627147176689e+01
2.675279088204770769e-02 7.795063251556348938e+00 2.548717191494818479e+01
3.095682190543149609e-02 7.795271333540907399e+00 2.202392424369095636e+01
3.582148967970594927e-02 7.795550379729511370e+00 1.903067298892845471e+01
4.145060907069859912e-02 7.795924785290774928e+00 1.644353644134676884e+01
4.796430879046525986e-02 7.796427484075169723e+00 1.420729733179277510e+01
5.550159501452001098e-02 7.797103055884075040e+00 1.227422308789046568e+01
6.422331785521623315e-02 7.798012053864942672e+00 1.060304492535577126e+01
7.431560399756209634e-02 7.799237092461009269e+00 9.158073326803826575e+00
8.599382875193366249e-02 7.800891505023767714e+00 7.908429782691985821e+00
9.950721228962199072e-02 7.803131764884412291e+00 6.827375899751862320e+00
1.151441381475789699e-01 7.806175291158861995e+00 5.891720185827981737e+00
1.332383075023748642e-01 7.810325083104782351e+00 5.081277182063293374e+00
1.541758605491865275e-01 7.815998054811063689e+00 4.378333637660090538e+00
1.784036169602238875e-01 7.823722119711487899e+00 3.767003572613444984e+00
2.064386112788148264e-01 7.833836421693510133e+00 3.232019777369387281e+00
2.388791267400553753e-01 7.843066836975001621e+00 2.753998517807377144e+00
2.764174629862344856e-01 7.807823058828227580e+00 2.275403409890251361e+00
3.198547101475752164e-01 8.211690386520126950e+00 2.090626974297212115e+00
3.701178445758480651e-01 7.985814424248453669e+00 1.822247496424204583e+00
4.282795110638457636e-01 7.758572733918029485e+00 1.518359043231728878e+00
4.955809137148963206e-01 7.670964950923835346e+00 1.418069906462878116e+00
5.734583039670059224e-01 7.843992960080649723e+00 1.228328470057199251e+00
6.635736310416148198e-01 7.649416603737313025e+00 1.015938465273311664e+00
7.678500089155351205e-01 7.433071934196044062e+00 8.701015894183691257e-01
8.885127567020698613e-01 7.271555646545475149e+00 7.430123441588646349e-01
1.028136888267136673e+00 7.398268146708887549e+00 6.672161544884588347e-01
1.189702064536681814e+00 7.427984621746124283e+00 6.035222195342666573e-01
1.376656181209877428e+00 7.279284128384634123e+00 5.212298160367142552e-01
1.592988948877233302e+00 7.188078031256051936e+00 4.656709418397075861e-01
1.843317035786527835e+00 7.100079957718384627e+00 4.050798512380898719e-01
2.132982590253167388e+00 7.023671375245097437e+00 3.643593014250863238e-01
2.468167245241038366e+00 6.868292606315765880e+00 3.218032196149702151e-01
2.856024038038531110e+00 6.814423319969287185e+00 2.937540998512883639e-01
3.304830060273053594e+00 6.634498120964326340e+00 2.730644828768347687e-01
3.824163095904952847e+00 6.456466044528250237e+00 2.468124133001529941e-01
4.425106016759318805e+00 6.366696456476152122e+00 2.386579151720268355e-01
5.120483297516297938e+00 6.202097593388401719e+00 2.326314720953109594e-01
5.925134697528637417e+00 6.030711080242697975e+00 2.303324294276068163e-01
6.856231949997106057e+00 5.614600444198928564e+00 2.231421107387037972e-01
7.933645216836679559e+00 5.354849434866389757e+00 2.247711237465871426e-01
9.180367129595445874e+00 5.113296399022556393e+00 2.277315879126462772e-01
1.062300346570835075e+01 4.833393556851373951e+00 2.428484929684792959e-01
1.229234093140506090e+01 4.374552658133078253e+00 2.420234019682101223e-01
1.422400416809245272e+01 3.938362217091216255e+00 2.454380663252960504e-01
1.645921600311366362e+01 3.723274698782927050e+00 2.565456299783898109e-01
1.904567716908112374e+01 3.542705508521598379e+00 2.750794018720974510e-01
2.203858426551043692e+01 3.204072842796906517e+00 3.011339921440067680e-01
2.550180768665400421e+01 2.989065855741718902e+00 3.067611170338133131e-01
2.950925465320591456e+01 2.646012921525756845e+00 3.094150388302883137e-01
3.414644643577460670e+01 2.394651087172644743e+00 3.138609287683429838e-01
3.951234342899785901e+01 2.015100180318050160e+00 2.690712653804406829e-01
4.572145702445340021e+01 2.010128357726377324e+00 2.900108674702267519e-01
5.290629335097265340e+01 1.857885241316151737e+00 3.038170575418666641e-01
6.122018103321016724e+01 1.798307933767117506e+00 3.220315520242423291e-01
7.084054331449637232e+01 1.504885871021127253e+00 3.311385027964552918e-01
8.197268437299629795e+01 1.040415558617021174e+00 3.421260405225423629e-01
9.485417063338394428e+01 1.325481522026359160e+00 5.150618837508106340e-01
1.097599005737946811e+02 1.195047832396134879e+00 4.847757441075500329e-01
