22.160710929748046 19.50722692051456
25.457363771423225 19.507225957553576
29.24443048082032 19.50722468157536
33.59486558885432 19.507222995212178
38.59247642635336 19.507220773853152
44.33353759905402 19.507217838562543
50.92864563375355 19.507213966296717
58.50484952375622 19.507208852535314
67.20809821671061 19.507202101074448
77.20605219355184 19.507193186152033
88.69131330116059 19.507181410647796
101.88513505864239 19.507165852897074
117.041684913036 19.507145290236252
134.4529405530823 19.507118098505405
154.45431460425954 19.50708211684211
177.43111605992075 19.50703446010158
203.8259729223575 19.50697126338884
234.14735904448307 19.506887320017483
268.97938943429097 19.50677556465861
308.99307272006854 19.506626306548032
354.95923754527536 19.506426039074796
407.7633819087879 19.506155436745203
468.42273151007674 19.505785439578336
538.1058357134264 19.50526656229456
618.1550786303291 19.50444667329814
710.1125389763806 19.503737915274506
815.7496968702261 19.502682640752134
937.101559850078 19.50072258780201
1076.5058655156965 19.497562687555828
1236.6481160004673 19.49162913224295
1420.6133118233406 19.47313472515236
1631.9453817280696 19.488792216700716
1874.7154533736775 19.519000841486424
2153.600280051346 19.515398779656827
2473.9723342498996 19.509186006745185
2842.003303643689 19.492876681840748
3264.7829832626467 19.495445494304946
3750.4558541982856 19.492153423001696
4308.377979915066 19.529272777261614
4949.297242637439 19.530489594573663
5685.560391909129 19.51210502198151
6531.350893934154 19.511660258703785
7502.9621636593565 19.530183560809018
8619.111443175734 19.505398952145026
9901.300373031669 19.519167192038502
11374.229202549392 19.51213598314689
13066.27261854442 19.49247589769348
15010.026358872497 19.49543278621461
17242.935140836333 19.487988980336354
19808.014000944226 19.40510330196555
22754.676942000733 19.45490369774071
26139.688850691353 19.369347013049154
30028.259023521834 19.460716515286528
34495.29736693373 19.863523325410437
39626.85747119366 19.879355926545788
45521.79435761389 19.829066904288027
52293.668834155666 19.88626208542181
60072.935145162046 19.898511787407806
69009.45405838083 19.94085723761357
79275.37980170261 20.092714352898668
91068.4764639284 20.12264096221065
104615.92774712837 20.223545485399015
120178.7134621432 20.38964955155938
138056.63707658864 20.4725362724214
158594.1011666826 20.84525790921333
182186.74203192804 21.1580810476301
209289.05128270475 21.370962821876724
240423.1312239964 21.76307558164118
276188.7527000691 22.205022595424033
317274.9091556893 22.59823172277381
364473.0894927777 23.27879377635668
418692.52541247924 23.766094617207777
480977.7069693731 24.4241095056721
552528.5037596736 25.30042067847296
634723.2793605202 25.921452771621947
729145.4442998391 26.383946819952243
837613.9590765398 27.172866466335538
962218.3748450676 28.071413099163525
1105359.0867924863 28.149967506127787
1269793.575654227 32.68293573932403