1.076367382643374400e-03 3.387009902791296323e+00 6.729833626219011649e+02
1.240766102193722369e-03 3.387010089272718627e+00 5.838145350818084580e+02
1.430274221588033988e-03 3.387010334048649707e+00 5.064603688641363988e+02
1.648726819117968864e-03 3.387010660912165072e+00 4.393554481805191472e+02
1.900544722857919894e-03 3.387011094677507828e+00 3.811417693045580677e+02
2.190823975020592205e-03 3.387011671128798085e+00 3.306412614264866079e+02
2.525438960629943289e-03 3.387012436980520569e+00 2.868319450240237529e+02
2.911161287527768305e-03 3.387013454913398558e+00 2.488272505242954367e+02
3.355796823490191268e-03 3.387014807497491731e+00 2.158580763282818964e+02
3.868343663675982876e-03 3.387016604695532784e+00 1.872572248239479791e+02
4.459174225196014391e-03 3.387018992981770005e+00 1.624459002367540563e+02
5.140245153854044839e-03 3.387022166651445065e+00 1.409219954631866472e+02
5.925339290944290314e-03 3.387026383905791693e+00 1.222499309365281164e+02
6.830344596791012787e-03 3.387031988174217023e+00 1.060518398569195426e+02
7.873575675609497879e-03 3.387039435677499100e+00 9.199992123612378236e+01
9.076144408391169371e-03 3.387049332881366226e+00 7.980980620075528975e+01
1.046238719431543188e-02 3.387062486047486498e+00 6.923480322488175887e+01
1.206035744677828175e-02 3.387079967088178822e+00 6.006090581710099485e+01
1.390239331068625003e-02 3.387103201399988439e+00 5.210246166818926383e+01
1.602577208991797647e-02 3.387134084886355367e+00 4.519841559773440309e+01
1.847346462861052668e-02 3.387175140108519056e+00 3.920905027192675618e+01
2.129500491269440896e-02 3.387229724801223529e+00 3.401315872846077326e+01
2.454749248981494270e-02 3.387302310915503600e+00 2.950559149201863463e+01
2.829674799362504739e-02 3.387398858892376907e+00 2.559512863563995211e+01
3.261864515680965027e-02 3.387527321011954751e+00 2.220263371778180073e+01
3.760064626880670752e-02 3.387698321208739038e+00 1.925945223135900619e+01
4.334357215130293928e-02 3.387926077810095471e+00 1.670602213816728465e+01
4.996364247052145074e-02 3.388229664626890347e+00 1.449066835170264689e+01
5.759482767612757875e-02 3.388634749693444359e+00 1.256855673859382350e+01
6.639156016297165230e-02 3.389176020272698597e+00 1.090078641930622005e+01
7.653185952148414128e-02 3.389900615403520945e+00 9.453601913732404327e+00
8.822093512245643421e-02 3.390873077671878288e+00 8.197709046582845716e+00
1.016953389417623310e-01 3.392182671177270237e+00 7.107680528082802596e+00
1.172277526657887481e-01 3.393954531441634614e+00 6.161438758003909832e+00
1.351325059542909657e-01 3.396367318185803175e+00 5.339804614293908180e+00
1.557719375338297296e-01 3.399682542502553861e+00 4.626101611705181860e+00
1.795637278513212975e-01 3.404296341010925264e+00 4.005804383661310197e+00
2.069893516787063847e-01 3.410838271459751159e+00 3.466217632321547448e+00
2.386038217242097970e-01 3.420380185674626095e+00 2.996162383963816733e+00
2.750469204317782523e-01 3.434945194361942011e+00 2.585615446401767770e+00
3.170561472667689507e-01 3.459044034327283690e+00 2.225124554057153592e+00
3.654816435022797405e-01 3.506479966842372065e+00 1.904106993282652871e+00
4.213033965392154467e-01 3.732817597829824141e+00 1.593983584186153823e+00
4.856510719241423635e-01 3.257695480267263743e+00 1.333812985296055187e+00
5.598268744057341983e-01 3.183328351297272985e+00 1.210397445498893498e+00
6.453319006693079007e-01 3.283832023126370903e+00 1.031634510771236357e+00
7.438965170500857482e-01 3.313562850117606207e+00 9.854822372297061817e-01
8.575153769793605329e-01 3.155541908342295532e+00 8.885870940471413126e-01
9.884877868120810485e-01 3.130413843630171833e+00 7.419186532035599857e-01
1.139464236919641937e+00 2.955490053668833994e+00 6.399685329910125287e-01
1.313500039698207278e+00 2.889015391226467333e+00 5.705822223932416337e-01
1.514117159965647552e+00 2.925645050286330040e+00 5.073921537560235340e-01
1.745375489009639347e+00 2.902279080947687273e+00 4.520930148743713684e-01
2.011955004660769930e+00 2.903903179853318584e+00 3.871757549202593518e-01
2.319250480065131015e+00 2.836508235800799582e+00 3.447920598562275729e-01
2.673480657779058411e+00 2.839044030199207480e+00 3.158115643595085786e-01
3.081814098543605773e+00 2.839759334587334649e+00 2.872032458335310734e-01
3.552514251542056911e+00 2.825016141647699541e+00 2.469046414491442853e-01
4.095106681929160608e+00 2.776861333096034556e+00 2.358474196900456066e-01
4.720571839817806037e+00 2.775247706832503436e+00 2.151162656538957718e-01
5.441567271791614147e+00 2.677788271541095444e+00 1.975090092997068836e-01
6.272683771840757316e+00 2.574885772345838042e+00 1.899561146124521538e-01
7.230740655450849985e+00 2.575508976252845361e+00 1.916422979120465386e-01
8.335126132310488600e+00 2.526699044880855283e+00 1.915125846524443343e-01
9.608189665764376386e+00 2.394796417515305365e+00 1.839580931819870813e-01
1.107569425919546369e+01 2.310058153478834697e+00 1.897335004241985923e-01
1.276733782226147440e+01 2.209137764700454198e+00 1.944115227564720549e-01
1.471735416788121142e+01 2.088356733592728443e+00 1.939325890102508165e-01
1.696520580235448250e+01 2.015095822221525612e+00 2.072569834166967107e-01
1.955638252861846382e+01 1.880254981608649345e+00 2.305590757659577161e-01
2.254332202398488505e+01 1.751856809711769936e+00 2.360006703271964046e-01
2.598647102210181004e+01 1.604392549465720741e+00 3.090086870099205130e-01
2.995550857429342884e+01 1.362629555083380462e+00 3.274765559650169022e-01
3.453075614543332961e+01 1.149275315017779686e+00 3.292220143173060221e-01
3.980480308048004190e+01 9.828184798292981528e-01 2.819198956425863489e-01
4.588438033626236745e+01 9.025672677175307079e-01 3.119482956859614409e-01
5.289252039724927101e+01 9.296428893931423243e-01 4.605487837912828897e-01
6.097104708554770980e+01 7.755153789345029525e-01 4.644663842321398728e-01
7.028344565144615785e+01 5.417094293304393071e-01 5.094910075578937825e-01
8.101817122656379411e+01 1.982307862638623408e-01 1.987415601486368366e-01
