22.246294454429904 11.921193156480458
25.740287559309582 11.920387561114177
29.783045666017053 11.919294892380178
34.46075756147649 11.91780506602438
39.87314880512259 11.915757730410654
46.13560780836559 11.912909390039243
53.38164583515091 11.908863212995383
61.765743369111476 11.902881772941825
71.46664352987821 11.8931510668374
82.69116275189025 11.867954298173093
95.67859996672289 11.87998586060132
110.7058382896294 11.887798323939544
128.09324797470006 11.855887691243556
148.21151648553166 11.840538504244982
171.48955129375517 11.800865600480652
198.42362388758323 11.694287611407855
229.58794993427009 11.296389855601678
265.6469311581774 12.26678997511
307.3693199227606 12.290542728906082
355.64460849549744 12.283289018020934
411.50199240347047 12.248301140957027
476.13231216513634 12.151259333928369
550.9134411807207 12.247793262562917
637.439661033379 12.185767743784298
737.5556504620796 12.194071987549354
853.3958126274413 12.346838809197607
987.4297791004383 12.341667525586034
1142.5150606873133 12.192184401535032
1321.9579675696207 11.882712110403375
1529.5840975343456 12.657885714251421
1769.8198950540707 13.878552303755438
2047.7870199999707 14.12736929256044
2369.4115378628644 14.516573756779998
2741.550259341788 14.643216698472632
3172.136922772104 14.868557234573466
3670.3513359007106 15.154915879670561
4246.8150829931765 15.345040154497717
4913.817969612002 15.521984347355719
5685.580032710982 15.664503682696267
6578.554701918327 15.883838304678513
7611.779575196013 16.033457580808076
8807.282287168024 16.31779030145891
10190.550122947576 16.407970988954737
11791.07338930304 16.784674758784256
13642.97412745727 16.976129707862395
15785.733571239398 17.240813233407213
18265.033859490104 17.477432603801073
21133.731947442644 17.778868494627343
24452.986480191852 18.145104962910015
28293.56165240857 18.38868459596726
32737.335851680586 18.684324079100048
37879.047248704956 19.019579499362482
43828.313549099184 19.305944841217475
50711.96896653269 19.574148116968615
58676.768239818106 19.905939069839263
67892.51534172354 20.277101571094907
78555.68358139785 20.560201142805006
90893.60427847192 21.05026538272425
105169.31330844939 21.368545434680236
121687.15884435968 21.891228798668045
140799.28984781884 22.35999271164286
162913.16363960766 22.76620872797041
188500.2326059441 23.24995029328145
218105.9952349752 23.508962017857034
252361.62576458798 24.08698548915961
291997.430377527 24.598502983115523
337858.41682052996 24.87794547733009
390922.30938091234 25.34793217088794
452320.39328735677 25.892206412708756
523361.632923011 26.342017560153188
605560.5780344039 26.800078448666316
700669.6528771062 27.00876892338045
810716.516680239 28.051148984229066
938047.2919289123 28.484819401515356
1085376.5820614554 28.98596277312641
1255845.3449239112 29.332116610200444
1453087.855803543 30.20980582497565
1681309.1876465634 31.469170037782142
1945374.8602843806 32.89335931333561
2250914.56992741 35.01074156085499