22.246448726719834 11.01914476162999
25.740798838361446 11.017176111688602
29.784022293911853 11.014492769512547
34.46233310685809 11.010808475194104
39.875487314915645 11.00569378611446
46.13891008689642 10.998467826070813
53.38615694385315 10.987945717557992
61.77176157533792 10.971678155640593
71.47453097501403 10.942259354775288
82.70135815809127 10.85586769856901
95.69163375949738 10.980773873802875
110.72235058168624 10.924497078680062
128.11400993680996 10.883272974068046
148.23745572471466 10.8261848608662
171.52178197041218 10.799886185113838
198.46348243415412 10.872114025351
229.63703739205704 10.452363606426804
265.7071633301442 11.238530079929705
307.44298675312035 11.68491781313772
355.7344443372632 11.72006697455248
411.6112591293546 11.80863162708959
476.2648974228264 11.693962737469292
551.0739744995444 11.683738924913088
637.6336509661264 12.652339132450411
737.7896465054855 12.929600694794294
853.6775963218519 13.110693311788799
987.7685894802489 13.412574419507134
1142.9218601584907 13.612485584418227
1322.4457553519567 13.766367267929304
1530.168279050932 13.924673718393603
1770.5187171102873 14.125059558406013
2048.622083305856 14.526182938327773
2370.408400459174 14.71656171466054
2742.739146841724 14.80139276833062
3173.553564086619 14.889056916285696
3672.037946344329 14.967272791077818
4248.821520450203 15.37301772169645
4916.203093874019 15.502682686078
5688.413303285926 15.7650244157463
6581.918055688341 15.921393092179965
7615.769632416009 16.172301065375393
8812.012942626068 16.437111992510808
10196.155588857455 16.71172795011443
11797.711767909355 16.93871937520162
13650.831604685576 17.190283501982986
15795.029338346387 17.403493964590773
18276.02588794586 17.5603991636255
21146.723763656875 17.76906458426975
24468.33511170255 18.075672822642552
28311.686946396436 18.363606045871517
32758.731400870594 18.664581484894683
37904.293199701955 18.96607467699431
43858.09161495151 19.21943805647159
50747.08001996476 19.48915096092047
58718.15292744705 19.928671912918734
67941.27823422797 20.26121910492791
78613.12146184832 20.62646413520662
90961.23927297408 20.997676177407385
105248.93168236136 21.437551270279144
121780.85642649776 21.931343024730612
140909.52520762454 22.35908319976988
163042.82033212832 22.787690400998805
188652.69202125087 23.321976386551658
218285.2218476484 23.717558362646344
252572.26688135322 24.181389706609778
292244.93283429625 24.561134431201868
338149.16349245363 24.91549965374995
391263.7788504617 25.28833507342294
452721.3465774534 25.600110063868094
523832.3318582369 26.378130784709292
606113.0405590278 26.868575365058753
701317.9515523505 27.30744292894116
811477.1276261392 28.02345900597639
938939.5026931871 28.30868610218726
1086422.9683179692 28.679505318755474
1257072.327560292 29.595531568355945
1454526.3518907442 30.214827603561222
1682995.3710385258 30.784529516027078
1947351.0502268742 31.50393115418438
2253230.269124075 35.68487869628846