1.077643384536550262e-03 7.990415176640301098e+00 9.563822170339693685e+01
1.244987143934230770e-03 7.990522357841460810e+00 8.278001184111941768e+01
1.438317175053322903e-03 7.990665545562157135e+00 7.164964352850306284e+01
1.661668802069701280e-03 7.990856896126403264e+00 6.201479419667368376e+01
1.919703981612674425e-03 7.991112717439283308e+00 5.367435602022387542e+01
2.217808610494071894e-03 7.991454924101974555e+00 4.645423779761176775e+01
2.562204944040195193e-03 7.991913032209513545e+00 4.020373048674826322e+01
2.960081471503319284e-03 7.992526916986626873e+00 3.479236037853113572e+01
3.419742959406218454e-03 7.993350667255886499e+00 3.010716397496582886e+01
3.950783794632890117e-03 7.994458049603593075e+00 2.605032726806628318e+01
4.564288245407789255e-03 7.995950395284926238e+00 2.253713941776475238e+01
5.273061820155492893e-03 7.997968245594091030e+00 1.949421682491483310e+01
6.091898553330159574e-03 8.000709040722325582e+00 1.685795814257776826e+01
7.037889797197890464e-03 8.004454943350683749e+00 1.457319333197229838e+01
8.130780964897279042e-03 8.009618509988330359e+00 1.259198893886912707e+01
9.393383670977237254e-03 8.016821631945754589e+00 1.087256304549880781e+01
1.085205187190730822e-02 8.027040717056049601e+00 9.378233493011075339e+00
1.253723194490947643e-02 8.041893929124713125e+00 8.076224062236590839e+00
1.448409818675452237e-02 8.064255164357856387e+00 6.935773046842684586e+00
1.673328699711317674e-02 8.099582063887771355e+00 5.923020638275833250e+00
1.933174507086778821e-02 8.154885826323301501e+00 4.971221039455775426e+00
2.233370930346766786e-02 8.787234450475041925e+00 4.204172669467486578e+00
2.580183886262098908e-02 7.572020990898017168e+00 3.994814318380340623e+00
2.980852305574214350e-02 7.593657197010974080e+00 3.385588988023519263e+00
3.443739229190934115e-02 7.637996773580518983e+00 2.822275628742066278e+00
3.978506367622280937e-02 7.451505386062627245e+00 2.413656875992076234e+00
4.596315767187098694e-02 7.459908677128624710e+00 1.871317975080751594e+00
5.310062792313328950e-02 7.424834640962547638e+00 1.730170092926826220e+00
6.134645286906947881e-02 8.143079839838604173e+00 2.056089975080306775e+00
7.087274532920245784e-02 7.902496515189019632e+00 1.750395358069384066e+00
8.187834496671492213e-02 7.407249653554189628e+00 1.437246527532320517e+00
9.459296861364877018e-02 7.261954220113437053e+00 1.397120927340474550e+00
1.092820050866954440e-01 7.108854884065738844e+00 1.225872037176035878e+00
1.262520545744384437e-01 7.030209532149542362e+00 1.075585965948254952e+00
1.458573282181435671e-01 6.910351067775483358e+00 1.028124397245985255e+00
1.685070414627737323e-01 6.726326020482195744e+00 9.613182760921175074e-01
1.946739554975948083e-01 6.795273019435940753e+00 8.781227563506089906e-01
2.249042450694966888e-01 6.866361951246745754e+00 8.028404767578404266e-01
2.598288986371632969e-01 6.873755128908755729e+00 7.400708995259002165e-01
3.001768888183502515e-01 6.756811429489204102e+00 6.832416694603388185e-01
3.467903880333671474e-01 6.680276007886012835e+00 6.324838351232660028e-01
4.006423469366752199e-01 6.265961906122011094e+00 6.044595083669972446e-01
4.628568025463351554e-01 6.215976437615811534e+00 5.767242044862540551e-01
5.347323399572612157e-01 6.251924584297128717e+00 5.629514778508548645e-01
6.177691973481229670e-01 6.009664319159071511e+00 5.096129190574573142e-01
7.137005800371950537e-01 6.236267327932322857e+00 5.175667905810438230e-01
8.245288371967678387e-01 6.107480996082566449e+00 4.890622743966294705e-01
9.525672563326537112e-01 6.156266653324263594e+00 5.080564665999806051e-01
1.100488347893379348e+00 6.216686411734089646e+00 5.072569603367536040e-01
1.271379627840335313e+00 5.947157820150930974e+00 4.626369921607890179e-01
1.468808062513020207e+00 5.673416583136562608e+00 4.260731701316778364e-01
1.696894520929186578e+00 5.554466850893016172e+00 4.068532611224632278e-01
1.960399788542126043e+00 5.338049807372081901e+00 4.099902426183091864e-01
2.264823937796420772e+00 5.242441895356134474e+00 4.069182052012260131e-01
2.616521129616240060e+00 5.253545458975390048e+00 4.064301562835712645e-01
3.022832242045843554e+00 5.085099897906238731e+00 3.956452437231147701e-01
3.492238094363138146e+00 4.742394275926943514e+00 3.863985599357816492e-01
4.034536464870788208e+00 4.609366786704551799e+00 3.994726747985767878e-01
4.661046597208176046e+00 4.458703022758746748e+00 3.897348801944460206e-01
5.384845463787799602e+00 4.220223542006646511e+00 3.872300659448444926e-01
6.221040717817347243e+00 4.079057475149386214e+00 3.839696029922940457e-01
7.187086031159399369e+00 3.968406099313641189e+00 3.822345161426050630e-01
8.303145399988544284e+00 3.637508846669959883e+00 3.797380150179137659e-01
9.592514022296935394e+00 3.442912299361041040e+00 3.744147453188768071e-01
1.108210453210783797e+01 3.274793732188438167e+00 3.806568342057404797e-01
1.280300873942922379e+01 3.095170317402742732e+00 3.673425167523540202e-01
1.479114660098983869e+01 2.906415112010931168e+00 3.942489317092108259e-01
1.708801596754410212e+01 2.814605319491434887e+00 3.881991733008109957e-01
1.974155875701357132e+01 2.646431056696262996e+00 4.261851736523682987e-01
2.280716163285695330e+01 2.305703968661759529e+00 4.087983530841579616e-01
2.634881207455126173e+01 2.152484041869689779e+00 3.835683455554532162e-01
3.044043397052261923e+01 1.939177583074479294e+00 3.738413983473251601e-01
3.516743061098812007e+01 1.719837372142983600e+00 3.553706058609859553e-01
4.062846728717091338e+01 1.561483310166434046e+00 3.875530029933698661e-01
4.693753070458777898e+01 1.427575767218394187e+00 3.197523198032386493e-01
5.422630819597259944e+01 1.073262097001709714e+00 2.742940575163250183e-01
6.264693639448736207e+01 1.038801773843540666e+00 3.198288701070821638e-01
7.237517673951523989e+01 8.930931256639712545e-01 3.187616147530622501e-01
8.361408409648907991e+01 7.527901071413194423e-01 3.611109253591526791e-01
9.659824506483943196e+01 6.281284011650566379e-01 4.877544730656093730e-01