1.076959699660882995e-03 7.133660288503994806e+00 6.675606923365852197e+01
1.242724689726435426e-03 7.133658432235580271e+00 5.784746875144984557e+01
1.434004127491457069e-03 7.133655953346441869e+00 5.012653487006527087e+01
1.654725181419876203e-03 7.133652639765768022e+00 4.343474711353880480e+01
1.909419487386623555e-03 7.133648204629694511e+00 3.763471361253363767e+01
2.203316187938447225e-03 7.133642257856479318e+00 3.260734984019322269e+01
2.542449292101856169e-03 7.133634265291459720e+00 2.824943295942048138e+01
2.933781559948224395e-03 7.133623488627432785e+00 2.447148141996310144e+01
3.385347455396730230e-03 7.133608894583497673e+00 2.119591603208999331e+01
3.906418102226864170e-03 7.133589012868702284e+00 1.835546436955118565e+01
4.507691630021294985e-03 7.133561704761059552e+00 1.589177508869335931e+01
5.201512818041925147e-03 7.133523767286729544e+00 1.375421259565799126e+01
6.002126546559407097e-03 7.133470216804548514e+00 1.189880533946630159e+01
6.925970259259060444e-03 7.133392904738388829e+00 1.028732250208544663e+01
7.992011441284630618e-03 7.133277633467451473e+00 8.886453073272370773e+00
9.222137041699841539e-03 7.133097595352171361e+00 7.667055800896705797e+00
1.064160283562129092e-02 7.132796788396473353e+00 6.603431335760878262e+00
1.227955195190092580e-02 7.132242144222406210e+00 5.672516324648826824e+00
1.416961321227793759e-02 7.131058022348215175e+00 4.852722895248439805e+00
1.635059156653351914e-02 7.127871791424343684e+00 4.121357015188564787e+00
1.886726479900989462e-02 7.114414645834027162e+00 3.443376636925226109e+00
2.177130286371820392e-02 7.090520078882139643e+00 2.768749691013303149e+00
2.512232872295395297e-02 7.340605078791436533e+00 2.449209767054637776e+00
2.898914246955498070e-02 7.215388619992344488e+00 2.073115801028939664e+00
3.345113386532198863e-02 6.564099323507639028e+00 2.175725220998725895e+00
3.859991229650433509e-02 7.074959831361169904e+00 2.238599200473713857e+00
4.454118761105514690e-02 6.980904197274393042e+00 1.983503951867694903e+00
5.139694045322683313e-02 7.053380794584271918e+00 1.703410872059784031e+00
5.930792665476410097e-02 7.284733974055103367e+00 1.633538342767550278e+00
6.843656710048476310e-02 7.327819053076193967e+00 1.513689469850958425e+00
7.897028240023512557e-02 7.573859783111310584e+00 1.518069423242069726e+00
9.112534083154955056e-02 7.865803759300671771e+00 1.358518209301257329e+00
1.051512985553328949e-01 7.393338362837204691e+00 1.154079128343953098e+00
1.213361232668734302e-01 7.026425888120076735e+00 1.060976084588829416e+00
1.400121064761423173e-01 6.795893335568888638e+00 9.925698424136457643e-01
1.615626858027252866e-01 6.951968483230029250e+00 9.386142695470395259e-01
1.864303173542920522e-01 6.912359251463170651e+00 8.427247716785051246e-01
2.151255598168310135e-01 7.105866514507458653e+00 8.642591376824174665e-01
2.482375567625962898e-01 6.710087215714802156e+00 7.965508863030883457e-01
2.864461323885978405e-01 6.740649292162031792e+00 7.767180169486894714e-01
3.305357490238939322e-01 6.640374700170815103e+00 7.168901338151346669e-01
3.814116129680218403e-01 6.678642505439157162e+00 6.744942382197919306e-01
4.401182593304058255e-01 6.438123241141603614e+00 6.453643169084004594e-01
5.078609974370831281e-01 6.449762296685809915e+00 5.814821236632600199e-01
5.860306571015518884e-01 6.389947944914082356e+00 5.645672568222236398e-01
6.762321438267624440e-01 6.400595730092141444e+00 5.577009932127852121e-01
7.803173892066481709e-01 6.242608056503879510e+00 5.132178577739923142e-01
9.004233730336645980e-01 6.087470194171421767e+00 4.790280831095585778e-01
1.039015997746284725e+00 5.983925879278086057e+00 4.684816051509769208e-01
1.198940716005098217e+00 5.874719710456353994e+00 4.587976482797532785e-01
1.383480950835010770e+00 5.785288118785826939e+00 4.528989109837434079e-01
1.596425507760642182e+00 5.918801779649878192e+00 4.638213124116062347e-01
1.842146362977106211e+00 5.783534950036712807e+00 4.498635420828787645e-01
2.125688424629318174e+00 5.685206442123146076e+00 4.485548118853330823e-01
2.452873110093493736e+00 5.507132405957641197e+00 4.416462599840976222e-01
2.830417865811596378e+00 5.345545447931163707e+00 4.325197611431117473e-01
3.266074083546913975e+00 5.211082142879513768e+00 4.125260761426817191e-01
3.768786244626843640e+00 4.968247222371857674e+00 4.004505722811744217e-01
4.348875559571941274e+00 4.855548678967950060e+00 4.025153602727267188e-01
5.018251873426363474e+00 4.572898082693680699e+00 4.133951859637913229e-01
5.790658187429476023e+00 4.405625019226558692e+00 4.182660142213204257e-01
6.681952817316290094e+00 4.215885014027997535e+00 4.315156649392332677e-01
7.710434981253999176e+00 3.899732837245974082e+00 4.283238197608564279e-01
8.897220502078145188e+00 3.591719629635789168e+00 3.858256255566591686e-01
1.026667533739132132e+01 3.382842946936569284e+00 3.858843296163659287e-01
1.184691583835418882e+01 3.093698733384286914e+00 3.992149977777189052e-01
1.367038600800917969e+01 3.043097914334916165e+00 4.179404552278066509e-01
1.577452361085862620e+01 2.813659398751806151e+00 4.325296698672258522e-01
1.820252880962900122e+01 2.569822077034264574e+00 4.341067505835181639e-01
2.100425111014423507e+01 2.316528210844296165e+00 4.107716497878227124e-01
2.423721282422117085e+01 2.286917138065843513e+00 4.057328439035436940e-01
2.796779006335909656e+01 1.838140031095374161e+00 3.299908729288067444e-01
3.227257551026858096e+01 1.627879508351293580e+00 3.062697383078242241e-01
3.723995094737550460e+01 1.613862511737533145e+00 3.281925649669124034e-01
4.297190182796760638e+01 1.550206738128762307e+00 3.447404013803119227e-01
4.958611114504227402e+01 1.491865728886391684e+00 4.232381590559488038e-01
5.721837558718949879e+01 1.222304133266964188e+00 3.563448221478544564e-01
6.602539358773691447e+01 1.066176177184322782e+00 3.057695034537217249e-01
7.618798250874455391e+01 7.861900088398812159e-01 3.354921769761587402e-01
8.791479101202773450e+01 7.967194718993140246e-01 5.701561619432349293e-01