1.076492454216835008e-03 7.767467001429229967e+00 8.517194364635929560e+01
1.241179553754733714e-03 7.767466747630827228e+00 7.386874131879673655e+01
1.431061294135644408e-03 7.767466406929379730e+00 6.406499591360906720e+01
1.649992075181954494e-03 7.767465948188669422e+00 5.556170121251057736e+01
1.902415961719946050e-03 7.767465328009657277e+00 4.818624851745448012e+01
2.193456893426422999e-03 7.767464485207572267e+00 4.178892273534596313e+01
2.529022695420465698e-03 7.767463332190582825e+00 3.623986309994239008e+01
2.915925000906038032e-03 7.767461741317974955e+00 3.142642679568498210e+01
3.362017520169095428e-03 7.767459522753802581e+00 2.725090189839583132e+01
3.876355462644559546e-03 7.767456387688215891e+00 2.362852309872974033e+01
4.469379348153591780e-03 7.767451885735704664e+00 2.048574975061135817e+01
5.153126938486199404e-03 7.767445295780050607e+00 1.775877099627525624e+01
5.941477591317587473e-03 7.767435430735656787e+00 1.539220712464821617e+01
6.850433996586011154e-03 7.767420278383242227e+00 1.333797993335626408e+01
7.898447014284618040e-03 7.767396318973894154e+00 1.155432759426078348e+01
9.106790207533140002e-03 7.767357177292417703e+00 1.000494105237855180e+01
1.049999167355723795e-02 7.767290827348258375e+00 8.658198452776790788e+00
1.210633193829068616e-02 7.767173419713189197e+00 7.486469100432366908e+00
1.395841802133769398e-02 7.766954462698840267e+00 6.465441838734093061e+00
1.609384532421092445e-02 7.766516904798075771e+00 5.573379690226568428e+00
1.855596077748097178e-02 7.765550038278282940e+00 4.790008009444289172e+00
2.139474273792265832e-02 7.763020523154102293e+00 4.093795308797437471e+00
2.466781549664567169e-02 7.753355377333774889e+00 3.448112685969427993e+00
2.844161899165866328e-02 7.750285115281583259e+00 2.825730884601389992e+00
3.279275746880287723e-02 7.895458768434260755e+00 2.738956030298726141e+00
3.780955446745522253e-02 7.827808779087415125e+00 2.251814939352167588e+00
4.359384569557671341e-02 7.636357857564936680e+00 1.883878643138467757e+00
5.026304618758604265e-02 7.694885513854999637e+00 1.721031369656492283e+00
5.795253370619118938e-02 7.692801266169901453e+00 1.577683535799043080e+00
6.681839676873199685e-02 7.952859955387084234e+00 1.493008118227780789e+00
7.704060308008106595e-02 7.997574774692041366e+00 1.307694099495227302e+00
8.882665268796192948e-02 7.784809252158617632e+00 1.202234176421202339e+00
1.024157900158991497e-01 7.697658685117732880e+00 1.107378239831661171e+00
1.180838602736434401e-01 7.610798689956723706e+00 1.065317786371832165e+00
1.361489088251010005e-01 7.723047228992220958e+00 9.830338057549862230e-01
1.569776371750530863e-01 7.671934612546158050e+00 9.166242922936678195e-01
1.809928466244123957e-01 7.628811399815885963e+00 8.873370425793295491e-01
2.086820206923973020e-01 7.288065181333442943e+00 7.969884243789857603e-01
2.406072205197768155e-01 7.331040554952036992e+00 8.115161407462641030e-01
2.774164941194746103e-01 7.416154617130299442e+00 7.939402220205664662e-01
3.198570310703320319e-01 7.500008765927407062e+00 7.484570943899103712e-01
3.687903296804921904e-01 7.397834795580749301e+00 6.731703088752150066e-01
4.252096844978852652e-01 7.142587107594167151e+00 6.577283492232651740e-01
4.902603491459037732e-01 6.935769058478734372e+00 6.164211558418151160e-01
5.652627837686486911e-01 6.925000720045320968e+00 5.885529692842387250e-01
6.517394589844565100e-01 6.882450563376015573e+00 5.622356520198729113e-01
7.514457604398028234e-01 6.755274348521163930e+00 5.720557494161956358e-01
8.664056212935551393e-01 6.546615381341703177e+00 5.326225130464783408e-01
9.989526059335662733e-01 6.301936203671569814e+00 4.757781158017677647e-01
1.151777278881888300e+00 6.329113238214948645e+00 4.986280125412143605e-01
1.327981820427615256e+00 6.188577321254969732e+00 5.153744381196514457e-01
1.531142997627311653e+00 6.117141050864242757e+00 4.938486683804752531e-01
1.765384768918180303e+00 5.842135667460238935e+00 4.596808103488117525e-01
2.035461996141323837e+00 5.660234704727050925e+00 4.360393824201839186e-01
2.346856963241218175e+00 5.316885704970204962e+00 4.391836329003820927e-01
2.705890660869595621e+00 5.290038423338769391e+00 4.297974290715921297e-01
3.119851095854252243e+00 5.112304888518996115e+00 4.633151917875840131e-01
3.597141230080198593e+00 5.031079628660267034e+00 4.500623167937755631e-01
4.147449551786994704e+00 4.825560271851109029e+00 4.531628922920212243e-01
4.781946741700391357e+00 4.435593809305633961e+00 4.261789981262746330e-01
5.513512426114109743e+00 4.408595486992584078e+00 4.420680356772781483e-01
6.356996619771076773e+00 4.337995673458332924e+00 4.442253755291505901e-01
7.329521165559901519e+00 4.119044161394472603e+00 4.415297633427951451e-01
8.450827289935725517e+00 3.613249783656365732e+00 4.310147866876745115e-01
9.743676329075302789e+00 3.518168465540122636e+00 4.522390095666357079e-01
1.123431176008620014e+01 3.279389566229811592e+00 4.549682642132483745e-01
1.295299191601827715e+01 2.986675452930563246e+00 4.186614816482882029e-01
1.493460419823240315e+01 2.829834438653089368e+00 3.955481634945806624e-01
1.721937325399208873e+01 2.610145978468110695e+00 3.891692409849703549e-01
1.985367749453923736e+01 2.122194966292376694e+00 3.547916061335446569e-01
2.289099052811291557e+01 2.052029883832479751e+00 3.210192223085690522e-01
2.639296661801228439e+01 2.093837313762869190e+00 3.423466033023529476e-01
3.043069219936180048e+01 1.857367474377277450e+00 3.522651052633429813e-01
3.508612885905432677e+01 1.684786615060876347e+00 3.806604430164335917e-01
4.045377706984871224e+01 1.394640297675162399e+00 2.963299560068083927e-01
4.664259445067561671e+01 1.381942340764848121e+00 3.010352687583136011e-01
5.377820749182097870e+01 1.241650742431356536e+00 3.203306365396170752e-01
6.200546164068405375e+01 1.058314265468784043e+00 3.555581952442971039e-01
7.149136151217155088e+01 9.988062454915199728e-01 3.465046403637621064e-01
8.242846090690946426e+01 8.161170479016340851e-01 3.343770036421533920e-01