2.225118309736781796e+01 1.961009959827627824e+01
2.575649142158471250e+01 1.961009746394948650e+01
2.981400348229766450e+01 1.961009460611382949e+01
3.451070990583576759e+01 1.961009077459300443e+01
3.994730526250561553e+01 1.961008564135528687e+01
4.624034689781797169e+01 1.961007876237265890e+01
5.352475385210584591e+01 1.961006954406352776e+01
6.195669944387269368e+01 1.961005719026481842e+01
7.171695953212400809e+01 1.961004063327083813e+01
8.301478824241934262e+01 1.961001844120985282e+01
9.609240424988810503e+01 1.960998869252489740e+01
1.112301838024276321e+02 1.960994880793986184e+01
1.287526718193883539e+02 1.960989532256992618e+01
1.490355399400977490e+02 1.960982357790636144e+01
1.725136406986134716e+02 1.960972730346292536e+01
1.996903305013838690e+02 1.960959804531326611e+01
2.311482612868677222e+02 1.960942438157306000e+01
2.675618722338275575e+02 1.960919083553603315e+01
3.097118493330336833e+02 1.960887635298424669e+01
3.585018628269281180e+02 1.960845213650401320e+01
4.149779413579232710e+02 1.960787849971705654e+01
4.803508981954585693e+02 1.960710016400338063e+01
5.560222903466825528e+02 1.960603892027151929e+01
6.436144670985304401e+02 1.960458134824648013e+01
7.450053522139280631e+02 1.960255475601524822e+01
8.623687054915590124e+02 1.959961630743038086e+01
9.982207268728985810e+02 1.959576301013547805e+01
1.155474002260638827e+03 1.958950664531088748e+01
1.337499947614508983e+03 1.957877818468339726e+01
1.548201090088475439e+03 1.957394529229809876e+01
1.792094735873575019e+03 1.955530948882851661e+01
2.074409818534776605e+03 1.951186981916002949e+01
2.401199004212161981e+03 1.933419056085623211e+01
2.779468457154728640e+03 1.969194502146451242e+01
3.217328047682086890e+03 1.966688779425248867e+01
3.724165222942698165e+03 1.968772716797169053e+01
4.310846268153473829e+03 1.970006174642033869e+01
4.989949273241110859e+03 1.969983773046985220e+01
5.776033799550243202e+03 1.969295009156603982e+01
6.685953028111027379e+03 1.967189355253211858e+01
7.739215081737880610e+03 1.966757687200984250e+01
8.958401267488599842e+03 1.969698062926639537e+01
1.036965020635143992e+04 1.970533498348718382e+01
1.200321822961043654e+04 1.967276971800645669e+01
1.389412805645117987e+04 1.959765127173541543e+01
1.608291966006596886e+04 1.949913407672326926e+01
1.861651942037757544e+04 1.996201216175185067e+01
2.154924619749508201e+04 1.998163599853820571e+01
2.494397589551345300e+04 2.001399076988186110e+01
2.887348948420672605e+04 2.001757320191819289e+01
3.342203337939186167e+04 2.013941275948710086e+01
3.868712563558277907e+04 2.023726439310272696e+01
4.478164667462249781e+04 2.032124800384129060e+01
5.183625937426196469e+04 2.044938439625240889e+01
6.000221040193390945e+04 2.068181582940825081e+01
6.945457285263852100e+04 2.087523443393423150e+01
8.039599971115383960e+04 2.105549262636279195e+01
9.306106861055022455e+04 2.135858996634660301e+01
1.077213110360269638e+05 2.162572183266917492e+01
1.246910337971870031e+05 2.196225173725088808e+01
1.443340575776256737e+05 2.241072769466766346e+01
1.670715170322963095e+05 2.282550004105053887e+01
1.933908896620658343e+05 2.321566063609846253e+01
2.238564470391178911e+05 2.378690557684992513e+01
2.591213524512110162e+05 2.429201740318961100e+01
2.999416643310327781e+05 2.469266650886283543e+01
3.471925456957821152e+05 2.516374670336976749e+01
4.018870271176460665e+05 2.573968720928160536e+01
4.651977254920128034e+05 2.654238051448873037e+01
5.384819842407901306e+05 2.760214918124380290e+01
6.233109739417182282e+05 2.815689453825830668e+01
7.215033772837279830e+05 2.875308947088090150e+01
8.351643805335930083e+05 3.007763962009844860e+01
9.667308074675453827e+05 3.089786100320466744e+01
1.119023363412301522e+06 3.159176203680263839e+01
1.295307109476408456e+06 3.290208263611736328e+01
1.499361463503188919e+06 3.373917354620977704e+01
1.735561228523750324e+06 3.464596023691758120e+01
2.008970385911524994e+06 3.683147349072811494e+01
2.325450664107337128e+06 3.802106832069280529e+01
