22.182394804745176 14.084360300231024
25.528912423682872 14.08423027732003
29.38029799184057 14.084057962297583
33.81271774384596 14.08382955498464
38.913828632456706 14.083526718658398
44.78451186053545 14.083125062955528
51.54086794003077 14.08259209949073
59.316512732889535 14.081884471055131
68.26521988114094 14.080944167451731
78.56396188369625 14.079693303520298
90.41640996117329 14.078026811067264
104.05696192319287 14.075802010511863
119.75537769454158 14.072823315716368
137.82211417385048 14.068818878214968
158.61446492866475 14.063402612693242
182.54362614747976 14.056005452607764
210.08282858727407 14.045721333577154
241.77669633653923 14.030689411224479
278.252017475702 14.00841562754782
320.23013963896835 13.98644985905527
368.54123561619093 13.961431451988751
424.1407211158729 13.89949488311731
488.12814937224755 13.829750403775279
561.768956262234 13.696356579495907
646.5194859706696 13.312985971727617
744.055792119389 14.042288316848975
856.3067839405034 14.833363402380206
985.4923730032209 14.735206072949941
1134.1673748960966 14.428748923592424
1305.2720340784394 15.194737660727547
1502.190171096528 15.158361540786043
1728.8161021025971 15.134891938607531
1989.6316540984494 15.482023572270034
2289.794798981809 15.50475187694812
2635.2416592507143 15.573482499368527
3032.8039026634333 15.58144901926427
3490.343847488287 16.02477789098418
4016.90995022809 16.044617627845334
4622.915750794257 16.204281788281342
5320.345814007638 16.432572748676744
6122.992740191159 16.78919951089261
7046.729932051708 16.911070829338524
8109.825512176448 17.118770824042215
9333.303599276553 17.3891663898046
10741.360087893023 17.70316286921157
12361.841154157277 17.73933120450607
14226.793950689724 18.022269851960633
16373.100381354947 18.706807068392642
18843.206489606113 18.862444322536227
21685.961885036122 19.00973429977236
24957.585808903896 19.299801333904114
28722.778943857014 19.655813716179544
33056.00295535593 19.719046646632393
38042.95306942077 20.04227484643438
43782.25280887009 20.21148862331497
50387.40440369815 20.41912301807989
57989.03344753088 20.410321430350898
66737.47219120598 21.03021404611333
76805.73256151812 21.42139834121127
88392.92770050078 21.702098587629642
101728.20969070027 21.98599423678133
117075.3013401597 22.284795543777378
134737.71164914366 22.513365631393523
155064.73810134394 22.65409123940822
178458.37448280002 22.618617136762918
205381.26083977355 22.660318905188642
236365.83279649084 23.88989649376253
272024.85117259185 24.34062323203102
313063.52013737155 25.1391565193164
360293.43355331395 25.614635783066454
414648.62531627883 26.061297362450745
477204.04110900423 26.416724472677718
549196.7968712423 26.914130969876638
632050.6444008432 27.743984631644192
727404.1279253482 27.94959986677543
837142.9884774762 29.754170108331852
963437.4569138035 30.37195550540668
1108785.1730953252 31.539676939978655
1276060.5800133657 33.26639050569977
1468571.7696948836 35.104500598490525