22.182291176006117 15.124350393142493
25.528570270882003 15.12419892737034
29.379647706558465 15.123997753649483
33.81167414400855 15.123730306533112
38.912287847665766 15.123374298502075
44.78234763207985 15.122899576573143
51.537927229862134 15.122265029717493
59.31261051727057 15.121413988166957
68.26013298290044 15.120267079793756
78.55742167150983 15.118710439826344
90.40809371439902 15.116574442135597
104.04648262578931 15.113589853739128
119.74227198061703 15.109276360018324
137.805828099432 15.10253548125742
158.5943371881589 15.088030281737623
182.5188682876548 15.087850483442846
210.0525016948307 15.093070753320063
241.73968358558554 15.072486759443954
278.2069918165472 15.005628412234994
320.1755257870599 15.06129385579408
368.4751653568005 14.98424894518879
424.0609807728435 14.92720761991827
488.03211809375506 15.097574661692832
561.6535335484216 15.153659230264843
646.381006601755 15.117961976800583
743.8899263320983 15.23389179343594
856.1084203380924 15.284247481905918
985.2554812613262 15.26067901181995
1133.8848448332394 15.265334498714616
1304.9354870845784 15.280638447582103
1501.7897392420875 15.350120699156129
1728.3401694681918 15.33160052747602
1989.0665539537354 15.592562048647913
2289.1244593792917 15.708838231665638
2634.4471883621127 15.79655943417643
3031.8631037435784 15.887273386443638
3489.230651671029 15.870209868334058
4015.5937534013146 16.10433885672198
4621.360638521626 16.30348340576161
5318.509655810449 16.51481081943727
6120.826131413506 16.632928637429227
7044.174957934806 16.997290910757425
8106.814304580939 17.19881811122078
9329.756651618703 17.21318216123009
10737.184288190372 17.36170413345744
12356.927489481732 17.887665505108885
14221.014828650577 18.199678102755577
16366.306505306018 18.224175037640993
18835.223213886406 18.781757671311954
21676.584964476187 18.997648572132604
24946.576442786027 19.288704548913767
28709.857998187923 19.669678622564728
33040.844228325805 19.808794057509587
38025.17544285293 19.85894318195076
43761.41110281222 19.89003534247378
50362.97872149027 20.719202126334192
57960.4167640354 21.0852492469595
66703.95589661953 21.319560286754466
76766.48962640033 21.508231466987176
88346.99307329816 21.6521965955195
101674.45747589783 21.868136652865914
117012.41823183905 22.577998233888653
134664.1660095263 22.98159646776299
154978.743974944 23.218412805585057
178357.8497218937 23.578229851686814
205263.77838344537 24.037249259938484
236228.56399056627 24.508858076060967
271864.4998378617 24.7099882843318
312876.24588465213 25.143020210825195
360074.7626014255 25.278837275250762
414393.346787574 25.47307041098543
476906.0864504107 25.61227830763827
548849.0996696346 27.400554167118905
631644.9774215479 28.096050174249463
726930.9136919795 28.635325736872026
836591.0791187892 29.665628999998802
962793.8783157881 30.9146437544157
1108034.8275991285 31.9051677525336
1275185.9009742707 32.911910605300655
1467552.3201440945 34.63274695555393