22.188362513023243 15.10150368863222
25.548619622514565 15.101456039009982
29.417761866510954 15.101392820429997
33.872855990705396 15.101308926905066
39.00263990760044 15.101197563176552
44.90929020509403 15.101049674754464
51.7104573306673 15.100853176514729
59.54160898858868 15.100591902380604
68.55872842662856 15.100244162055585
78.94142135757588 15.099780734871356
90.89649340015903 15.099162037118017
104.6620692959217 15.098334038341577
120.51233594986122 15.097222207995607
138.76300376814854 15.095722201109467
159.77759507350578 15.093684786158342
183.974684852801 15.090889726938375
211.8362380602629 15.086996032667248
243.91720954124062 15.081433553787939
280.8565977906966 15.073113537526417
323.3901727185358 15.05929634101183
372.36513093725387 15.027875209925561
428.75697048035533 15.023209003465887
493.688921067288 15.05505145709007
568.4543169327903 15.042958442575287
654.5423578494328 15.038128496175734
753.667771459195 15.021806908652668
867.8049677373699 14.989248687133173
999.2273658877442 14.980097855039393
1150.552676994043 14.874728894312936
1324.7950443811949 14.95323396512548
1525.425080233905 15.090877384518244
1756.4389943000647 15.115335568491208
2022.438191605427 14.914556663431002
2328.7209246309085 15.290523205425373
2681.38782550831 15.990836066963395
3087.4634202566535 15.994235116415195
3555.0360454164643 16.12447657342853
4093.418953983831 16.108851493763623
4713.335819600992 16.263264323730695
5427.134333932025 16.780901265533338
6249.032151720776 16.766576850603453
7195.400082339127 17.184461378115504
8285.08816852048 17.337233778863684
9539.801147213384 17.574441497325033
10984.530771098076 17.752210869677626
12648.053601876778 18.103424833903144
14563.504190535063 18.236622863218166
16769.035061352093 18.53139783702371
19308.576645420973 18.682841728179845
22232.712300264913 18.97232190986714
25599.685844454638 19.25406289980176
29476.561675606372 19.510976696370403
33940.56057934161 19.613421152505268
39080.5978362556 20.07764580526914
44999.05426337461 20.32079099960575
51813.8154662412 20.59087856793065
59660.619920067744 20.793458712254868
68695.76264974868 21.1333159933607
79099.20836144823 21.629760866118133
91078.17603405978 21.903126868342433
104871.26636951472 22.077376057253637
120753.21431374384 22.468221398252712
139040.36131044215 22.633736294441555
160096.95628564278 22.727756674655655
184342.4108680166 23.187698960824946
212259.65335657113 23.968620593480576
244404.74783260337 24.248177793996657
281417.9700122889 24.52479993089531
324036.5604520915 24.87842883916545
373109.40912919294 25.199198947559655
429613.96388886066 25.55610786467869
494675.699546324 26.336333617276708
569590.5354346185 26.74648569504795
655850.6479178974 26.690524163514898
755174.1920116574 28.697519586391806
869539.5241141105 28.889033002917127
1001224.6075074067 29.794846787723323
1152852.385519405 30.40128110473178
1327443.0261023617 33.04409105475094
1528474.0784518546 35.30956040199002