22.18657114370594 14.702267408466149
25.54270324746319 14.701617854699943
29.406512838873414 14.700750514246671
33.854795593285914 14.699589481733161
38.97596396224316 14.698030086352993
44.87180442723897 14.69592608980064
51.65950057083599 14.6930695676105
59.47396217496873 14.689157837774857
68.47050663874373 14.683735973235658
78.82794601062261 14.676089601980676
90.752140991718 14.665026089790281
104.48009254827988 14.64837026636245
120.28465245677607 14.621580991915359
138.4799464066478 14.572716048905173
159.42761744836167 14.448392655715764
183.5440138792616 14.40756449516367
211.3084644310274 14.948377889228459
243.2728052333602 14.938130093357016
280.0723479083619 14.920814375367474
322.4385067934667 14.882501959296217
371.21333626701954 14.83226893110515
427.36626711510206 14.955762188577799
492.0133745855498 14.969303496682521
566.4395610940023 14.975606029220362
652.1240944773888 14.960584473464534
750.7700093838968 14.9007596739895
864.3379561707636 14.953832845075329
995.085170078288 14.92356586823569
1145.6103352171972 14.86458082685201
1318.905235069682 14.940384468157783
1518.4142160906904 14.99960985557205
1748.1026462864058 14.945195549134786
2012.5357294277449 14.785286287453147
2316.9692413815337 15.262883319092666
2667.4539920017132 15.643855803222863
3070.956088827164 15.651782640669474
3535.495392903699 15.837899836411335
4070.304918627828 16.07504966701553
4686.014345785671 16.042927086715807
5394.86129120562 16.268033772046948
6210.934539183322 16.361608501396432
7150.454065038555 16.428897018753574
8232.093417450404 16.477499998541006
9477.350867124947 17.023261050300732
10910.976698611443 17.235262410439265
12561.465137963885 17.960165829853914
14461.620693623418 18.173958207719235
16649.21016690707 18.094473939142645
19167.71329122649 18.555973851363092
22067.186919468917 18.871319334622406
25405.25993581474 19.103916321402565
29248.27866649744 19.36144643294915
33672.6255552738 19.671135497682045
38766.237313119076 19.717819071497495
44630.35271633858 19.910123744109463
51381.52479169579 20.181012692898484
59153.937382017575 20.269929202473644
68102.07213549237 20.383534183629727
78403.77892677175 21.158721385693323
90263.81073644923 21.665906223571394
103917.89324689633 21.821205679725644
119637.41004026387 22.30537357169014
137734.79651994113 22.736041968439828
158569.74976309616 23.125593165713553
182556.37772906985 23.57678164628431
210171.42991869044 23.890581998234246
241963.7730741036 24.258168831888874
278565.30025468406 24.62054311606584
320703.49011385674 24.976791916853927
369215.8660004503 25.70164733014351
425066.64226842596 26.18307343999529
489365.88865098683 26.787874259015027
563391.5936032005 27.124259306095325
648615.0651361182 27.244245143139963
746730.1740001342 28.377557355474593
859687.0204444776 29.655354080837796
989730.6937011101 30.31763350857068
1139445.894562445 30.958310451220335
1311808.3079550292 31.914433133908474
1510243.7465717937 33.98125813010846