22.179438141283438 14.986200503918198
25.519151174695374 14.986004905040414
29.361748143872155 14.98574156876224
33.78295179813992 14.985384641638682
38.86988699048676 14.984895883332676
44.72279757201089 14.984215399564652
51.45702181116674 14.983239132983984
59.20526526569508 14.981742258691284
68.12021589676685 14.978799306397427
78.37755295914302 14.97744899794041
90.17940896095773 14.978287684925164
103.7583529149847 14.97232452075864
119.38197337588959 14.947353902438941
137.3581515774364 14.98428539660596
158.04112858282193 14.97560617099539
181.83848600824496 14.94780179776424
209.21917788281772 14.97750275607745
240.72277192176665 14.99692476548974
276.97008232273475 14.984280092731836
318.67540361654494 14.970660927518807
366.660586654387 14.932829044891994
421.8712341147857 14.86885106920706
485.39533468125745 15.024836246773546
558.4847030983483 15.005217878108649
642.5796486067746 14.939900506485348
739.3373578772732 14.948999619657398
850.6645517611933 14.952083430822885
978.7550593962967 14.944543902023323
1126.1330501083073 14.87502196009111
1295.7027750420616 14.818838325118701
1490.8057987377547 15.001981804219835
1715.2868484656651 15.062226994750915
1973.5695789554902 14.971211724840506
2270.743745550567 14.871895404683968
2612.665503633255 16.091326187289077
3006.0728108358894 16.178059715639634
3458.718206169285 16.208660043194833
3979.521582632738 16.27584700762827
4578.745963863776 16.524859153860554
5268.199748706735 16.697339788120587
6061.469409159696 16.926480745040696
6974.187227277827 17.046569596519298
8024.339347093742 17.50320791371199
9232.620212068729 17.582296964098873
10622.840372668532 17.848540455997007
12222.395700376333 18.203246822896467
14062.807254539483 18.51686413941684
16180.34244074089 18.62838341617727
18616.729701328346 18.851184718903777
21419.98082189237 19.15626924330377
24645.337058178353 19.417656074086306
28356.357727941162 19.58682527632668
32626.172719684517 19.822384069919348
37538.92360039615 20.04269308344396
43191.42172094785 20.116242684099994
49695.055994015755 20.675079496794915
57177.9879394571 21.052569938258237
65787.6772530127 21.44617735647309
75693.78766754238 21.723885020585545
87091.53037009844 21.89924936963889
100205.51086067803 22.115065925396696
115294.15505938725 22.484113501418474
132654.80188349888 22.829645144965255
152629.56264943426 23.034923548285093
175612.06276585886 23.555012366082114
202055.19857063072 23.80099993069943
232480.06216890775 24.37195450576337
267486.2101465134 24.609552519634576
307763.47851525043 25.01469490036462
354105.57671711675 25.608500648406057
407425.72857275617 25.953448012683523
468774.6683968486 26.59118234100376
539361.346914383 27.182504410278014
620576.7550114768 28.05257759658806
714021.3347948845 28.8561490710427
821536.5181263353 29.477615889408852
945241.014134439 30.28881362669682
1087572.560790906 31.19640997590455
1251335.9633134373 32.98960018812481
1439758.3660467262 34.9386997557695