22.189708573911656 14.590326202226965
25.553065682033704 14.590273371009062
29.426216373026637 14.590203261732135
33.88643150715941 14.59011020245675
39.02269410830471 14.589986642916541
44.93747460981818 14.589822519889614
51.74877517947423 14.589604398140075
59.5924839085345 14.589314299793124
68.62508583193534 14.588928094688722
79.02678486549941 14.588413260015905
91.00509894403146 14.587725711095551
104.79900008469895 14.586805218801974
120.68368197156977 14.585568583556647
138.9760501764698 14.583899047428979
160.04104454819884 14.581628930880923
184.2989199042236 14.578508866461469
212.2336302774754 14.574146967214265
244.40248398723196 14.567867631272799
281.44726215649456 14.558290320750647
324.1070224946028 14.541323538275664
373.232843785519 14.49116123035726
429.80480524005105 14.549399299161992
494.951539456683 14.541199313230543
569.9727490801733 14.531447583221642
656.3651363740066 14.480179649636987
755.852263011734 14.450875158660892
870.4189358016374 14.396900558570575
1002.3508043532754 14.196094918039876
1154.2799606747344 14.622894124229287
1329.2374504302584 14.659830731030986
1530.7137434782355 14.603065578700196
1762.728370100259 14.833367374095056
2029.9101121910694 14.7980895890225
2337.5893492547552 14.484234457782936
2691.9044015457016 15.236436175913688
3099.9239919412385 15.415566117756505
3569.7882697078976 15.729227519758552
4110.871209640183 15.915034659225277
4733.967626497732 16.291228155684735
5451.508535751505 16.203180422265426
6277.809157169521 16.485245310175173
7229.35450900997 16.742251994515154
8325.128290536772 17.09588993391671
9586.991614191447 17.292241318582285
11040.11914327522 17.405170407534893
12713.501336257457 17.850621657376063
14640.522817679413 17.980472059821533
16859.62841437743 18.358647939596924
19415.09014470681 18.630077647110763
22357.8904624993 18.86561659563063
25746.739376814046 19.059694670043235
29649.245739416005 19.29406208366683
34143.26606762184 19.435779228110732
39318.457812052875 19.52340865510836
45278.06805758991 19.449275547530974
52140.99334280845 20.15793343422754
60044.151692092026 20.588715587657887
69145.21418338531 20.527034913266668
79625.75054742438 21.34396834445049
91694.85155437025 21.769619899243654
105593.30045586573 22.074555451511277
121598.37670440416 22.349833150960023
140029.38778607716 22.628684814758174
161254.03952891246 22.971603538037762
185695.771976927 23.476565829248827
213842.20718343084 23.71721715780881
246254.87746034004 24.183998112069336
283580.42816584685 24.551131188377337
326563.5185304158 24.66812900123819
376061.6778975896 25.383675925932415
433062.41376738 26.03909510612448
498702.9129543526 26.430518345197058
574292.7289061586 26.66491038993313
661339.9078033279 27.213119909621888
761581.0746661603 27.281259052757907
877016.0796982304 27.989683465976402
1009947.8960745098 28.356973630481377
1163028.5651504765 29.563368977158863
1339312.105716971 33.539040813571766
1542315.4428609796 35.06304130258458