2.217564999778927870e+01 1.593677167581303245e+01
2.550664732114038813e+01 1.593671274652755443e+01
2.933799269152861555e+01 1.593663467933159694e+01
3.374484322974141293e+01 1.593653121237128722e+01
3.881364538374263162e+01 1.593639399792646394e+01
4.464383069491209000e+01 1.593621187700193786e+01
5.134976628479186189e+01 1.593596987493637585e+01
5.906299832382561732e+01 1.593564778409911753e+01
6.793483249082262887e+01 1.593521810697639474e+01
7.813930204241623301e+01 1.593464293495955708e+01
8.987658171528988760e+01 1.593386885089649851e+01
1.033769144295698368e+02 1.593281747551826122e+01
1.189051278210836529e+02 1.593136340696619158e+01
1.367658292004902592e+02 1.592925421343533898e+01
1.573093808455669489e+02 1.592497975458183213e+01
1.809387728402477080e+02 1.592506493895648489e+01
2.081175282806242137e+02 1.592178500839219524e+01
2.393787959194226005e+02 1.591547696339032036e+01
2.753358086137112082e+02 1.590586892368363081e+01
3.166939127327073606e+02 1.588811327478640933e+01
3.642644044991000101e+02 1.586187151233790971e+01
4.189804446827947686e+02 1.585576124665242403e+01
4.819153638357385603e+02 1.590162784557896813e+01
5.543037171502368210e+02 1.587729252036622363e+01
6.375655019608323073e+02 1.583286573174690837e+01
7.333340129494283701e+02 1.579645772404325044e+01
8.434878814719024831e+02 1.576266644202478240e+01
9.701879275017645341e+02 1.557418025952154395e+01
1.115919547092536959e+03 1.590427671063372728e+01
1.283541466847357924e+03 1.607085848320566512e+01
1.476341821781934186e+03 1.595966654834583309e+01
1.698102656625430654e+03 1.622936005735287779e+01
1.953174115841219873e+03 1.623489201556048656e+01
2.246559777707022477e+03 1.633612844999135660e+01
2.584014806400043199e+03 1.629014240236208622e+01
2.972158847475559924e+03 1.643477146887722640e+01
3.418605881339387452e+03 1.638861034982845766e+01
3.932113581969091229e+03 1.648428070045994431e+01
4.522755110761137985e+03 1.757314415474009550e+01
5.202116715477111939e+03 1.789519888561374827e+01
5.983525010464713887e+03 1.803087094885998454e+01
6.882308396568363605e+03 1.812851256534843003e+01
7.916097748841311841e+03 1.821340418499572422e+01
9.105172270463221139e+03 1.827745187424230267e+01
1.047285729726456884e+04 1.829867437417562215e+01
1.204598185634194488e+04 1.795265827209448872e+01
1.385540495440722225e+04 1.910145540060205605e+01
1.593662091974204486e+04 1.924363975244506264e+01
1.833045567237451542e+04 1.928138730823171443e+01
2.108386758077732520e+04 1.967760595160760317e+01
2.425086861499548831e+04 2.023419162222185008e+01
2.789358386589196743e+04 2.053276083159438770e+01
3.208347021444177517e+04 2.088683876848599041e+01
3.690271805695260264e+04 2.124224141811965438e+01
4.244586358298427513e+04 2.135561118239902001e+01
4.882164323302124103e+04 2.191716813513149731e+01
5.615512671364114794e+04 2.217010423455820245e+01
6.459017041221272666e+04 2.241727653321329683e+01
7.429223933823392144e+04 2.256628878390882775e+01
8.545165294757964148e+04 2.288772394810680311e+01
9.828731852097625961e+04 2.329410328356501481e+01
1.130510253320671909e+05 2.369491342538538348e+01
1.300323838410964672e+05 2.388400661835869698e+01
1.495645068033021525e+05 2.414392857275238313e+01
1.720305437347922125e+05 2.472043131646627501e+01
1.978711969184579211e+05 2.488569213186173101e+01
2.275933663867427967e+05 2.537722396231190203e+01
2.617800934645191301e+05 2.582896104694174255e+01
3.011019979283721768e+05 2.662589792437687564e+01
3.463304331379405339e+05 2.712179726266537116e+01
3.983526171953423182e+05 2.759002854596275256e+01
4.581890369512405014e+05 2.805279445804121963e+01
5.270134662611165550e+05 2.862292573537714446e+01
6.061759911774445791e+05 2.943097768955861682e+01
6.972294937486466952e+05 3.018913800631857924e+01
8.019601139410530450e+05 3.086736177118108060e+01
9.224222872364614159e+05 3.173184060691492192e+01
1.060979045216063503e+06 3.252186195309930383e+01
1.220348369682251941e+06 3.320564689742752762e+01
1.403656509618296754e+06 3.631655308123199433e+01
