22.185317914776068 14.909518304102912
25.53856456452811 14.909258000076312
29.398644748839693 14.908911554706238
33.842164890853965 14.908449794258013
38.95731025305004 14.90783314103685
44.845595045326334 14.907007484715404
51.6238770568598 14.90589807365233
59.42667679374487 14.90440019043545
68.40884714758059 14.902364352660095
78.74864657674462 14.899571651359262
90.65127679013013 14.895690064581514
104.35295514154977 14.890190819522418
120.12560255477744 14.882171189665089
138.2822400149046 14.869923295531146
159.18320072375943 14.849646403531663
183.24328120465438 14.809974904400985
210.9399732759377 14.666794206184477
242.82294026354265 14.871497794026897
279.5249255156608 15.035298684154654
321.77430970786565 15.024631079602475
370.4095661485922 15.012842423183326
426.3959009622401 14.990711109036159
490.8444083878353 14.970252928041134
565.034121345692 14.912261412033422
650.4373948834631 14.883170362118896
748.7491262566591 14.83840492673457
861.9203915398436 14.88739497218978
992.1971663143433 15.07072794864186
1142.1648988759357 15.124175881287048
1314.7998205539902 15.095404520747007
1513.5280114369725 14.877064777140934
1742.2933937115554 15.191416874612091
2005.6360019983283 15.407234678648834
2308.7820840224067 15.491996427391449
2657.7478197398714 15.520076386435221
3059.4587173102336 15.694576620591814
3521.8870554248906 15.774725326629824
4054.2100996460845 15.958668199126045
4666.992232687985 16.217566947427493
5372.394613163078 16.319641023529304
6184.416523641833 16.269646087976767
7119.173197773656 17.007750523640492
8195.215640173787 17.288553594724757
9433.898786161315 17.56274596858742
10859.80530777695 17.833108933243096
12501.233476854872 17.865737661933558
14390.75876718717 17.975533247785823
16565.880341231445 18.160189430413332
19069.765251414767 18.209747984873104
21952.105125312843 18.57539683656742
25270.102336316653 19.100854909006195
29089.60523114368 19.227424312275144
33486.414943704745 19.29798763772276
38547.789730107834 19.466548377395654
44374.176679547905 20.280622364195906
51081.20516828983 20.64386689198639
58801.98161845652 20.880774032707734
67689.73110297234 21.04733253117767
77920.83822145467 21.637447992557483
89698.34759570342 21.926794678051223
103255.99345496143 22.205575686791285
118862.8382813347 22.534728337434075
136828.61257305404 22.79727367094722
157509.86169751332 23.075431335292226
181317.0218233693 23.464706534623993
208722.56535931688 23.82604033403361
240270.37755238116 24.279453518519077
276586.5503319277 24.94104630765308
318391.8076119821 25.090008100387436
366515.8086420641 25.49278064212246
421913.6132681404 25.932584414174013
485684.6358701602 26.81264975140372
559094.464132434 27.16638961919366
643599.9756580691 28.169659551088543
740878.2508870453 28.629984135821335
852859.8561182463 29.396192600523534
981767.1571640322 30.091074640859933
1130158.4240029105 32.03979220498182
1300978.6017229138 33.275713286520094
1497617.7553462598 35.57923911133539