2.218375423348087594e+01 1.562750389060621714e+01
2.553340106591365810e+01 1.562742796194723560e+01
2.938882946191485601e+01 1.562732728195518916e+01
3.382641015632394499e+01 1.562719374285472540e+01
3.893404552048131251e+01 1.562701655086086383e+01
4.481291078732800059e+01 1.562678131315331775e+01
5.157945819364194762e+01 1.562646879614387174e+01
5.936772373871250608e+01 1.562605322240270489e+01
6.833198225317042329e+01 1.562549990786869891e+01
7.864980337123601828e+01 1.562476193302133609e+01
9.052556894099301132e+01 1.562377535363286540e+01
1.041945215477489910e+02 1.562245210285412078e+01
1.199274243461632921e+02 1.562066896283320361e+01
1.380359245060082003e+02 1.561824671790072827e+01
1.588787265140491058e+02 1.561494397002806878e+01
1.828686976166650027e+02 1.561032251566168938e+01
2.104810461522561980e+02 1.560331761420421159e+01
2.422627347749586590e+02 1.559546032262954363e+01
2.788433150326814598e+02 1.558220212440044250e+01
3.209473979175610339e+02 1.555909387740172534e+01
3.694090074132868722e+02 1.550579926306537359e+01
4.251881013633326916e+02 1.548111878143373943e+01
4.893895869157769312e+02 1.559851079054639378e+01
5.632852072145240072e+02 1.553935299601519482e+01
6.483387328821816027e+02 1.558401784953080593e+01
7.462349573032327044e+02 1.560004201218546527e+01
8.589130700641838985e+02 1.552847511273994563e+01
9.886050696326525440e+02 1.546118869661027873e+01
1.137879976177738399e+03 1.551448658719598583e+01
1.309694720326857350e+03 1.567586579143666015e+01
1.507452715895330357e+03 1.581363731287514618e+01
1.735071276833953334e+03 1.568191768868816283e+01
1.997059213831576926e+03 1.538081659362061515e+01
2.298606147654689266e+03 1.648681537224718596e+01
2.645685308398434245e+03 1.668838494104120684e+01
3.045171856960879722e+03 1.671218014436256993e+01
3.504979072526212349e+03 1.687741619088839329e+01
4.034215103743656982e+03 1.700634591480713453e+01
4.643363388627404674e+03 1.695697885408188554e+01
5.344490317047652752e+03 1.797161123258964821e+01
6.151484249321185416e+03 1.811656351688044708e+01
7.080330625531048099e+03 1.839678315793376129e+01
8.149428615112660736e+03 1.869650068110020769e+01
9.379955579099219904e+03 1.880582767288682078e+01
1.079628656452232462e+04 1.892941630235242556e+01
1.242647714057498524e+04 1.930174183499553209e+01
1.430281914085750395e+04 1.949168218028014010e+01
1.646248032019590755e+04 1.974632114294967877e+01
1.894824059675477474e+04 2.003741675668505806e+01
2.180933946338853275e+04 2.032875664490716971e+01
2.510245135428454523e+04 2.044250024362761309e+01
2.889280828757010750e+04 2.071457212546992466e+01
3.325549202188954223e+04 2.088701820956289623e+01
3.827692132279633370e+04 2.104133528686157462e+01
4.405656379966242821e+04 2.117092288241517650e+01
5.070890622223968967e+04 2.161567417892809928e+01
5.836572234613539331e+04 2.174049551283326309e+01
6.717868316970592423e+04 2.202811850716848241e+01
7.732236132796786842e+04 2.213907963699139358e+01
8.899768913643910491e+04 2.281675571400572267e+01
1.024359387840026902e+05 2.306100570259777527e+01
1.179033035169410723e+05 2.329404113170231483e+01
1.357061705610966019e+05 2.351470110704035577e+01
1.561971902314959152e+05 2.408143544901479061e+01
1.797822614501529315e+05 2.435963287480485207e+01
2.069285720455536502e+05 2.439935557742835570e+01
2.381738531010979204e+05 2.503143439419898897e+01
2.741370306684154202e+05 2.507515674571182274e+01
3.155304858413499314e+05 2.632296454175396150e+01
3.631741660458169063e+05 2.663893264191538890e+01
4.180118270707833581e+05 2.760318955911387206e+01
4.811297275726677035e+05 2.798732014143860525e+01
5.537781463655831758e+05 2.827783498581131738e+01
6.373961487253628438e+05 2.910184549753360272e+01
7.336400922937797150e+05 2.957519879446495281e+01
8.444164372457386926e+05 3.047156224115446932e+01
9.719195106437241193e+05 3.059074162670833985e+01
1.118674973039438482e+06 3.274206605199898945e+01
1.287589848336243303e+06 3.390010711269773225e+01
1.482010107935167849e+06 3.571905358300164579e+01
