22.161427477310937 15.414861362224975
25.459726652775334 15.414668240636711
29.24891376684416 15.414411748086163
33.60204797984464 15.414070356463636
38.60306189283851 15.413614621318253
44.348379848638345 15.413003744385087
50.94877708558089 15.412180143578322
58.53151559032457 15.411060343513057
67.24279783096087 15.409518393297358
77.25058568076633 15.407352086418477
88.74783888414753 15.404202208796193
101.95623550550764 15.39930644641393
117.13044609485516 15.390343171513312
134.56304398016582 15.350539766112988
154.59014636164176 15.412846139425849
177.59789497357335 15.404741312528245
204.02990126717813 15.392342147186177
234.39579966467932 15.370871008480876
269.28107379956265 15.32658558110673
309.35834520234476 15.24103005705891
355.40034208853683 15.440279344094481
408.2947982994695 15.42991584324237
469.06156966184153 15.376638337610444
538.8722977858139 15.394587465847785
619.0730004385302 15.427706752159132
711.2100240571204 15.391314420328406
817.0598587905212 15.260429004616292
938.663390932704 15.366621673901896
1078.365253167059 15.348956917890206
1238.859031332379 15.60241857331441
1423.239199340221 15.777578511969843
1635.0607835986573 15.803560665613865
1878.4079073296957 15.721347930447632
2157.972536380527 15.949322878568097
2479.1449448233398 16.036213219177977
2848.117644607196 16.26621636118368
3272.004783125285 16.56888396541665
3758.979310797144 16.626648706186163
4318.430563388312 16.848135478987878
4961.145297405628 17.01148933588107
5699.515669104156 17.377595149220316
6547.778167140387 17.442287571471873
7522.288105722347 17.43143328792145
8641.834970747677 17.755596435877223
9928.004699105582 17.942213453553506
11405.595876234936 18.270905851474186
13103.0978766264 18.830546188298978
15053.240166275966 18.920593345032973
17293.623358167722 18.997758311647857
19867.444188140613 19.18963892367863
22824.328389368988 19.426519188674643
26221.287524075353 20.0178887333836
30123.818221108162 20.14810104767206
34607.165013738886 20.50875692811719
39757.77112640188 20.690617630076094
45674.94518293631 20.942243932269786
52472.775972062875 21.216752723065945
60282.332188609565 21.562039329362474
69254.18956360605 21.798238296950604
79561.33410873773 22.135707761108886
91402.49745249623 22.449882208161355
105005.98857650459 22.691035997855654
120634.09583156723 22.994553572446073
138588.1441085346 23.364950951062195
159214.30467108448 23.553724569664627
182910.2696695673 23.663687052939277
210132.92002693974 23.362658155862295
241407.13454098045 25.178544616767283
277335.91005072265 25.337187672407342
318611.9877936155 25.86361432371984
366031.21012072655 26.307084059136695
420507.86510026036 26.56500880880172
483092.3148680592 26.45821377712311
554991.2476165842 28.056217643203144
637590.9437001434 29.12569321475293
732484.0044491761 29.51272272387733
841500.0590507602 29.785719454409396
966741.0415534427 30.94259003111669
1110621.7181708596 33.59513065267215
1275916.2462894195 34.74902191424756