22.165726820218605 13.618992200001923
25.4739062216022 13.618898136859576
29.275823141295184 13.618773842628466
33.64516667151679 13.61860957637382
38.66662381756908 13.618392439743936
44.43752090891331 13.61810533943272
51.069709986752464 13.617725597888121
58.6917367302519 13.617223084857459
67.4513319403373 13.616557689524265
77.51827487123056 13.615675873518368
89.08768390707047 13.614505920576615
102.3837983638053 13.61295129553547
117.66432471557827 13.610881175204876
135.22543148455304 13.608116564347235
155.40748960557767 13.604409071157649
178.60166952594702 13.59940613807345
205.25752290583773 13.59258548708992
235.89169586860902 13.58306635803522
271.0979426819621 13.56966904113424
311.55863395601847 13.553679582623808
358.05798241123614 13.525345314115663
411.4972425591756 13.488019972179869
472.9121788976805 13.41902042563007
543.4931411905882 13.250007632140418
624.6081359328285 13.47123401191631
717.8293411741015 13.570849204089537
824.9635786138055 13.50358321491204
948.0873335800759 13.326516053634368
1089.5870016532826 12.59011558686599
1252.2051419976272 14.679317963971567
1439.0936338870308 15.377593760791179
1653.8747667098335 15.379493958736798
1900.711447504206 15.677312817929138
2184.387886792986 15.862316447419847
2510.402326577963 15.851999256403673
2885.073607755864 15.893661622793974
3315.6636424551752 15.957347488692974
3810.51816506354 16.15946408113463
4379.22848999467 16.13345262159553
5032.817411398226 16.5443776540865
5783.952847937369 17.027909312487285
6647.193373516113 17.132909085504068
7639.270392854865 17.33091571002025
8779.412431066305 17.409996079273096
10089.717822641021 17.7249671029361
11595.583023333993 17.849776189975895
13326.194846531067 18.116961780127035
15315.096164664492 18.097211007202148
17600.83604015269 18.987556793557328
20227.71688676004 19.295181835552334
23246.653142924675 19.52953316853565
26716.158099937136 19.833860503275904
30703.478011761606 20.027628256404213
35285.8954679171 20.309659764201783
40552.22729150793 20.589060623916307
46604.545994796405 20.954912047684893
53560.15815772295 21.13504263647562
61553.87807448224 21.383759091638897
70740.64073617564 21.563712905085488
81298.50479460246 21.976405722846685
93432.10371090168 22.413136070463132
107376.61197951398 22.80569614244703
123402.30330117054 23.211632571173062
141819.78905182262 23.42668160463872
162986.038579984 23.601341593508437
187311.29801842436 23.83208308814157
215267.04171123885 24.269387287588582
247395.11037156003 24.518806991975328
284318.21308649925 25.21324084510969
326751.99672011315 25.639087547893446
375518.91664463544 25.797959049699095
431564.1776437247 26.487284029494926
495974.0539557318 27.200663057397357
569996.9435376979 27.909649599171868
655067.5646257016 28.04146029244203
752834.7635714428 29.83163982394845
865193.4729290272 30.62219360170922
994321.439206431 31.26316275776231
1142721.432142208 31.462669962038724
1313269.753611377 31.206511444470074