22.164581189930537 14.84087486548207
25.470127493076543 14.840801437559948
29.26865114005824 14.840704362723882
33.63367300738064 14.840575977426461
38.649678611911376 14.84040609777606
44.41375333809778 14.84018116247118
51.03746153711781 14.839883062004027
58.6490058681526 14.839487521455258
67.39570867608718 14.838961833158375
77.44686343299972 14.838261613310085
88.99701143342803 14.837326034777501
102.26970716423929 14.836070556008607
117.52184522828513 14.83437525178126
135.0486325699625 14.832064705573586
155.18930224069692 14.82886965535153
178.33367929495836 14.824341841072748
204.92972590050758 14.81761132327511
235.49221169937738 14.80619544943809
270.6126772354551 14.788925775261498
310.97088329199397 14.761688213245995
357.3479677423372 14.80474389788796
410.64156456626716 14.796248714370083
471.8831776623353 14.780722755015358
542.2581457283757 14.761970887690264
623.1285846328366 14.711450469341631
716.0597513292522 14.612313297201574
822.8503395905534 14.566529620077732
945.5672939407528 14.880433291403984
1086.5858156117872 14.889924814866529
1248.6353348455718 14.748931860803804
1434.8523393406244 14.929734220050275
1648.84108134413 14.74051038241953
1894.7433383824198 15.249464469831018
2177.318577857096 15.654525868604104
2502.03607710208 15.616750071431394
2875.1807818962347 15.778661780967237
3303.9749523356572 15.889967640096287
3796.7179505359477 15.819367333491861
4362.946875772029 16.010739549186027
5013.621156167752 16.31215262668982
5761.3346697293755 16.284671760096987
6620.559500350709 16.082794054610872
7607.926046716348 16.382005051986518
8742.54490564414 17.764611928743435
10046.376759957213 18.04872277936644
11544.657430109259 18.185296488779265
13266.386316487755 18.159998303329985
15244.887686254002 18.76566328006641
17518.455668493447 19.156613352764484
20131.09544163401 19.399176832367075
23133.374958902954 19.69480290493696
26583.40369706977 19.821862142272124
30547.957372273308 20.06691559669663
35103.77039194157 20.191594021625402
40339.0210583645 20.35449249369214
46355.03827021165 20.71176462136626
53268.26275540524 20.99384393496184
61212.50079524395 21.326123920086733
70341.5140608754 21.709966161955226
80831.99568871022 22.01970115335515
92886.99019707096 22.191192979537078
106739.82343696893 22.616774857194496
122658.61864167258 23.168747029050717
140951.48598374426 23.505927868230508
161972.48608403804 23.858423203314842
186128.48289708394 24.02560321734985
213887.01861126866 24.576174933632863
245785.36298344197 24.85615128516357
282440.9122588965 25.48522217023652
324563.1389490508 25.873063870486508
372967.3237562018 26.27345146888227
428590.3354283854 26.494755505130797
492508.7639653083 26.91072762181238
565959.7581457054 27.65459876076028
650364.9706889439 28.42821968551166
747358.0745123165 28.88568207861656
858816.3826644603 29.728853793655105
986897.1839424673 29.77861291749845
1134079.4974728615 32.65353212757679
1303212.054421339 36.10842347369182