22.17545243290066 14.655371899914222
25.505995277941174 14.655274534493477
29.336754101718306 14.655145329193543
33.74285660473772 14.654973696884372
38.810713956292894 14.654745392977485
44.63971546456731 14.654441142168245
51.344177770129036 14.654034657897682
59.055586789819735 14.653489707421356
67.92517637937364 14.652755602596542
78.12689428672938 14.651759933568147
89.860813563427 14.650396090135242
103.35705633767392 14.648499894865243
118.88030690094831 14.645800147366984
136.735002617449 14.641791421724305
157.27130445896108 14.635360232254703
180.89196425748892 14.62253352804643
208.0602233541671 14.604807529817915
239.30889755039917 14.632962287585704
275.2508265325788 14.571169120203194
316.590892701396 14.673039513794947
364.1398451154281 14.660629543154826
418.83019966007794 14.638031192173015
481.73452727123276 14.626073022259789
554.0864888768394 14.590018360827138
637.3050295873974 14.479313264937625
733.0222066246282 14.502117667112115
843.1151967413638 14.746225372497666
969.7431108526332 14.743363812929468
1115.3893378755245 14.733053722216033
1282.91024821259 14.80372802244411
1475.591212036998 14.80333686685838
1697.2110309933437 14.7523534057603
1952.1160469294416 14.727555770153224
2245.305381057458 14.671654166165634
2582.5289752294107 14.616275250872931
2970.4003580833137 14.404608740890332
3416.5263475960382 14.656709176824
3929.6562337306796 16.287923747501587
4519.853366904057 16.65929885811923
5198.692517416285 16.823855969586006
5979.486876396664 17.0651446413022
6877.549150140845 17.119095613298658
7910.49186834359 17.13946022071159
9098.572795782722 17.347000634026777
10465.092221565223 17.427492928421643
12036.849917453826 18.291218120340815
13844.670727004655 18.5234264465958
15924.0090932134 18.716186761897465
18315.644380486086 19.075340506584887
21066.480627381785 19.195319566202084
24230.46641463969 19.49373800473255
27869.652888668126 19.731078181484214
32055.41069013702 19.94908925156479
36869.82965371468 20.109145395135094
42407.32872944292 20.081385852932563
48776.50769904883 20.37255655582256
56102.27700250206 20.532734604012777
64528.30744434068 20.84385855811709
74219.84782267657 20.87569379384948
85366.96573938092 20.787943447864333
98188.27514925279 22.289580721707257
112935.22375175482 22.51241543815304
129897.02430836503 22.77866681087084
149406.326597071 23.293183038322564
171845.74124068805 23.568349633521684
197655.3433523773 24.11682573053745
227341.30315762587 24.42595332779661
261485.812853872 24.711108348551655
300758.50439039123 25.501797779190248
345929.58209054003 25.936216178173613
397884.92766942637 26.275495378005015
457643.4738821193 26.597287906206905
526377.187529206 27.380677216370934
605434.0537204423 28.0801850447633
696364.5121570339 28.620782000199927
800951.8638930355 29.4999699288753
921247.2449042039 29.9355785917677
1059609.8523555293 30.290016000044375
1218753.2124730097 29.996824352917358
1401798.3974113713 36.13651667341756