22.161864010965424 15.30425616484047
25.4611662113723 15.303603414364513
29.25164528229079 15.302736722741646
33.606424176233645 15.30158372767831
38.60951187578786 15.300045844806249
44.35742402908844 15.297987373039398
50.96104485408499 15.295218931523795
58.547766230000136 15.291471305363054
67.26394524165593 15.286352154793892
77.2777275856879 15.279270025224655
88.78229130558763 15.269290677099068
101.99957343116864 15.254837951814768
117.18455141386485 15.232983684457746
134.63016195195678 15.197404548718804
154.67295209584762 15.130241000578863
177.6995716500855 14.925920491615344
204.15423211846485 15.143975793339777
234.5472760843314 15.576765108111502
269.46502233986246 15.555795259679684
309.5810766888427 15.54364233516624
355.6693266220817 15.541579616979877
408.61887054856976 15.498828139711286
469.4511695854027 15.412994159496485
539.3397527853692 15.16410806874925
619.6328559400147 15.665860743560671
711.8794306882294 15.630865186085948
817.8590256777106 15.467075813923515
939.6161162232523 15.854754875566996
1079.4995447227352 15.944994339512824
1240.2078326844207 15.846343207338126
1424.8412384896806 15.891078206758166
1636.9615651487325 16.178008549851914
1880.6608718137509 16.124804174740717
2160.6404145780293 16.316066718519618
2482.3013394252444 16.42328437407444
2851.848876906136 16.486448868152774
3276.4120485846906 16.460772506717355
3764.181194536787 16.651192814431155
4324.565974974054 16.766945855798433
4968.376894036502 16.979975082804934
5708.033847568689 17.125024587812966
6557.8057180197575 17.36520929102894
7534.0856385444085 17.590236257456056
8655.707236484204 17.90679700336879
9944.307956950679 18.16711623755356
11424.74647546417 18.341763884474215
13125.58225204593 18.441042756905563
15079.626477945412 18.696815971785796
17324.575043435318 19.059633377550796
19903.735737393123 19.087690716544536
22866.863707233857 19.356290541731205
26271.121296232326 19.463094140582534
30182.18077466469 19.69581487260004
34675.49123779444 20.047714486006377
39837.73411070615 20.03129777233843
45768.49533844601 20.49280579848815
52582.18652005111 20.821369496730608
60410.25204748018 21.41384247230251
69403.70482784059 21.363179346530814
79736.03950607822 22.335901264733273
91606.57938774014 22.708694032473748
105244.32162802175 22.969112098402356
120912.35486547215 23.221584210377813
138912.93452188757 23.594209376383883
159593.3136771008 23.969835457579926
183352.4420033352 24.014659303365868
210648.66198971658 24.264202942785047
242008.55092647573 24.411894053690276
278037.07922147535 24.982991107288967
319429.28101534245 25.563293741720763
366983.6622355706 25.892346487673912
421617.6047472704 27.292771286840416
484385.0637653695 27.558520148228652
556496.8999328765 28.36073381027507
639344.2382957365 28.919481481373744
734525.3047973131 29.30898343523659
843876.2580011241 29.706290370372855
969506.6108232804 32.66558356082724
1113839.9256029208 34.426375252847194
1279660.5675680765 37.670110488061354