22.178515065003676 14.748479469700154
25.516104040379687 14.747906985595062
29.355958389965963 14.74714054310514
33.77366276723291 14.746110427130267
38.85617637013202 14.744718550549099
44.70354466769923 14.742824024549256
51.43086872009145 14.740218703229356
59.170570856644744 14.736582913258136
68.0750013101274 14.731398238061912
78.31943711682877 14.723755269583648
90.10553231358311 14.711857443775951
103.6652873462699 14.69138668772858
119.26561582462016 14.646939542817538
137.21359851647307 14.503452277732414
157.86252800241908 14.839585155659112
181.6188629753247 14.826843944633843
208.9502290749095 14.801968426415666
240.39462374780396 14.674301686096852
276.57100632385743 14.890951080791115
318.19148176640505 14.898608746080761
366.07531792448356 14.88350702224101
421.1650722060931 14.856246529379321
484.54514511397576 14.82030119886613
557.4631258563493 14.843311092505406
641.354350204939 14.812453704950787
737.8701540033258 14.799125567443681
848.9103784747338 14.823121729422823
976.6607671718721 14.901368961119587
1123.635990699741 14.8119178648362
1292.729146120809 15.031248587702457
1487.2687054012338 15.029952161078889
1711.0840338855846 15.04022166928771
1968.580768482117 15.106100511692958
2264.827539321645 15.407107650760231
2605.6557419408396 15.410346137465524
2997.7743239305646 15.311073785289814
3448.901845538345 15.327090165973065
3967.918413738914 15.354190808885132
4565.040480481047 15.256932710916889
5252.021945883145 16.726557124205925
6042.385524943148 16.95493956074556
6951.688932042937 17.186379444872166
7997.831122889662 17.532709941504265
9201.404622036882 17.608802131710302
10586.100871288641 17.663272942067003
12179.176577965834 17.742881085081727
14011.990242750744 17.66295521377937
16120.619428258093 18.10404833815353
18546.570918801568 19.041033207968667
21337.597750318222 18.959566303968902
24548.63919307221 19.53529900381656
28242.902189992466 19.791084164564197
32493.10553794715 19.949981902963543
37382.91130273017 20.314784389583718
43008.57164409043 20.76364665775843
49480.82346731959 20.873287301107116
56927.06819619434 21.021256395974714
65493.87957446843 21.377250880129488
75349.88886010699 21.51164146123184
86689.10420514751 22.243689856570786
99734.72956069134 22.402904958675965
114743.55827930682 22.805410215936526
132011.02789961197 22.99880568906732
151877.03561268188 23.40739440540496
174732.6288833756 23.659715564271906
201027.70292644599 23.85592355131433
231279.85655647796 23.82807713395682
266084.5807324209 24.924860392730327
306126.98035057297 25.228342545222475
352195.2600207232 25.40965898652867
405196.2392828422 25.007961825399946
466173.20266972855 26.98911753637641
536326.4359807053 27.76007961908208
617036.8530075188 28.05653676995322
709893.1777868199 28.948434414443888
816723.2174414862 29.14529535647815
939629.8411932103 29.87792514130805
1081032.3737662472 32.43170261345457
1243714.217980428 33.882834200697964
1430877.6439484677 36.819981469788715