22.16863865065906 14.68826933487644
25.48351170189659 14.687969246066679
29.294057199195414 14.687570344534825
33.6743929654666 14.687039031147982
38.709719650025534 14.686329425798041
44.49797794188123 14.685378157158652
51.15175358586825 14.684096297696449
58.800467255541264 14.682356256013666
67.59289187741919 14.679969070144885
77.7000463703275 14.676641612717127
89.31852208512962 14.671886231942192
102.67430664646795 14.664797014337836
118.02717957295943 14.653344339285756
135.67576517378728 14.630925031888971
155.9633410041258 14.537165936014029
179.28451485799155 14.706981541080223
206.09290017078493 14.694726291206
236.90993912356754 14.674333677966597
272.33504506473423 14.636045943404477
313.0572615264027 14.593941474764073
359.8686646116906 14.594191574804624
413.6797694388545 14.552100036002134
475.5372403085983 14.169744085221922
546.6442490699134 15.059637213418764
628.3838776691626 15.032831477175193
722.3460200786483 15.036454432345455
830.3583068663269 14.99188301193356
954.521653911572 14.96774362089467
1097.2511267148145 14.91997042480198
1261.3229151409762 14.860361771895837
1449.9283322889025 14.670155517359262
1666.7358878032496 15.345720780552146
1915.962642998937 15.51713881684055
2202.4562357061377 15.450276968382468
2531.7891702774405 15.591418678220212
2910.3672067649545 15.70307277508659
3345.5539575140274 15.781379640234846
3845.8141146660155 16.038749747131334
4420.878094447035 16.081817794777205
5081.931300691305 15.867449604551275
5841.831688909386 16.26950000007677
6715.359862677309 17.309064153780508
7719.506566899465 17.602050196524317
8873.80316989387 17.640659659105456
10200.701562411668 17.9490509426663
11726.010862897281 18.086396541513295
13479.399423217435 18.30661926738355
15494.971899227905 18.810024715047575
17811.93261061135 18.813032819399268
20475.348092807377 19.1972622728745
23537.023673212818 19.41516861672176
27056.511121683347 19.467540147150892
31102.266974856157 19.93642011976582
35752.98406452647 20.396237575295743
41099.12214925277 20.568516700720203
47244.66742106528 20.989616775820203
54309.15511093583 21.250262855336736
62429.994534125595 21.516031379164637
71765.14179919807 21.656254826188043
82496.17216679035 22.11174161513916
94831.81181770845 22.314540510099622
109011.99772575047 22.427790281381533
125312.5446026745 22.671901534376495
144050.50969071378 23.021965248393794
165590.3597516729 23.310901160021743
190351.06020493375 24.1454309843462
218814.22430315273 24.593707996620587
251533.48085291847 25.17909856798627
289145.24268920626 25.498337148923728
332381.0853581241 25.69483177069559
382081.9767821437 26.0666101328148
439214.63468493475 27.121960669627526
504890.32993936323 27.45544344262522
580386.5015771588 28.250962049582746
667171.6038875778 28.663332701063545
766933.6688988232 28.719237903354173
881613.1398028185 30.37711196538116
1013440.6139568255 32.03940054896991
1164980.2295901575 33.3926785901094
1339179.5401183262 35.111323953709636