22.166937344719166 14.799361819316688
25.477899272710378 14.794151499333614
29.28340263049539 14.78685672702563
33.65731453920142 14.77640810258394
38.684535273610585 14.760920817133941
44.462646227827314 14.736679256423479
51.10380402913942 14.694917801899805
58.73691756596789 14.606353050451288
67.51015018733442 14.258499145907972
77.59379564305102 15.128945564794286
89.18358358837018 15.128065422892838
102.50447881493884 15.126884774497064
117.81504795342634 15.125291850645834
135.41247840816544 15.123124053384903
155.6383469443607 15.120130657317944
178.88524989963202 15.115754136382375
205.60442371630606 15.110060834270769
236.31450371359693 15.102309860480684
271.6115911127389 15.088791755433402
312.18082372211575 15.062337223213383
358.80967487638213 14.987892628876432
412.40323877002584 15.075879453106282
474.00179888293735 15.13043467406099
544.8010205117488 15.097504656074452
626.1751593561878 15.079839413941855
719.7037366531356 15.110125208240209
827.2021986388745 15.118603126817948
950.7571554582207 15.06758640522996
1092.766883529082 14.990796541769537
1255.987877537816 14.912433637565645
1443.5883556677768 15.28094872033087
1659.2097566298762 15.16139134464727
1907.0374221897207 15.341497785303595
2191.8818371818934 15.328728768175484
2519.2720039291985 15.676002800855436
2895.562763520794 15.84175117167386
3328.0581471201103 15.895572338919642
3825.153151626032 15.909649853872445
4396.496691638634 15.927023199050659
5053.178890725676 16.148780174623752
5807.946347426561 16.352555173294324
6675.44955443707 16.484977099299194
7672.527273530834 16.671054173920748
8818.533386106717 16.635413319031827
10135.712563728861 16.46170880747847
11649.632050651722 17.802784961192174
13389.677939489993 17.74368918978462
15389.625573044177 17.849033503397976
17688.29514412626 18.57280208930464
20330.305218974325 18.813804433331807
23366.938810601318 19.2744565189183
26857.13881308531 19.707528934639257
30868.65211878266 19.784638732772766
35479.34462647105 19.938517816789336
40778.71266552539 20.18930515560346
46869.62017378395 20.11652841313638
53870.29534877725 20.23808811547699
61916.625528527366 20.500174921125534
71164.79484694162 21.79254287284778
81794.31586228663 22.016506651895806
94011.51400448443 22.431407424619124
108053.53247645947 22.613105133254948
124192.93534709323 22.630193982670857
142742.99818460378 22.832662648081996
164063.7889247433 23.23718800712478
188569.1570071419 23.49229186284247
216734.7664431599 24.089894049875838
249107.32874195324 24.6415023193521
286315.2149114284 25.484419968157553
329080.65251944325 25.96568900574427
378233.74456758535 26.170201187412594
434728.58229234477 26.448308897004868
499661.76465289545 27.424279323876426
574293.6839799358 27.632084758969587
660072.9909529116 28.45157201496471
758664.7137856114 29.98957830989056
871982.577430537 30.972633522062306
1002226.1501373437 31.800972718645077
1151923.5384025057 32.92213565729916
1323980.4590450062 36.438171002745335