22.178246759088765 14.763134749565761
25.515218376249898 14.762877841447969
29.35427564944584 14.762535015133501
33.77096312472531 14.762076265235075
38.85219189161246 14.761460070338238
44.697949809950956 14.760628090314242
51.423269059993764 14.759496625818636
59.16048973297224 14.757942080957587
68.0618640048307 14.755774403396522
78.30255213777004 14.752683875630966
90.08406926458886 14.748120440012197
103.63825078126442 14.740966928954762
119.23181437833193 14.728364742789942
137.1716084822129 14.698083553473664
157.81065038474284 14.666455008828283
181.55507287854604 14.795768570068176
208.8721160933823 14.783724908826066
240.29932179594147 14.768754210407222
276.45511107750474 14.744865094811672
318.05095357604245 14.785992184801009
365.9053676973639 14.773258393141763
420.96002733012455 14.75464346555968
484.2982920008579 14.72416044527865
557.1665251033771 14.709527738821546
640.9986197003198 14.79007679663581
737.4442145128519 14.798107121226133
848.4011553296732 14.739555855925403
976.052840607349 14.717705358140087
1122.9111861445795 14.692167361483305
1291.8660542845328 15.078050641977946
1486.2421203076412 15.00865191708817
1709.864295025466 15.075438479856022
1967.132990954235 15.116257694367164
2263.1107131475137 15.12338613293582
2603.621678612884 15.17144363952654
2995.366424612526 15.06094701159185
3446.053661097224 15.399982156992444
3964.551961851459 15.424378163792802
4561.064279311232 15.456253064816536
5247.328717137986 15.811212622969549
6036.849511329178 17.0627105609717
6945.162765086401 17.40473778576174
7990.142166542473 17.53969607429382
9192.350705227256 17.6787342298517
10575.445308310065 17.97197348956042
12166.642359006077 18.090085836588695
13997.25325756665 18.529228906587896
16103.300563563671 18.52472623605703
18526.226843848002 18.91484860754643
21313.710174813943 19.03258708018329
24520.60234633358 19.074045982969864
28210.008229234478 19.093317411677262
32454.527545995155 19.66726636139846
37337.6834800853 19.984933426284023
42955.56623596775 20.266867556132098
49418.723891555084 20.84436225426323
56854.33775110696 21.244083882339904
65408.725004923006 21.35177067957466
75250.2179428929 21.64850232896443
86572.47637875043 21.91525780594735
99598.29846655158 22.216422567024935
114584.00489820287 22.52524526376055
131824.48275379624 22.924633813432205
151658.98825708154 23.444008166506663
174477.82262205932 23.75599170937355
200730.01235726854 24.11451168814511
230932.14515994862 24.39783190549475
265678.5352718305 24.538654322042895
305652.9183293068 24.459252039388222
351641.90583795134 25.834021370164002
404550.4640270613 26.13092560224052
465419.7216754116 26.488321025932912
535447.4573286553 26.551535863073585
616011.6690535787 26.951355970513255
708697.6905322358 28.943976669079888
815329.3870834771 29.939716445264978
938005.0454837501 30.435061869085413
1079138.6638231017 32.14439041035968
1241507.453893632 33.62797715837475
1428306.4908571502 35.94395600018779