22.16186105269946 15.613419965854362
25.46115645576365 15.613296110289468
29.251626771024785 15.613132372425554
33.60639451856627 15.612915798215084
38.60946816319422 15.612629140556429
44.35736273408197 15.612249370901417
50.960961710386414 15.611745621868867
58.54765609074525 15.611076300959933
67.26380191175922 15.610184957976802
77.27754362380988 15.608994201484045
88.78205779037049 15.607396387225105
101.99927968549058 15.605238522971405
117.18418467979413 15.602295414814431
134.62970700783782 15.598212482858049
154.6723908054936 15.59230604667761
177.69888243234882 15.583902574827377
204.1533893234693 15.57464371656939
234.54624926033148 15.555181692145524
269.4637753719891 15.50933862685098
309.5795667878383 15.510546258451047
355.66750313744853 15.566579789594542
408.61667357626277 15.468925450021388
469.4485283351993 15.52656016192488
539.3365836672181 15.469674212955532
619.6290603218738 15.574090673076103
711.8748922699958 15.66209597187272
817.8536074166252 15.581233740744224
939.6096567354373 15.653609487704465
1079.4918540730268 15.646327590933627
1240.1986874621189 15.904683942024356
1424.8303760509075 15.824151051738571
1636.9486768864042 16.096983446782744
1880.6455952932392 16.11003228364212
2160.6223243499408 16.107907183798577
2482.279936295727 16.300905946946997
2851.8235754090765 16.467602591682198
3276.3821623582157 16.5943320778653
3764.1459192577413 16.73410517283439
4324.524368447467 16.869087383306695
4968.327852971159 16.856502107665975
5707.976080493408 17.0933890924529
6557.737713705993 17.147400194774047
7534.005629197479 17.26354848390957
8655.613154845387 17.387960356643024
9944.197386312935 17.735610394295456
11424.616591442318 17.92288899404308
13125.429754754037 17.93943446932294
15079.447513015684 18.601113288378084
17324.36511005929 19.10891974428214
19903.489581271606 19.168644336911438
22866.575195980244 19.448120293772284
26270.7832743776 19.156696475281358
30181.78489495189 20.42153121344106
34675.027764916435 20.57456845268791
39837.191693021065 20.7142747531645
45767.86074248529 20.81960416497016
52581.44432180165 21.088133903369936
60409.38427345407 21.23746219727595
69402.69053782432 21.651482683793503
79734.85430815168 21.893382346017262
91605.1948746464 22.315939947892453
105242.7047222188 22.821658791765834
120910.46705816957 23.128526175648297
138910.73098901723 23.304546511298923
159590.7422524452 23.273761546506172
183349.4419858757 23.14316524349528
210645.16275859936 24.793415417314563
242004.47033274834 25.2187710103897
278032.3217208232 25.772590190053783
319423.73550035513 26.138927161681007
366977.19951945863 26.479807240217156
421610.074643294 27.029768962753927
484376.29169737716 27.6398838966732
556486.6830020722 28.35962227097531
639332.3407168847 28.678448956687074
734511.4526038151 30.065538421051222
843860.1329024214 30.90651854352807
969487.84307954 31.36143368065367
1113818.08576055 32.383519902167755
1279635.1568747978 32.33339430468263