22.17030820184103 14.602884469212107
25.48901992116767 14.602830933718346
29.30451532864717 14.602760075027176
33.69115883242549 14.602666245434493
38.7344465773194 14.602541923187996
44.53267277370159 14.602377064107582
51.19884546203391 14.60215820666837
58.86288905150176 14.601867216173126
67.67417656046031 14.601479479075563
77.80444091232575 14.600961206271535
89.45112202837589 14.600265128921071
102.84121495265185 14.599322540090501
118.23569400932165 14.598017059167633
135.93459921979917 14.596293913463617
156.28288411442492 14.593885505710325
179.677138913176 14.589978965634606
206.57332011090617 14.58198458056462
237.495637117548 14.582323253655469
273.0467691548331 14.578061227300012
313.9196115379252 14.558953883736875
360.9107802782348 14.573214829782557
414.9361382135495 14.559263808818418
477.0486452713943 14.538131404272015
548.4588807691405 14.505562104528108
630.5586377326533 14.53091741964395
724.9480490892457 14.484967804657451
833.4667744272941 14.496323004310964
958.2298551557591 14.471790084703315
1101.6689368844477 14.491382712213845
1266.5796624535649 14.35582924622678
1456.1761593076947 14.169310188620262
1674.1536831788878 14.435359838813438
1924.7606390108444 15.154308172513346
2212.881382819607 14.831518236235418
2544.131418307764 15.374295389999666
2924.966843624222 15.476196762954523
3362.8101813984563 15.919880637010426
3866.195044489864 16.00349340980058
4444.932457002949 15.9920594278547
5110.302072182503 15.641885863945792
5875.272014045694 16.781889350658677
6754.751627487705 16.993521007660426
7765.882062987138 17.14277754525222
8928.370359437786 17.52538631705326
10264.87353641637 17.982006157576844
11801.44018188511 18.067169733966544
13568.018141920062 18.263977541332775
15599.038207391573 18.391262281033637
17934.085173711854 18.41260134302963
20618.66935267502 19.108255615067392
23705.113573236722 19.405691731329938
27253.572958972152 19.63454468755723
31333.207357782805 19.932082504806004
36023.529274630615 20.34815871133091
41415.95357865072 20.56233562446726
47615.57918859792 20.628560462360454
54743.23746186467 21.003603692700537
62937.847210387954 21.520926034702004
72359.12224295424 21.80017362735503
83190.68420418761 21.973882638884017
95643.64137978133 21.97622217476207
109960.70321926437 22.470915190655788
126420.9107687863 22.846814926583733
145345.07521055438 22.947880961496956
167102.03050663034 23.164373153416967
192115.8220117742 23.26487797690794
220873.97116215914 24.459176459995284
253936.97731961095 24.96113549135864
291949.2419633203 25.16757891778293
335651.62814267655 25.4057878816618
385895.89997628424 26.26744264192914
443661.3236245241 26.76080714994024
510073.7532903606 26.919957473809994
586427.5742365703 27.559184482827373
674210.9304911124 27.565514316636666
775134.7289312794 27.323703013175283
891165.9850392893 27.333370793366548
1024566.1602416148 32.65496234793077
1177935.238030844 33.87020492662484
1354262.3979183265 35.630519229425964