2.217056009380884873e+01 1.645992476834164719e+01
2.548985101551066279e+01 1.645980127506345170e+01
2.930609339790061085e+01 1.645963745948961332e+01
3.369368890088302493e+01 1.645941988893320129e+01
3.873817831450760707e+01 1.645913043168313550e+01
4.453790926665968897e+01 1.645874440827696006e+01
5.120595361352693686e+01 1.645822780002572827e+01
5.887231189438642787e+01 1.645753275812910488e+01
6.768644782887753308e+01 1.645658958266867700e+01
7.782020226945103047e+01 1.645528958188217317e+01
8.947114341956302042e+01 1.645343446968909973e+01
1.028664186336415867e+02 1.645044136811878843e+01
1.182671828937187257e+02 1.644674840313221154e+01
1.359736903005385216e+02 1.644753484177236302e+01
1.563311478431158150e+02 1.644210449834344701e+01
1.797364455721426282e+02 1.643417366050097428e+01
2.066458943890521880e+02 1.642196870042152668e+01
2.375841223070775072e+02 1.640123094849122509e+01
2.731543026262746139e+02 1.635625737192161466e+01
3.140499134315412562e+02 1.625116271497604714e+01
3.610682576774159429e+02 1.650964771209607918e+01
4.151260074479335458e+02 1.648228074276020294e+01
4.772770754432356739e+02 1.645385036219411035e+01
5.487331621163694990e+02 1.648200932227118898e+01
6.308873790483188486e+02 1.648531305729121144e+01
7.253414091238205401e+02 1.651001461194861264e+01
8.339367330241595937e+02 1.648437843038692918e+01
9.587905308302763387e+02 1.652267570206846869e+01
1.102336958675701680e+03 1.652811163189508292e+01
1.267374605181096740e+03 1.648654247806604545e+01
1.457121052883506763e+03 1.649719722064454075e+01
1.675275608392794311e+03 1.656404132914143190e+01
1.926091424265643127e+03 1.643442476593590129e+01
2.214458418688936945e+03 1.663622785582356300e+01
2.545998609578970445e+03 1.675345110730612674e+01
2.927175721735052321e+03 1.694882449053715234e+01
3.365421203954258090e+03 1.711574088244404734e+01
3.869279112943557266e+03 1.738467008163584637e+01
4.448572688693612690e+03 1.759267179015529337e+01
5.114595868876363966e+03 1.771073916570044560e+01
5.880333476041090762e+03 1.782677196487637872e+01
6.760714370389946453e+03 1.799489118917905373e+01
7.772902503612656801e+03 1.807116837118072894e+01
8.936631548181072503e+03 1.818280185752782074e+01
1.027458962605367378e+04 1.833241608234712317e+01
1.181286163748090621e+04 1.879169953694349360e+01
1.358143781357668377e+04 1.872605449372748154e+01
1.561479840742346460e+04 1.954436952150225437e+01
1.795258592287907231e+04 1.960728521635807198e+01
2.064037798689303963e+04 1.992261655272377396e+01
2.373057593329134397e+04 2.000278888358299412e+01
2.728342642190510378e+04 2.077670307384279269e+01
3.136819601058313856e+04 2.120011259054594532e+01
3.606452157960507611e+04 2.151317640742866644e+01
4.146396293643983518e+04 2.172647184707365753e+01
4.767178787051262043e+04 2.194530986620343072e+01
5.480902445950052061e+04 2.221009289006420317e+01
6.301482063902763184e+04 2.234156283280410094e+01
7.244915703805268276e+04 2.274629236266330068e+01
8.329596596952893015e+04 2.301584743732812299e+01
9.576671738434092549e+04 2.356915077669835057e+01
1.101045417004615738e+05 2.371100972618267022e+01
1.265889698862221849e+05 2.404123641872109118e+01
1.455413832106044865e+05 2.418833855650003528e+01
1.673312789091704472e+05 2.430257830742183955e+01
1.923834739213779685e+05 2.523322492328826172e+01
2.211863871437196503e+05 2.574160151891673110e+01
2.543015616699235979e+05 2.610149573776502052e+01
2.923746126643047901e+05 2.637925846225666149e+01
3.361478143085751799e+05 2.643468421001425384e+01
3.864745712178847753e+05 2.681164709823157466e+01
4.443360564615689218e+05 2.789321674469027101e+01
5.108603405643204460e+05 2.880119818578726409e+01
5.873443844277935568e+05 2.959806566113986648e+01
6.752793249477738282e+05 3.012193647651489670e+01
7.763795462966243504e+05 3.050804691631948629e+01
8.926161036462507909e+05 3.107991376301555064e+01
1.026255150962211192e+06 3.190434290175830156e+01
1.179902122059250018e+06 3.349858166887869260e+01
1.356552526274416829e+06 3.600622223076135242e+01
