2.216611372426947213e+01 1.581066251648209509e+01
2.547518243719733277e+01 1.581060571561622297e+01
2.927824553647037575e+01 1.581053060742886096e+01
3.364904898353906049e+01 1.581043125588505127e+01
3.867234790712497983e+01 1.581029977308933177e+01
4.444555010696824837e+01 1.581012565676015846e+01
5.108060490806344234e+01 1.580989488608532412e+01
5.870617399253642077e+01 1.580958867489864872e+01
6.747012630419965262e+01 1.580918172694755697e+01
7.754240540498173573e+01 1.580863974600174160e+01
8.911832488471674196e+01 1.580791578629776595e+01
1.024223557262473889e+02 1.580694470301437882e+01
1.177124790673998831e+02 1.580563427370579532e+01
1.352851887651141283e+02 1.580384994557750744e+01
1.554812407674563133e+02 1.580138583887855219e+01
1.786922607807422878e+02 1.579790082170142895e+01
2.053683383623748000e+02 1.579274135840347171e+01
2.360267546979750932e+02 1.578420607936462439e+01
2.712620133048920934e+02 1.575722383267871862e+01
3.117573681694769903e+02 1.578204907516167488e+01
3.582980728625522033e+02 1.576628931017372182e+01
4.117866075493375320e+02 1.576871633871249578e+01
4.732601791638459190e+02 1.575296200965001070e+01
5.439108340971490634e+02 1.570337379193342286e+01
6.251085734086974526e+02 1.575581516252787750e+01
7.184279187924068992e+02 1.573295056397764924e+01
8.256784444435010073e+02 1.573478363726042772e+01
9.489398668756814459e+02 1.572345124077846812e+01
1.090602373122329709e+03 1.563513403231607590e+01
1.253412969333998717e+03 1.560989383740223602e+01
1.440528748527170364e+03 1.540997196131976210e+01
1.655578110409909186e+03 1.509207216713184252e+01
1.902731120410367339e+03 1.635292295762158687e+01
2.186780372254203030e+03 1.649889314400503082e+01
2.513233922113430708e+03 1.724930931607916662e+01
2.888422096431460886e+03 1.722583789918249764e+01
3.319620244556356283e+03 1.748606105321681525e+01
3.815189816503294423e+03 1.769693801926431220e+01
4.384740501513510935e+03 1.775948821841403813e+01
5.039316571471129464e+03 1.797410040977197099e+01
5.791611042600554356e+03 1.812204101079127128e+01
6.656211808296960953e+03 1.817676546193715126e+01
7.649884515901113446e+03 1.830156823345922135e+01
8.791897672738954498e+03 1.875780983769484322e+01
1.010439628562255166e+04 1.891778631187681015e+01
1.161283127913109456e+04 1.948831318019153258e+01
1.334645301960825236e+04 1.978952010427896013e+01
1.533887851489893728e+04 2.002742765009344339e+01
1.762874328850964230e+04 2.023651606153224591e+01
2.026045056881534038e+04 2.036965947386482867e+01
2.328503232099155866e+04 2.057422870965080719e+01
2.676113881811485771e+04 2.067386253281850017e+01
3.075617594040416952e+04 2.121538875884351327e+01
3.534761225620111509e+04 2.145395749846248279e+01
4.062448123055962787e+04 2.154643154106480196e+01
4.668910769107376109e+04 2.169627162854794378e+01
5.365909202918953815e+04 2.186685373995273096e+01
6.166959061304805800e+04 2.218922112337317643e+01
7.087593663180342992e+04 2.274270264083574133e+01
8.145665219273508410e+04 2.291811633592978481e+01
9.361691007933531364e+04 2.366447129404991045e+01
1.075925122980195738e+05 2.402283433711476590e+01
1.236544625622586173e+05 2.427472675607342367e+01
1.421142213800919417e+05 2.452027224101643554e+01
1.633297456474819046e+05 2.466334204621605863e+01
1.877124298624777584e+05 2.479992050369336809e+01
2.157350835586687608e+05 2.566551576658184075e+01
2.479410996499444300e+05 2.581001373639758256e+01
2.849549914717773790e+05 2.592549791947075022e+01
3.274945028449176461e+05 2.700720575971751458e+01
3.763845259901765967e+05 2.735555748035505985e+01
4.325730971793880453e+05 2.761519741163856168e+01
4.971497802974297665e+05 2.857945768657517149e+01
5.713667947946516797e+05 2.951369729050868784e+01
6.566632977260944899e+05 3.009531698117388743e+01
7.546932907353935298e+05 3.089141619503195457e+01
8.673576931333089015e+05 3.116806480576337179e+01
9.968412030064091086e+05 3.422752320493992784e+01
1.145654661137063522e+06 3.546808309801442505e+01
1.316683739222042728e+06 3.826001611579969364e+01
