22.1683147999449 15.197548305172617
25.482443309230767 15.19726277226848
29.292028864989497 15.196883783865182
33.67114152340987 15.196380004142856
38.70492469862934 15.195709006161024
44.49125061248765 15.194812878428316
51.14262323143811 15.193611704268882
58.788365689561104 15.191993550323154
67.57713472790866 15.18979841563463
77.67981103861186 15.18679102894782
89.29282171092704 15.182611300863947
102.64195937778739 15.176674982001
117.98677231881136 15.167945944428272
135.62561087686746 15.154296652539763
155.90142830605038 15.129918821542852
179.20844883738786 15.026984915152816
205.99983260997675 15.10043869571793
236.79648649737723 15.168092616730554
272.1971921388198 15.188238753449692
312.89024809529093 15.23588688970808
359.66685248980764 15.14196723870764
413.436486331553 15.202957637179644
475.24459662299387 15.268990887798502
546.2929230639485 15.352954119996244
627.9628635662298 15.299879082333064
721.8423328763106 15.256919561422098
829.7566365202096 15.393388911797825
953.8039603550196 15.381108332481467
1096.396165753068 15.363408835210251
1260.305683602525 15.332718341850189
1448.7194188880112 15.437270592379164
1665.3007139219822 15.410114114415656
1914.260574982629 15.742652063861417
2200.43954722312 15.8279024233588
2529.4018297521625 15.862909736293304
2907.5434607724114 15.86539935939981
3342.2166762284396 15.827715787412512
3841.8728598787557 16.00403231873351
4416.226864180764 16.488947356076977
5076.445896891901 16.58757763771585
5835.366645923243 16.783631106490038
6707.744864020278 17.011523775920704
7710.542265964458 17.033914480322547
8863.256316459172 17.044773975020764
10188.299320790666 17.953713963652785
11711.434188951873 18.004004478053865
13462.275345823533 18.04401862409039
15474.864526646648 18.393902695651022
17788.33265302059 18.84321538650933
20447.660658331253 19.004965028506707
23504.554055394845 19.530204258170677
27018.44825060126 19.940614886147795
31057.664150954894 20.186248556362735
35700.73653256691 20.485158444416793
41037.9409981665 20.765694950479418
47173.049212380116 21.050413740158156
54225.346541949024 21.257183592373515
62331.95133001464 21.491614213040087
71650.48089829442 21.696274788104645
82362.11611242758 21.918635661906116
94675.12409506355 22.05918941917214
108828.90757906603 22.56780110202956
125098.65963270955 22.804736621823682
143800.71425903786 22.97043039718927
165298.69690148634 23.13614666295536
190010.59444050817 23.721081184162763
218416.88214367657 24.356113546801225
251069.8655821601 24.460297554054623
288604.41914914915 25.86982626650565
331750.32997005025 26.184368003960902
381346.4872080136 26.424202427250403
438357.192648521 26.995240013507285
503890.9096909455 27.44133343903484
579221.8152851269 27.89011670219039
665814.5738488731 28.518669203621297
765352.8148475104 29.90881839106445
879771.8677271921 30.729136118583817
1011296.3906697122 30.905713039018167
1162483.6247875139 34.04237941062134
1336273.114753429 37.210348696852385