1.072588552327457395e-03 5.169390727609320280e+00 1.642996778977812085e+02
1.228303852840365203e-03 5.169418103795827335e+00 1.434685162645392609e+02
1.406625449832207180e-03 5.169454017584598660e+00 1.252778177553024364e+02
1.610835259972765452e-03 5.169501136456440271e+00 1.093927916650439016e+02
1.844691659091659804e-03 5.169562964667763438e+00 9.552108182775702971e+01
2.112498653139658657e-03 5.169644108526146198e+00 8.340738588152002819e+01
2.419185091189883247e-03 5.169750627184793501e+00 7.282875643199355409e+01
2.770395378353168389e-03 5.169890498459074557e+00 6.359049763669426625e+01
3.172593358131839750e-03 5.170074239374579328e+00 5.552258164580115363e+01
3.633181276112835804e-03 5.170315736931200057e+00 4.847651889988932794e+01
4.160636014465348732e-03 5.170633367073562248e+00 4.232262460338299803e+01
4.764665104568393400e-03 5.171051513900247976e+00 3.694763094449795915e+01
5.456385389099944333e-03 5.171602653186297083e+00 3.225260092210310603e+01
6.248527621770859006e-03 5.172330246819289989e+00 2.815110507661069761e+01
7.155670770255815119e-03 5.173292829418429051e+00 2.456762706388378703e+01
8.194510334545365704e-03 5.174569896377451350e+00 2.143616788455740263e+01
9.384165618979447426e-03 5.176270603735761533e+00 1.869902162812038426e+01
1.074653161314508693e-02 5.178547028296279997e+00 1.630569760669142454e+01
1.230668195782400921e-02 5.181615165088987673e+00 1.421196419423133328e+01
1.409333041236978529e-02 5.185789777189357963e+00 1.237898719185964325e+01
1.613935931658269651e-02 5.191545714522688648e+00 1.077252653422235085e+01
1.848242477314950699e-02 5.199634094696064857e+00 9.362129373113019071e+00
2.116564968871763319e-02 5.211324902657437086e+00 8.120181441165632563e+00
2.423841742866587878e-02 5.228986817493527894e+00 7.020420109304118306e+00
2.775728069237683865e-02 5.257789637031508256e+00 6.034389991924228980e+00
3.178700233638989681e-02 5.312977687486077016e+00 5.116651967736701501e+00
3.640174730124601243e-02 5.526713762516264339e+00 3.943586980058548352e+00
4.168644757882078444e-02 4.996196074102534190e+00 4.154757406635584793e+00
4.773836534166291112e-02 5.097337200569972637e+00 3.387955951261381937e+00
5.466888300292409297e-02 4.724991716424641552e+00 3.368204510294371623e+00
6.260555315200692916e-02 4.736110284522029090e+00 2.838418482131758402e+00
7.169444609393471612e-02 4.857112015821680728e+00 2.308316612330234996e+00
8.210283819769009783e-02 4.187623170494546798e+00 1.577929133751965862e+00
9.402229053118174584e-02 4.900592883732092453e+00 2.063770818179523125e+00
1.076721744435219785e-01 5.441378677781407269e+00 2.438485381848794820e+00
1.233037089811315212e-01 5.134466497820383779e+00 2.125705861115173345e+00
1.412045844442245124e-01 4.858876975564754730e+00 1.645349914877997977e+00
1.617042571778374849e-01 4.744195468791092551e+00 1.530519048388758074e+00
1.851800130452898041e-01 4.861377199029792706e+00 1.782227232341382361e+00
2.120639111791644549e-01 4.350825255278214065e+00 1.392690773123450798e+00
2.428507358059526222e-01 3.851802562170275834e+00 1.081299796299544314e+00
2.781071024935767300e-01 4.110788817445830468e+00 1.064499663512414651e+00
3.184818864175620323e-01 4.275528883616606102e+00 1.001966578100092153e+00
3.647181645726992327e-01 3.904768198741070062e+00 1.017547039339876003e+00
4.176668917204187093e-01 3.303999543429554375e+00 8.135103399751548725e-01
4.783025617706073152e-01 3.458336724634302861e+00 7.760117949719780306e-01
5.477411428374929780e-01 3.555673202655134535e+00 7.984716971317914469e-01
6.272606160550148191e-01 3.793325587393401310e+00 9.086264826485787038e-01
7.183244961579402510e-01 3.857157938678597908e+00 8.868996028339451998e-01
8.226087667128512138e-01 3.968225108464016770e+00 8.373612277317293850e-01
9.420327257279736966e-01 3.984847013352507794e+00 8.329674676404229539e-01
1.078794309339339286e+00 3.688765363790679430e+00 8.432526727423210744e-01
1.235410543687423868e+00 3.588938951201506189e+00 7.847043556701077671e-01
1.414763869480118785e+00 3.322039994786103012e+00 6.508091023718874935e-01
1.620155191821627483e+00 3.220118191673720265e+00 6.786719955605997612e-01
1.855364631661920782e+00 3.127515389694437431e+00 6.867818840837689454e-01
2.124721096965731526e+00 2.916579022040132863e+00 5.897669258731451647e-01
2.433181954022432869e+00 2.873163331007646537e+00 5.306882716547054457e-01
2.786424265205999617e+00 2.973019999574396000e+00 5.536098758762134642e-01
3.190949272368805545e+00 2.654539747121983151e+00 5.384779375172388249e-01
3.654202048832018601e+00 2.598218846591674236e+00 4.923210478045671468e-01
4.184708522105511364e+00 2.339393953481252453e+00 4.686643776481910217e-01
4.792232389169541307e+00 2.165274788434143893e+00 4.536073246129991299e-01
5.487954812262684001e+00 2.101129591563939414e+00 4.554239618934012301e-01
6.284680202383988501e+00 2.006005171779593699e+00 4.276781001007238237e-01
7.197071877848165933e+00 2.056430532455421289e+00 4.020891970683249106e-01
8.241921935067479055e+00 1.942692022375409167e+00 4.018344596360613474e-01
9.438460298392415737e+00 1.886795402986577885e+00 4.215447176887958669e-01
1.080870863691339068e+01 1.646238260550933585e+00 4.414462149915625577e-01
1.237788566187905204e+01 1.489116542606541360e+00 3.990974496195315857e-01
1.417487126402025410e+01 1.427054040098374221e+00 4.162850836480013750e-01
1.623273803298688733e+01 1.183648152318610203e+00 3.467936344971533913e-01
1.858935994123764601e+01 1.039609250227456316e+00 3.206703739649133800e-01
2.128810939489459031e+01 6.855410884818253781e-01 2.913834495735038166e-01
2.437865548042250907e+01 5.461327553364826448e-01 2.882958394962620852e-01
2.791787809844992552e+01 7.075058984345879987e-01 4.108603126157363006e-01
3.197091480889174875e+01 6.343892748588108033e-01 3.582799980036334153e-01
3.661235965401564130e+01 5.954239143169486326e-01 3.291777187426284668e-01
4.192763602317005933e+01 5.935075606509607749e-01 3.255831561092804027e-01
4.801456882603902443e+01 5.153401857260848651e-01 2.792096668788376368e-01
