1.073010478135739661e-03 4.652579916664987714e+00 1.352647955809889311e+02
1.229692494242437019e-03 4.652578305896909683e+00 1.180276986834339965e+02
1.409253368171577711e-03 4.652576192074254990e+00 1.029865478977910271e+02
1.615033892620793780e-03 4.652573418775469705e+00 8.986149716494966810e+01
1.850862686032131053e-03 4.652569781513165914e+00 7.840835003792165026e+01
2.121127425373741868e-03 4.652565013212942802e+00 6.841401626342934605e+01
2.430856480400474945e-03 4.652558765841493305e+00 5.969254709086514765e+01
2.785812468227273717e-03 4.652550586968715152e+00 5.208167551122397754e+01
3.192599468830829151e-03 4.652539890498911923e+00 4.543979704531013653e+01
3.658785896261322439e-03 4.652525920787907943e+00 3.964333487373684761e+01
4.193045311626000457e-03 4.652507710050748813e+00 3.458444023747948393e+01
4.805317797719269035e-03 4.652484030386257352e+00 3.016898524977024465e+01
5.506994897730593287e-03 4.652453345074668789e+00 2.631481065862335456e+01
6.311131558879369205e-03 4.652413770356840672e+00 2.295019577566592872e+01
7.232689024262047711e-03 4.652363072308047798e+00 2.001252181154378817e+01
8.288813191999019891e-03 4.652298750191387278e+00 1.744710327412414941e+01
9.499153620650365934e-03 4.652218311897149405e+00 1.520616490008098864e+01
1.088622911610741609e-02 4.652119959030195595e+00 1.324794374281632869e+01
1.247584670183183447e-02 4.652004137719508492e+00 1.153589734098888187e+01
1.429758176752969449e-02 4.651876941021924061e+00 1.003799886595929358e+01
1.638532832959404065e-02 4.651757592280550746e+00 8.726097625019608728e+00
1.877792964110351626e-02 4.651695370996261403e+00 7.575315260745990820e+00
2.151990088409600627e-02 4.651809991213904816e+00 6.563425869930516576e+00
2.466225739005915157e-02 4.652396434823258708e+00 5.670104295396453331e+00
2.826346379796893307e-02 4.654235336080969176e+00 4.875712394006624706e+00
3.239052180929267999e-02 4.659734669327839640e+00 4.158364842480962054e+00
3.712021677801778663e-02 4.679436888017426632e+00 3.481488916107959852e+00
4.254054632894853361e-02 4.745250397195984959e+00 2.728198436545292260e+00
4.875235758421275767e-02 4.374122592220553329e+00 2.695731522723700646e+00
5.587122345914859872e-02 4.260466170610451186e+00 2.352920101814930387e+00
6.402959293671095509e-02 4.218542969730217251e+00 1.942701310697324102e+00
7.337925532700301234e-02 4.824799122389329398e+00 2.175229235795446581e+00
8.409416436034100606e-02 4.955807692547769427e+00 2.046446153148661296e+00
9.637367465708893133e-02 5.242939476688407652e+00 2.419586665333918418e+00
1.104462507899134360e-01 5.449686941920822925e+00 2.009539855128486430e+00
1.265737179468561791e-01 5.153452879024921884e+00 1.519164676748674836e+00
1.450561332802925429e-01 5.154881748752637272e+00 1.619257357587374324e+00
1.662373685749239383e-01 4.472576937871970415e+00 1.267785876445677307e+00
1.905115081022887291e-01 4.464598910838998513e+00 1.300206738125574413e+00
2.183301806961064906e-01 4.701138263766936554e+00 1.296912381879219200e+00
2.502109624642767649e-01 4.768441340959472363e+00 1.212462458827635148e+00
2.867470064729175094e-01 4.937775380805428327e+00 1.200413809460381565e+00
3.286180785660768322e-01 4.816578419655966670e+00 1.032865421402869188e+00
3.766032046463912986e-01 4.570163193810413915e+00 1.049284478189975056e+00
4.315951647237608046e-01 4.111745274986247978e+00 9.265496984953420778e-01
4.946171033988711052e-01 4.191413356358920872e+00 8.818172638371873928e-01
5.668415658254031264e-01 4.322149859171128483e+00 8.106811432025087250e-01
6.496123133216509249e-01 4.072816428415704237e+00 8.214726758651640370e-01
7.444693245186058128e-01 4.064070764209287034e+00 8.565603465931365124e-01
8.531774471995945408e-01 3.771830044185604969e+00 7.756027096455725411e-01
9.777592339089384854e-01 3.638388373673032472e+00 7.749345690715303547e-01
1.120532572247590064e+00 3.626221488639436163e+00 7.649828785027299460e-01
1.284153809980523864e+00 3.650370634421453708e+00 7.326237996654794138e-01
1.471667177313542796e+00 3.548394200789919850e+00 7.242408827427158080e-01
1.686561425858214225e+00 3.460009903907766748e+00 7.006408361591524026e-01
1.932834738072619629e+00 3.502941250675224882e+00 6.406153440312314373e-01
2.215069114840717113e+00 3.410925051935281616e+00 6.639797043086934636e-01
2.538515625197177883e+00 3.286988210915212871e+00 6.698040294095614078e-01
2.909192104298560011e+00 3.042275113335502823e+00 5.570835969589035264e-01
3.333995117345671666e+00 2.664666116423413555e+00 5.073201721391709107e-01
3.820828272584927632e+00 2.761494523351739616e+00 5.051267437943799399e-01
4.378749270696881801e+00 2.778377589823264326e+00 4.956033168044607917e-01
5.018138426477080749e+00 2.631448778355730767e+00 4.522527077583387012e-01
5.750891798213917383e+00 2.494279071125939939e+00 4.132627948456085165e-01
6.590642518002922223e+00 2.318986054987253187e+00 3.967900545202578400e-01
7.553014440925176487e+00 2.121352118013912769e+00 4.366773083180682802e-01
8.655912832321359218e+00 1.945973052038057816e+00 4.050670851752838364e-01
9.919857501499492969e+00 1.829620282656473140e+00 3.498905213361458988e-01
1.136836457994524352e+01 1.714601381936146529e+00 3.709813782939566651e-01
1.302838404715165233e+01 1.715209447335476201e+00 3.744317666841247005e-01
1.493080114438882333e+01 1.376320487533095882e+00 3.133365000238466092e-01
1.711101100539177722e+01 1.209139026719753485e+00 2.735734834091821943e-01
1.960957719517089259e+01 1.307378265490296121e+00 3.174403204315647264e-01
2.247298640928912050e+01 9.915647360550141620e-01 2.629890657129543285e-01
2.575451337504944860e+01 1.050130401614808084e+00 2.914645544028067192e-01
2.951521204638077478e+01 9.736176694395457520e-01 3.897252395964134752e-01
3.382505153394878761e+01 8.313022128110948428e-01 3.723194478379615036e-01
3.876421790486806174e+01 9.134888748490106458e-01 3.754658642174875105e-01
4.442460607245284621e+01 6.542009158960483406e-01 2.940266584871774058e-01
5.091152953313614660e+01 4.420913918845045809e-01 2.788147591282315041e-01