1.072240354605966031e-03 6.334067978454087644e+00 1.670063768762420295e+02
1.227158401485088993e-03 6.334094725565239337e+00 1.459179271613625417e+02
1.404459117647036039e-03 6.334129766376187298e+00 1.274909344079699167e+02
1.607376367023844463e-03 6.334175675250472537e+00 1.113892993789459354e+02
1.839611244501947879e-03 6.334235827466697444e+00 9.731933533020728078e+01
2.105399581781834933e-03 6.334314649817949672e+00 8.502441097914501711e+01
2.409589206532180422e-03 6.334417950450582424e+00 7.428026915824649734e+01
2.757728364001365597e-03 6.334553353891390515e+00 6.489093568036678050e+01
3.156166913846143035e-03 6.334730875824780227e+00 5.668514364600423505e+01
3.612172147949867934e-03 6.334963684558874597e+00 4.951320775001315866e+01
4.134061341681254109e-03 6.335269113117016460e+00 4.324429122020706728e+01
4.731353456252994361e-03 6.335670010056811741e+00 3.776401497328986778e+01
5.414942759144751247e-03 6.336196551743178418e+00 3.297236446526237330e+01
6.197297529328003353e-03 6.336888689058062241e+00 2.878185454642135355e+01
7.092687471562669418e-03 6.337799475225948775e+00 2.511591628466337767e+01
8.117443987672626204e-03 6.338999629138633907e+00 2.190747184027205918e+01
9.290258051999698841e-03 6.340583841836338053e+00 1.909766320602981438e+01
1.063252112411447806e-02 6.342679530244788921e+00 1.663469593585440265e+01
1.216871531683739148e-02 6.345458899545526776e+00 1.447274485061674909e+01
1.392685993601215817e-02 6.349154839411663254e+00 1.257083170316230891e+01
1.593902253666243385e-02 6.354078171919138818e+00 1.089148490405078284e+01
1.824190381690439164e-02 6.360617071484400142e+00 9.398690545997496315e+00
2.087750701774659240e-02 6.369103033478018538e+00 8.053554994600675698e+00
2.389390403824771109e-02 6.378703409764646004e+00 6.800762923879060118e+00
2.734611223953557768e-02 6.373624943777246088e+00 5.489170914828067183e+00
3.129709793009277652e-02 6.743621941412285103e+00 4.386906873386805295e+00
3.581892483530788041e-02 6.087320746087353740e+00 6.144672206966977690e+00
4.099406849872205133e-02 6.105774090093122553e+00 5.334039090492900925e+00
4.691692058889992967e-02 6.133144040821005838e+00 4.618160280542801921e+00
5.369551054962408421e-02 6.176498120947545800e+00 3.981694422611008033e+00
6.145347599533056843e-02 6.255040242724729360e+00 3.407023848045818593e+00
7.033231779067436462e-02 6.485858657192730803e+00 2.850180490263601651e+00
8.049398094558997407e-02 6.168554713462757633e+00 2.335003365114304064e+00
9.212380839990055859e-02 6.422811744802496392e+00 2.128372462583918878e+00
1.054339215728223589e-01 5.031848240045324161e+00 1.613705892945443754e+00
1.206670893366589697e-01 4.922921084319749951e+00 1.602248429874853830e+00
1.381011559825589818e-01 4.784658496080582246e+00 1.440419795565240468e+00
1.580541089419068013e-01 4.345539036655402754e+00 1.330803469862447574e+00
1.808898786956935067e-01 4.607015619340645074e+00 1.438662807797469245e+00
2.070249766589076224e-01 4.611699159847963969e+00 1.453039573014117680e+00
2.369360921111702267e-01 5.101709323548825559e+00 1.755154832819891375e+00
2.711687867372957195e-01 4.380012538345122941e+00 1.432308401800820752e+00
3.103474453612394268e-01 4.181049590598868271e+00 1.441734740138882254e+00
3.551866643691427017e-01 4.287949600888152801e+00 1.278678187384294951e+00
4.065042855398168786e-01 3.877231742730717912e+00 1.052443751159993335e+00
4.652363130122994517e-01 4.117386634351502650e+00 1.034170794301102925e+00
5.324539854674610329e-01 4.182417191983627269e+00 9.353366117779400302e-01
6.093833149105194469e-01 4.135862209020907621e+00 9.249160625623370491e-01
6.974274484307092514e-01 3.856013172840649705e+00 8.463493030047762877e-01
7.981922608038460876e-01 3.785364337258039669e+00 8.065566110369813968e-01
9.135156447322614337e-01 3.832664478920807305e+00 8.935461216214460878e-01
1.045501032959374133e+00 3.692106753286090282e+00 7.546426968348310949e-01
1.196555763683151863e+00 3.386200554232204674e+00 6.927849732463046140e-01
1.369434989031719008e+00 3.449535886861425205e+00 7.160488599615015826e-01
1.567291927466656576e+00 3.393174716831652837e+00 7.047644591029750272e-01
1.793735376689174821e+00 3.312186372752279784e+00 6.239863274120632797e-01
2.052895536051758452e+00 3.186591511157587764e+00 6.026277200648499921e-01
2.349499339038525036e+00 3.161090304101455750e+00 6.374465007034973985e-01
2.688956669835778079e+00 3.338123882414777199e+00 7.184682944554748874e-01
3.077459036533806813e+00 2.889051163072726691e+00 6.366339414749107029e-01
3.522092500702879381e+00 2.708746344102578085e+00 5.689508689532762897e-01
4.030966923114459810e+00 2.488663358076916410e+00 5.226762366584648545e-01
4.613363882975877850e+00 2.411384956014383185e+00 5.104850435854267898e-01
5.279905968640944636e+00 2.310798889585577331e+00 5.050099729017113459e-01
6.042750527562499308e+00 2.346024292524244714e+00 4.986553231770922134e-01
6.915811409375503871e+00 2.213126974120640078e+00 4.197361953133127987e-01
7.915012746578050873e+00 2.067300310756085668e+00 4.385369554642850054e-01
9.058579401625131311e+00 1.720567755665316945e+00 3.940785061509163856e-01
1.036736937802453440e+01 1.669421018094864095e+00 4.726374510816189201e-01
1.186525425842358672e+01 1.459293498712020964e+00 4.319420791326592513e-01
1.357955460866052277e+01 1.229681425990114318e+00 3.888457880653304888e-01
1.554153828930195047e+01 1.212777068280798121e+00 3.856838384399608466e-01
1.778699076358469000e+01 1.129407738782994164e+00 3.743101612901244546e-01
2.035686780385348627e+01 1.146564796653247287e+00 3.749963043154175280e-01
2.329804250148777811e+01 9.644142551419226939e-01 3.662848203737119612e-01
2.666416020535249132e+01 8.178404797425050665e-01 3.590550422590914614e-01
3.051661698236241449e+01 7.658256423635469989e-01 3.410276102564839262e-01
3.492567944672301650e+01 5.976802201628105271e-01 3.415903648823629402e-01
3.997176638289414541e+01 2.999461670600331864e-01 2.476603322333535140e-01
4.574691553834836100e+01 3.796330083529036448e-01 2.878578554554480640e-01