1.073600357968676044e-03 5.527518151434585469e+00 2.037511066136613351e+02
1.231635099292262368e-03 5.527542091773053556e+00 1.776062442276583511e+02
1.412932667681654313e-03 5.527573603289833493e+00 1.548159657188734002e+02
1.620917367935665373e-03 5.527615082160333593e+00 1.349498137514765972e+02
1.859517564971083572e-03 5.527669684336040667e+00 1.176325611725762315e+02
2.133239881832908226e-03 5.527741567236789777e+00 1.025371237898341974e+02
2.447254319704824516e-03 5.527836209402949841e+00 8.937838247512659962e+01
2.807491907646150579e-03 5.527960833152570252e+00 7.790779787454886218e+01
3.220756726439984088e-03 5.528124964703520661e+00 6.790871601984153472e+01
3.694854422431992184e-03 5.528341177990776956e+00 5.919227616384004165e+01
4.238739638698269668e-03 5.528626085037223525e+00 5.159384353629938857e+01
4.862685148186688018e-03 5.529001659544385383e+00 4.496989962999689538e+01
5.578475883377696787e-03 5.529497014035559488e+00 3.919533125574543675e+01
6.399631527250142227e-03 5.530150800568556235e+00 3.416106712560802805e+01
7.341661869796612533e-03 5.531014479373368431e+00 2.977201726661406056e+01
8.422359753200627658e-03 5.532156814086115482e+00 2.594527625174611529e+01
9.662137138753695495e-03 5.533670133529835056e+00 2.260855616314740857e+01
1.108441064306311605e-02 5.535679196471533281e+00 1.969881944747341151e+01
1.271604382546560885e-02 5.538353998305497683e+00 1.716108543641303896e+01
1.458785458046488528e-02 5.541928744439520216e+00 1.494738729597886007e+01
1.673519721869929158e-02 5.546730846812436333e+00 1.301585846838427862e+01
1.919863023064460189e-02 5.553226961575504106e+00 1.132992905439335019e+01
2.202468234561197336e-02 5.562099588861802779e+00 9.857612441632321421e+00
2.526673135517881058e-02 5.574382135174439590e+00 8.570859183187913288e+00
2.898601230005785900e-02 5.591715149172128640e+00 7.444943967811040508e+00
3.325277406279526088e-02 5.616881218872429749e+00 6.457817163446486930e+00
3.814760621174172195e-02 5.655079000949656098e+00 5.589235061301730312e+00
4.376296115740625770e-02 5.717625554783769992e+00 4.818978367502467108e+00
5.020490037131497552e-02 5.837319429841755891e+00 4.120133683067523478e+00
5.759509764953595068e-02 6.351951989694025080e+00 3.337168757391372864e+00
6.607313725802932414e-02 5.144719770764837996e+00 2.957416031608513851e+00
7.579915036663814609e-02 4.965040726313478814e+00 2.437379589285023407e+00
8.695683956805026760e-02 4.437887345809797601e+00 2.318271543694086834e+00
9.975694860811672171e-02 4.408623712016507490e+00 1.882449280519747692e+00
1.144412428629570655e-01 4.365446513212424051e+00 1.554253254055693478e+00
1.312870757451446435e-01 4.557856040319415492e+00 1.534767573994700207e+00
1.506126272881513073e-01 4.823850344607000906e+00 1.503049277052868504e+00
1.727829138541727150e-01 4.482168147433224448e+00 1.213977654302432097e+00
1.982166824752486511e-01 4.445599256402920751e+00 1.245073649553549044e+00
2.273943200463318937e-01 4.796422965223780643e+00 1.327296383079877407e+00
2.608669267572392703e-01 4.591527156267129151e+00 1.232418543410335188e+00
2.992667251402816309e-01 4.848527957708551384e+00 1.169368990393043317e+00
3.433190013371578697e-01 4.294200030794065093e+00 1.138185473163946693e+00
3.938558041288839906e-01 4.602791604610922960e+00 1.195049996833654538e+00
4.518316604727369290e-01 4.145044866667337402e+00 1.129710648362997949e+00
5.183416043774863313e-01 4.020040544701703134e+00 9.940565852133828040e-01
5.946418596419680291e-01 3.974172749082289791e+00 1.010815828239759684e+00
6.821735671075839225e-01 4.066843314106121987e+00 1.013754514425081465e+00
7.825900045793570126e-01 4.125628640807275538e+00 8.590074303864894123e-01
8.977878135388535075e-01 3.427372089370027464e+00 7.397366538505392164e-01
1.029942822451602513e+00 3.407757695510278406e+00 7.991619548935557926e-01
1.181551143291015515e+00 3.548437244407183222e+00 8.964273429563071049e-01
1.355476317500049044e+00 3.604402452413439484e+00 7.618359173370214954e-01
1.555003401872181001e+00 3.187375787770820867e+00 7.017397365382057606e-01
1.783901015912783716e+00 3.341111173520567412e+00 7.096024624738264119e-01
2.046492522616515153e+00 3.292480067155405976e+00 6.842612223930975013e-01
2.347737687106103088e+00 3.239161744013752120e+00 6.923461816947060754e-01
2.693326355481223011e+00 3.035684688319292057e+00 5.948948384937394751e-01
3.089785923260996547e+00 2.855242438332418864e+00 5.206433080457011364e-01
3.544604623258166942e+00 2.813458434024392218e+00 5.337894184279071697e-01
4.066372961516616868e+00 2.564150542558491619e+00 5.041141554275064829e-01
4.664945972720150991e+00 2.602647446886535931e+00 5.156375168309420554e-01
5.351629359713620637e+00 2.594346728357256104e+00 4.998782850436195302e-01
6.139393032894817637e+00 2.359057495013357819e+00 4.553726713916168567e-01
7.043116082757725493e+00 2.188541152400444112e+00 4.130823540249006776e-01
8.079867812569540675e+00 1.980023269097395122e+00 3.702706409423285883e-01
9.269230139258937129e+00 1.889154637468478448e+00 3.868275094904945477e-01
1.063366745194593399e+01 1.703411357086662248e+00 3.775901977818367783e-01
1.219895091391209263e+01 1.469673446689762297e+00 3.618275532882712087e-01
1.399464522212455009e+01 1.468794593390079672e+00 3.160775469247000813e-01
1.605466701811052843e+01 1.362337302320684840e+00 3.340336504088506908e-01
1.841792549731218998e+01 1.310476130046096310e+00 3.245439776360428685e-01
2.112905731659735409e+01 1.053236363887322558e+00 3.056238105483747858e-01
2.423926968068182575e+01 9.936962172576694341e-01 4.028162171590936036e-01
2.780730753147670953e+01 7.376974488222574067e-01 3.742901639818870252e-01
3.190056310840019904e+01 7.245382439303694744e-01 3.681759698408106907e-01
3.659634883676138628e+01 8.842624595125273546e-01 6.621505570436624355e-01
4.198335758622569358e+01 6.835021095314752770e-01 5.434539018882446060e-01
4.816333788037197650e+01 4.299769211399178670e-01 2.793352172069439865e-01
5.525301569829530024e+01 4.963952449989329496e-01 3.896207840580865334e-01
