1.073852328051331032e-03 6.775757616387315885e+00 7.700960650856396228e+01
1.232465316871195161e-03 6.776694918727250716e+00 6.704166181160300653e+01
1.414506182658112647e-03 6.777939469319213650e+00 5.834782512765246310e+01
1.623435331922717505e-03 6.779596303517173794e+00 5.076268523297153479e+01
1.863224289329272476e-03 6.781809720400253205e+00 4.414182365986696510e+01
2.138431192226778431e-03 6.784780634093475982e+00 3.835902149772752523e+01
2.454287436073838806e-03 6.788793787741727037e+00 3.330378111207798497e+01
2.816797117796207475e-03 6.794262328630475523e+00 2.887909191419733190e+01
3.232851167391264172e-03 6.801804797172756878e+00 2.499935107906162202e+01
3.710358337301880409e-03 6.812387108619765819e+00 2.158830128799966275e+01
4.258395539530696050e-03 6.827607005935901086e+00 1.857671808525672574e+01
4.887380388246182795e-03 6.850329382500555120e+00 1.589920155211495079e+01
5.609269227734976770e-03 6.886337478905125487e+00 1.348810948399072451e+01
6.437784410004816771e-03 6.949759759009137561e+00 1.125648944197632240e+01
7.388675142347651825e-03 7.091407007999396050e+00 9.009376692378914697e+00
8.480016863302394792e-03 7.237495725249227796e+00 6.895770805205513554e+00
9.732554837841246934e-03 4.543732292976029541e+00 5.899525422690967247e+00
1.117009850316488112e-02 4.564222706682656394e+00 5.730037572313544381e+00
1.281997406120770344e-02 5.309983972747328806e+00 1.688028426053092446e+01
1.471354392116342585e-02 5.309592378987400885e+00 1.468546799112198542e+01
1.688680286609027525e-02 5.309023001407297215e+00 1.276925263435456337e+01
1.938106227609957127e-02 5.308172593338238876e+00 1.109487929984059384e+01
2.224373541449512631e-02 5.306859015423488479e+00 9.629955160718795426e+00
2.552923870433171719e-02 5.304741842067669744e+00 8.345636634077308713e+00
2.930002612771778758e-02 5.301135631015369221e+00 7.215639469465915390e+00
3.362777641071133805e-02 5.294510410433393766e+00 6.214630863101132441e+00
3.859475556095265381e-02 5.280865829990688098e+00 5.314336240188066718e+00
4.429538065844945693e-02 5.246212701500370557e+00 4.467863983739137623e+00
5.083801462554220912e-02 5.042718938984140920e+00 3.358674941611756726e+00
5.834702609274999147e-02 5.553184667757747661e+00 3.759672287526025336e+00
6.696515351639263647e-02 5.800419154166838176e+00 3.401884161715549304e+00
7.685621848739333795e-02 5.875498904099894837e+00 2.795578073476598924e+00
8.820823980842476542e-02 5.381011982499732227e+00 2.601895087937659667e+00
1.012370075347492626e-01 5.484710647417950113e+00 2.240461424431551496e+00
1.161901849175319412e-01 5.010531673832027799e+00 1.850368736766681010e+00
1.333520162232806339e-01 5.170685185511462834e+00 1.753886241770373555e+00
1.530487299201368223e-01 4.953788973879652779e+00 1.544334780448154643e+00
1.756547399399397413e-01 4.831862900283561579e+00 1.427057982419126514e+00
2.015997628955709664e-01 4.791126561688868080e+00 1.460428208868723043e+00
2.313769865444393337e-01 4.391035221626458984e+00 1.208374131124146267e+00
2.655524447720558623e-01 4.393467110634412975e+00 1.134196251557660240e+00
3.047757773043333618e-01 4.671950845512063744e+00 1.064125672095942221e+00
3.497925786794914282e-01 4.293237021281577803e+00 9.243428227346787152e-01
4.014585712206087953e-01 4.189966130280807555e+00 8.958630409746527468e-01
4.607558714222146357e-01 4.133598856328189797e+00 8.575167193783967967e-01
5.288116589579148208e-01 3.937644832622612334e+00 8.958138013008937195e-01
6.069196031873715924e-01 3.987413121690144280e+00 8.700701503816739013e-01
6.965644544581259812e-01 4.171450996443696546e+00 8.711073791460670623e-01
7.994502676572015076e-01 4.513116614888717848e+00 9.682229384616171108e-01
9.175327945126889873e-01 4.218211654946794731e+00 9.303888093166707840e-01
1.053056660389099619e+00 4.413241349551080717e+00 9.323638892217974705e-01
1.208598032268488609e+00 3.953301609153598850e+00 9.915338114558848170e-01
1.387113588991058855e+00 3.799953382305356619e+00 9.509564715016648462e-01
1.591996724628312432e+00 3.699585135201710617e+00 8.041319599861235234e-01
1.827142053356100693e+00 3.641941529738331518e+00 8.182711495270399427e-01
2.097019441997773903e+00 3.393971912488759290e+00 6.991199890296747599e-01
2.406758977518649978e+00 3.200386486155864407e+00 6.387370732940456097e-01
2.762248484615035693e+00 3.147347315423112857e+00 6.032851513294529289e-01
3.170245447105196845e+00 3.193144089679692765e+00 6.066181165766900696e-01
3.638505460630898192e+00 2.924117979085644414e+00 5.587454871071364515e-01
4.175929658421040358e+00 2.755429010281768676e+00 5.417654477763600429e-01
4.792733912527024742e+00 2.604782164961282565e+00 5.097446393570699286e-01
5.500643026868391239e+00 2.402735009668940158e+00 4.991702339911082698e-01
6.313113613495489496e+00 2.304170543963915740e+00 4.486876166835283009e-01
7.245589888713874771e+00 2.070549784722935716e+00 4.172109202131060735e-01
8.315797251487277109e+00 2.070361920168813707e+00 4.003710851111072500e-01
9.544079224737657796e+00 1.899115827824763292e+00 3.792279462236570198e-01
1.095378416444409453e+01 1.812279894557722981e+00 4.119814690203829621e-01
1.257170908747609417e+01 1.646429337142998994e+00 4.202371945499105421e-01
1.442860905486444523e+01 1.658807675944106608e+00 3.873738191011732446e-01
1.655978179335293632e+01 1.309031617735318509e+00 3.596026918924949967e-01
1.900573866827525649e+01 1.165101373194991519e+00 3.588807304266785070e-01
2.181297476224991527e+01 1.113315061761399161e+00 3.930810186941540163e-01
2.503485269808405889e+01 9.073485095522498822e-01 3.359311412468843350e-01
2.873261700643536187e+01 7.219457107977634847e-01 2.927655322357129442e-01
3.297655832030039846e+01 7.536584669755042043e-01 2.925671219164520664e-01
3.784734952644970463e+01 4.745114392950475213e-01 3.932181206533408302e-01
4.343757927265116336e+01 3.234829307307832691e-01 3.246004094847967369e-01
4.985351198105021808e+01 3.202601954061747302e-01 2.294765630385724731e-01
5.721710782372114323e+01 2.480252919363569175e-01 2.503536095183701016e-01