1.073063471953484942e-03 4.941124893673587870e+00 1.160253341567508443e+02
1.229866957728250471e-03 4.941117811920787695e+00 1.012252275603077862e+02
1.409583657673242531e-03 4.941108489743009535e+00 8.831100632826874630e+01
1.615561809750242286e-03 4.941096210306412218e+00 7.704206721028846516e+01
1.851638919701859010e-03 4.941080021532543221e+00 6.720845809731038401e+01
2.122213256257094501e-03 4.941058654633001090e+00 5.862696569131740176e+01
2.432325793712803753e-03 4.941030411401685640e+00 5.113770092472287843e+01
2.787754128534151131e-03 4.940993005993383314e+00 4.460111828554230584e+01
3.195120119700885566e-03 4.940943339225606579e+00 3.889541316500874757e+01
3.662013258208448099e-03 4.940877170103148863e+00 3.391424817084772059e+01
4.197132064177253041e-03 4.940788626559127650e+00 2.956476512547391877e+01
4.810446145889426747e-03 4.940669456955749439e+00 2.576584418019802669e+01
5.513381940017311744e-03 4.940507849509511829e+00 2.244657499578357118e+01
6.319035593503923715e-03 4.940286504682889657e+00 1.954490688331022952e+01
7.242416953222019331e-03 4.939979361407504932e+00 1.700644423199944910e+01
8.300729209096382316e-03 4.939545778010060673e+00 1.478334821870582516e+01
9.513689400620957068e-03 4.938919614816467352e+00 1.283328998118634345e+01
1.090389575801383251e-02 4.937987343476442526e+00 1.111835834519911259e+01
1.249724872181256705e-02 4.936540226324565239e+00 9.603707571159960210e+00
1.432343348477632325e-02 4.934156878475493890e+00 8.255356352312428925e+00
1.641647304616145053e-02 4.929860247911894255e+00 7.035073952189553559e+00
1.881536208212816752e-02 4.920770100790461399e+00 5.881888860610583691e+00
2.156479344169263956e-02 4.890444343198062427e+00 4.545252211380907070e+00
2.471599080331225717e-02 4.943406781525130356e+00 4.484208071759990588e+00
2.832766300503306023e-02 5.082208109805153029e+00 4.876146667400718115e+00
3.246709782798508359e-02 5.165298870138274268e+00 3.679768057145606619e+00
3.721141561111715457e-02 4.910724302353023596e+00 4.084751572215885140e+00
4.264900605282181956e-02 4.749430862192202341e+00 3.074329972727405380e+00
4.888117496799054829e-02 5.417312570825034257e+00 3.397108264178239079e+00
5.602403168064487571e-02 5.345610045194729487e+00 2.977763365203057067e+00
6.421065221548477586e-02 4.472703074195452544e+00 2.228034017824287449e+00
7.359355859000689393e-02 4.696819868070900128e+00 2.420912415780562377e+00
8.434756039800314631e-02 4.734449269840673047e+00 2.326409781181157932e+00
9.667301162497193845e-02 4.551004610866993261e+00 1.966750932507212557e+00
1.107995433720120604e-01 4.648586353620018485e+00 1.621289158520788698e+00
1.269903420312519793e-01 4.795108104154123474e+00 1.569752022837117122e+00
1.455470526179796775e-01 4.846305990053913604e+00 1.632146129650108302e+00
1.668153986117119625e-01 5.077889534953656359e+00 1.618803638231337105e+00
1.911916230074644785e-01 4.192978413446726726e+00 1.257159564568693710e+00
2.191298705781588030e-01 4.178524521080698939e+00 1.340337260481690551e+00
2.511506488844749141e-01 4.227370744365352984e+00 1.220491897066955156e+00
2.878505256662158285e-01 4.319308580420393007e+00 1.125939998014808596e+00
3.299132432838347562e-01 4.105841964451379944e+00 9.443834615270397803e-01
3.781224572793381311e-01 4.385671019191622833e+00 9.767499176033769270e-01
4.333763363841616756e-01 4.232936435084809546e+00 9.562194775072122566e-01
4.967042959815782810e-01 3.899875185266002298e+00 8.378384241175762526e-01
5.692861767788295335e-01 3.477326970632551362e+00 7.476358782069619791e-01
6.524742260000030436e-01 3.826575270244042315e+00 8.701849186034248396e-01
7.478182906234488447e-01 3.760603138585665750e+00 8.076165540966619982e-01
8.570946920299880034e-01 3.839898976617841964e+00 8.199351997114083801e-01
9.823393200152159555e-01 3.867345913179134786e+00 7.703769519187122494e-01
1.125885562728690559e+00 3.500002781259008433e+00 6.629625159805806467e-01
1.290407779199213234e+00 3.470240628054134024e+00 6.823526587467456661e-01
1.478971124367373990e+00 3.422037285154325037e+00 6.379386526732507834e-01
1.695088654897833891e+00 3.096327026677476724e+00 6.691527119126134959e-01
1.942786779689431143e+00 2.715008127270726934e+00 5.891049079552961310e-01
2.226680274468311183e+00 2.981914088039337773e+00 6.237653918621757221e-01
2.552058258034298976e+00 2.961637887310623274e+00 6.256094767693313186e-01
2.924982731953396531e+00 3.083962141815715263e+00 6.290674888199021542e-01
3.352401519554405240e+00 2.776448083284523971e+00 5.849784844853008758e-01
3.842277708355974042e+00 2.682620027402829344e+00 5.298481877585199395e-01
4.403738007519908848e+00 2.447867441061852389e+00 4.887294022084007206e-01
5.047242784325763232e+00 2.450229156088912674e+00 5.948595687231690299e-01
5.784780947555793418e+00 2.286134704362219328e+00 5.541570513761020500e-01
6.630093308593385970e+00 2.332083786220301658e+00 5.036172689775140210e-01
7.598928581596190668e+00 2.172451171887951560e+00 4.988918156724524988e-01
8.709336792192168275e+00 1.879428918098565493e+00 4.291350239722964144e-01
9.982005561091746415e+00 1.621019565873982771e+00 3.885752731857197162e-01
1.144064552779646249e+01 1.527459937899824594e+00 3.822942768181631923e-01
1.311243209509629892e+01 1.452031738674025574e+00 3.997058861675738539e-01
1.502851172434038496e+01 1.469237598158552593e+00 3.675861367339339214e-01
1.722458221408832557e+01 1.138772732975439794e+00 3.249866342795245666e-01
1.974155777310741655e+01 1.118848247920772421e+00 3.248105638245958882e-01
2.262633127845448300e+01 8.992022720932745239e-01 2.879812031126076644e-01
2.593264792000171326e+01 8.207714207838736620e-01 3.058997000636095032e-01
2.972210650796699483e+01 8.572218433710931951e-01 3.350560706636304675e-01
3.406530709845366545e+01 6.241418456627310096e-01 2.729697401313875837e-01
3.904316631800313786e+01 6.636050806420127346e-01 2.670599344884205806e-01
4.474842489250450939e+01 5.693431969466205000e-01 3.418441579931843499e-01
5.128737546669674430e+01 5.586296419353393716e-01 4.479183267650824751e-01