1.072002893578297361e-03 5.481556943106593138e+00 1.718832749130855291e+02
1.226377514102187320e-03 5.481566332172607581e+00 1.502398262318552327e+02
1.402982973371621252e-03 5.481578621221681047e+00 1.313198061259534484e+02
1.605020640819301674e-03 5.481594706380077398e+00 1.147802445054987857e+02
1.836152901603067128e-03 5.481615761068203696e+00 1.003213212441610267e+02
2.100569545538283431e-03 5.481643321928477697e+00 8.768093066814213898e+01
2.403063716420695325e-03 5.481679401712591826e+00 7.662992940596852520e+01
2.749118798491309145e-03 5.481726637445532013e+00 6.696798128619890633e+01
3.145007815055041699e-03 5.481788485241436248e+00 5.851992371998985476e+01
3.597907141075685003e-03 5.481869476702028621e+00 5.113258931062350143e+01
4.116026591042624624e-03 5.481975557105524643e+00 4.467202446371008762e+01
4.708758240243193782e-03 5.482114532457398326e+00 3.902105358972379179e+01
5.386846677159516650e-03 5.482296662447432745e+00 3.407714312406404389e+01
6.162583773195761880e-03 5.482535450321284642e+00 2.975052391402858021e+01
7.050031500373278408e-03 5.482848701365702127e+00 2.596253319571098572e+01
8.065276836063320701e-03 5.483259952981597074e+00 2.264413755314941668e+01
9.226723375476468536e-03 5.483800429213225414e+00 1.973459392370222787e+01
1.055542493803810974e-02 5.484511757330571058e+00 1.718019203195036937e+01
1.207546721501264429e-02 5.485449841425351636e+00 1.493298592242874534e+01
1.381440437659419568e-02 5.486690619444914319e+00 1.294932790878614703e+01
1.580375855294514909e-02 5.488339259725899311e+00 1.118774410406318331e+01
1.807959124339478252e-02 5.490546979059527821e+00 9.604752599203196795e+00
2.068315701186933600e-02 5.493551181592263077e+00 8.143052837203054395e+00
2.366165131824702478e-02 5.497841585488422389e+00 6.676081933340419994e+00
2.706906604175606315e-02 5.504087734852311620e+00 4.885323214623424448e+00
3.096716820469299497e-02 5.495787534427946319e+00 7.474877226653456219e+00
3.542661963802050396e-02 5.507852776959165197e+00 6.502699250739081727e+00
4.052825788529092199e-02 5.525116969777005060e+00 5.646285098681787851e+00
4.636456156414770630e-02 5.550762505743835895e+00 4.888373489138320593e+00
5.304132674836320449e-02 5.591211669152943209e+00 4.211267455551319649e+00
6.067958475859142053e-02 5.662132038563608916e+00 3.590735941834303002e+00
6.941779612608769967e-02 5.803822699737965607e+00 2.914598131042689388e+00
7.941436049990095725e-02 5.913048163362988774e+00 2.679560272134541510e+00
9.085048799522679741e-02 4.801440977476892691e+00 1.950060468948088710e+00
1.039334840325402409e-01 4.668321838082691855e+00 2.251728113368556272e+00
1.189005072125735724e-01 4.432253028167833619e+00 1.893700313195627594e+00
1.360228683470385835e-01 4.440575517276623252e+00 1.570103824620671773e+00
1.556109485746517973e-01 4.735451710018669047e+00 1.423783920569533734e+00
1.780198257143290053e-01 4.856287032598817888e+00 1.383640793464966379e+00
2.036557108458007248e-01 4.759135078888286685e+00 1.377725779919057203e+00
2.329833117950860788e-01 4.881235068590011217e+00 1.351880832422817535e+00
2.665342570044877402e-01 4.794771539342492339e+00 1.360668282302351706e+00
3.049167324886172814e-01 4.939511639546789290e+00 1.296403070429006599e+00
3.488265065678575749e-01 3.909001067453235834e+00 1.211534017373658623e+00
3.990595422272469328e-01 3.941649332408860840e+00 1.024248171965489673e+00
4.565264257280321480e-01 4.404424369044384058e+00 1.117844383109202422e+00
5.222688730227843523e-01 4.299887147896405359e+00 1.116744174854092275e+00
5.974786131898179864e-01 4.432431209478767897e+00 1.044139085015677093e+00
6.835189911914483218e-01 4.373851553442320572e+00 1.218000149825678502e+00
7.819496815544542123e-01 3.738316363800452180e+00 1.001035359704222749e+00
8.945549609635523591e-01 3.841613721875901444e+00 9.553419531486415650e-01
1.023376052271945946e+00 4.015341452141774958e+00 8.648218703787435846e-01
1.170748126236575981e+00 3.988783997446573970e+00 8.064325811232156971e-01
1.339342631717382881e+00 3.912861710025759887e+00 8.338873798366804868e-01
1.532215721670230568e+00 3.726425953641210320e+00 7.254574293782776184e-01
1.752863652763061886e+00 3.323699814264013508e+00 6.778458417301874706e-01
2.005286162857390142e+00 2.873686095192161005e+00 7.093288678528469893e-01
2.294058975213896012e+00 2.648158860072544751e+00 7.218708752719034116e-01
2.624416743723225309e+00 2.594580541846385646e+00 6.646497501797012930e-01
3.002347942730036578e+00 2.641026941606922307e+00 6.709025102745966862e-01
3.434703421540858059e+00 2.817472647755470128e+00 6.347294474255774643e-01
3.929320591409299901e+00 2.495151914182207609e+00 5.467507947951885106e-01
4.495165496165814289e+00 2.268827865312041503e+00 4.716068811105396663e-01
5.142495341840335854e+00 2.353763557069037837e+00 5.665012516532283993e-01
5.883044431491175175e+00 1.953840392398210613e+00 4.816304520941904199e-01
6.730236875725282175e+00 1.887560573717404822e+00 5.058947777195375028e-01
7.699429934764445704e+00 1.587059679332161410e+00 4.238714631342404560e-01
8.808192403177251606e+00 1.501116136805155765e+00 5.015017977568680951e-01
1.007662308362353087e+01 1.478971415417974056e+00 4.710026734015144156e-01
1.152771512266105525e+01 1.479347914800994257e+00 4.539540318694210153e-01
1.318777281301683857e+01 1.200090109628480173e+00 3.735310697896192522e-01
1.508688841779766676e+01 9.819567956854646784e-01 3.276931208090628767e-01
1.725948766014634828e+01 9.075872874169155224e-01 3.119033464535830857e-01
1.974495376656525281e+01 8.947280733118740947e-01 2.797489548614768284e-01
2.258834137609005666e+01 7.760974510199106779e-01 3.187026216851943650e-01
2.584119325651580468e+01 7.190100673064933057e-01 2.910682712361641888e-01
2.956247463248604390e+01 9.468085981046612254e-01 6.092505807211361368e-01
3.381964206223405967e+01 9.258881734261343865e-01 8.719582322442601674e-01
3.868986623876035225e+01 4.231430459442100944e-01 5.224388383139088043e-01
4.426143088145636995e+01 4.165385779986044978e-01 3.021668241894700513e-01
