1.073176173381673723e-03 5.855182808831753682e+00 1.786832716633253995e+02
1.230238024846590748e-03 5.855199203318918855e+00 1.558694929444361037e+02
1.410286246860395585e-03 5.855220751095608911e+00 1.359680560268061242e+02
1.616684948696488731e-03 5.855249073359958700e+00 1.186071125796079997e+02
1.853290584915201836e-03 5.855286302445589008e+00 1.034622820391485902e+02
2.124524011251958597e-03 5.855335243526314848e+00 9.025059068537514406e+01
2.435453086053763257e-03 5.855399588352467433e+00 7.872518437840497540e+01
2.791887360629768510e-03 5.855484197603256113e+00 6.867071614107753419e+01
3.200486627756863635e-03 5.855595474871181594e+00 5.989932240092721116e+01
3.668885356513794382e-03 5.855741863105096812e+00 5.224711268992404456e+01
4.205835338445270723e-03 5.855934505653705990e+00 4.557110718228683055e+01
4.821369210326954466e-03 5.856188130062276898e+00 3.974656480544207682e+01
5.526987908870851542e-03 5.856522235983330660e+00 3.466465193043313775e+01
6.335875559866747074e-03 5.856962702668566223e+00 3.023040797019945813e+01
7.263145816853783764e-03 5.857543983481089178e+00 2.636096969805202050e+01
8.326124252034725406e-03 5.858312135721989833e+00 2.298402082448299666e+01
9.544672075763231331e-03 5.859329064175508250e+00 2.003643739649821853e+01
1.094155723313777751e-02 5.860678573742476694e+00 1.746310292543747877e+01
1.254287981145297409e-02 5.862475202395238227e+00 1.521586974472537968e+01
1.437855970702972899e-02 5.864877486569678666e+00 1.325264474384149871e+01
1.648289566323044367e-02 5.868108608485734123e+00 1.153657777847852017e+01
1.889520612499962643e-02 5.872489999648773384e+00 1.003532835520768529e+01
2.166056388397050170e-02 5.878499184987904691e+00 8.720376996638227851e+00
2.483063824060700170e-02 5.886876757824921036e+00 7.566321355157215045e+00
2.846466041875155700e-02 5.898843863488725248e+00 6.550017840682130554e+00
3.263053027085761892e-02 5.916606578228642555e+00 5.649151333016487975e+00
3.740608495213007534e-02 5.944783561285727380e+00 4.838544963981293634e+00
4.288055326810346485e-02 5.996144959835636001e+00 4.072978822843106528e+00
4.915622286940114771e-02 6.183640914165681401e+00 3.176795319317359922e+00
5.635035144436013888e-02 5.766183542200336021e+00 3.455032157761273481e+00
6.459735761918165842e-02 6.006524047276476708e+00 2.867521706431380490e+00
7.405133250146012092e-02 5.579189653885745059e+00 2.403565580883817443e+00
8.488891879400174700e-02 5.687410047402790880e+00 2.053990410795354826e+00
9.731261127370713360e-02 4.937628346713233363e+00 1.747188538318033446e+00
1.115545403032835586e-01 5.315552819398516426e+00 1.960059420375267925e+00
1.278808090687756083e-01 4.581224658462047294e+00 1.478352444409016586e+00
1.465964655819865514e-01 4.898505647326414802e+00 1.443868035920643722e+00
1.680512023471225913e-01 5.187435153914950803e+00 1.572371235192357108e+00
1.926458901870261586e-01 5.177229813933832858e+00 1.552962291034917008e+00
2.208400683102115514e-01 5.568040103505365046e+00 1.510245491456521538e+00
2.531605305667889994e-01 5.466331892998502973e+00 1.401234369913225475e+00
2.902111683230929051e-01 4.799409722504292652e+00 1.167064831527012014e+00
3.326842538641105462e-01 4.738446725789651204e+00 1.057537712309992051e+00
3.813733751483363577e-01 4.263622735586865886e+00 1.000075072813044974e+00
4.371882635943539208e-01 4.139108979254563891e+00 1.150448154949094581e+00
5.011717919487805872e-01 4.017615754236193659e+00 1.052223532092138480e+00
5.745194598320767509e-01 3.761685586429933004e+00 1.101798037944637931e+00
6.586017310397123126e-01 3.943926613236356182e+00 1.004165836248366972e+00
7.549896399597775254e-01 3.744815407150453801e+00 8.707248850237189197e-01
8.654841455499058256e-01 3.847681524784282825e+00 9.625729453647496880e-01
9.921497813376050079e-01 3.898133896899136808e+00 9.149891057445013187e-01
1.137353230177105656e+00 3.470975407478673613e+00 8.316005829636770041e-01
1.303807544512398664e+00 3.535606162113539952e+00 7.988279739162491566e-01
1.494622838379545904e+00 3.341096129488551281e+00 7.375912540566347264e-01
1.713364398302489100e+00 3.139748568219986158e+00 6.592605496497028206e-01
1.964119298854829943e+00 2.941340788408971729e+00 6.105586858886465906e-01
2.251572767565415134e+00 2.784164208962226272e+00 5.941429992385894865e-01
2.581095726007058389e+00 2.878701684664134230e+00 6.104358907911986432e-01
2.958845142729037647e+00 2.855316435506845885e+00 6.185279655132354115e-01
3.391879073076764506e+00 2.809545462754958756e+00 5.310707712661353330e-01
3.888288535359038622e+00 2.411595487431030804e+00 5.098701145252382272e-01
4.457348687401855969e+00 2.250571977233015275e+00 5.104599116312066309e-01
5.109692128145644219e+00 2.136837221300356582e+00 4.960853634229884790e-01
5.857507562337961993e+00 2.198949166397259791e+00 4.814253906260586025e-01
6.714767540270177193e+00 2.022378280159388808e+00 4.826288794654665093e-01
7.697489527759068473e+00 1.970532155705541077e+00 4.941142029235829347e-01
8.824035184332899462e+00 1.733103670884825753e+00 4.366333557888183448e-01
1.011545344148236580e+01 1.401774858424985615e+00 3.758548960566039376e-01
1.159587379121869688e+01 1.425643017397058676e+00 4.103108944238108569e-01
1.329295713333514684e+01 1.235006640060160921e+00 3.641691203591378989e-01
1.523841260522332774e+01 1.421111019101365835e+00 4.475874019024291828e-01
1.746859005094595574e+01 1.072903202233763231e+00 4.494240998155780153e-01
2.002515919954876011e+01 6.486970387051768094e-01 3.001896261124653575e-01
2.295588824271235850e+01 5.744422723489015503e-01 2.990091455640696005e-01
2.631553635907044963e+01 4.162674728762223442e-01 2.201432491884393605e-01
3.016687686155660586e+01 6.286435593173419489e-01 3.810969532186596065e-01
3.458187008476637914e+01 6.486557561151002904e-01 5.311205400117988695e-01
3.964300792713713406e+01 4.980586203134639844e-01 1.118716529420023864e+00
4.544485517003164432e+01 4.980586203134640400e-01 8.807788408142214198e-01
5.209581637248624730e+01 4.980586203134640400e-01 5.036737969717003383e-01