1.072005802851039996e-03 6.434411113532085835e+00 2.199692985085714838e+02
1.226387079841566091e-03 6.434430296832253759e+00 1.922768267752997531e+02
1.403001052421835176e-03 6.434455406869292737e+00 1.680700667526915879e+02
1.605049486782812295e-03 6.434488276128448092e+00 1.469101833319134585e+02
1.836195240605704732e-03 6.434531304859423706e+00 1.284135769826292801e+02
2.100628665587849810e-03 6.434587637496280266e+00 1.122449295793414308e+02
2.403143572702974400e-03 6.434661394831327819e+00 9.811112550148510536e+01
2.749224137340563600e-03 6.434757979320951726e+00 8.575593777165281040e+01
3.145144319793896116e-03 6.434884477500324884e+00 7.495538289433729062e+01
3.598081603452192231e-03 6.435050191450468304e+00 6.551366016317439289e+01
4.116247112612457515e-03 6.435267342681413538e+00 5.725960179045127063e+01
4.709034468766328668e-03 6.435552007633959626e+00 5.004356945461007911e+01
5.387190083919811238e-03 6.435925366935085989e+00 4.373474093276715990e+01
6.163007978127430474e-03 6.436415383560027514e+00 3.821873751113432149e+01
7.050552653012292538e-03 6.437059074712758289e+00 3.339554898202962363e+01
8.065914061659655229e-03 6.437905618083954451e+00 2.917771832331209581e+01
9.227499297134251349e-03 6.439020652856018323e+00 2.548875268677402772e+01
1.055636628752936942e-02 6.440492331137340543e+00 2.226173112359044026e+01
1.207660554697578131e-02 6.442440005778546031e+00 1.943808250852510611e+01
1.381577690322641390e-02 6.445027022637567882e+00 1.696650923233911712e+01
1.580540911908176471e-02 6.448480160419688190e+00 1.480203299004415385e+01
1.808157146509902641e-02 6.453120357874632340e+00 1.290513735576545251e+01
2.068552760540485341e-02 6.459413733355635401e+00 1.124097513899932110e+01
2.366448365065391621e-02 6.468061754525615825e+00 9.778589407504705733e+00
2.707244393929521264e-02 6.480174086281675017e+00 8.490042676955777523e+00
3.097119006127267010e-02 6.497638718604496155e+00 7.349175188660346691e+00
3.543140087250086501e-02 6.524055371517182955e+00 6.329028093400800081e+00
4.053393380442381344e-02 6.567857745911333645e+00 5.393029058253269170e+00
4.637129069702071449e-02 6.665686345717900529e+00 4.412111466428832784e+00
5.304929472877659841e-02 6.791776250642982404e+00 3.767004042083310633e+00
6.068900884403061885e-02 6.416037879409221212e+00 3.885738962481448233e+00
6.942893045612721914e-02 6.191965671296326690e+00 3.056936469999342432e+00
7.942750221329215876e-02 5.783682861123690344e+00 2.808866196532270099e+00
9.086598434393389212e-02 6.106365180147077965e+00 2.667727296770256551e+00
1.039517406530039295e-01 5.714422855921475808e+00 2.440184960848583273e+00
1.189219977399692679e-01 5.731570147272164739e+00 1.958551470066125288e+00
1.360481455878014001e-01 5.562514084567101058e+00 1.950993402083142314e+00
1.556406574866910641e-01 5.446779428658140354e+00 2.223717364880462899e+00
1.780547184838769392e-01 5.507880664092942524e+00 1.878832376318701369e+00
2.036966643955719358e-01 4.757046734589868819e+00 1.434586462389038086e+00
2.330313481113359952e-01 4.724722070150519926e+00 1.295305654069220713e+00
2.665905667317698957e-01 4.878375353443887619e+00 1.287031483675812327e+00
3.049827023118396596e-01 4.605184705670637868e+00 1.367046325607140345e+00
3.489037509831272033e-01 4.436717115575040005e+00 1.311704033695116234e+00
3.991499403976861426e-01 4.307920813693602469e+00 1.232955941724918958e+00
4.566321642302465511e-01 4.034571540006710144e+00 1.122551129903682332e+00
5.223924954162604273e-01 4.345069077145788050e+00 1.163745061488040689e+00
5.976230774878725782e-01 4.206774515691156680e+00 1.041577480164115332e+00
6.836877364815199254e-01 4.124578292225169029e+00 1.019776379005608247e+00
7.821467052110442353e-01 4.253953569480783514e+00 1.062010630724183669e+00
8.947849081230784263e-01 3.971719359330157850e+00 9.334522999061167781e-01
1.023644319499871447e+00 3.672403812136234347e+00 9.246234671096614788e-01
1.171060981618861074e+00 3.345650216442640268e+00 7.633339774468266281e-01
1.339707353956848035e+00 3.607333540873888467e+00 7.416252523886340819e-01
1.532640761171059740e+00 3.482719391799934616e+00 7.420718727176862650e-01
1.753358818151762533e+00 3.102956509940279162e+00 7.564873138804587560e-01
2.005862836925699444e+00 3.112278437705250145e+00 8.070184509819661178e-01
2.294730364889499441e+00 2.711077091147206630e+00 7.096806977792718962e-01
2.625198169390556835e+00 2.723149554037867404e+00 7.471606445028459165e-01
3.003257173050652540e+00 2.791644905521363462e+00 6.834146802245997243e-01
3.435761060877967399e+00 2.695837428844515937e+00 6.602349224995083254e-01
3.930550528063686322e+00 2.276059651338020018e+00 4.922410259068822347e-01
4.496595420903297224e+00 2.236655445949871091e+00 4.955988128887127697e-01
5.144157347660201829e+00 2.055680805524100485e+00 4.600921449803286878e-01
5.884975707280902135e+00 1.937656498632968072e+00 4.953533784416054297e-01
6.732480508404160346e+00 1.692817425460613423e+00 4.117305558699325130e-01
7.702035836777401556e+00 1.642332752477871471e+00 4.435452886729422395e-01
8.811218384806679182e+00 1.556354974239483324e+00 4.298070948960927562e-01
1.008013609259437970e+01 1.393760454930998538e+00 3.528696859622171278e-01
1.153179267698439503e+01 1.307989846828985669e+00 3.757053913547667157e-01
1.319250465702040742e+01 1.160616127650865304e+00 3.245023804681858026e-01
1.509237843591008854e+01 1.035863413098250030e+00 2.797591340767633938e-01
1.726585608832895247e+01 1.191337007876289933e+00 3.741407477622159528e-01
1.975233974743024135e+01 9.872972274154935279e-01 4.039564000705591629e-01
2.259690591083069222e+01 6.214324327912366108e-01 3.196919749305131564e-01
2.585112261494824892e+01 6.423481679018324675e-01 4.544520346754280515e-01
2.957398429192830491e+01 5.655043137747868265e-01 5.387219968268064374e-01
3.383298125681699986e+01 5.251181707339614979e-01 4.324090656456268666e-01
3.870532321329960013e+01 5.046395010189147490e-01 8.937471250267889911e-01
4.427933895846490486e+01 5.046395010189146380e-01 5.120063089638939857e-01