1.072834557277553905e-03 5.791116728834015071e+00 2.058731186587293394e+02
1.229113417300296092e-03 5.791111031113209684e+00 1.796949983169458847e+02
1.408157280486232055e-03 5.791103551066475674e+00 1.568450956288529596e+02
1.613282304688989054e-03 5.791093730551835961e+00 1.369001964172792611e+02
1.848287709540457745e-03 5.791080836213279959e+00 1.194908914291655577e+02
2.117526143632304184e-03 5.791063904138563423e+00 1.042947343041781636e+02
2.425984302022513722e-03 5.791041666888833817e+00 9.103026935485716820e+01
2.779375287222722764e-03 5.791012456919610862e+00 7.945181853309554754e+01
3.184244424328803134e-03 5.790974078702384453e+00 6.934493102670305120e+01
3.648090490147818700e-03 5.790923638732266454e+00 6.052241118669553543e+01
4.179504601664560740e-03 5.790857318864306436e+00 5.282085119790920658e+01
4.788329336268035141e-03 5.790770072449931583e+00 4.609760423692367226e+01
5.485841030880443149e-03 5.790655214689311769e+00 4.022814200781202487e+01
6.284958636438874036e-03 5.790503865856209131e+00 3.510374763246402097e+01
7.200482996024401214e-03 5.790304187167184757e+00 3.062950104412644592e+01
8.249370978424385575e-03 5.790040319033026073e+00 2.672251937931033439e+01
9.451049544488065307e-03 5.789690883121036968e+00 2.331041947471384290e+01
1.082777556325009369e-02 5.789226829375261119e+00 2.032997350409485549e+01
1.240504804215016368e-02 5.788608271417930773e+00 1.772593205246366566e+01
1.421208040646374654e-02 5.787779709303197073e+00 1.544999147501602010e+01
1.628234157525931119e-02 5.786662587731947305e+00 1.345988405833896451e+01
1.865417585541114670e-02 5.785143268942176675e+00 1.171856986742746010e+01
2.137151313502416022e-02 5.783052736408694550e+00 1.019350720356708528e+01
2.448468253010597367e-02 5.780130537756755338e+00 8.855971772311068690e+00
2.805134455442941793e-02 5.775956588722977791e+00 7.680376113842150687e+00
3.213755907775338316e-02 5.769811543793683661e+00 6.643489829293460325e+00
3.681900885257217981e-02 5.760358817272362764e+00 5.723303688058836158e+00
4.218240127092303532e-02 5.744798364625117060e+00 4.896681686975447256e+00
4.832707431386663172e-02 5.715920876688817209e+00 4.131626913748337238e+00
5.536683643820645984e-02 5.639499069241823648e+00 3.317198391256330314e+00
6.343207447787745090e-02 5.590667430456702114e+00 2.862351594364373142e+00
7.267216860146348545e-02 5.844679333255857756e+00 2.680670316604766512e+00
8.325825905443817732e-02 6.242773074571434044e+00 2.831347765911777614e+00
9.538641593029792420e-02 6.581199819781735627e+00 2.858779795056498152e+00
1.092812706794496214e-01 6.478569991595887423e+00 2.301416876994441196e+00
1.252001766167821217e-01 6.170275078429623861e+00 2.001773124483039457e+00
1.434379754866917933e-01 5.800889289657066072e+00 1.804616611953168137e+00
1.643324583694153462e-01 5.383945792269507535e+00 1.747003503015706727e+00
1.882706220727521362e-01 5.971847690403811804e+00 1.726283114986967737e+00
2.156958368868292508e-01 4.644878640810182091e+00 1.250760025622148053e+00
2.471160584593566356e-01 4.928330654484738282e+00 1.335250296314592022e+00
2.831132358874791644e-01 4.889387211102251385e+00 1.294846007702337376e+00
3.243540902780394641e-01 4.498864058838752733e+00 1.306923035841082159e+00
3.716024634111689817e-01 4.427446853938078242e+00 1.257689628664930837e+00
4.257334652227707794e-01 4.324320692894494833e+00 1.202730123831905473e+00
4.877496821382495407e-01 4.291997907177100835e+00 1.184586590777869652e+00
5.587997464598633002e-01 4.113678262345231040e+00 1.216104878583029514e+00
6.401996107402898595e-01 4.054657566426198123e+00 1.021300326391684887e+00
7.334569211753525497e-01 4.015080349309513075e+00 1.053330873361671749e+00
8.402989414472814556e-01 3.911890633421896357e+00 9.479744825707712153e-01
9.627045442095012451e-01 3.816539220418099010e+00 8.560308899729781595e-01
1.102940862742677108e+00 3.824163835352837548e+00 8.073683821102549674e-01
1.263605281625049148e+00 3.505432899666558466e+00 8.630399738971936685e-01
1.447673544146527380e+00 3.299742227162635544e+00 8.109021446250874732e-01
1.658554867487206597e+00 3.398213481222859045e+00 8.066558087011382883e-01
1.900155086475131982e+00 3.269969845499132610e+00 7.822899978380379871e-01
2.176948995439347279e+00 2.850933559790801208e+00 6.672729425004512160e-01
2.494063228036627500e+00 2.925027993521435832e+00 6.607444886552628072e-01
2.857371210109176385e+00 2.704972914082617308e+00 5.796671808519187064e-01
3.273601944241036676e+00 2.610485101989090229e+00 6.568927556544946755e-01
3.750464640864507260e+00 2.558379663669450910e+00 5.804944470843367288e-01
4.296791504269478423e+00 2.331352107481333480e+00 5.578855135802656129e-01
4.922701318124319769e+00 2.057150171364257485e+00 5.173171431440348744e-01
5.639786860354750964e+00 1.998469755575056794e+00 4.905905785489945159e-01
6.461329618582158929e+00 1.955665479330848111e+00 4.506016874772850178e-01
7.402545782969712995e+00 1.724884946273123054e+00 4.259837896916096045e-01
8.480868072628553023e+00 1.429656971135842891e+00 3.761718558458095885e-01
9.716268615427033239e+00 1.422277174343599793e+00 3.738591093711073343e-01
1.113162886141586405e+01 1.331988436914280038e+00 3.980766658130209246e-01
1.275316338121439586e+01 1.305827365267580475e+00 4.356892721587537487e-01
1.461090539873251970e+01 1.119363207423305528e+00 3.647321299449925447e-01
1.673926305101432632e+01 8.938090446750956986e-01 2.828624297384975672e-01
1.917765667796061280e+01 9.257876392954581535e-01 3.674531363990552468e-01
2.197124894548096563e+01 7.380439511170343581e-01 3.510525868559366547e-01
2.517178132503902077e+01 7.118145129659283477e-01 3.870734366160325512e-01
2.883853242243225168e+01 6.152000948303726346e-01 3.887599931301515821e-01
3.303941590547672291e+01 6.653855279996350180e-01 5.234403894179947558e-01
3.785223836584545154e+01 7.582330575044379239e-01 6.931473158266963086e-01
4.336614041252699536e+01 6.586520205210875112e-01 5.270022316515945437e-01
4.968324768809229397e+01 3.050153742122010403e-01 3.087477401209998140e-01