1.070032498314762125e-03 5.400075330441493016e+00 1.672816561098332500e+02
1.219906596584701113e-03 5.400078866396649246e+00 1.467275282455576644e+02
1.390772809923672155e-03 5.400083463731380817e+00 1.286982827821867943e+02
1.585571398858065311e-03 5.400089441582914596e+00 1.128836728357238712e+02
1.807654451494991252e-03 5.400097215475454959e+00 9.901156081645565621e+01
2.060843566150982135e-03 5.400107326682780595e+00 8.684323544751123336e+01
2.349495613297896031e-03 5.400120480703329839e+00 7.616930396557705762e+01
2.678577708455549128e-03 5.400137597936518041e+00 6.680608880326821009e+01
3.053752686162295674e-03 5.400159880439460380e+00 5.859246673060390975e+01
3.481476545857020016e-03 5.400188900395270331e+00 5.138709604232947470e+01
3.969109546518252707e-03 5.400226717956484457e+00 4.506598404233427146e+01
4.525042861773543104e-03 5.400276039302316811e+00 3.952035291424154195e+01
5.158842974956306948e-03 5.400340430533248082e+00 3.465476717511242555e+01
5.881416298855810312e-03 5.400424610393934621e+00 3.038549036871157938e+01
6.705196852931881446e-03 5.400534856537869466e+00 2.663904253243245535e+01
7.644360227538084945e-03 5.400679579239386463e+00 2.335093331977081377e+01
8.715067517043078443e-03 5.400870149156475897e+00 2.046454850795347014e+01
9.935743419443792551e-03 5.401122123277146692e+00 1.793016996449678757e+01
1.132739328800000736e-02 5.401457118931905832e+00 1.570411093108873324e+01
1.291396459070503003e-02 5.401905789470639263e+00 1.374794954585574125e+01
1.472275899757592710e-02 5.402512769331057285e+00 1.202784347782137786e+01
1.678490218694870043e-02 5.403345353409067187e+00 1.051390648360454527e+01
1.913587945519057421e-02 5.404509772892610364e+00 9.179621393673862428e+00
2.181614634658482835e-02 5.406184313334589042e+00 8.001247587092494840e+00
2.487182481108844365e-02 5.408694089744229494e+00 6.957136772064603569e+00
2.835549686942367628e-02 5.412705093666017042e+00 6.026736790279060507e+00
3.232710944286799892e-02 5.419840446510984400e+00 5.188561598834645849e+00
3.685500591802557541e-02 5.435430916252324884e+00 4.413670802591514786e+00
4.201710219771492838e-02 5.499434008746760583e+00 3.608386041209485029e+00
4.790222747542027121e-02 5.342979332711988327e+00 3.075331424578485073e+00
5.461165280531172367e-02 5.177957906403730881e+00 2.595089203364724373e+00
6.226083377142047071e-02 5.373684655980476066e+00 3.431308847583575350e+00
7.098139724376587023e-02 5.265174415539290109e+00 2.734975416295339468e+00
8.092340640947287556e-02 5.724213476106337239e+00 2.585939907734120524e+00
9.225794305546533569e-02 5.367523460270052560e+00 2.097257087361025452e+00
1.051800515385759444e-01 5.521097534944567897e+00 2.368985929533788504e+00
1.199120951028198323e-01 6.014316526852649503e+00 2.113486923320012423e+00
1.367075822992355194e-01 5.148427136412485616e+00 1.856834334632602612e+00
1.558555293532083441e-01 5.127579974786613093e+00 1.699282281616866674e+00
1.776854335467582813e-01 4.923440867177844460e+00 1.512494536966017211e+00
2.025729431976006079e-01 4.923329221394842747e+00 1.403278636731199791e+00
2.309463218038053101e-01 4.749853668277881802e+00 1.271082926409478731e+00
2.632938175888564492e-01 4.793888643829756546e+00 1.264289446931761596e+00
3.001720652620143426e-01 4.870593685776441362e+00 1.227986940629623325e+00
3.422156645712156608e-01 4.991931523673784454e+00 1.217687013035290367e+00
3.901481004759535520e-01 4.913722735658026863e+00 1.157239540896801033e+00
4.447941928541334633e-01 4.491899709752686931e+00 9.882817780115799033e-01
5.070942899770795043e-01 4.294890923531981208e+00 9.081708324979419489e-01
5.781204499935703733e-01 4.080919072814109150e+00 8.400360497793908365e-01
6.590948888733791922e-01 3.902477842014784759e+00 8.391113930044264979e-01
7.514110122619661603e-01 4.055710556847616388e+00 9.207010203499019774e-01
8.566573931618262083e-01 4.260580984515094372e+00 1.003953938488604480e+00
9.766451080476943325e-01 4.307165747458634009e+00 1.061120418294863699e+00
1.113438901814636450e+00 4.252568416411828700e+00 1.017535692068490816e+00
1.269392717844485041e+00 3.625695619128563418e+00 8.205816931912894852e-01
1.447190204590915297e+00 3.325502905287992306e+00 7.075398871075186946e-01
1.649890895719223316e+00 3.502918222520580827e+00 7.179469582541353478e-01
1.880982858467219465e+00 3.061359561812786900e+00 6.572133844067316044e-01
2.144442716198623700e+00 2.992207684535617584e+00 7.234947214621415545e-01
2.444804078015192950e+00 2.804429472203351814e+00 6.734485816088863208e-01
2.787235552962238572e+00 2.886991894874347597e+00 6.977469260226571990e-01
3.177629691293584635e+00 2.701599663930536188e+00 5.878095427055068933e-01
3.622704383294498509e+00 2.750313750378345024e+00 5.793821338987078517e-01
4.130118460530407098e+00 2.692375209803757219e+00 5.441694768872165078e-01
4.708603488784133262e+00 2.494815454637800300e+00 5.305584307599688909e-01
5.368114020570452283e+00 2.393808614756553599e+00 5.006619302910887415e-01
6.119998892768556686e+00 2.042053663948977249e+00 4.604202289120081226e-01
6.977196517056875713e+00 1.816642357712102918e+00 4.773461821436063568e-01
7.954457523701979227e+00 1.836607186873754349e+00 4.279226654771056126e-01
9.068598589948994260e+00 1.688019891470801115e+00 4.143007286393747823e-01
1.033879182088470827e+01 1.333221067018765860e+00 3.424400982785513192e-01
1.178689466243027439e+01 1.296810336818093656e+00 3.742590489094991812e-01
1.343782602359614309e+01 1.231614296688826382e+00 4.302057663970408896e-01
1.531999508029928236e+01 1.198181800064925140e+00 4.807657382375332134e-01
1.746579013958572801e+01 1.006321413596845682e+00 3.924045157709022957e-01
1.991213597661877799e+01 1.007343490413995735e+00 3.125998241967755664e-01
2.270112923507051761e+01 8.612406067524560616e-01 2.960162153836626286e-01
2.588076282486705892e+01 6.212242496779041279e-01 2.563300132129636144e-01
2.950575178270160848e+01 6.060313389943809970e-01 2.579808380395824940e-01
3.363847480669731027e+01 5.068354444921929769e-01 2.529451181353915556e-01