1.073010785706829786e-03 5.967256134445150018e+00 1.706249665896058332e+02
1.229693506779547165e-03 5.967262433388435205e+00 1.488822518377401991e+02
1.409255284996670894e-03 5.967270705703248801e+00 1.299095647275628380e+02
1.615036956234889264e-03 5.967281569456176271e+00 1.133539087911505163e+02
1.850867190475442674e-03 5.967295836081938809e+00 9.890725750764066504e+01
2.121133726106652975e-03 5.967314570871043777e+00 8.630082326433803530e+01
2.430865005971256845e-03 5.967339172146576054e+00 7.530005634100487555e+01
2.785823734037655951e-03 5.967371475071787223e+00 6.570028086659968380e+01
3.192614093363304803e-03 5.967413887492436508e+00 5.732288652395241257e+01
3.658804620193612488e-03 5.967469567618396198e+00 5.001200511659272507e+01
4.193069020329843501e-03 5.967542655919940486e+00 4.363161010619184310e+01
4.805347547724341320e-03 5.967638577161632263e+00 3.806298507477301030e+01
5.507031947831827687e-03 5.967764432346491787e+00 3.320251387997925718e+01
6.311177406679460353e-03 5.967929504563715959e+00 2.895975118235183032e+01
7.232745449073178443e-03 5.968145906348391705e+00 2.525573711788818088e+01
8.288882305181844226e-03 5.968429396450789959e+00 2.202152422463501935e+01
9.499237924647376680e-03 5.968800385068324665e+00 1.919688832749307750e+01
1.088633157363661647e-02 5.969285113349084071e+00 1.672919787757311028e+01
1.247597081694917440e-02 5.969916897999078209e+00 1.457241802267515851e+01
1.429773168055105924e-02 5.970737078194577663e+00 1.268622591892494711e+01
1.638550892819599231e-02 5.971794626340162893e+00 1.103521116872123287e+01
1.877814669030372294e-02 5.973141518964458996e+00 9.588126430034785486e+00
2.152016117825809177e-02 5.974815462110452557e+00 8.317128843170742414e+00
2.466256893058257557e-02 5.976783635949068696e+00 7.196883607301310271e+00
2.826383600092394546e-02 5.978753569952496072e+00 6.203177759094922195e+00
3.239096574795683608e-02 5.979439981285556982e+00 5.309798049068915837e+00
3.712074546607953274e-02 5.972692923895889905e+00 4.477178070515283714e+00
4.254117505108295783e-02 5.891551405784625217e+00 3.532729289057001676e+00
4.875310428182567241e-02 6.208992086861086612e+00 3.281429662985769991e+00
5.587210918035189627e-02 6.675107449000209137e+00 3.480985120371806740e+00
6.403064236106244256e-02 5.796991876012583589e+00 2.791203517806843504e+00
7.338049737725083066e-02 5.589762047785645116e+00 2.286970193150272390e+00
8.409563291539295937e-02 5.659846518414298089e+00 2.276757542789970223e+00
9.637540938272495805e-02 5.564538134099873190e+00 2.026580940104988127e+00
1.104482981064252300e-01 5.857326979448847837e+00 1.956287350864808872e+00
1.265761321558897534e-01 5.341448623078113300e+00 1.798288347929947184e+00
1.450589778767558957e-01 5.453037795884402961e+00 1.757273862642672713e+00
1.662407177739791408e-01 5.762436186994271736e+00 1.673304063314485335e+00
1.905154486162702332e-01 5.170883598167851147e+00 1.504611478765672139e+00
2.183348138017964513e-01 5.033844348769528132e+00 1.585559878262076339e+00
2.502164064074436367e-01 4.539619200546678002e+00 1.242663274623942993e+00
2.867533992645374119e-01 4.402183723854660613e+00 1.109938689435312931e+00
3.286255812333538362e-01 4.390828724534140193e+00 9.983976216409180537e-01
3.766120050117756080e-01 4.992563092551511872e+00 1.145711291589415648e+00
4.316054817968441037e-01 5.259464568185948430e+00 1.234557735842478188e+00
4.946291924795691020e-01 4.900818504566997191e+00 1.233975745573937299e+00
5.668557244325055366e-01 4.375922579559287762e+00 1.222828196553829239e+00
6.496288880789683473e-01 3.971166886859923473e+00 1.034707988590969352e+00
7.444887191519680147e-01 3.915955781195399332e+00 9.762743071759746316e-01
8.532001318222814934e-01 3.862669401410063763e+00 9.249773194953140321e-01
9.777857558013129946e-01 3.687423025743095550e+00 8.592509835288527631e-01
1.120563568369314034e+00 3.583099350798089500e+00 8.762373417623426919e-01
1.284190021491498968e+00 3.287831429628840230e+00 7.692294055254897955e-01
1.471709466423429369e+00 3.340730064603191884e+00 8.696130954345865360e-01
1.686610795374937855e+00 3.324424790651405726e+00 7.790063651738162731e-01
1.932892354078828312e+00 3.293312252300711229e+00 7.929122338867813369e-01
2.215136332994867452e+00 3.345859316207883349e+00 7.202643273934389301e-01
2.538594021234271025e+00 3.134473140181158080e+00 6.551210693666400520e-01
2.909283509396219713e+00 2.854132425999824640e+00 5.615224830840673809e-01
3.334101659126103456e+00 2.704120014622823032e+00 5.034301242792484921e-01
3.820952422644588342e+00 2.634640225827810323e+00 5.565306561924072692e-01
4.378893899695980529e+00 2.425277980213221163e+00 5.029058475624544888e-01
5.018306867983278075e+00 2.296149793490662727e+00 4.732034176157665639e-01
5.751087922682158293e+00 2.046370917760390817e+00 4.361571963992008083e-01
6.590870818490325966e+00 2.035136322941205389e+00 4.120609102329187978e-01
7.553280132390719714e+00 1.995379462215154165e+00 4.557657957600040888e-01
8.656221966649990662e+00 1.642190479775079703e+00 3.904609739299139681e-01
9.920217100725665205e+00 1.610044064216261228e+00 3.851449282579345601e-01
1.136878279053828322e+01 1.472374049977486665e+00 3.733363770755597777e-01
1.302887031867325440e+01 1.323448450673015975e+00 4.227563023909097217e-01
1.493136643635072502e+01 1.206081340496124588e+00 3.608479214088203824e-01
1.711166802673982801e+01 1.175555281346776004e+00 4.261799059193141503e-01
1.961034068151325727e+01 1.107220652176944320e+00 3.980500292439698162e-01
2.247387344378505958e+01 1.091605362143611702e+00 4.480874946717736673e-01
2.575554375979826105e+01 7.998138787875542777e-01 3.948292872496517170e-01
2.951640873221727901e+01 4.486544345686679924e-01 2.213587414678269971e-01
3.382644111778354556e+01 4.247736065335164790e-01 2.531572930695679124e-01
3.876583120513392089e+01 4.892321318652036455e-01 3.287977861341283559e-01
4.442647879486425211e+01 3.968107300939227589e-01 2.798448445535602902e-01
5.091370304086600385e+01 4.203633004539755191e-01 3.117179707411405487e-01