1.073247000362740700e-03 5.897074063622116391e+00 1.941802227386562265e+02
1.230471247212501463e-03 5.897089038454293330e+00 1.693661466154784989e+02
1.410727902994334329e-03 5.897108726412312762e+00 1.477223271622779350e+02
1.617391077439044034e-03 5.897134612648193830e+00 1.288436272058763734e+02
1.854329167110787494e-03 5.897168651626512492e+00 1.123766679481074391e+02
2.125977265462796525e-03 5.897213416336550829e+00 9.801321421846242288e+01
2.437420180531862067e-03 5.897272295691132982e+00 8.548440470801476465e+01
2.794487614227000871e-03 5.897349756080227934e+00 7.455571916035819413e+01
3.203863284812921881e-03 5.897451688895243294e+00 6.502258828724033890e+01
3.673210035182650733e-03 5.897585873720278649e+00 5.670656418638755980e+01
4.211313268741544158e-03 5.897762598332097816e+00 4.945197950958962707e+01
4.828245397787799334e-03 5.897995493265885791e+00 4.312303273948977989e+01
5.535554382594130678e-03 5.898302663145186031e+00 3.760124484539906575e+01
6.346479890333820914e-03 5.898708234478850621e+00 3.278323944262945133e+01
7.276201119992640326e-03 5.899244498085288946e+00 2.857880446801644325e+01
8.342120932143591225e-03 5.899954918830324857e+00 2.490919837172142692e+01
9.564191602029092909e-03 5.900898443282058814e+00 2.170566790694565640e+01
1.096528829351539266e-02 5.902155809805388564e+00 1.890814765490723914e+01
1.257163724474075206e-02 5.903839061376155328e+00 1.646411309759518105e+01
1.441330668039229879e-02 5.906106402423370483e+00 1.432755843843201937e+01
1.652476963968628476e-02 5.909186429953796171e+00 1.245806517684946790e+01
1.894554925527090761e-02 5.913419823523347496e+00 1.081991146500472922e+01
2.172095856161722002e-02 5.919336034763285070e+00 9.381126898225456756e+00
2.490294868090093747e-02 5.927807084535553273e+00 8.112257832808618119e+00
2.855108126302747379e-02 5.940394734405042954e+00 6.984096498960298938e+00
3.273364338228670900e-02 5.960291163621043609e+00 5.961089101042602145e+00
3.752892575967908817e-02 5.996077229553692156e+00 4.963689933787907904e+00
4.302668823714407564e-02 6.050575253755099858e+00 4.089281798102028631e+00
4.932983993497135067e-02 6.365025026378265949e+00 4.030539430662407163e+00
5.655636554219293372e-02 5.402813834340177479e+00 3.710689214353725340e+00
6.484153379696155906e-02 5.316112915924203541e+00 2.980535958609052738e+00
7.434042949605500217e-02 5.333077795984888070e+00 2.540693253635618820e+00
8.523085642858273248e-02 5.954607275097450803e+00 2.709992326084065706e+00
9.771666557206498682e-02 5.539833789108322470e+00 2.248463913747701604e+00
1.120315708492707341e-01 6.126341204391953177e+00 2.271706937320697506e+00
1.284435238705406990e-01 5.837183509123520686e+00 1.869741663147473476e+00
1.472597295496151371e-01 5.327800255228473780e+00 1.714977914146244231e+00
1.688323964770906405e-01 4.949303708672506907e+00 1.812444354174439942e+00
1.935653296890904318e-01 5.106446492469204124e+00 1.660899998455703130e+00
2.219214892369922032e-01 5.247976416544759992e+00 1.651322428050926217e+00
2.544316560422761886e-01 5.076046032995813029e+00 1.569104880257137680e+00
2.917043672471190119e-01 4.769661666086286722e+00 1.250519596712879711e+00
3.344373070342445686e-01 4.229414806466215815e+00 1.051490721012565022e+00
3.834303661335474178e-01 4.231284483625773696e+00 9.502346884819216077e-01
4.396006144680871253e-01 4.312695071289407878e+00 1.037368571863925615e+00
5.039994672028974554e-01 4.386742026279739193e+00 1.128592955667703679e+00
5.778323655169612660e-01 4.182023005494918344e+00 1.058518908990659924e+00
6.624813404902099023e-01 4.341664693404398534e+00 9.820142268430003263e-01
7.595308824646009871e-01 4.388815849986364093e+00 1.118973541394428617e+00
8.707976001113958420e-01 4.063188226677210579e+00 9.388263953851063714e-01
9.983642243738626298e-01 3.921378663435409528e+00 8.742811117982998148e-01
1.144618593783582439e+00 3.666819385691984401e+00 8.134489186470580391e-01
1.312298350891714982e+00 3.594758795513835370e+00 7.849677150789656777e-01
1.504542186459294495e+00 3.374501570550894058e+00 6.789896429443087467e-01
1.724948590613979871e+00 3.480431081637092028e+00 6.771167080061133436e-01
1.977643210698803555e+00 3.377596468405084984e+00 7.439928241584004009e-01
2.267356076641658724e+00 2.973136794716674913e+00 7.557837658092337874e-01
2.599510139378127693e+00 2.846667031378984358e+00 6.841976118226847925e-01
2.980322779622085250e+00 2.670065573361434019e+00 6.478615418570052853e-01
3.416922187062211513e+00 2.597375864093689035e+00 5.770947564362437499e-01
3.917480788412619042e+00 2.242701539314716275e+00 5.201212649037761926e-01
4.491368221872399147e+00 2.125192574450151639e+00 5.355994526852089210e-01
5.149326721425780740e+00 2.250933246742209182e+00 5.330606015782582974e-01
5.903672193890072251e+00 2.046551038776160958e+00 5.159834121912604266e-01
6.768524752544809786e+00 2.024089772810477417e+00 4.890935309012398036e-01
7.760073022554551336e+00 1.726719095082448252e+00 4.245376671604934593e-01
8.896877165550449718e+00 1.449190359557991359e+00 4.122668567293777397e-01
1.020021629549512454e+01 1.246939667504581406e+00 3.610744427035483817e-01
1.169448678888745974e+01 1.190013011066886950e+00 3.641852171990111464e-01
1.340765894502287203e+01 1.085786102297429334e+00 3.646884906289193928e-01
1.537180054424205977e+01 1.102032422961605640e+00 3.077412496945922116e-01
1.762367710432223333e+01 9.966509288684524126e-01 2.713024988989906627e-01
2.020544007082848026e+01 1.077971828577231284e+00 3.364467966814975175e-01
2.316541582322309978e+01 8.983439904613663707e-01 2.844468924127016574e-01
2.655901026563642375e+01 7.274228338646078207e-01 3.107343820693372893e-01
3.044974593475863500e+01 8.201096283502361528e-01 4.139360698743592137e-01
3.491045103781593184e+01 5.560680200617230673e-01 3.498193003873203422e-01
4.002462267747665692e+01 4.049672944184991019e-01 2.330176233830373866e-01
4.588798978102803972e+01 3.475083153228807342e-01 2.483717108838673637e-01
5.261030498930086452e+01 2.348337069012111922e-01 2.374345738009046580e-01
