1.073422801079584486e-03 5.989524231405182420e+00 1.662825198847288846e+02
1.231050218675497224e-03 5.989538011202749423e+00 1.449890179403732589e+02
1.411824529325076717e-03 5.989556136227478511e+00 1.264216799710451653e+02
1.619144752476902932e-03 5.989579977155309543e+00 1.102313923086722554e+02
1.856909038637232640e-03 5.989611337289358239e+00 9.611373579683919388e+01
2.129587964570719364e-03 5.989652589491799795e+00 8.380326187798277715e+01
2.442308591579024288e-03 5.989706856361126874e+00 7.306850139113362275e+01
2.800950867367958241e-03 5.989778247908834174e+00 6.370761222952965142e+01
3.212258184104851109e-03 5.989872174960726880e+00 5.554458399114657396e+01
3.683964171440444815e-03 5.989995762942513124e+00 4.842592822818122045e+01
4.224938108528421624e-03 5.990158398760706326e+00 4.221779200665479692e+01
4.845351689160495509e-03 5.990372454543671843e+00 3.680344041743357053e+01
5.556870275628211439e-03 5.990654247137634059e+00 3.208106056831801567e+01
6.372872237373223420e-03 5.991025312731048658e+00 2.796184555204021649e+01
7.308700498553745602e-03 5.991514104147907638e+00 2.436832201873874126e+01
8.381951024264889041e-03 5.992158256634824376e+00 2.123288934140652273e+01
9.612803669691725311e-03 5.993007619234217209e+00 1.849654195816347624e+01
1.102440161300547068e-02 5.994128313719274459e+00 1.610774922930800201e+01
1.264328650631177040e-02 5.995608152791339407e+00 1.402146881170894588e+01
1.449989752660201317e-02 5.997563780320391835e+00 1.219826949706910035e+01
1.662914371014212467e-02 6.000149725549774438e+00 1.060353611344935665e+01
1.907106033164929909e-02 6.003568606909916561e+00 9.206718345449516505e+00
2.187156166986417918e-02 6.008077824710632342e+00 7.980555418968586778e+00
2.508330431343677031e-02 6.013972557823661802e+00 6.900121086067040999e+00
2.876667723948506811e-02 6.021457118742786996e+00 5.941237595566972729e+00
3.299093728083570681e-02 6.029955469382544564e+00 5.076527906462485973e+00
3.783551133163538804e-02 6.033515618993435581e+00 4.258599672089305344e+00
4.339148977612944380e-02 5.970350637990115672e+00 3.280639850284914338e+00
4.976333922088858192e-02 6.445059863432970104e+00 3.467909033178444123e+00
5.707086673423093781e-02 6.731641270651853581e+00 3.251672154002870130e+00
6.545147252556475503e-02 5.433564604278431354e+00 2.582822749598607803e+00
7.506273342078559341e-02 5.329574264387681559e+00 2.383345797767829843e+00
8.608536570967399715e-02 5.453561817759307928e+00 2.023728249029208559e+00
9.872662307440330243e-02 5.676313088073200674e+00 1.633537128170514441e+00
1.132241934889053336e-01 4.933039841722188790e+00 1.642986555594322162e+00
1.298506683607699164e-01 5.150574680054903709e+00 1.810094896935396491e+00
1.489186679469777230e-01 5.203056625327686646e+00 1.588432735146605213e+00
1.707867194143929124e-01 5.082603959266609017e+00 1.552825243450066450e+00
1.958659980675883650e-01 4.601713852691456275e+00 1.316557428453624112e+00
2.246280584963300242e-01 3.869493802903569701e+00 1.080632173305336341e+00
2.576137010080685186e-01 4.616516118218753739e+00 1.419996973690819342e+00
2.954431400570503019e-01 4.773109170891699726e+00 1.483678300947945727e+00
3.388276658625235527e-01 5.017249167518871289e+00 1.361295683028256320e+00
3.885830184842915536e-01 4.945391273735029181e+00 1.109740851540493844e+00
4.456447258224446317e-01 4.486127030581679165e+00 1.024423905700192483e+00
5.110856939348989991e-01 4.520893053197840850e+00 1.055988024134233205e+00
5.861363804157060375e-01 4.098987895441128515e+00 9.383435351172868533e-01
6.722079301452457134e-01 3.660164619816563381e+00 8.291477292997213588e-01
7.709187084235925580e-01 3.228651440123433858e+00 7.555120869504267089e-01
8.841247303778239086e-01 3.400516277888733896e+00 7.683381037040234451e-01
1.013954558793968452e+00 3.572165197090258815e+00 8.064696169700346084e-01
1.162849326542102713e+00 3.631206460349393428e+00 9.008768749426177003e-01
1.333608636118561064e+00 3.813868058439390030e+00 8.171092853731938277e-01
1.529443199334059145e+00 3.674054466162417043e+00 7.132647910290447202e-01
1.754035206908515221e+00 3.277054355381459949e+00 7.429487386369280078e-01
2.011607563075377580e+00 3.094863641337331384e+00 6.657507118311610794e-01
2.307003286983118961e+00 3.223468612518394671e+00 7.740461835203781282e-01
2.645776573843336976e+00 3.007836578307927500e+00 6.480469133543661497e-01
3.034297228007983627e+00 2.897855508035367400e+00 5.720368310912075094e-01
3.479870431584711099e+00 2.339257886791299867e+00 5.017128777129665762e-01
3.990874100546655701e+00 2.360735503226291776e+00 5.187095445454132925e-01
4.576916410982860839e+00 2.261772133212945679e+00 4.631611397729959445e-01
5.249016457385819123e+00 2.294442219824190499e+00 5.019118954068243488e-01
6.019811439814025000e+00 2.147072737781078544e+00 4.731868975211891981e-01
6.903794275578169604e+00 2.034494111470105615e+00 4.709970822885831132e-01
7.917586103158464894e+00 1.975784631724526896e+00 4.375764889380598377e-01
9.080248802123833229e+00 1.824861579238911569e+00 4.331874185628209473e-01
1.041364340522677523e+01 1.724694302031343884e+00 3.939832336332660945e-01
1.194284114173816214e+01 1.375508684776771018e+00 3.744886901436217941e-01
1.369659484068800026e+01 1.293034720481867739e+00 4.013409916445330183e-01
1.570787955759899823e+01 1.171416009520967583e+00 3.764106404757046054e-01
1.801451258987832205e+01 9.285891531837118240e-01 3.424395743464083153e-01
2.065986453874291584e+01 9.275835323999873649e-01 3.346160561394843080e-01
2.369367478746148237e+01 8.464891723737261175e-01 3.067941284063166463e-01
2.717298672898978396e+01 9.465352375703854904e-01 3.036539574165301181e-01
3.116322032767136108e+01 7.152721963139683226e-01 3.151568368471378556e-01
3.573940218190712415e+01 5.301858050443917225e-01 2.969126262032815156e-01
4.098757621611798641e+01 3.545795497551513242e-01 5.596473037712400567e-01
4.700642152661862383e+01 3.544615331390735813e-01 4.392893638420367619e-01
5.390910780104264433e+01 3.552430977905153275e-01 2.555482311780518656e-01