1.074214222138549727e-03 4.084134329892985527e+00 8.895288832433060122e+01
1.233658167950909580e-03 4.084013609684624235e+00 7.744813899260404355e+01
1.416768130589600005e-03 4.083854210519501038e+00 6.742911754359123222e+01
1.627056820114389148e-03 4.083643662321866152e+00 5.870361936252859891e+01
1.868558332674411654e-03 4.083365417107591711e+00 5.110425239721619306e+01
2.145905539034285124e-03 4.082997472453653742e+00 4.448522498442768125e+01
2.464418959758755013e-03 4.082510498181703973e+00 3.871954751943675888e+01
2.830208832002735660e-03 4.081865262901226643e+00 3.369659398975621656e+01
3.250292325916208629e-03 4.081009056436689875e+00 2.931997612672754272e+01
3.732728159297747129e-03 4.079870640729534870e+00 2.550568863246072127e+01
4.286771192891634073e-03 4.078352988124944289e+00 2.218048864987899194e+01
4.923049972024423279e-03 4.076322590063105267e+00 1.928047627670811792e+01
5.653770620470427444e-03 4.073593257169246584e+00 1.674984522178832691e+01
6.492950997966425580e-03 4.069900696763752102e+00 1.453977301186804461e+01
7.456689613362021615e-03 4.064860882020316701e+00 1.260741693360206206e+01
8.563474452130553222e-03 4.057898249464245488e+00 1.091497135828294773e+01
9.834537642666979496e-03 4.048113675619216423e+00 9.428714317783654764e+00
1.129426276515261424e-02 4.034021271664974151e+00 8.117897293993491914e+00
1.297065261664098745e-02 4.012964674563822776e+00 6.953115561788023591e+00
1.489586640578769924e-02 3.979614054558862080e+00 5.903045239886632878e+00
1.710683668255828099e-02 3.921083937590757351e+00 4.925017537002210233e+00
1.964597783785282381e-02 3.792047562073906253e+00 3.918825870948167811e+00
2.256199976462768680e-02 3.499713548327171520e+00 2.767160357207169241e+00
2.591084228947166529e-02 4.657727515005908536e+00 4.533085136108637947e+00
2.975674830040722640e-02 4.633447371855754504e+00 3.713158137328898878e+00
3.417349615738190377e-02 4.610506705984027676e+00 2.941044299306899923e+00
3.924581502753153595e-02 5.075887380381480796e+00 2.966882179900736993e+00
4.507101029645485535e-02 4.759664127712855297e+00 2.750817991787498418e+00
5.176083023675479011e-02 4.355258549154375380e+00 2.711293699831276882e+00
5.944360974328734282e-02 4.441670106746603786e+00 2.857255913114895129e+00
6.826673225969850933e-02 4.537179064727236089e+00 2.286325134259805214e+00
7.839945712488685658e-02 3.937662825437466374e+00 1.828130205197772140e+00
9.003616657810298296e-02 4.159298681453230451e+00 1.893540595833802298e+00
1.034000947119646241e-01 4.830176615788931649e+00 2.082685837369180781e+00
1.187476099081662823e-01 5.219074905365394201e+00 2.125758545340996175e+00
1.363731329084593158e-01 4.488160136711064396e+00 1.615486058334640873e+00
1.566147848672559961e-01 4.626649691504605144e+00 1.458255941304152037e+00
1.798608737358953769e-01 4.812863222883530412e+00 1.407342907342993721e+00
2.065573434108342044e-01 4.021821375115855801e+00 1.269668903910886382e+00
2.372163285473149197e-01 4.071833449673240679e+00 1.098142804425513708e+00
2.724259791507182005e-01 4.590770639156803945e+00 1.249375561936393764e+00
3.128617434167249023e-01 4.462804328019768008e+00 1.197169769854040888e+00
3.592993252658905345e-01 4.561377906238356594e+00 1.204863472430966143e+00
4.126295651449181090e-01 3.922128518694154575e+00 9.019279096664321038e-01
4.738755295621142061e-01 4.418215258897347120e+00 1.009237595737813242e+00
5.442121371960055853e-01 4.136584406497537891e+00 8.875507981099817201e-01
6.249886980767243028e-01 4.051870679661236707e+00 8.757099344045353728e-01
7.177547982230223500e-01 4.459682652513446754e+00 1.075986664849615915e+00
8.242900262956891488e-01 3.830364886775612820e+00 1.002872513359200246e+00
9.466381125318878986e-01 3.809303942401085497e+00 9.705131340690286157e-01
1.087146134868405944e+00 3.585140111314254696e+00 8.166898673525644359e-01
1.248509544368785473e+00 3.544724428268505978e+00 8.241363298135698789e-01
1.433823873704554330e+00 3.311459530671676532e+00 6.964545635304487670e-01
1.646644120645885057e+00 3.249725699909308929e+00 6.724632093363979157e-01
1.891052945751386716e+00 3.347511504331438736e+00 7.601185144471764854e-01
2.171738992534891555e+00 3.012772055640364766e+00 6.894523544572233043e-01
2.494086832572761203e+00 3.084901813045267005e+00 6.514162171586359573e-01
2.864280261023535168e+00 2.835902954208397553e+00 6.436647600991203255e-01
3.289420924140864066e+00 2.915309379337852391e+00 6.221358882863977646e-01
3.777664554483629811e+00 2.522152351252308300e+00 5.285337973500222608e-01
4.338377427306376433e+00 2.381645786477351923e+00 5.139977115284402043e-01
4.982316039528347673e+00 2.269787413973070045e+00 5.527657901535991680e-01
5.721833458172380205e+00 2.220839290496914753e+00 5.171922768203230936e-01
6.571116296781564614e+00 1.915034244123554164e+00 4.219645226032797125e-01
7.546456865876749021e+00 1.659317409652008468e+00 3.665067373309270904e-01
8.666565718283072428e+00 1.665626307615496460e+00 3.899550519183812569e-01
9.952930585073069381e+00 1.667097033816657081e+00 3.590196407497316389e-01
1.143022858781342777e+01 1.542724503349866216e+00 3.521434397465706967e-01
1.312679963483420309e+01 1.371456783004024960e+00 4.095610877148057050e-01
1.507519008296984708e+01 1.242812318677182226e+00 3.683880303908950160e-01
1.731277709416661992e+01 1.242148772226441045e+00 4.181548500387494705e-01
1.988248566436998033e+01 1.121192021862429167e+00 4.039717626349335067e-01
2.283361207989415220e+01 8.830016359166718010e-01 3.639842196991936452e-01
2.622276959813960673e+01 9.191057440273855406e-01 3.933294564169682039e-01
3.011497449422829575e+01 7.141786067850776076e-01 3.596973150708575040e-01
3.458489330785113225e+01 7.906329883974915207e-01 7.276692368599696481e-01
3.971827521702495289e+01 2.806027938230336027e-01 7.656447307996820939e-01
4.561359701685765344e+01 2.806027938230336027e-01 6.303920342590424442e-01
5.238395225995239457e+01 2.806027938230336027e-01 4.955940558080056957e-01
6.015922079898300012e+01 2.806027938230336027e-01 2.829563573524553344e-01