2.189275179764668877e+01 1.378512368440576275e+01
2.458072467905678948e+01 1.378103457122540121e+01
2.759872451541427907e+01 1.377576943509290608e+01
3.098727172704968069e+01 1.376894764425155948e+01
3.479186179599427930e+01 1.376003467119455692e+01
3.906357609969611389e+01 1.374825503791866588e+01
4.385976774236434750e+01 1.373243166726208031e+01
4.924483159208530481e+01 1.371065416097391143e+01
5.529106886242067276e+01 1.367944473835452079e+01
6.207965784657665154e+01 1.363016314430330489e+01
6.970174383746396529e+01 1.356328686911468040e+01
7.825966286718761467e+01 1.346016706506762617e+01
8.786831569619884874e+01 1.285566662895023171e+01
9.865671049963111727e+01 1.431240482853607077e+01
1.107696949633129151e+02 1.428871407410004224e+01
1.243699010450107352e+02 1.425077608799826479e+01
1.396399285117535101e+02 1.420612614964918308e+01
1.567847965699565123e+02 1.415035666404582315e+01
1.760346965045432626e+02 1.394347988984802811e+01
1.976480822846868648e+02 1.434427223896624781e+01
2.219151406314160226e+02 1.427493113339949815e+01
2.491616871370808042e+02 1.422193300215449874e+01
2.797535407469524102e+02 1.408578229387271286e+01
3.141014353358407334e+02 1.385967339076217719e+01
3.526665343237846741e+02 1.419720798665424510e+01
3.959666223714241369e+02 1.554857621802282885e+01
4.445830572863056886e+02 1.557111531570473062e+01
4.991685754781503306e+02 1.556966902494214366e+01
5.604560557610816431e+02 1.573334985943373177e+01
6.292683591678098765e+02 1.565720528280633950e+01
7.065293768875799287e+02 1.592567123522195160e+01
7.932764346602597243e+02 1.588922872903579986e+01
8.906742201710642348e+02 1.579103704209208914e+01
1.000030420438600231e+03 1.618599320600102587e+01
1.122813279147712137e+03 1.608887996709827561e+01
1.260671309656267567e+03 1.625118761158000069e+01
1.415455428347644784e+03 1.627902511946811615e+01
1.589243805496842015e+03 1.643112936858074846e+01
1.784369767304151082e+03 1.682257418570759810e+01
2.003453123716075424e+03 1.713467711807765426e+01
2.249435342648646838e+03 1.720964426806940040e+01
2.525619042871062447e+03 1.721417869251095567e+01
2.835712335790965881e+03 1.738400124360749288e+01
3.183878611485260535e+03 1.742905042018289308e+01
3.574792437416177563e+03 1.755118300871561487e+01
4.013702320342703842e+03 1.765404319202608718e+01
4.506501174084502054e+03 1.745757312400166228e+01
5.059805439256139834e+03 1.786998636038251931e+01
5.681043917252944084e+03 1.794657307668093438e+01
6.378557511195816005e+03 1.802410256108509401e+01
7.161711212981814242e+03 1.795893865490855390e+01
8.041019840006721097e+03 1.901668767556535045e+01
9.028289209732185554e+03 1.907994315778354633e+01
1.013677464754253015e+04 1.920312219697462552e+01
1.138135895605731639e+04 1.927628979079764804e+01
1.277875223536012891e+04 1.939121491332389269e+01
1.434771623698001531e+04 1.952979522475918017e+01
1.610931626385810341e+04 1.964193464750497142e+01
1.808720399837139848e+04 1.985274731481733923e+01
2.030793505573354923e+04 2.012845802287515440e+01
2.280132552632377337e+04 2.029813094971089171e+01
2.560085229397069998e+04 2.027057754821813518e+01
2.874410250496409208e+04 2.045295424319875011e+01
3.227327822247808945e+04 2.098056453009194655e+01
3.623576304202232859e+04 2.151825567175851006e+01
4.068475827544146887e+04 2.180522390481812067e+01
4.567999724502899335e+04 2.203547235402015758e+01
5.128854727804607683e+04 2.248906205708060568e+01
5.758571016942490678e+04 2.267617166258483863e+01
6.465603320249357785e+04 2.288066288452874986e+01
7.259444430193954031e+04 2.322469030685352465e+01
8.150752655985948513e+04 2.338944324932913688e+01
9.151494924700044794e+04 2.407790064612641245e+01
1.027510745223073900e+05 2.463985266557678244e+01
1.153667614128608693e+05 2.496169945933048950e+01
1.295313912848906184e+05 2.530607067448119452e+01
1.454351420003458043e+05 2.652101098920997657e+01
1.632915412924156117e+05 2.818458937594456515e+01
1.833403336422585999e+05 2.952035297244104939e+01
2.058506991483459133e+05 3.173992636613519380e+01
