1.060163326071803924e-03 2.997932034711677574e+00 3.425029359856832656e+00
1.187729229823455621e-03 3.062710001744790578e+00 2.061708224834743319e+01
1.330644711701218326e-03 3.056812976751776656e+00 1.830840885102494298e+01
1.490756735052822628e-03 3.049259559079414483e+00 1.623452108054423348e+01
1.670134502142263735e-03 3.039529043481088433e+00 1.436776865675231107e+01
1.871096195414573022e-03 3.026899236442841090e+00 1.268273585400734227e+01
2.096238936447450234e-03 3.010340543890714926e+00 1.115563616859984997e+01
2.348472349763249499e-03 2.988330868142262453e+00 9.763503880351622755e+00
2.631056165262094480e-03 2.958506900278429885e+00 8.482923474621520299e+00
2.947642345229880591e-03 2.916937688314344967e+00 7.287638481175781280e+00
3.302322280348125687e-03 2.856376023727670521e+00 6.143035651675543107e+00
3.699679664641659406e-03 2.760941380704060144e+00 4.989424305040198071e+00
4.144849732691775236e-03 2.579484530640729023e+00 3.655512972567133367e+00
4.643585624664905293e-03 2.458016687994050820e+00 2.802304574947290572e+00
5.202332736823016279e-03 4.837265337824639744e+00 1.328853583871175914e+01
5.828312018382024624e-03 4.840171546820993598e+00 1.181787491760811548e+01
6.529613291202288929e-03 4.843793986108549277e+00 1.049792040282216554e+01
7.315299798325063108e-03 4.848273980658868609e+00 9.310477787413711681e+00
8.195525332484326908e-03 4.853722369709439377e+00 8.238246179904070488e+00
9.181665458300292126e-03 4.860090091337027296e+00 7.263754141052854330e+00
1.028646452400017175e-02 4.866720569405273977e+00 6.366952784997119252e+00
1.152420036256710661e-02 4.870510802913492476e+00 5.517770536984964558e+00
1.291086881082695662e-02 4.854537178865634850e+00 4.637900480174302231e+00
1.446439043109908409e-02 4.780219043877223406e+00 3.611974182686195523e+00
1.620484210697127614e-02 5.523459439591724696e+00 4.645075789231227326e+00
1.815471650621889449e-02 5.729127695722901592e+00 3.898019587226003058e+00
2.033921276402851294e-02 4.836903820157743006e+00 3.311070467335102574e+00
2.278656214316060122e-02 3.561477356137061623e+00 2.747232592606891455e+00
2.552839287970939258e-02 3.131521575417840708e+00 2.212046940303475928e+00
2.860013892953153919e-02 3.620378715153782956e+00 2.770286419115264742e+00
3.204149789776414292e-02 3.654356432627723361e+00 2.301753464126668813e+00
3.589694406946854210e-02 3.457404512653002637e+00 2.162877107018253309e+00
4.021630317153402495e-02 3.526077186552536435e+00 2.290019669700740668e+00
4.505539629375707178e-02 3.527351888064659047e+00 1.981287043518770830e+00
5.047676129078838142e-02 3.546516790056684520e+00 1.627471843128838414e+00
5.655046098796100845e-02 3.472169723995147894e+00 1.479228713384984184e+00
6.335498863582006424e-02 3.454026807760885109e+00 1.281340685463669304e+00
7.097828231496461360e-02 3.507643180370734193e+00 1.160518711546332016e+00
7.951886140082814469e-02 3.722656628644561927e+00 1.274598395738855583e+00
8.908709977546136471e-02 3.748372311285009140e+00 1.076291927316818775e+00
9.980665224062619523e-02 3.457718913090982671e+00 1.280935300046945446e+00
1.118160525664020355e-01 3.577202930815613691e+00 1.171906102446241160e+00
1.252705038276308303e-01 3.356951741692581592e+00 1.277026658522392832e+00
1.403438841655527125e-01 3.446503667828534123e+00 1.300199045941710096e+00
1.572309938960239906e-01 3.467115165878428495e+00 1.055510188296098883e+00
1.761500730047445562e-01 3.248037079881792355e+00 8.730994303697570125e-01
1.973456215642575562e-01 3.416211590570742196e+00 1.004631003580065851e+00
2.210915595222839869e-01 3.152207183819761394e+00 8.772436438324135999e-01
2.476947666968096762e-01 3.207693926645399429e+00 7.575462076239326548e-01
2.774990487269288764e-01 2.938877527806864176e+00 7.444597467389312273e-01
3.108895802332760638e-01 2.781257817198960591e+00 7.099602587450623004e-01
3.482978826090776803e-01 2.826311838816918609e+00 7.510191688530477583e-01
3.902074007721353932e-01 2.831111668132519910e+00 7.124958119070858853e-01
4.371597509487056277e-01 2.833091631949736122e+00 6.454715573959561858e-01
4.897617202322966934e-01 2.691669407007240444e+00 6.315900425165547061e-01
5.486931083759430949e-01 2.836865825809979036e+00 6.465134901709370663e-01
6.147155131610899659e-01 2.831255184987954365e+00 5.849343202183607815e-01
6.886821728805040399e-01 2.745757959501946122e+00 5.857139076902770913e-01
7.715489931342006669e-01 2.775635342750308876e+00 5.710434394496054500e-01
8.643869004428103020e-01 2.596338916727484847e+00 5.224566957204458406e-01
9.683956823298833783e-01 2.621812863662645210e+00 5.208364480126965734e-01
1.084919492734963242e+00 2.494654789697850372e+00 4.897881333998080899e-01
1.215464223141103250e+00 2.445387679486585419e+00 4.503326234397948546e-01
1.361716963912003031e+00 2.379899865848542184e+00 4.182087042550514111e-01
1.525567807346691840e+00 2.100757322996662513e+00 3.781795599769673943e-01
1.709134274222783523e+00 2.182118544330298615e+00 3.744716631494136028e-01
1.914788679503906632e+00 2.061518590574295651e+00 3.515216357633219046e-01
2.145188790871091822e+00 2.060072712026123298e+00 3.409696871397985829e-01
2.403312176292604185e+00 2.047117955967781455e+00 3.457372198777269312e-01
2.692494684521860471e+00 1.999634021156641683e+00 3.977498812729816646e-01
3.016473555824836783e+00 1.880728812887602741e+00 3.823098186158132017e-01
3.379435720076964245e+00 1.815055976362271783e+00 3.450016198363572428e-01
3.786071906408347232e+00 1.843822037914929046e+00 3.730239144703128562e-01
4.241637263681429459e+00 1.651165683260656936e+00 3.536707516679686858e-01
4.752019275227788775e+00 1.573040399368814679e+00 3.526524604522570105e-01
5.323813845537843648e+00 1.426432805706546070e+00 3.734252763551917376e-01
5.964410542207200905e+00 1.315960584596039595e+00 4.553200708593148072e-01
6.682088094761033048e+00 1.040972231471692044e+00 4.085812602007907191e-01
7.486121384532284928e+00 9.996410066466384636e-01 4.603968687346248201e-01
8.386901308273726485e+00 9.309562197270632167e-01 4.413130684805179338e-01
