2.224898938453125297e+01 1.377267483663484349e+01
2.574921958286356016e+01 1.377229864674582771e+01
2.980010901472651241e+01 1.377178986992666765e+01
3.448828786564817506e+01 1.377109927086696040e+01
3.991401505665704974e+01 1.377015700461024572e+01
4.619332232870485200e+01 1.376886160648903612e+01
5.346049563629988199e+01 1.376706028216890232e+01
6.187094691612688990e+01 1.376450948844935063e+01
7.160453764478305061e+01 1.376078210469763263e+01
8.286942526148285992e+01 1.375498424895322813e+01
9.590651471330087929e+01 1.374434467410582528e+01
1.109946103213509048e+02 1.371448283117712386e+01
1.284563781429954474e+02 1.375686268753342034e+01
1.486652463380205518e+02 1.374299865169485457e+01
1.720533911063683092e+02 1.370548357435426645e+01
1.991209789804804018e+02 1.369698424974931150e+01
2.304468631230448068e+02 1.367274664158597552e+01
2.667009623755275243e+02 1.380215227400458389e+01
3.086585877892975418e+02 1.379237280898860440e+01
3.572170230189821041e+02 1.374280669850072201e+01
4.134147131576053766e+02 1.368599399513627368e+01
4.784534723758197288e+02 1.360192673751297754e+01
5.537241852860939844e+02 1.370419663984624137e+01
6.408365516676816469e+02 1.373736688941698603e+01
7.416535106573726353e+02 1.376208018756162943e+01
8.583310805836251802e+02 1.384661683225198203e+01
9.933644664377619620e+02 1.381451747587442824e+01
1.149641421012297087e+03 1.381164866951883852e+01
1.330504000859569715e+03 1.454775256265128647e+01
1.539820037751045902e+03 1.471070583679733268e+01
1.782065854088242531e+03 1.489445088701396713e+01
2.062421991173428978e+03 1.497815699141015955e+01
2.386883997534440823e+03 1.521781036925130337e+01
2.762390646564298095e+03 1.539427008466511815e+01
3.196972325470464057e+03 1.556037283794846182e+01
3.699922768901587006e+03 1.581970737704530094e+01
4.281997809856505228e+03 1.605969161482324026e+01
4.955645398257665875e+03 1.634563199861959504e+01
5.735271806244891195e+03 1.638329282733059244e+01
6.637549713115542545e+03 1.676158441281506128e+01
7.681774758453187133e+03 1.686442389337919323e+01
8.890278188501957629e+03 1.731908885443306545e+01
1.028890442042440554e+04 1.773950786060913387e+01
1.190756373738029288e+04 1.796969698487651002e+01
1.378087193407181803e+04 1.814394139436173603e+01
1.594889059187768180e+04 1.858975899535300513e+01
1.845798381470966342e+04 1.885864200185911344e+01
2.136180974729311129e+04 1.911741439875675752e+01
2.472246807995831841e+04 1.938799502800101138e+01
2.861182807987543129e+04 1.963269605980584842e+01
3.311306554930855054e+04 2.022911859964460035e+01
3.832244157946790074e+04 2.038589366295519056e+01
4.435136113945199759e+04 2.057541039979085795e+01
5.132875552417775907e+04 2.085790079707462041e+01
5.940383961107358482e+04 2.121776691739708554e+01
6.874930289077344059e+04 2.160014667417192413e+01
7.956500251351158659e+04 2.193495785718329572e+01
9.208223732876137365e+04 2.232656005611653427e+01
1.065686943204762356e+05 2.277072375529727211e+01
1.233341732197882666e+05 2.320778671563524043e+01
1.427372117187139520e+05 2.349501979346457148e+01
1.651927529681943415e+05 2.404582447403697998e+01
1.911810193335389486e+05 2.452353013415789462e+01
2.212577821767292335e+05 2.501963983594809804e+01
2.560662472897317202e+05 2.553638826268011996e+01
2.963508101544295205e+05 2.577567759730044017e+01
3.429729751919104019e+05 2.678243537350599013e+01
3.969297794417811092e+05 2.719270971821148208e+01
4.593751146706005675e+05 2.743713090282398070e+01
5.316444038928027730e+05 2.785318104900949976e+01
6.152831600231708726e+05 2.849608620116881852e+01
7.120800374011497479e+05 2.873851065036367558e+01
8.241050830094686244e+05 2.890194918993919870e+01
9.537540054074622458e+05 2.958716422566524784e+01
1.103799408091172343e+06 3.047352151601796066e+01
1.277450082929833326e+06 3.055860388232705915e+01
1.478419631696926663e+06 3.177984562995082385e+01
1.711005883199689444e+06 3.221357257216133263e+01
1.980182804379922803e+06 3.341014205083752131e+01
2.291706870948439464e+06 3.519687087980454976e+01
