2.225113667477661750e+01 1.743205313148976998e+01
2.575633752778697527e+01 1.743204822703475543e+01
2.981370940915978807e+01 1.743204165420976892e+01
3.451023530713121801e+01 1.743203284482531501e+01
3.994660055912610375e+01 1.743202103671394454e+01
4.623935137007402574e+01 1.743200520696703748e+01
5.352339336010673065e+01 1.743198398204936694e+01
6.195488370614941687e+01 1.743195551626154938e+01
7.171457887988519531e+01 1.743191732686835493e+01
8.301170975176574984e+01 1.743186606989813114e+01
9.608846713655046301e+01 1.743179723308234585e+01
1.112251939426598710e+02 1.743170471283513479e+01
1.287463952359851760e+02 1.743158022548636765e+01
1.490276950634564344e+02 1.743141247760565449e+01
1.725038891785528676e+02 1.743118597655379176e+01
1.996782663051694158e+02 1.743087928615424431e+01
2.311333977715054573e+02 1.743046238995597008e+01
2.675436268249386558e+02 1.742989254132864829e+01
3.096895253770484260e+02 1.742910736992613252e+01
3.584746281062286357e+02 1.742801257052308017e+01
4.149448026679125974e+02 1.742645764033672506e+01
4.803106712759883408e+02 1.742418100485292243e+01
5.559735643350676355e+02 1.742065787741044147e+01
6.435555625242930091e+02 1.741450683623402895e+01
7.449342713826512181e+02 1.739807146226484491e+01
8.622830739023471551e+02 1.740497353287670279e+01
9.981177240757526761e+02 1.742224953854653791e+01
1.155350280280444622e+03 1.741818900317161223e+01
1.337351534740198076e+03 1.740727310699291408e+01
1.548023277440871880e+03 1.740891486102339769e+01
1.791881943713709916e+03 1.742358605011260408e+01
2.074155438744598086e+03 1.741168584202738501e+01
2.400895214758159000e+03 1.740336516773809805e+01
2.779106003616354428e+03 1.739079746741788313e+01
3.216895986072614505e+03 1.733859838930997910e+01
3.723650617048812819e+03 1.731983805770229168e+01
4.310233833446366589e+03 1.726250849801185439e+01
4.989220958036578850e+03 1.708554196608812958e+01
5.775168292484049744e+03 1.714977692485385319e+01
6.684925179108211523e+03 1.760727532758555469e+01
7.737995221443734408e+03 1.775266212883064654e+01
8.956954407539651584e+03 1.781266215521548091e+01
1.036793509983267541e+04 1.791512846433329287e+01
1.200118626749485702e+04 1.802693315301436883e+01
1.389172197166159822e+04 1.808917544930892518e+01
1.608007200593417292e+04 1.815370449689374865e+01
1.861315078458197968e+04 1.837656220748224456e+01
2.154526310589476634e+04 1.852993926239695099e+01
2.493926835249967917e+04 1.872186790312346716e+01
2.886792808707091535e+04 1.899089536988017812e+01
3.341546593353731441e+04 1.921204910421830903e+01
3.867937318492495251e+04 1.934946640088551817e+01
4.477249884692289197e+04 1.962326346020173418e+01
5.182546892406685947e+04 1.997288543922183024e+01
5.998948681382373616e+04 2.021471203574247610e+01
6.943957484415038198e+04 2.070123551388462246e+01
8.037832644744735444e+04 2.118442614364345999e+01
9.304024941098361160e+04 2.154280935673517661e+01
1.076967933155188366e+05 2.193466703110718186e+01
1.246621689416531444e+05 2.235676798664694687e+01
1.443000844018435164e+05 2.277242523046133726e+01
1.670315424090281595e+05 2.319198094424550405e+01
1.933438658417204570e+05 2.348700456648547785e+01
2.238011450979732326e+05 2.405620725100683899e+01
2.590563312112905551e+05 2.460450847134925567e+01
2.998652339838347398e+05 2.500202174301597324e+01
3.471027252325302106e+05 2.525197387637365409e+01
4.017814945174480672e+05 2.589282440013005981e+01
4.650737594426280702e+05 2.654012948517072346e+01
5.383363959603830008e+05 2.689769653374176173e+01
6.231400274290572852e+05 2.717372698687039545e+01
7.213026960429814644e+05 2.843342090872781469e+01
8.349288384914508788e+05 2.881111755544992548e+01
9.664544014169934671e+05 2.937074662607266262e+01
1.118699063869792502e+06 2.984205844118810091e+01
1.294926686316756299e+06 3.057169353786729715e+01
1.498915282126726117e+06 3.159422040278481347e+01
1.735038011598639889e+06 3.292610830784285270e+01
2.008356934903577436e+06 3.419756080202179760e+01
2.324731533840510063e+06 3.616249318539271229e+01
