2.225083230732372996e+01 1.758968517373179807e+01
2.575532854096768887e+01 1.758967543602547678e+01
2.981178137929031280e+01 1.758966237941878674e+01
3.450712374307023822e+01 1.758964486816053352e+01
3.994198044960666039e+01 1.758962137419454308e+01
4.623282468035729664e+01 1.758958983869579740e+01
5.351447409127418808e+01 1.758954748228130427e+01
6.194298005941180918e+01 1.758949054283452540e+01
7.169897198459662491e+01 1.758941391015045141e+01
8.299152831712801515e+01 1.758931060904507859e+01
9.606265727062796600e+01 1.758917105555408966e+01
1.111924832451799858e+02 1.758898196061088015e+01
1.287052501098151538e+02 1.758872466293786374e+01
1.489762699993314357e+02 1.758837248699251887e+01
1.724399665435340125e+02 1.758788632075714276e+01
1.995991849015187256e+02 1.758720666021689638e+01
2.310359681222318500e+02 1.758623784445862626e+01
2.674240307770455161e+02 1.758481238649273948e+01
3.095431971839386733e+02 1.758259323373422234e+01
3.582961136455925839e+02 1.757870899746566806e+01
4.147275928575841135e+02 1.756907484053153468e+01
4.800470050523023815e+02 1.756573866092708514e+01
5.556541957381145949e+02 1.759375431946097379e+01
6.431694854709733136e+02 1.758987695729851453e+01
7.444683945767626483e+02 1.758331941895723816e+01
8.617218370020375460e+02 1.756910096483760952e+01
9.974426446784502787e+02 1.755854739254644414e+01
1.154539419453970822e+03 1.757286165736483952e+01
1.336378866679420526e+03 1.757230770638119211e+01
1.546857946307283555e+03 1.758718849060330314e+01
1.790487387756619228e+03 1.756374362546074153e+01
2.072488358332213465e+03 1.752689443637601130e+01
2.398904356876933434e+03 1.747009171942903194e+01
2.776730730624768512e+03 1.735885472756189429e+01
3.214064590900864459e+03 1.765956016981651899e+01
3.720278340477913844e+03 1.765581325371984533e+01
4.306220531414330253e+03 1.777501965057820854e+01
4.984448357912966458e+03 1.777051923832427605e+01
5.769496766702121022e+03 1.772920666032792880e+01
6.678189952182357956e+03 1.765408878151591665e+01
7.730001911921002829e+03 1.770003894144677403e+01
8.947473789477306127e+03 1.780147247445643544e+01
1.035669694853776673e+04 1.777731762698198992e+01
1.198787213101380439e+04 1.788394624993399518e+01
1.387595668229216244e+04 1.795646642154075678e+01
1.606141371417558912e+04 1.795021196866994728e+01
1.859107926065491120e+04 1.816620804975723047e+01
2.151916601033109691e+04 1.821999932996382654e+01
2.490842512624931260e+04 1.821569562900689832e+01
2.883149105184220753e+04 1.863104180677337141e+01
3.337243812321373116e+04 1.888493714016117764e+01
3.862858234716818697e+04 1.907982202758156376e+01
4.471256695848086383e+04 1.921054618175120510e+01
5.175477645151516481e+04 1.952059731741185189e+01
5.990613082075022248e+04 2.013033196805804081e+01
6.934131989295412495e+04 2.052626251822611181e+01
8.026254706524175708e+04 2.090472384874007972e+01
9.290386268021896831e+04 2.127522577566973894e+01
1.075361799057926110e+05 2.171667038815356676e+01
1.244730806138289627e+05 2.211749786967282105e+01
1.440775356821298192e+05 2.252613353046456979e+01
1.667696837409930595e+05 2.302933110072308409e+01
1.930358350689115177e+05 2.352024305088539435e+01
2.234388935978570953e+05 2.390465952171831532e+01
2.586304203797805530e+05 2.441306502715760729e+01
2.993645970437414944e+05 2.512505880201604214e+01
3.465143884913549991e+05 2.551019631909528940e+01
4.010902512096091523e+05 2.596426842180802907e+01
4.642617881346676731e+05 2.623047714288961174e+01
5.373828141471298877e+05 2.681346805058785421e+01
6.220203693716931157e+05 2.725562375808380366e+01
7.199883020586620551e+05 2.761132034568030136e+01
8.333861407544214744e+05 2.801353340070996722e+01
9.646440888215437299e+05 2.916706671244591575e+01
1.116575105575883761e+06 2.971235108110690959e+01
1.292435190179700498e+06 3.044459773989882123e+01
1.495993160221247235e+06 3.103272094145315663e+01
1.731611420389739098e+06 3.274746359381956040e+01
2.004339452180861030e+06 3.447416777492585993e+01
2.320022028189481236e+06 3.613679379112543444e+01
