2.225088042043045533e+01 1.766398282869690206e+01
2.575548803609831339e+01 1.766397647193270259e+01
2.981208614866891438e+01 1.766396795147890941e+01
3.450761559206296170e+01 1.766395652852029130e+01
3.994271074863221571e+01 1.766394121111767745e+01
4.623385634085532558e+01 1.766392066593334675e+01
5.351588392683254369e+01 1.766389309830748644e+01
6.194486160436149191e+01 1.766385608884708702e+01
7.170143885560618457e+01 1.766380636972105478e+01
8.299471821892403511e+01 1.766373951394239938e+01
9.606673676535335460e+01 1.766364950160124536e+01
1.111976534265693743e+02 1.766352810380088556e+01
1.287117533488956553e+02 1.766336399194518592e+01
1.489843979584241254e+02 1.766314141708172158e+01
1.724500696907376209e+02 1.766283818723874433e+01
1.996116837995297999e+02 1.766242243393202571e+01
2.310513668144000690e+02 1.766184714565586589e+01
2.674429326512610032e+02 1.766104021786204825e+01
3.095663237628124875e+02 1.765988445805000140e+01
3.583243268311902057e+02 1.765817147221776651e+01
4.147619212527845889e+02 1.765547054218986034e+01
4.800886750911128615e+02 1.765054191452881582e+01
5.557046684868321336e+02 1.763981413081920380e+01
6.432305001142826768e+02 1.763328128541345663e+01
7.445420197816356449e+02 1.767148341734193195e+01
8.618105315622121907e+02 1.766681023078331947e+01
9.975493290887355897e+02 1.766096590657951637e+01
1.154667560352912915e+03 1.765214203807153481e+01
1.336532576438382421e+03 1.764232129058285281e+01
1.547042100442355604e+03 1.759640755230167741e+01
1.790707763307132609e+03 1.763479423773797095e+01
2.072751796897796339e+03 1.767372018366954478e+01
2.399218956647906907e+03 1.765588859846232950e+01
2.777106072494457294e+03 1.766560673788693592e+01
3.214512004632094886e+03 1.768316356562288405e+01
3.720811217931783176e+03 1.765910629727556014e+01
4.306854695063278996e+03 1.765165606941335597e+01
4.985202494282705629e+03 1.765124679725089862e+01
5.770392936053616722e+03 1.762569145928215875e+01
6.679254187697442831e+03 1.754926769803087083e+01
7.731264923941969755e+03 1.763956473916898915e+01
8.948971793029024411e+03 1.762114011367732758e+01
1.035847263549678974e+04 1.766360328833743409e+01
1.198997581196062129e+04 1.788558620174331537e+01
1.387844762738094141e+04 1.784029023049939155e+01
1.606436172738695677e+04 1.805402949353700492e+01
1.859456652768556160e+04 1.827931492849892692e+01
2.152328926726463396e+04 1.839457663634660634e+01
2.491329820421522891e+04 1.873136647515321584e+01
2.883724786230286554e+04 1.888450628257137964e+01
3.337923615955393325e+04 1.899588489353070386e+01
3.863660679116894607e+04 1.911392612471625796e+01
4.472203549535484490e+04 1.943264418757490475e+01
5.176594491483464662e+04 1.971490715228999591e+01
5.991929980924121628e+04 2.009028562891165492e+01
6.935684252526510681e+04 2.048505101835938902e+01
8.028083806701182039e+04 2.078115909140392858e+01
9.292540903075280949e+04 2.122898427363239549e+01
1.075615533102035552e+05 2.166420471717600904e+01
1.245029521115688840e+05 2.214218220461783204e+01
1.441126927554807044e+05 2.262587136767601237e+01
1.668110503486265952e+05 2.307717448658337034e+01
1.930844951015169208e+05 2.359767852247733799e+01
2.234961183368310740e+05 2.404270815158690766e+01
2.586977006380995736e+05 2.442017885756247608e+01
2.994436807827589801e+05 2.495368482706872371e+01
3.466073248411439126e+05 2.555002548038565280e+01
4.011994419768411317e+05 2.607186674805496551e+01
4.643900480646220967e+05 2.639560356010304787e+01
5.375334414196677972e+05 2.697790786471481539e+01
6.221972280600288650e+05 2.734437260160585481e+01
7.201959185704707634e+05 2.786296418797838470e+01
8.336298166142302798e+05 2.832005075462570431e+01
9.649300325495746220e+05 2.867511366660537675e+01
1.116910586881025694e+06 2.880246411312660371e+01
1.292828720224154182e+06 2.867687088355977920e+01
1.496454702344463672e+06 2.902758564658012119e+01
1.732152636414656416e+06 3.236934559722015337e+01
2.004973990283606108e+06 3.326672595353645789e+01
2.320765859315096401e+06 3.421828317405943665e+01
