1.077228939525434618e-03 5.272680995600172338e+00 7.416828109125241326e+02
1.243615436776749749e-03 5.272680854305872522e+00 6.424509795625205015e+02
1.435701639496205287e-03 5.272680663795550338e+00 5.564955996442533888e+02
1.657457069682643971e-03 5.272680410887152114e+00 4.820403773227161537e+02
1.913464373283694023e-03 5.272680073655578781e+00 4.175466713690995562e+02
2.209014022020492664e-03 5.272679624355377292e+00 3.616816992244993116e+02
2.550213642655405413e-03 5.272679025049101575e+00 3.132909934537643721e+02
2.944114233026549291e-03 5.272678226590925554e+00 2.713745449332283215e+02
3.398855873143306894e-03 5.272677162149785879e+00 2.350661370121807749e+02
3.923835942508609870e-03 5.272675743432340134e+00 2.036154449412948111e+02
4.529903319932053127e-03 5.272673852279236684e+00 1.763725302421046877e+02
5.229582579034247614e-03 5.272671331289629393e+00 1.527744094388961287e+02
6.037332812513251414e-03 5.272667970443279728e+00 1.323334198703884965e+02
6.969846433858263579e-03 5.272663489511046464e+00 1.146271419510277241e+02
8.046394131342267039e-03 5.272657514497468334e+00 9.928966973648991257e+01
9.289223102876751487e-03 5.272649545874849686e+00 8.600404932663423097e+01
1.072401680137742563e-02 5.272638916167462497e+00 7.449572888636056689e+01
1.238042569142406082e-02 5.272624732507155798e+00 6.452688487964651642e+01
1.429267998546830676e-02 5.272605799286258055e+00 5.589150728923296896e+01
1.650029702197654269e-02 5.272580512824025512e+00 4.841114221441218035e+01
1.904889790370040137e-02 5.272546717702186747e+00 4.193120385502128045e+01
2.199115027216250184e-02 5.272501508783038915e+00 3.631777961596379356e+01
2.538785670108965192e-02 5.272440956044829541e+00 3.145486224500791650e+01
2.930921120078734329e-02 5.272359717038091809e+00 2.724195169429868102e+01
3.383624979951491835e-02 5.272250482453022968e+00 2.359197696843412828e+01
3.906252517858337103e-02 5.272103167082529573e+00 2.042949471734505451e+01
4.509603996803851489e-02 5.271903700442984508e+00 1.768912684314102890e+01
5.206147865509494488e-02 5.271632165405184978e+00 1.531420395231919862e+01
6.010278422841297541e-02 5.271259831848710498e+00 1.325558502318111920e+01
6.938613280538563632e-02 5.270744229738252962e+00 1.147062587013711443e+01
8.010336771404741318e-02 5.270020552835415373e+00 9.922269024521970238e+00
9.247596399599100625e-02 5.268985741424811131e+00 8.578223202191415098e+00
1.067596052579962984e-01 5.267466750734571157e+00 7.410184861992310523e+00
1.232494674544543645e-01 5.265150939238125716e+00 6.393005441079197659e+00
1.422863187916183492e-01 5.261411829319873057e+00 5.503539923480765594e+00
1.642635618101274675e-01 5.254777036931217893e+00 4.718194216451461642e+00
1.896353631726611366e-01 5.240615846418838153e+00 4.003564797457137558e+00
2.189260391613515599e-01 5.178092047538826570e+00 3.178755587108100578e+00
2.527408908392211884e-01 5.299572631467085237e+00 3.191461223420811510e+00
2.917787127876744213e-01 5.353829998201245388e+00 2.910641703178642015e+00
3.368462339170513742e-01 5.359636855193847360e+00 2.506727167338549389e+00
3.888747887741518250e-01 5.368410798861550148e+00 2.151737604319210906e+00
4.489395638645616859e-01 5.383272750839591225e+00 1.832948304675300566e+00
5.182818167211038496e-01 5.438142016208676210e+00 1.521498064528417071e+00
5.983345268824769025e-01 5.352864743657323565e+00 1.361430709496466385e+00
6.907520088676492032e-01 5.497579866278323735e+00 1.226725261063443817e+00
7.974440991074727147e-01 5.532789160173759768e+00 1.027608320512710449e+00
9.206156233172435588e-01 5.269359924122275274e+00 8.920260787809767278e-01
1.062811959915918925e+00 5.218070211962973382e+00 7.934086741755732586e-01
1.226971641074428465e+00 5.039319551829724908e+00 6.669543993703546114e-01
1.416487078410347822e+00 5.129016864314102975e+00 5.809357735240061604e-01
1.635274668244571572e+00 5.140206449801016042e+00 5.265368616134060709e-01
1.887855725167241872e+00 4.989077534115014423e+00 4.597354646041262316e-01
2.179449916430613587e+00 4.834271885628326437e+00 4.305313300868379711e-01
2.516083128020077719e+00 4.855826267316379230e+00 4.128632779972491451e-01
2.904711991489734135e+00 4.782143533046707695e+00 3.813819550331000729e-01
3.353367644948864967e+00 4.837753558604534376e+00 3.725584729677341445e-01
3.871321699065472632e+00 4.772521209959902144e+00 3.468916892691437104e-01
4.469277837826728828e+00 4.632948018898114029e+00 3.366736080992733249e-01
5.159593013546497353e+00 4.356742457382269507e+00 3.298990532463572656e-01
5.956532807184571787e+00 3.999127297394265312e+00 3.112045210060844780e-01
6.876566231079216607e+00 3.958641694410160117e+00 3.091081515720222050e-01
7.938706066284534124e+00 3.846618117063960174e+00 3.268427269592639739e-01
9.164901767691107537e+00 3.749456318888531925e+00 3.277866848822927892e-01
1.058049305643823956e+01 3.386798262729119990e+00 3.316125161776148356e-01
1.221473357324813946e+01 3.007491105807700293e+00 3.212583290392271307e-01
1.410139541414347519e+01 2.938377661862384915e+00 3.641043519779039173e-01
1.627946704146971513e+01 2.698312839716611400e+00 3.815568316124168247e-01
1.879395899277365345e+01 2.501440360254497453e+00 3.911024596574276257e-01
2.169683403776645747e+01 2.215268524514586890e+00 3.789868666356566718e-01
2.504808100535855075e+01 2.041510557096303913e+00 3.893968849451792669e-01
2.891695447174059552e+01 1.887535957107573603e+00 3.723164622285634606e-01
3.338340592805619877e+01 1.908728927365009209e+00 3.998302674037760296e-01
3.853973600319797299e+01 1.694779705382596369e+00 3.990902085600855353e-01
4.449250188543230422e+01 1.487228764149868487e+00 4.565388458486596690e-01
5.136471936032292973e+01 1.343144097660222025e+00 5.151042473901381591e-01
5.929840497076153127e+01 1.319348846069122505e+00 5.860776830808764881e-01
6.845751083364480394e+01 9.759835586736712587e-01 4.838272162288017597e-01
7.903131276211139777e+01 9.954217670320374411e-01 4.723087586895341472e-01
9.123832170995304125e+01 2.548507169593964283e-01 1.550380248307507425e-01