2.228656538026483958e+01 1.997247446362700884e+01
2.587390745311159179e+01 1.997247074144830137e+01
3.003868364054883955e+01 1.997246570530105103e+01
3.487384023816869671e+01 1.997245891496388737e+01
4.048728457979435547e+01 1.997244973906207122e+01
4.700429323098070000e+01 1.997243733548547340e+01
5.457030781576904843e+01 1.997242055160180740e+01
6.335418087182354441e+01 1.997239780905717055e+01
7.355194417246607941e+01 1.997236693226539472e+01
8.539118361414389824e+01 1.997232490100669366e+01
9.913611830472919451e+01 1.997226747524775803e+01
1.150934972038658515e+02 1.997218861163158010e+01
1.336194449120807235e+02 1.997207951073138688e+01
1.551274093877552502e+02 1.997192696850971672e+01
1.800973889630379858e+02 1.997171028413676908e+01
2.090866445801937630e+02 1.997139483391964987e+01
2.427421363159046450e+02 1.997091666843994417e+01
2.818149617423767381e+02 1.997013704713301507e+01
3.271771183495743571e+02 1.996865191506989845e+01
3.798409641195249833e+02 1.996377874084074833e+01
4.409818105589348534e+02 1.996870225290775380e+01
5.119641524041727507e+02 1.997544041854853702e+01
5.943721193731497578e+02 1.997468248802081092e+01
6.900448295630519624e+02 1.997361373751169822e+01
8.011174334840644633e+02 1.997207670335853180e+01
9.300687647184977322e+02 1.996979514700470659e+01
1.079776660636357519e+03 1.996618937732963417e+01
1.253582187772847192e+03 1.996030064330504317e+01
1.455364205200754895e+03 1.994509606295708082e+01
1.689625929946148972e+03 1.993468525804092195e+01
1.961595436348243766e+03 1.992117689816047843e+01
2.277342332231426099e+03 2.001267451193359648e+01
2.643913215779190978e+03 2.000890916596319258e+01
3.069488936133079733e+03 2.000226107960566679e+01
3.563567167338615945e+03 1.999599777618692542e+01
4.137174370184206964e+03 1.998830855490470526e+01
4.803111872335501175e+03 1.996274468941899727e+01
5.576241558593783338e+03 1.998486681633836071e+01
6.473817547095526606e+03 1.998674418607585324e+01
7.515871253549297762e+03 2.001030255640485223e+01
8.725658437079702708e+03 2.001984292996028003e+01
1.013017820450625368e+04 2.004784475165503466e+01
1.176077555579845284e+04 2.003346865131616994e+01
1.365384091785659621e+04 2.003035181940227716e+01
1.585162227827909555e+04 2.004372890917930050e+01
1.840316804369795136e+04 2.004884495630513186e+01
2.136542166467478819e+04 2.002398494636141635e+01
2.480449245616022017e+04 2.006058619538347543e+01
2.879713097471762012e+04 2.010024903679337172e+01
3.343244187885367865e+04 2.010531801552394171e+01
3.881387249876511487e+04 2.010317473953587708e+01
4.506152149488307623e+04 2.014008897951634935e+01
5.231481912809431378e+04 2.013057895782735329e+01
6.073563895786346257e+04 2.010620387809437304e+01
7.051191041276018950e+04 2.012348462194235310e+01
8.186181285598223621e+04 2.024278894591840583e+01
9.503864474582645926e+04 2.030120993370992011e+01
1.103364765573151381e+05 2.037538273012764378e+01
1.280967136225663562e+05 2.057983592629868852e+01
1.487157153543698951e+05 2.084447170803666793e+01
1.726536408929839381e+05 2.102635375809851936e+01
2.004447185865452921e+05 2.131774766024700085e+01
2.327091684915172809e+05 2.176891124040126968e+01
2.701670439704387099e+05 2.217585417469054931e+01
3.136543012931854464e+05 2.276840060547482025e+01
3.641414558708379627e+05 2.329846497084666623e+01
4.227552414777432568e+05 2.388438174360693722e+01
4.908037558357497910e+05 2.465103230149324887e+01
5.698056537405699492e+05 2.535798016668105959e+01
6.615240392401841236e+05 2.602810811298864380e+01
7.680058132450417615e+05 2.672768723624979259e+01
8.916273546999895480e+05 2.709563227757459813e+01
1.035147554795456352e+06 2.780849295007392641e+01
1.201769387794923503e+06 2.851389441972824557e+01
1.395211392569405492e+06 2.936240801800052225e+01
1.619790660109275952e+06 3.019819068512924076e+01
1.880519179065353004e+06 3.129457547011652352e+01
2.183215689485487528e+06 3.214253385553112707e+01
2.534635541012979113e+06 3.270072053837778725e+01
2.942621453622921370e+06 3.627413220580113773e+01
