22.287275347756974 18.859748479910078
25.876265963346288 18.8597405669736
30.04320311738875 18.859729902787286
34.881155373468516 18.859715519201046
40.49817842105652 18.85969612869855
47.01972849991177 18.85966997626431
54.591464465866196 18.859634705793972
63.38250108214733 18.85958712707299
73.58918619851802 18.85952293053714
85.4394861815492 18.859436280639706
99.19807754463446 18.859319272942404
115.1722584993299 18.859161173811266
133.71881246255012 18.858947375892424
155.25197681608958 18.85865793085733
180.25269490075726 18.858265473825213
209.27935788846116 18.857732234831737
242.98027645201438 18.857005647808325
282.10816078747405 18.856011725165533
327.5369324003891 18.854644720346045
380.28124314729314 18.85275029756687
441.5191374903373 18.850096626035537
512.6183641266423 18.846321248206372
595.1669246627521 18.84082442737601
691.0085416389943 18.83252742757866
802.283838082263 18.819174752818665
931.4781483327531 18.795795965776918
1081.4770279997201 18.741236894651294
1255.6307028614185 18.613705563748457
1457.8288961757476 18.983230621800455
1692.5877056699846 18.969200489243338
1965.1504706076364 18.97654467167901
2281.6048817988885 18.970372232200425
2649.018950207349 18.956781373738796
3075.5988710126658 18.9325410990059
3570.872309023672 18.868946578585327
4145.901199122772 18.900786370718023
4813.52881464059 19.049635123227343
5588.666621934402 19.07607872849364
6488.627328068833 19.065337347683222
7533.5115602205715 19.024386723965065
8746.656813293705 19.17565645233436
10155.158692993 19.178796611420612
11790.476096321989 19.18694676205945
13689.133846215514 19.20825483633364
15893.538473654995 19.206205823789723
18452.92536776434 19.192254520082187
21424.458448488873 19.19243614880499
24874.506923052562 19.18799942978397
28880.127642555715 19.1887319461333
33530.78616715574 19.201928658966658
38930.354979830976 19.20089074688404
45199.433478842555 19.259123446837442
52478.04156593854 19.242025781245694
60928.746991607084 19.242549185289665
70740.29630665161 19.3102148101896
82131.83051741065 19.36228086514261
95357.7796013046 19.41725017863108
110713.54520173992 19.4536014957597
128542.09842539174 19.624718884703753
149241.6401037027 19.919020780072895
173274.49461057948 20.056906973903473
201177.43587975253 20.35818040699823
233573.67625345165 20.825185445085822
271186.7859333974 21.299882591883325
314856.85392512014 21.775894285913893
365559.25143038353 22.356534620161064
424426.4167681844 22.956927150520713
492773.14839065325 23.53934677988523
572125.9709135036 24.196945279490087
664257.2300514737 24.885316229275322
771224.6779693288 25.94701459735957
895417.4331874487 26.66811853348954
1039609.3415567337 27.13138240647213
1207020.9301205007 27.717258529905767
1401391.3376031877 28.32131956402174
1627061.8280937257 29.03085838002402
1889072.75320215 30.462500766187723
2193276.128339718 31.24042356649518
2546466.337514369 32.54674370851142
2956531.8859338146 35.96688823882303