2.228717440172261632e+01 2.001106586340318927e+01
2.587593061491133284e+01 2.001106561150282914e+01
3.004256049326529521e+01 2.001106527584351014e+01
3.488011520912780838e+01 2.001106482491245586e+01
4.049662934937792613e+01 2.001106421065231444e+01
4.701753359552351696e+01 2.001106338516415306e+01
5.458845590170433582e+01 2.001106227327985465e+01
6.337847372785271460e+01 2.001106077373113123e+01
7.358388995843907310e+01 2.001105875199731798e+01
8.543261683242677407e+01 2.001105602625388613e+01
9.918926578845795916e+01 2.001105235195402798e+01
1.151610568941282082e+02 2.001104739814978473e+01
1.337046798315535057e+02 2.001104071849368893e+01
1.552342596620414668e+02 2.001103171121851076e+01
1.802306052651359778e+02 2.001101956364079371e+01
2.092519469926017450e+02 2.001100317813523333e+01
2.429464033357751873e+02 2.001098107101775980e+01
2.820664550178639161e+02 2.001095123494063799e+01
3.274857497535498396e+02 2.001091095068958126e+01
3.802186129678286193e+02 2.001085652789711489e+01
4.414427001967966362e+02 2.001078294665523671e+01
5.125252970546380311e+02 2.001068335608290738e+01
5.950538541102627050e+02 2.001054836505175416e+01
6.908714385930691151e+02 2.001036502127075423e+01
8.021178946522932165e+02 2.001011530919293335e+01
9.312776313805512700e+02 2.000977387061236712e+01
1.081235105826585141e+03 2.000930439722538523e+01
1.255339240070403548e+03 2.000865355623148645e+01
1.457478210953766848e+03 2.000773957833175842e+01
1.692166282706066795e+03 2.000641211485674731e+01
1.964644621653352715e+03 2.000454901166855848e+01
2.280998344452834317e+03 2.000158250213286237e+01
2.648292413830042278e+03 1.999652445977164206e+01
3.074729416707290056e+03 1.998932804044522271e+01
3.569832748300078038e+03 1.997817857372236006e+01
4.144659293136386623e+03 1.996568644334582388e+01
4.812046352693110748e+03 2.000855371914813574e+01
5.586898334155809607e+03 2.000658786110719589e+01
6.486519602772329563e+03 2.001356758744569930e+01
7.531000931218358346e+03 2.000557503990861719e+01
8.743668176347058761e+03 2.000352020388805130e+01
1.015160320338666679e+04 2.001257391154659970e+01
1.178624869111455337e+04 1.998520201619137637e+01
1.368411032480623362e+04 2.002827036238780423e+01
1.588757205866839831e+04 2.002059270864378604e+01
1.844584265458667869e+04 2.002362242699259554e+01
2.141605463574445457e+04 2.000202857945396673e+01
2.486454019747077109e+04 1.995207458111308085e+01
2.886831256956906873e+04 1.991111893257529530e+01
3.351678591261910333e+04 2.007379885890337334e+01
3.891377215779923426e+04 2.006628857770505903e+01
4.517979938461171696e+04 2.010636797881463522e+01
5.245480351163163141e+04 2.017683787323682054e+01
6.090125341240555281e+04 2.016795749829937989e+01
7.070777924808338867e+04 2.016982253607698539e+01
8.209338504644432396e+04 2.020765066125471066e+01
9.531233960464749543e+04 2.025845965641686774e+01
1.106598549416878668e+05 2.049659637661881106e+01
1.284786791144752933e+05 2.067203718567270698e+01
1.491667506314601633e+05 2.086455259304806376e+01
1.731860854058336990e+05 2.099988849445215067e+01
2.010730947159946081e+05 2.131646058372943742e+01
2.334505645989122859e+05 2.160085942670826853e+01
2.710415642059330130e+05 2.220239405653727971e+01
3.146855937290852307e+05 2.272371204870928096e+01
3.653573325211027986e+05 2.325129967582189749e+01
4.241884061011535814e+05 2.389044821780302641e+01
4.924926581574606826e+05 2.447768868467468550e+01
5.717954919332755962e+05 2.495159109314295520e+01
6.638679362620741595e+05 2.551484628587440540e+01
7.707661970309742028e+05 2.670084115469742159e+01
8.948775773545813281e+05 2.721970145317560252e+01
1.038973791970565915e+06 2.782750302690777033e+01
1.206272866499564843e+06 2.846021625825891732e+01
1.400511003933292348e+06 2.900710167331117972e+01
1.626026023307677824e+06 2.973290210228140040e+01
1.887854233953391435e+06 3.164887232106587334e+01
2.191842908765895758e+06 3.274489355361939147e+01
2.544780868301906623e+06 3.397445937583809439e+01
2.954550091968785040e+06 3.652102834335929060e+01
