1.079164904800384434e-03 6.574777512029974069e+00 1.376183641298209750e+03
1.250028878705261581e-03 6.574777447861141155e+00 1.188075709796493584e+03
1.447945713066128674e-03 6.574777357175856984e+00 1.025679860987163693e+03
1.677198682128138016e-03 6.574777238774876409e+00 8.854815587588129802e+02
1.942749230132146104e-03 6.574777077692098182e+00 7.644466598018086643e+02
2.250344345841009952e-03 6.574776861037876508e+00 6.599557542573923001e+02
2.606640937654184677e-03 6.574776574719646050e+00 5.697474720871064164e+02
3.019349901010541081e-03 6.574776186899987884e+00 4.918695435525845596e+02
3.497402995955641893e-03 6.574775666861857992e+00 4.246365516625617147e+02
4.051146146402458126e-03 6.574774969518791146e+00 3.665934541790200001e+02
4.692563344427247429e-03 6.574774034033743497e+00 3.164840946835817590e+02
5.435536005289962405e-03 6.574772778465428402e+00 2.732240169183976946e+02
6.296143386085648400e-03 6.574771093599343530e+00 2.358769954695901845e+02
7.293010569623727471e-03 6.574768832702926780e+00 2.036347739859086232e+02
8.447711544528646241e-03 6.574765798421288387e+00 1.757995730831762558e+02
9.785236104936083368e-03 6.574761725939609391e+00 1.517689891890804006e+02
1.133453067432918862e-02 6.574756259216421483e+00 1.310229573921779433e+02
1.312912475790980332e-02 6.574748920205403024e+00 1.131124963455102517e+02
1.520785658105440474e-02 6.574739065541948868e+00 9.764999143308797613e+01
1.761571361796854945e-02 6.574725829281650391e+00 8.430080607086483724e+01
2.040480620108318238e-02 6.574708044747104907e+00 7.277603951901757284e+01
2.363549528184127543e-02 6.574684137474947399e+00 6.282627444100603498e+01
2.737769874963507516e-02 6.574651978714183720e+00 5.423617891443613814e+01
3.171240457997201445e-02 6.574608682857494557e+00 4.681984601839049276e+01
3.673342355910154400e-02 6.574550324757000297e+00 4.041677008712323271e+01
4.254941951719848348e-02 6.574471540881118514e+00 3.488837247147844778e+01
4.928626100797976750e-02 6.574364957489920336e+00 3.011500147553822515e+01
5.708974532930700951e-02 6.574220355915429970e+00 2.599334132389042651e+01
6.612875383745257796e-02 6.574023425344664773e+00 2.243417370031269442e+01
7.659890684167255936e-02 6.573753847123961158e+00 1.936044276039325851e+01
8.872679717754161643e-02 6.573382254040056161e+00 1.670558057345752090e+01
1.027748940811478301e-01 6.572865213688730002e+00 1.441205458733250921e+01
1.190472234927551498e-01 6.572136568400249956e+00 1.243010146584940578e+01
1.378959477218633101e-01 6.571091661173921850e+00 1.071661116726083307e+01
1.597289868693835546e-01 6.569556670691304667e+00 9.234117582678623037e+00
1.850188469481367504e-01 6.567223895275672518e+00 7.949825616818745111e+00
2.143128457579889790e-01 6.563499383118662323e+00 6.834517452289010642e+00
2.482449578218504094e-01 6.557083154197671959e+00 5.860851056840247431e+00
2.875495347281349923e-01 6.544479180847257105e+00 4.998901310420647448e+00
3.330771978124302257e-01 6.511039307576584889e+00 4.191448116181026862e+00
3.858132471244301032e-01 6.464685754520764327e+00 3.470352220048780190e+00
4.468989850830956678e-01 6.694414552133999941e+00 3.518689229778384497e+00
5.176564163020789255e-01 6.704710179619294941e+00 3.025861974418105671e+00
5.996168581338032766e-01 6.719904739153515827e+00 2.595353428705659216e+00
6.945540811155399563e-01 6.741457492914554095e+00 2.210087564323248266e+00
8.045226965360006144e-01 6.832939316271055219e+00 1.859225366157666315e+00
9.319026218980425158e-01 6.848924227240495988e+00 1.696933550498699983e+00
1.079450586589617345e+00 6.888096395706555519e+00 1.430756748567816317e+00
1.250359792437790052e+00 6.711705043791983627e+00 1.231584296663159384e+00
1.448329020306922121e+00 6.474167019711394744e+00 1.079625572605780404e+00
1.677642678331384918e+00 6.348351564173076333e+00 9.145405489099561747e-01
1.943263524169717593e+00 6.452667508428341137e+00 8.035970910482962415e-01
2.250940067955628621e+00 6.457490208110349350e+00 6.900713969258702729e-01
2.607330980337784876e+00 6.424316230930622318e+00 5.953045903264592154e-01
3.020149198020851689e+00 6.322413177781453619e+00 5.206139827408730048e-01
3.498328845509409035e+00 6.268882828295574861e+00 4.542217438639368776e-01
4.052218585539792528e+00 6.140076315767652559e+00 4.003945814422192884e-01
4.693805582649003938e+00 6.056863602585288220e+00 3.485575725227412214e-01
5.436974926852849777e+00 5.905388279129266671e+00 3.117512842125198524e-01
6.297810131825617219e+00 5.741723665795884557e+00 2.784936427112241764e-01
7.294941210899359874e+00 5.615286122379145262e+00 2.548573866695166279e-01
8.449947863869855524e+00 5.385761995893139087e+00 2.384937088343097311e-01
9.787826500292791110e+00 5.189011875700233922e+00 2.291520909585157972e-01
1.133753120648951374e+01 4.916914965910910595e+00 2.207949245132606042e-01
1.313260036375578466e+01 4.656997713240801140e+00 2.232619149442389428e-01
1.521188247891222289e+01 4.235868364911051565e+00 2.192134490988066065e-01
1.762037693546766448e+01 3.902378142750586587e+00 2.331532742177058193e-01
2.041020786075405624e+01 3.580562823383754978e+00 2.535578688672567305e-01
2.364175218525935662e+01 3.296666016384803832e+00 2.696851528864724901e-01
2.738494630738003011e+01 2.957641020703963619e+00 2.838289733744412957e-01
3.172079964215478043e+01 2.706352319411782670e+00 3.086792649806543998e-01
3.674314780988127893e+01 2.376327181944308808e+00 3.201775107004644627e-01
4.256068340675273021e+01 2.277685044849131479e+00 3.317352850420591248e-01
4.929930830702248556e+01 1.825323874954107861e+00 3.131156366704280769e-01
5.710485840472294683e+01 1.475021023012240473e+00 2.871752885979558245e-01
6.614625976322165002e+01 1.313258037121985744e+00 2.731490880331272075e-01
7.661918447733552284e+01 1.355731997291028224e+00 3.512240798897705574e-01
8.875028536739823437e+01 1.250367640144421921e+00 4.772270664125328743e-01
1.028021011516323853e+02 8.009208759099595287e-01 4.228894260258016513e-01
1.190787382535292949e+02 7.879148004791723947e-01 4.821247821877352457e-01