1.079857315226218865e-03 6.431925105988435476e+00 1.075824285064174319e+03
1.252326327268935479e-03 6.431923412261147277e+00 9.276621032301018204e+02
1.452341163834550749e-03 6.431921131055715612e+00 7.999045177040341059e+02
1.684301296107248123e-03 6.431918063241030659e+00 6.897414118866365698e+02
1.953308855185578556e-03 6.431913934313531200e+00 5.947496675214530342e+02
2.265280857151016989e-03 6.431908385746233137e+00 5.128398735944134614e+02
2.627079352121872505e-03 6.431900919581614140e+00 4.422103634738580240e+02
3.046662360015244507e-03 6.431890877911243365e+00 3.813075904954060888e+02
3.533258912958428099e-03 6.431877372052488440e+00 3.287919540689237579e+02
4.097572054534363850e-03 6.431859204495801841e+00 2.835083343950258268e+02
4.752014260976555188e-03 6.431834765792072695e+00 2.444606853781873781e+02
5.510980462573138172e-03 6.431801889951153761e+00 2.107901254886944571e+02
6.391164670583605531e-03 6.431757659592986620e+00 1.817560458998709407e+02
7.411927174106541262e-03 6.431698147237956853e+00 1.567198203965692187e+02
8.595720383659345015e-03 6.431618060692438021e+00 1.351307580613548396e+02
9.968582688207976855e-03 6.431510265770702617e+00 1.165139902684120727e+02
1.156071118838967841e-02 6.431365137203869153e+00 1.004600252888478593e+02
1.340712590361069212e-02 6.431169674355758481e+00 8.661574071988721357e+01
1.554844006273517140e-02 6.430906292171852279e+00 7.467661551834851252e+01
1.803175342146678614e-02 6.430551157628834780e+00 6.438003060839103853e+01
2.091168825558582106e-02 6.430071884493816725e+00 5.549949043229611334e+01
2.425159081746328799e-02 6.429424307484676859e+00 4.783963791253420794e+01
2.812492468275815463e-02 6.428547910566355661e+00 4.123195245857549907e+01
3.261688663496749990e-02 6.427359242500710224e+00 3.553103521132817377e+01
3.782628063038037669e-02 6.425742233953339877e+00 3.061139776855335981e+01
4.386769106265175910e-02 6.423533582645875484e+00 2.636468019618622805e+01
5.087400312952487097e-02 6.420499964541993343e+00 2.269723063454647871e+01
5.899932573899308030e-02 6.416301042219695994e+00 1.952798092911181982e+01
6.842238124633931440e-02 6.410426371069200435e+00 1.678654679652370874e+01
7.935043658177416692e-02 6.402080979666837202e+00 1.441145744169484644e+01
9.202386223667177734e-02 6.389961187305392087e+00 1.234835031422119123e+01
1.067214193866077854e-01 6.371768673334384125e+00 1.054775986075713412e+01
1.237663914452994535e-01 6.342999169227489631e+00 8.961422211787221315e+00
1.435336949174171595e-01 6.293207346345199404e+00 7.532938745321414054e+00
1.664581259586252471e-01 6.188985541021091663e+00 6.157565787652334421e+00
1.930439240319122562e-01 5.788843753182802310e+00 4.255400544046093358e+00
2.238758630197575372e-01 6.939428056314119075e+00 6.307427130867735876e+00
2.596321137491786057e-01 6.946847304567018710e+00 5.416010064154972881e+00
3.010991608502138761e-01 6.957426465783732361e+00 4.640961115553642102e+00
3.491891020549445779e-01 6.972970036062780430e+00 3.962448699987589862e+00
4.049597104476683196e-01 6.997136074165323905e+00 3.357946599552128486e+00
4.696377009499437261e-01 7.038014675963268907e+00 2.775175160711637279e+00
5.446457128036963358e-01 7.063545900130431932e+00 2.327201583083752023e+00
6.316336015516430535e-01 7.113174296618977266e+00 2.113188587876577262e+00
7.325147288048057259e-01 7.347374447826875432e+00 2.201502272574367591e+00
8.495080480168323289e-01 6.731252755409953714e+00 1.887383385630119204e+00
9.851869119722117540e-01 6.618652322426754608e+00 1.606285321201703420e+00
1.142535675544431584e+00 6.540615482528341573e+00 1.333570947148801533e+00
1.325015338742736359e+00 6.447275702877612424e+00 1.154889982411772431e+00
1.536639673913843485e+00 6.404509741078737051e+00 1.013994169710860760e+00
1.782063511571545966e+00 6.261626891515986948e+00 8.316548218774288959e-01
2.066685126764967517e+00 6.175391566873485338e+00 7.050629350223794889e-01
2.396764978047783323e+00 6.253516183275611873e+00 6.264071923788041563e-01
2.779563410798028933e+00 6.208884575188456267e+00 5.601560000014691454e-01
3.223500353772752902e+00 6.125690019441984546e+00 4.911567906430365227e-01
3.738340521538868977e+00 5.845107534731487142e+00 4.163932981549099965e-01
4.335408196441819406e+00 5.976940220344047816e+00 3.867387537837465028e-01
5.027836314396990858e+00 5.925972832264158718e+00 3.405464950834793392e-01
5.830855333326250722e+00 5.730977154744154589e+00 2.980475266603846429e-01
6.762128238110076239e+00 5.538104355118655064e+00 2.643233846301382695e-01
7.842139050731820049e+00 5.366004400871431379e+00 2.416610656532363344e-01
9.094643391176076008e+00 5.144445326523521267e+00 2.305401817427513711e-01
1.054719099949446459e+01 4.891116191538772640e+00 2.197297788809763897e-01
1.223173171228999578e+01 4.636669904779741280e+00 2.126441003940271190e-01
1.418531822251173935e+01 4.396904030725805157e+00 2.175192222641444129e-01
1.645092108027042954e+01 4.122366798192802051e+00 2.294567240225857674e-01
1.907837386120803203e+01 3.726588270879279019e+00 2.352875220968028702e-01
2.212546929208431479e+01 3.450976994944494614e+00 2.519015405951420261e-01
2.565923044365631256e+01 3.066919916815787683e+00 2.533972980426734134e-01
2.975738495165878206e+01 2.602403171828700845e+00 2.474942204254174938e-01
3.451007469244388659e+01 2.355254503374395458e+00 2.526381316109565511e-01
4.002183851883357590e+01 2.168716769975283398e+00 2.673187325062136854e-01
4.641391166789620826e+01 2.035505398433056445e+00 2.972702489736887554e-01
5.382689241778631839e+01 1.835534553671595681e+00 3.574636567123578579e-01
6.242383464869610066e+01 1.458361900327769689e+00 3.029212381201381588e-01
7.239383433103665766e+01 1.377690408552597390e+00 3.187780136777974560e-01
8.395618882825314699e+01 1.192150788359775726e+00 4.360471247301689890e-01
9.736522050115266325e+01 9.153101733858531874e-01 4.265218048411568708e-01
1.129158707124143461e+02 7.945144876530012557e-01 4.131411200302401721e-01
1.309501872754627243e+02 4.514727283713574346e-01 3.500059860000696021e-01