2.199460669963979242e+01 1.243390475200802747e+01
2.491230662756932901e+01 1.243177775252735096e+01
2.821705475261800444e+01 1.242902064036420029e+01
3.196019504798166366e+01 1.242543464030332068e+01
3.619988253417059099e+01 1.242074830305516642e+01
4.100198680015583363e+01 1.241458072036723870e+01
4.644111538133395101e+01 1.240637032908601434e+01
5.260177289394609801e+01 1.239518885512257640e+01
5.957967393475652074e+01 1.237866445259923687e+01
6.748323014375894502e+01 1.236049608405195599e+01
7.643523453354978869e+01 1.234257968006478201e+01
8.657476925382592015e+01 1.230341080230820516e+01
9.805936643084847049e+01 1.223765085674879138e+01
1.110674556535936119e+02 1.207317811264371166e+01
1.258011361317771417e+02 1.221442993514220277e+01
1.424893165951792184e+02 1.198031613742716317e+01
1.613912717170815370e+02 1.186095614659328135e+01
1.828006703159251742e+02 1.301789046754276136e+01
2.070501379190436069e+02 1.295686070344825147e+01
2.345164245744030325e+02 1.297517959463322157e+01
2.656262581996723497e+02 1.279301815790289787e+01
3.008629744087450604e+02 1.291038524378805796e+01
3.407740258195183856e+02 1.286849502895526243e+01
3.859794875107314738e+02 1.368108737196333813e+01
4.371816907722604810e+02 1.393010596443432014e+01
4.951761348229117061e+02 1.390516106016480080e+01
5.608638460248082538e+02 1.409598961801200900e+01
6.352653766123801233e+02 1.419747132851227001e+01
7.195366604261719203e+02 1.422229715391338978e+01
8.149869719928930181e+02 1.418614273197777464e+01
9.230992679716215434e+02 1.466138533019830703e+01
1.045553226999527851e+03 1.500015067680178760e+01
1.184251345893964753e+03 1.521172892412189981e+01
1.341348497652621063e+03 1.529608625354734031e+01
1.519285410477416008e+03 1.561510152570723164e+01
1.720826587966485022e+03 1.586792652241999768e+01
1.949103259618507536e+03 1.590830735685495334e+01
2.207662028946685496e+03 1.597408808953509407e+01
2.500519975020165475e+03 1.619587848495993399e+01
2.832227063513918438e+03 1.640235702158949493e+01
3.207936836911683258e+03 1.645933672704703454e+01
3.633486482135074766e+03 1.645976573223936157e+01
4.115487519563587739e+03 1.694417505855757966e+01
4.661428522428723227e+03 1.717954883785186482e+01
5.279791462474463515e+03 1.726315760918913611e+01
5.980183489479747550e+03 1.746264591753167750e+01
6.773486192025740820e+03 1.755264722879586969e+01
7.672024658486652697e+03 1.761826083251066777e+01
8.689758964847616880e+03 1.794317261093394578e+01
9.842501064385876816e+03 1.816108480825847238e+01
1.114816044890560079e+04 1.842156271832645942e+01
1.262702239822390584e+04 1.850691038672770716e+01
1.430206314091042805e+04 1.874148722223545249e+01
1.619930682275181971e+04 1.890899088040458054e+01
1.834822982895523455e+04 1.896912309645637151e+01
2.078221874181240855e+04 1.932304204896178135e+01
2.353908904884976437e+04 1.949249182942311975e+01
2.666167266033487977e+04 1.962189676724385023e+01
3.019848336406135422e+04 1.979280806909855173e+01
3.420447055620088940e+04 2.016678996528941781e+01
3.874187295850571536e+04 2.036334554589644341e+01
4.388118558557526558e+04 2.062049595306110561e+01
4.970225498540192348e+04 2.081894572265950316e+01
5.629551976931904210e+04 2.106717277049897064e+01
6.376341570475256594e+04 2.138348031390253112e+01
7.222196720089476730e+04 2.176527340358291340e+01
8.180258991329958371e+04 2.196132147334191842e+01
9.265413247343056719e+04 2.208384281917933478e+01
1.049451890643415536e+05 2.227691748396781435e+01
1.188667187716491462e+05 2.276044494422776410e+01
1.346350124051489111e+05 2.375757219038488444e+01
1.524950528848783579e+05 2.408528081671348531e+01
1.727243214000142762e+05 2.458525654583598907e+01
1.956371084747089772e+05 2.515868214084197163e+01
2.215893969194189995e+05 2.601731711325085428e+01
2.509843925313355285e+05 2.683752604452866919e+01
2.842787884712322848e+05 2.766088437234543207e+01
3.219898606427565683e+05 2.838047580516171564e+01
3.647035043109928956e+05 3.017117157927900450e+01
4.130833368206265150e+05 3.224692804636592314e+01
