2.200320121498656789e+01 1.306049888018168126e+01
2.494037755089093267e+01 1.305942507041178580e+01
2.826963341849183209e+01 1.305801564293926020e+01
3.204330696218197261e+01 1.305615118061352931e+01
3.632072287152414702e+01 1.305365605933458362e+01
4.116912500532460228e+01 1.305025609694713040e+01
4.666473351038012396e+01 1.304547972098778885e+01
5.289394305351775927e+01 1.303836621286189335e+01
5.995468100394151634e+01 1.302616268866603377e+01
6.795794691742734983e+01 1.297124063495784085e+01
7.702955752409494039e+01 1.304862928109857201e+01
8.731212465213883434e+01 1.303474516618180346e+01
9.896729718181252622e+01 1.300851589360200933e+01
1.121783022746917879e+02 1.295040833292142679e+01
1.271528258280525279e+02 1.303015169218149083e+01
1.441262774370462978e+02 1.299324078524870174e+01
1.633654911920770871e+02 1.298370481596729675e+01
1.851729204904077051e+02 1.293746704717933405e+01
2.098913928072578017e+02 1.285722783071078190e+01
2.379094991745981247e+02 1.279408208332768382e+01
2.696677030938780035e+02 1.295142384926486478e+01
3.056652649189065869e+02 1.309707524865426187e+01
3.464680905648519911e+02 1.316923826921677332e+01
3.927176279303482715e+02 1.311266028048713039e+01
4.451409508904579297e+02 1.315954895256060020e+01
5.045621893876499371e+02 1.335589796311480626e+01
5.719154853095228646e+02 1.370166629134834224e+01
6.482596778283939329e+02 1.383521306871814893e+01
7.347949490661846994e+02 1.399725603206355373e+01
8.328816917656638452e+02 1.408392644013527573e+01
9.440618955805479118e+02 1.423007544165093385e+01
1.070083388191339964e+03 1.445370765364395460e+01
1.212927312333579493e+03 1.449403543384995174e+01
1.374839270695882306e+03 1.447791863255276112e+01
1.558364628306554096e+03 1.469960162874043164e+01
1.766388527386059650e+03 1.473695415067810899e+01
2.002181243725788136e+03 1.532090331856418075e+01
2.269449597625925890e+03 1.544709989050750742e+01
2.572395227607005836e+03 1.542083296005176685e+01
2.915780642997128780e+03 1.565095402765075683e+01
3.305004093786010344e+03 1.578011010584577889e+01
3.746184434750376568e+03 1.609349160242872046e+01
4.246257317971921111e+03 1.636775799227418204e+01
4.813084225958977186e+03 1.640918196477303681e+01
5.455576059446031650e+03 1.645390079260057092e+01
6.183833222754487906e+03 1.648315522127824195e+01
7.009304408950918514e+03 1.680540329383164178e+01
7.944966581012429742e+03 1.733978854221098942e+01
9.005528978424244997e+03 1.758751929203450004e+01
1.020766435633066249e+04 1.777652294027833335e+01
1.157027109247449880e+04 1.789996143928820871e+01
1.311477028242271626e+04 1.832251558377436851e+01
1.486544249361520997e+04 1.854863213959956880e+01
1.684980947223716430e+04 1.867109593420149949e+01
1.909906680360419705e+04 1.889643250049419265e+01
2.164857432777274880e+04 1.908787211541846318e+01
2.453841202003963554e+04 1.922955142289441710e+01
2.781401007514635421e+04 1.954699857774158644e+01
3.152686310053625493e+04 1.990614476981513548e+01
3.573533964626368106e+04 2.018099714703024006e+01
4.050559979791020305e+04 2.051932463607693080e+01
4.591263525768691761e+04 2.072108686150665235e+01
5.204144826449779794e+04 2.098337268976898429e+01
5.898838788638169353e+04 2.121661056025115499e+01
6.686266469275024428e+04 2.149564394434750980e+01
7.578806761808882584e+04 2.190636159432805385e+01
8.590491000737508875e+04 2.233601564921425364e+01
9.737223543635857641e+04 2.251988203001060285e+01
1.103703179836828494e+05 2.310722133430878600e+01
1.251034962608107890e+05 2.336422143861933165e+01
1.418033857526125503e+05 2.396465503883468529e+01
1.607325199687741988e+05 2.442391819528228325e+01
1.821884776473781676e+05 2.481768096828857040e+01
2.065085608930764138e+05 2.518057368011276509e+01
2.340750977933382092e+05 2.643859748900691287e+01
2.653214528734717751e+05 2.714430896204958543e+01
3.007388398788197665e+05 2.790975695163457715e+01
3.408840439856549492e+05 2.908231422113496478e+01
3.863881748391283327e+05 3.027551142348745827e+01
4.379665880219239043e+05 3.344425309341009722e+01
