22.001806110309033 8.128283940830238
24.935819964461952 7.9165225706963245
28.26109430210435 7.125966106168942
32.029805007042555 10.368447779320734
36.301085790325466 10.352517880918771
41.14195603959577 10.328853254702425
46.62837240023106 10.281721515334274
52.846420588319496 10.268789375051508
59.89366613585078 10.249925248559009
67.88068526226046 10.14865804027244
76.9327998927747 10.030240381283292
87.19204404720857 10.074927933959266
98.81939245323579 10.159890886416242
111.99728635263332 10.648749220004095
126.9324961321701 10.452604007038277
143.85936569582384 10.530495332301767
163.04348948479898 10.646193255293163
184.7858798403659 10.926664922823381
209.42769009836275 11.867401959191039
237.35556752402243 11.862218923286974
269.00772007842147 11.84811572347543
304.8807922083664 12.007113032502886
345.53765754567763 12.176073459397804
391.61625078878143 11.992147833634185
443.8395773450199 12.207004421052098
503.0270577919776 12.301013570142134
570.1073851603708 12.62921667769292
646.1330967782762 12.864628229146966
732.2970893191397 12.86043653966819
829.9513361862413 13.07323510496967
940.628100922487 12.839195717009002
1066.0639794987917 13.105552839615108
1208.2271487213989 13.721524960475762
1369.3482483047305 13.990248200891584
1551.9553811711376 14.027618360795161
1758.9137811567537 14.262664357725523
1993.4707705375636 14.40592476819413
2259.30671279076 14.499216530433022
2560.5927600758887 14.696928098899743
2902.0563015342495 15.046839114278711
3289.055139336193 15.090864151277142
3727.6615563504593 15.340488376165752
4224.757594516204 15.607496530793679
4788.143038902079 15.852407340062705
5426.6578017979355 15.989344567480716
6150.3206271312565 16.234512987073504
6970.486291577798 16.415419987086945
7900.023768961968 16.567176639043495
8953.518153471221 16.784295861981327
10147.499510001107 16.92652314255513
11500.702242453286 17.12138933712355
13034.35904965672 17.44534878423578
14772.53408128639 17.473438999916684
16742.50052122934 17.806986367087443
18975.168522945467 18.069924850001584
21505.570211428778 18.304295227198377
24373.409361789516 18.445052264041887
27623.684379299277 18.71289571916649
31307.39435589236 18.95569043257383
35482.33928164452 19.21655171655037
40214.02696710777 19.305216933013956
45576.70090674809 19.835139049458547
51654.505211383184 20.058408003582137
58542.80488822657 20.30878441441669
66349.68218465665 20.708348055120155
75197.63247439273 21.12404883785665
85225.48629572017 21.37402578832819
96590.58769989078 21.7797857423406
109471.26308951096 22.063670980062557
124069.61928472128 22.328912954514585
140614.71472078588 22.85200569109632
159366.15353540378 23.09017375655721
180618.15893948963 23.770704348873345
204704.18978546414 24.03453537923768
232002.1727702468 24.76149921747559
262940.4323698779 25.70920221501375
298004.4115506009 26.392632109846282
337744.28870907077 27.871780555320143
382783.61035681155 29.364332653402773
433829.07500179496 33.074061057227915