1.065188444419621011e-03 8.049553273238506890e+00 2.618930655126195362e+01
1.204064399830562238e-03 8.060657484007274221e+00 2.308705246734048444e+01
1.361046570242559206e-03 8.075806552705023122e+00 2.032851596872167121e+01
1.538495587636104240e-03 8.096954112446281826e+00 1.787014660952085876e+01
1.739079855844999616e-03 8.127478173781357285e+00 1.567131143617967481e+01
1.965815676893068169e-03 8.173842700441225517e+00 1.369186098740949653e+01
2.222112608877793716e-03 8.250467879108997593e+00 1.188616534336675379e+01
2.511824737473730262e-03 8.399444738853578230e+00 1.017952983962920044e+01
2.839308632055000808e-03 8.904596395734467151e+00 8.152757810368528979e+00
3.209488857956733793e-03 7.603467677088020515e+00 7.625730500441833648e+00
3.627932030021342562e-03 5.584534324770805469e+00 5.223801499936680415e+00
4.100930521015760943e-03 6.393119321687347423e+00 5.859390287517775242e+00
4.635597083691683773e-03 8.125028193326386372e+00 7.618680352920555343e+00
5.239971809375666700e-03 8.058810857677327633e+00 6.830934309006330807e+00
5.923143031487395661e-03 7.075583882529531188e+00 6.835382177355935340e+00
6.695383992082555059e-03 7.084984729385642943e+00 6.006056130559110251e+00
7.568307326554341539e-03 7.098145998837989801e+00 5.260929888966353829e+00
8.555039689569731570e-03 7.117245890232551275e+00 4.582116299607830179e+00
9.670419148192064066e-03 7.146572540907648374e+00 3.937140792461471417e+00
1.093121831050477416e-02 7.195460578497522519e+00 3.244662746727634328e+00
1.235639654505093360e-02 7.330829578841277616e+00 2.994707902322385706e+00
1.396738508385862894e-02 7.336798358774675677e+00 3.197878095452602043e+00
1.578840929631174575e-02 6.959797964908291057e+00 2.735483429793840404e+00
1.784685298008542587e-02 6.705371098980131173e+00 2.314216898317547511e+00
2.017367014720030868e-02 6.866919204695157930e+00 1.909072327716000883e+00
2.280385049746136428e-02 6.463579970961260024e+00 1.616010528077785224e+00
2.577694557887556803e-02 6.099022177355780450e+00 1.465139587085397599e+00
2.913766354722780935e-02 6.280333318149860844e+00 1.383892512658495333e+00
3.293654146855994058e-02 6.488297896195097003e+00 1.372331575729112796e+00
3.723070527435545785e-02 6.759129710189406559e+00 1.260556595371646882e+00
4.208472879731666588e-02 6.613009672535447692e+00 1.228634898695299071e+00
4.757160480555403664e-02 6.791390767683758156e+00 1.196130891842008603e+00
5.377384263719207219e-02 6.735932984442805527e+00 1.170597500015895021e+00
6.078470894116011491e-02 6.554168396744200820e+00 1.150193366371412562e+00
6.870963018190739957e-02 6.305161636238421075e+00 9.908001877795612478e-01
7.766777799831935114e-02 6.393861137888732671e+00 1.004544445388849683e+00
8.779386125679711217e-02 6.714320964521391488e+00 9.432790227759346724e-01
9.924015174664235772e-02 6.498129255207284238e+00 8.786054558324117858e-01
1.121787739793037725e-01 6.946524367850930304e+00 8.961178286174147356e-01
1.268042935245258240e-01 6.800572050993496376e+00 8.627412439243774545e-01
1.433366428057115671e-01 6.866938593926982470e+00 8.941663278474554222e-01
1.620244283513818662e-01 6.517261349289257488e+00 7.734169572404487880e-01
1.831486692357915946e-01 6.422435301382421358e+00 7.294908614704259664e-01
2.070270229258014405e-01 6.380379461584409384e+00 6.690577882132541232e-01
2.340185620805177447e-01 6.093891105319903190e+00 6.369536695636254242e-01
2.645291741352084891e-01 6.088179928801699781e+00 6.266656781690063127e-01
2.990176648661708736e-01 6.211377881732969897e+00 6.463373432367618410e-01
3.380026577193971926e-01 6.007214793088175853e+00 6.103112584438884491e-01
3.820703926522473481e-01 6.063789079260562431e+00 5.652567846919146488e-01
4.318835417638346996e-01 6.038610922239825207e+00 5.505997526071200188e-01
4.881911742798760168e-01 5.676619703044769594e+00 5.170253680424746756e-01
5.518400207412621494e-01 5.689191174200772139e+00 5.187440017830129424e-01
6.237872057824902505e-01 5.729823065397803283e+00 5.183601723267191597e-01
7.051146409701353202e-01 5.832083095537064388e+00 5.161835855433636322e-01
7.970452941348201703e-01 5.713611468622888268e+00 4.896548212101325959e-01
9.009615798480760107e-01 5.629938609985063458e+00 4.672471160852203487e-01
1.018426147592356390e+00 5.536811741592527092e+00 4.455135716244187361e-01
1.151205380227982022e+00 5.489125018165780467e+00 4.320300795791227610e-01
1.301295956117102026e+00 5.616190988128385797e+00 4.346755276645588584e-01
1.470954874334736484e+00 5.330099783699075999e+00 4.227962834226984823e-01
1.662733394473416393e+00 5.132874844380872936e+00 4.111634723696757088e-01
1.879515401413971443e+00 5.018743751314615587e+00 4.131704549378092950e-01
2.124560771975763096e+00 5.035194238121516896e+00 4.167210690465847911e-01
2.401554395575860035e+00 4.894657074911862971e+00 4.017022526633828861e-01
2.714661586049246456e+00 4.865989493707081337e+00 4.189606969946048087e-01
3.068590717889747577e+00 4.613036351334716123e+00 4.148581249109898894e-01
3.468664028809187005e+00 4.367417340270942638e+00 4.026510941366663321e-01
3.920897653313916820e+00 4.225258706315447199e+00 3.901877430515701684e-01
4.432092090810067830e+00 4.163047782444579958e+00 3.881329806796131598e-01
5.009934468658896023e+00 4.046621896079696690e+00 3.906946531838776937e-01
5.663114137971120066e+00 3.843402740231793846e+00 3.863661883035092171e-01
6.401453340421316085e+00 3.632110074796344179e+00 3.799529025525488213e-01
7.236054910995020073e+00 3.301775295664175491e+00 4.040950345948102762e-01
8.179469237760464750e+00 3.136412290613881826e+00 4.677896364429929288e-01
9.245882989335953539e+00 2.923345997501872962e+00 4.503755753909345905e-01
1.045133244805724537e+01 2.829452213280810202e+00 5.067996284272696661e-01
1.181394465685956696e+01 2.691984749777550867e+00 5.962639161515667086e-01
1.335421000613988873e+01 2.180671345340517764e+00 6.708322784991802568e-01
1.509529035964626686e+01 2.125557820278605625e+00 6.961499026550466152e-01
1.706336735286194539e+01 2.058164770637068042e+00 1.042954489506217275e+00