1.065734421460086054e-03 6.379541487515993481e+00 2.690765174018740780e+01
1.205845292709642859e-03 6.379409658254910021e+00 2.375360936452580418e+01
1.364376378082916147e-03 6.379239674575713615e+00 2.096204119507029873e+01
1.543749361817092856e-03 6.379020087591396049e+00 1.849011596756920639e+01
1.746704304173940341e-03 6.378735791524775323e+00 1.629978439613778463e+01
1.976341497967372147e-03 6.378366784563991310e+00 1.435713580262326516e+01
2.236168827920262912e-03 6.377886605296368749e+00 1.263177089705587974e+01
2.530155356301098078e-03 6.377260761993538196e+00 1.109613473136071526e+01
2.862791953402279814e-03 6.376446952055228046e+00 9.724691624485888752e+00
3.239159899037257970e-03 6.375405666897347778e+00 8.492646584750092487e+00
3.665008502997108789e-03 6.374165671268869460e+00 7.373321783924847495e+00
4.146842930178731325e-03 6.373239279641438770e+00 6.330705156825816360e+00
4.692023571981024203e-03 6.377859045870367005e+00 5.285484171506870332e+00
5.308878481943543615e-03 6.204243107594397344e+00 3.766076817558925871e+00
6.006830593168463461e-03 6.495039779310122441e+00 5.684689854235958073e+00
6.796541660869809959e-03 6.514556183857195037e+00 4.942380205044239361e+00
7.690075128883110990e-03 6.570180188905805352e+00 4.252397774199649483e+00
8.701080408046568682e-03 6.722455780146805004e+00 3.559829322101752513e+00
9.845001381447830713e-03 5.891861885121089770e+00 2.930746757970471794e+00
1.113931232161427531e-02 5.916098292334178943e+00 2.573304637457206390e+00
1.260378482346332339e-02 6.721844925342069565e+00 2.990408317557535778e+00
1.426078983061887517e-02 6.284223134438918557e+00 2.210162858179488765e+00
1.613563936877810204e-02 6.548084405401391805e+00 2.470886254905725110e+00
1.825697320636853957e-02 6.589813899024993482e+00 2.470139438321123482e+00
2.065719634903439433e-02 6.877842381300421692e+00 2.177047624320354480e+00
2.337297405101675107e-02 6.458218855118833979e+00 1.847748210577932371e+00
2.644579190510713829e-02 6.428774350370960455e+00 1.775178270697400640e+00
2.992258956697923383e-02 6.918943214988798829e+00 1.738522291136850750e+00
3.385647779452521933e-02 7.077924084576427077e+00 1.487256627713291701e+00
3.830754975552394526e-02 6.468375032778383549e+00 1.351482793896881862e+00
4.334379899698960481e-02 6.482303570437909279e+00 1.471083525372684386e+00
4.904215809888835820e-02 6.096356327821177423e+00 1.248067480792655948e+00
5.548967387845736565e-02 6.017490689554071182e+00 1.148773745948898029e+00
6.278483709727587792e-02 6.189202932782835731e+00 1.088782175554466214e+00
7.103908698338623484e-02 6.308159848820039883e+00 1.106706125748915914e+00
8.037851355119748908e-02 6.113787436747832871e+00 1.143532012137863374e+00
9.094578372341680095e-02 6.269348203421421850e+00 1.094945707614586539e+00
1.029023206780026317e-01 6.073157825401581889e+00 9.615794626525757671e-01
1.164307697113401707e-01 5.718555985954862031e+00 8.564390514502993046e-01
1.317377882855951254e-01 5.894717599758978466e+00 8.401826232169322672e-01
1.490572028803649474e-01 5.480155807334019968e+00 7.371747788194461526e-01
1.686535808719639151e-01 5.646800778233159512e+00 7.469776473917333348e-01
1.908262720035446280e-01 5.712635907018860593e+00 7.290408395052362378e-01
2.159139811826207289e-01 5.915838137904097849e+00 7.932653953123494084e-01
2.442999424589877566e-01 5.884419648283280679e+00 7.597721909536081508e-01
2.764177732195355897e-01 5.597747626230540341e+00 6.960785542103091750e-01
3.127580980272785527e-01 5.571556973109744959e+00 6.770209711708765621e-01
3.538760432888387042e-01 5.608027196340180431e+00 6.207135957151815875e-01
4.003997172371911439e-01 5.740800835105210886e+00 6.223497993675201068e-01
4.530398047679286555e-01 5.663423538218918196e+00 5.898538491766639469e-01
5.126004236975489903e-01 5.635051959964414436e+00 5.759536565949362474e-01
5.799914082814559002e-01 5.362124630967126215e+00 5.155926939860449032e-01
6.562422076318603636e-01 5.421236799178916321e+00 5.046594427227892865e-01
7.425176113446004811e-01 5.313345657725670357e+00 4.851871983341439210e-01
8.401355425559249301e-01 5.143874129182925969e+00 4.591618199112258436e-01
9.505871902318636657e-01 5.057540672990463726e+00 4.294258243730773583e-01
1.075559788226384539e+00 5.102797712908701655e+00 4.281551721315270953e-01
1.216962389075973094e+00 4.979408097843629477e+00 4.041456809287519714e-01
1.376955026245159974e+00 4.921490705006979383e+00 3.790790016386902384e-01
1.557981710298725897e+00 4.911600375862797740e+00 3.845350637196069399e-01
1.762807763042490539e+00 4.661405517153587752e+00 3.761868728363986780e-01
1.994562059940384380e+00 4.726181233431221429e+00 3.783707136412901018e-01
2.256784826093221952e+00 4.804819901040599639e+00 3.953391368526061878e-01
2.553481715899500237e+00 4.579176647684898960e+00 3.705477791933827203e-01
2.889185002506622801e+00 4.583067812520891238e+00 3.678517676561079974e-01
3.269022811768484083e+00 4.360424574921009544e+00 3.749479993941447487e-01
3.698797458311334552e+00 4.120742265312900443e+00 3.691431168016141573e-01
4.185074080351601111e+00 3.939570386502948551e+00 3.470553059682895958e-01
4.735280927230630432e+00 3.806633305214394358e+00 3.543180488363887326e-01
5.357822831635600025e+00 3.572325226072934345e+00 3.919273732091217433e-01
6.062209599882013578e+00 3.564622445516100413e+00 3.937095059837568134e-01
6.859201281518062743e+00 3.412322088359002858e+00 3.806808592348852605e-01
7.760972537355806722e+00 3.049771750226148992e+00 3.623822650180302252e-01
8.781298616777208466e+00 2.840202474796582610e+00 3.807599979524540212e-01
9.935765785261418515e+00 2.636198888613230817e+00 3.883009583771341311e-01
1.124200941657556996e+01 2.322966680887998514e+00 4.247062814723202573e-01
1.271998338667043527e+01 2.023943167176823987e+00 4.970752608736038747e-01
1.439226488447982177e+01 1.669601065233144999e+00 4.715618142524311551e-01
1.628439929584302348e+01 1.548440599469678158e+00 6.090318965520584715e-01
1.842529042891757030e+01 1.241007245118139535e+00 8.310670591089989179e-01