22.251189896460698 16.571087154503356
25.756513961038614 16.57096162478359
29.814046552660898 16.57079336835996
34.51077941637672 16.570567815118686
39.947408474798785 16.5702654036502
46.24049270516208 16.56985985455905
53.524953113417645 16.56931583146133
61.95696538228562 16.568585762121906
71.71730821039169 16.567605497599203
83.01523912943097 16.566288348217018
96.09298089520371 16.564516820919284
111.23091463880819 16.562131049089768
128.75359111690722 16.558912362086964
149.03668893967608 16.554559527269532
172.5150689578322 16.548653590215544
199.69209749132182 16.54060428241079
231.1504382856589 16.529565226215126
267.5645445707944 16.514293302109614
309.71511904685957 16.492901078738882
358.50585181262755 16.462386268219113
414.98279509064514 16.417641685538868
480.3567901347674 16.349053274151572
556.0294271433002 16.23523950229522
643.6230947470674 16.009786102919808
745.0157633204393 15.390447218281452
862.3812478544781 18.436589376558366
998.2358136107963 18.43461351502722
1155.4921237612039 18.43177714762006
1337.5216856272257 18.427521008212164
1548.2271343398666 18.42044935783215
1792.1259036500537 18.404501990689237
2074.4470777557676 18.40309684456321
2401.243500607169 18.425234490921046
2779.521546264785 18.40886705691818
3217.3913325311155 18.385368752443924
3724.240598371035 18.346181494338097
4310.935972977699 18.328126729120086
4990.055951605762 18.337893495848874
5776.160573073046 18.442549191169995
6686.103580699784 18.3578240253472
7739.393759280994 18.519347495048816
8958.613195000566 18.540313448426193
10369.901425598775 18.51085840382613
12003.515860763613 18.579266021495314
13894.480487916884 18.589521591357105
16083.336771366714 18.56735506725232
18617.012843779816 18.678369462086376
21549.829625062932 18.661222215413577
24944.665439407516 18.74817172979203
28874.30409938356 18.83430651792783
33422.99535942306 18.822033996031067
38688.261194141276 19.01279238652561
44782.986627322294 19.084807649893765
51837.83993803863 19.351912618824343
60004.074132078196 19.506518242084447
69456.7697410149 19.726814800598873
80398.58847313373 19.943361312123503
93064.11819286345 20.093791301441453
107724.90238319822 20.46172340742261
124695.26192060861 20.902217045909435
144339.0339787798 21.256668798608942
167077.37254036043 21.689601520858925
193397.77775632282 22.087889796578665
223864.54773849627 22.660451748007922
259130.87686718808 23.059808187188473
299952.85999637836 23.63746314962721
347205.7028005969 24.453758206174314
401902.4858063099 24.901738650550364
465215.88440054114 25.532861672052167
538503.3104843253 26.2611025409931
623336.0147971774 27.016320634523858
721532.7738538336 28.116303671146124
835198.8837266274 28.997914398872126
966771.2966833487 29.539553397006387
1119070.8683905841 30.34398895697449
1295362.8358400008 32.00527660723456
1499426.822618169 33.1325966601736
1735637.87240266 34.109209526373526
2009060.2480075515 35.40303045817871
2325556.00698932 37.3553391591267