2.204877989283031070e+01 1.732386866718182006e+01
2.508948348316447152e+01 1.732381549590304459e+01
2.854952448668935361e+01 1.732374655785067930e+01
3.248673289599629754e+01 1.732365714267857726e+01
3.696691392348274263e+01 1.732354110966741700e+01
4.206494784812903021e+01 1.732339043592068606e+01
4.786604153996716349e+01 1.732319461196426147e+01
5.446715257981158942e+01 1.732293982356037176e+01
6.197860977652327108e+01 1.732260783015645700e+01
7.052595716660157166e+01 1.732217440452399160e+01
8.025205231611013801e+01 1.732160711895955174e+01
9.131945399526748020e+01 1.732086212720407659e+01
1.039131391325143738e+02 1.731987934407538887e+01
1.182435944583383218e+02 1.731857494898002869e+01
1.345503345115781997e+02 1.731682916630030533e+01
1.531059048070146105e+02 1.731446512111292080e+01
1.742204370718786208e+02 1.731120927597175552e+01
1.982468326860100092e+02 1.730660892594773870e+01
2.255866609599882793e+02 1.729982754818762913e+01
2.566968708331243079e+02 1.728847314896940546e+01
2.920974281684367497e+02 1.727130972201063130e+01
3.323800062918618323e+02 1.721437152383835567e+01
3.782178750265213694e+02 1.726482634444531428e+01
4.303771535041329912e+02 1.732125961278177328e+01
4.897296148293670512e+02 1.728165244324132743e+01
5.572672566101191478e+02 1.710752976808356252e+01
6.341188808807690975e+02 1.748419535734479879e+01
7.215689605298397282e+02 1.748253599331308550e+01
8.210791075593463120e+02 1.747963196620979076e+01
9.343125019892993350e+02 1.747404388941936659e+01
1.063161689704070113e+03 1.746627903241995838e+01
1.209780213844723903e+03 1.746823576680278123e+01
1.376618608424056674e+03 1.745835843864536940e+01
1.566465355749834544e+03 1.745746467788206502e+01
1.782493492205197299e+03 1.745519864957816836e+01
2.028313641339983178e+03 1.747552684561842895e+01
2.308034360650704002e+03 1.746388811003363628e+01
2.626330810665486297e+03 1.747551978948195028e+01
2.988522894046597685e+03 1.746515355399323965e+01
3.400664170701922558e+03 1.745929782484664372e+01
3.869643035003457953e+03 1.746105917392893048e+01
4.403297846155739535e+03 1.750021075041715690e+01
5.010547935965482793e+03 1.747541707914546194e+01
5.701542683633396337e+03 1.745757236867082796e+01
6.487831149155472303e+03 1.748582874611724236e+01
7.382555100530838899e+03 1.750554391354732076e+01
8.400668660969775374e+03 1.750530372500988108e+01
9.559188247213391151e+03 1.751062580496484600e+01
1.087747697635225268e+04 1.749923841279466075e+01
1.237756829462636233e+04 1.757304081174959975e+01
1.408453423723233573e+04 1.762908124053387482e+01
1.602690447411165587e+04 1.768355932864079350e+01
1.823714314551408825e+04 1.778494939162484556e+01
2.075219145700976514e+04 1.788258851064165356e+01
2.361408510270534316e+04 1.796686958991673322e+01
2.687065683607374012e+04 1.805968640206705444e+01
3.057633593093626405e+04 1.818191709434125158e+01
3.479305789452636964e+04 1.837668109920571879e+01
3.959129963728114672e+04 1.857247984241009675e+01
4.505125740084984864e+04 1.879673095002496552e+01
5.126418713182229112e+04 1.903315093339763209e+01
5.833392970374492870e+04 1.935504887296612964e+01
6.637864647948615311e+04 1.965073523010160272e+01
7.553279422157179215e+04 1.993997188739125548e+01
8.594937235849574790e+04 2.029954779487045258e+01
9.780248016707922216e+04 2.065877200954708570e+01
1.112902266107873002e+05 2.107063925151592088e+01
1.266380414680875110e+05 2.151590243570320382e+01
1.441024430919666775e+05 2.194869270701972042e+01
1.639753257737040985e+05 2.249287612636071287e+01
1.865888383684961300e+05 2.299397851523769276e+01
2.123209357226838765e+05 2.353112948959787332e+01
2.416016956873206946e+05 2.398873349751628226e+01
2.749205072985764127e+05 2.469108280792654853e+01
3.128342502658732119e+05 2.548498023526450496e+01
3.559766024770381628e+05 2.612650139906319424e+01
4.050686310830682633e+05 2.699688865300858964e+01
4.609308441784307361e+05 2.820583773122162086e+01
5.244969045047374675e+05 2.955774900789871396e+01
5.968292343841476832e+05 3.237030699980390125e+01
