2.204742783151073837e+01 1.764705287100088071e+01
2.508505455625975600e+01 1.764704861577788364e+01
2.854119613858874871e+01 1.764704310489710792e+01
3.247351426700873844e+01 1.764703596718820222e+01
3.694761507993905525e+01 1.764702672096657210e+01
4.203814372755554984e+01 1.764701474123472735e+01
4.783002973900023846e+01 1.764699921550580086e+01
5.441990397245056954e+01 1.764697908777703361e+01
6.191771078820662666e+01 1.764695298229339926e+01
7.044854234202281873e+01 1.764691910449860401e+01
8.015472560172685235e+01 1.764687510730752962e+01
9.119819690656279931e+01 1.764681791138273326e+01
1.037632036860097031e+02 1.764674345965719482e+01
1.180593784131004043e+02 1.764664637607561204e+01
1.343252360775642842e+02 1.764651948147071536e+01
1.528321535300512153e+02 1.764635308553350868e+01
1.738888970881507419e+02 1.764613391045844537e+01
1.978467739420288751e+02 1.764584336529354047e+01
2.251054933048719136e+02 1.764545457410987694e+01
2.561198350945934408e+02 1.764492672807262252e+01
2.914072374059741151e+02 1.764419276087106070e+01
3.315564293613522295e+02 1.764312639661357451e+01
3.772372533689023726e+02 1.764141929445103329e+01
4.292118406614181367e+02 1.763760080714601841e+01
4.883473265664198379e+02 1.763700249615164140e+01
5.556303176470283915e+02 1.764249065042448450e+01
6.321833520809663014e+02 1.763822174574905688e+01
7.192836278998976240e+02 1.763146596994012683e+01
8.183843115479205608e+02 1.763824738523887348e+01
9.311387822676440464e+02 1.763677550192927157e+01
1.059428216803130908e+03 1.762858096517998163e+01
1.205392974638280066e+03 1.761561936452600463e+01
1.371468307396725550e+03 1.757097558059187392e+01
1.560424988172904250e+03 1.763360028876812535e+01
1.775415538647263020e+03 1.762904428849486038e+01
2.020026825231076600e+03 1.762276122531004674e+01
2.298339901746152464e+03 1.762819561365709831e+01
2.614998097044698625e+03 1.760165873461232167e+01
2.975284483531830119e+03 1.759877331722869798e+01
3.385210019062572428e+03 1.760549444740667724e+01
3.851613832758057924e+03 1.751196569283519011e+01
4.382277327892727953e+03 1.764880323796782591e+01
4.986054005525993489e+03 1.769253905619911293e+01
5.673017174834160869e+03 1.767381693396672304e+01
6.454628014517114025e+03 1.770887518501691460e+01
7.343926789188162729e+03 1.770283279233834861e+01
8.355750410969340010e+03 1.772876728383660350e+01
9.506979976053435166e+03 1.781276114658584220e+01
1.081682240609144719e+04 1.783187624369793056e+01
1.230713089326321460e+04 1.787132953156881499e+01
1.400276949528326440e+04 1.795543734584526163e+01
1.593202796318401852e+04 1.802091573925984846e+01
1.812709372279377567e+04 1.803392012520112786e+01
2.062458888436953566e+04 1.805608138784515759e+01
2.346618123976357674e+04 1.814690268895246561e+01
2.669927944089852463e+04 1.824835630184488622e+01
3.037782395779231956e+04 1.849816321667266195e+01
3.456318701234454056e+04 1.865848644466267459e+01
3.932519650222895143e+04 1.885633231403201293e+01
4.474330099786762730e+04 1.905913268209350875e+01
5.090789524910095497e+04 1.938446530126372025e+01
5.792182831608571723e+04 1.963327404355802486e+01
6.590211948582487821e+04 1.994383069487254900e+01
7.498191060239376384e+04 2.028274279273231784e+01
8.531268738321369165e+04 2.063387415550220894e+01
9.706680678144241392e+04 2.104510154614173700e+01
1.104403725605737127e+05 2.147460955372391922e+01
1.256565070568512019e+05 2.182190748521902179e+01
1.429690737150341156e+05 2.232893399214699670e+01
1.626669125036798650e+05 2.277165051132512019e+01
1.850786588729038485e+05 2.333907370803237313e+01
2.105782266533019138e+05 2.380328146306877812e+01
2.395910463718048704e+05 2.427671567582724421e+01
2.726011630634856410e+05 2.513687225597525554e+01
3.101593119980215561e+05 2.580425945201963245e+01
3.528921070548858843e+05 2.630182426783346727e+01
4.015124950445839786e+05 2.713906346039369311e+01
4.568316503940775874e+05 2.825112670707062534e+01
5.197725086453486001e+05 2.972410078900437824e+01
5.913851645577263553e+05 3.317143562510766941e+01
