1.068106403713112943e-03 8.990399087317882731e+00 4.083936125624031206e+02
1.213596175592805432e-03 8.990402691601627083e+00 3.594338907632237010e+02
1.378903517752032119e-03 8.990407343867509837e+00 3.163435895183733351e+02
1.566727837074934505e-03 8.990413350749538068e+00 2.784190604321237288e+02
1.780136234235729425e-03 8.990421105547124370e+00 2.450410101397507390e+02
2.022613588302126994e-03 8.990431117599849031e+00 2.156643876060356320e+02
2.298119463503190633e-03 8.990444043782151340e+00 1.898094835788528769e+02
2.611152767427809933e-03 8.990460733124551851e+00 1.670540971931657737e+02
2.966825216497910502e-03 8.990482281520270291e+00 1.470266414899141125e+02
3.370944808380010350e-03 8.990510104776516798e+00 1.294000756080451708e+02
3.830110664408311206e-03 8.990546032080724004e+00 1.138865643135192727e+02
4.351820790760492844e-03 8.990592426667090464e+00 1.002327777258277450e+02
4.944594518085797426e-03 8.990652343242347300e+00 8.821575455889882278e+01
5.618111618978589156e-03 8.990729731174759820e+00 7.763926122162972376e+01
6.383370375033555616e-03 8.990829698920958180e+00 6.833058738180559999e+01
7.252867174658271000e-03 8.990958857856620412e+00 6.013772564661324793e+01
8.240800574407991172e-03 8.991125770758987557e+00 5.292688930314945139e+01
9.363303156087755472e-03 8.991341538187057836e+00 4.658032757846870453e+01
1.063870496576130656e-02 8.991620568095006760e+00 4.099440273204382379e+01
1.208783283652698284e-02 8.991981590781824352e+00 3.607789757327228841e+01
1.373435048288923835e-02 8.992449005135233264e+00 3.175052574124451610e+01
1.560514492033931652e-02 8.993054678072953223e+00 2.794162039358930016e+01
1.773076552023183927e-02 8.993840372694171137e+00 2.458897984284106641e+01
2.014592286955873765e-02 8.994861064365570869e+00 2.163785121654840182e+01
2.289005558181352734e-02 8.996189538006142072e+00 1.904003542578627162e+01
2.600797431475469074e-02 8.997922881678157125e+00 1.675309863003321809e+01
2.955059351163659073e-02 9.000191873029931955e+00 1.473967698802654169e+01
3.357576281496781750e-02 9.003174939098499863e+00 1.296686275364938545e+01
3.814921172947165207e-02 9.007119657191289264e+00 1.140566060994240694e+01
4.334562296024047079e-02 9.012377329981392293e+00 1.003050326270704140e+01
4.924985195329346921e-02 9.019461647132894555e+00 8.818814028118259429e+00
5.595831255317754854e-02 9.029155201095955263e+00 7.750599465700457991e+00
6.358055140488005907e-02 9.042720813913886602e+00 6.808040862615520439e+00
7.224103680944622685e-02 9.062375065941852270e+00 5.975007114846843770e+00
8.208119124464217931e-02 9.092560584551815595e+00 5.236230809529144992e+00
9.326170074096379325e-02 9.144631679846570549e+00 4.574900372790307479e+00
1.059651388242350001e-01 9.277168428457361671e+00 3.954883472977601233e+00
1.203989478727937462e-01 9.225304940322070379e+00 3.408026459013556941e+00
1.367988265737107023e-01 9.386418788305075367e+00 3.257695781682767411e+00
1.554325787939291881e-01 8.672451165338310730e+00 2.761027945145133167e+00
1.766044867169482835e-01 8.722414904942240810e+00 2.365139032280161313e+00
2.006602796567313884e-01 8.662975380650189905e+00 2.075490829103919133e+00
2.279927796877062873e-01 9.009873157234268959e+00 1.916996039851153411e+00
2.590483162818776885e-01 8.649904548966105722e+00 1.661706858801225817e+00
2.943340147016690889e-01 8.715240795839720889e+00 1.442403770397198359e+00
3.344260771652153297e-01 8.697510850181172870e+00 1.281040132592103031e+00
3.799791920124289124e-01 8.391984773248511331e+00 1.126344035092748053e+00
4.317372245199906367e-01 8.263000539553264190e+00 1.038460949153336532e+00
4.905453639422649448e-01 8.253311807833588531e+00 9.141934320167068861e-01
5.573639251347601853e-01 8.177484109168499771e+00 8.108697318036580670e-01
6.332840301354664136e-01 8.177883073318264806e+00 7.139866660599454296e-01
7.195454257784127394e-01 8.105347936403379805e+00 6.281573457513470737e-01
8.175567282943891900e-01 8.067050501890005165e+00 5.441117765166217923e-01
9.289184254855678002e-01 8.134978109651337164e+00 5.048918216626608890e-01
1.055449012090906136e+00 7.930806566049458439e+00 4.555049987564120939e-01
1.199214685123044521e+00 7.995765259239011158e+00 4.290593221320244122e-01
1.362563084090411714e+00 8.023934884240409460e+00 4.022909658676533939e-01
1.548161627069702950e+00 7.866665108313826593e+00 3.723220931308072745e-01
1.759041068642419381e+00 7.740166637207612332e+00 3.498390392650283509e-01
1.998644990980230407e+00 7.617939450899127607e+00 3.287102707996643058e-01
2.270886036250010953e+00 7.455230051381823486e+00 3.145700699545562751e-01
2.580209798592638215e+00 7.342940525556839404e+00 3.133079455696433646e-01
2.931667419007597530e+00 7.221921938080882342e+00 3.080351285525722571e-01
3.330998068590619088e+00 7.093434973283113898e+00 3.072181035136922755e-01
3.784722667044682076e+00 6.845862411097267675e+00 3.014234393060031825e-01
4.300250366852510275e+00 6.519374917140591030e+00 3.005486479121673438e-01
4.885999541957147585e+00 6.179893873850342167e+00 3.064497439170870141e-01
5.551535256650382166e+00 5.905164672456807651e+00 3.142478811279939555e-01
6.307725459484402109e+00 5.729595080614760860e+00 3.320089131272558891e-01
7.166918452794647010e+00 5.385788493231791207e+00 3.387678376356605958e-01
8.143144535844623277e+00 4.942209636642133752e+00 3.461033719736677505e-01
9.252345114349548538e+00 4.738508411441128665e+00 3.796514952524636666e-01
1.051263301765142799e+01 4.232153729386958219e+00 3.927044754714781316e-01
1.194458827442736748e+01 3.949537042012104315e+00 4.098026339810161289e-01
1.357159417683747904e+01 3.665443389765188797e+00 4.461227582359242327e-01
1.542021912091391300e+01 2.995963481815806961e+00 4.463926340547713645e-01
1.752065045850115865e+01 2.576889357242964085e+00 4.410187161599519179e-01
1.990718744538719065e+01 2.516451393722708652e+00 5.138693541885313021e-01
2.261880133528349290e+01 2.157530989324391690e+00 7.231818590882920228e-01
2.569977176577852873e+01 1.738366118742739497e+00 1.234192635565575458e+00
