1.068418060375457036e-03 7.447621762045923077e+00 3.023255080782627715e+02
1.214616243097450983e-03 7.447590291837107301e+00 2.659333156323544358e+02
1.380819618003955663e-03 7.447549614610074364e+00 2.339211458800466517e+02
1.569765617988376494e-03 7.447497034547741812e+00 2.057617459695940738e+02
1.784566255642067428e-03 7.447429065323518671e+00 1.809913196652920533e+02
2.028759379287112773e-03 7.447341197387741474e+00 1.592018882529831103e+02
2.306366942685793807e-03 7.447227595576410231e+00 1.400345709771560507e+02
2.621961248151064277e-03 7.447080707606867023e+00 1.231736740872330671e+02
2.980740254107281176e-03 7.446890754012685854e+00 1.083414910726372540e+02
3.388613187445416348e-03 7.446645064540285297e+00 9.529372860888199170e+01
3.852297870740838126e-03 7.446327211635194843e+00 8.381548268517745726e+01
4.379431367350021531e-03 7.445915876146025347e+00 7.371769869180748458e+01
4.978695766753070753e-03 7.445383357468267072e+00 6.483405707975937560e+01
5.659961181874560363e-03 7.444693606938008301e+00 5.701823321296037506e+01
6.434448313603035631e-03 7.443799617060067320e+00 5.014148614653521463e+01
7.314913260008737775e-03 7.442639929922268749e+00 4.409053643197353978e+01
8.315857614137759160e-03 7.441133923567925912e+00 3.876569767381896980e+01
9.453767310773322080e-03 7.439175374663691720e+00 3.407923060191497910e+01
1.074738415606134832e-02 7.436623539271072225e+00 2.995389178391984331e+01
1.221801451219662292e-02 7.433290574274142415e+00 2.632165186577820748e+01
1.388988022132398373e-02 7.428923410611770528e+00 2.312256021604081369e+01
1.579051754850480799e-02 7.423176938996996377e+00 2.030373385806882069e+01
1.795123071449144375e-02 7.415573075738107534e+00 1.781844802058541077e+01
2.040760748816711906e-02 7.405435863935010410e+00 1.562530227201189170e+01
2.320010533065521713e-02 7.391783778078158562e+00 1.368742710681582686e+01
2.637471774511468761e-02 7.373140791666711102e+00 1.197167378677680638e+01
2.998373180725648346e-02 7.347181180802154543e+00 1.044767554586722724e+01
3.408658935339726331e-02 7.309999598634863816e+00 9.086520945130137861e+00
3.875086601014555987e-02 7.254419485868071504e+00 7.858325830792744604e+00
4.405338419071234274e-02 7.165322174123095245e+00 6.726270704465862948e+00
5.008147838931907569e-02 7.002366389042376404e+00 5.625529070644751606e+00
5.693443361358425242e-02 6.567949227792710509e+00 4.304298876232699911e+00
6.472512064641758323e-02 6.719890281078445327e+00 3.961608154988469632e+00
7.358185507080827747e-02 8.440095110721014038e+00 5.652501617801654277e+00
8.365051067635367876e-02 8.446246582686764981e+00 4.959194439153917777e+00
9.509692205613887173e-02 8.455596939356968988e+00 4.345519308606903941e+00
1.081096159656529665e-01 8.471522398824475886e+00 3.798330432944664548e+00
1.229029164302640476e-01 8.511256587888954783e+00 3.289492552114313462e+00
1.397204747435552008e-01 8.504846809963666487e+00 2.907871373596010667e+00
1.588392824969393768e-01 8.530424645120490368e+00 2.589265172343722998e+00
1.805742337366791628e-01 8.301478306951761255e+00 2.181350893672399316e+00
2.052833113887752303e-01 8.413332383216626909e+00 2.000069613781783939e+00
2.333734833741172299e-01 8.413404960081338757e+00 1.741087898325718974e+00
2.653074055251594121e-01 8.413412695629675753e+00 1.497192526755639186e+00
3.016110417037119462e-01 8.374778554189713731e+00 1.313839253499021753e+00
3.428823266260901392e-01 8.742432811644263779e+00 1.244893840507343974e+00
3.898010140756522635e-01 8.156387235443217421e+00 1.061330028106996837e+00
4.431398727065370968e-01 8.272907999619173225e+00 9.528949142324644184e-01
5.037774138377535404e-01 8.282124270095403418e+00 8.346818479769846366e-01
5.727123608692397116e-01 8.294783211169278303e+00 7.523307481405324681e-01
6.510800986366842569e-01 8.099067269183578333e+00 6.780919749735309088e-01
7.401713736322508286e-01 8.001507350913536598e+00 6.005699533684153435e-01
8.414535530909637018e-01 7.896772893998293519e+00 5.325473192077838647e-01
9.565947930880047689e-01 7.848075153182099584e+00 4.892360284490110955e-01
1.087491513704690771e+00 7.765869418858390105e+00 4.441126125000194880e-01
1.236299633789580632e+00 7.685155247824167368e+00 4.048097114760742521e-01
1.405470079763122992e+00 7.584323648375982607e+00 3.744455676199244798e-01
1.597789153309386645e+00 7.513987428445671135e+00 3.495129085771567778e-01
1.816424422826131035e+00 7.572024279964709059e+00 3.365752116552981343e-01
2.064976894482877690e+00 7.474131957423154837e+00 3.250438035263822356e-01
2.347540322164184623e+00 7.382470693799613848e+00 3.184996951818123700e-01
2.668768633155483627e+00 7.290610634132598911e+00 3.137977562413626353e-01
3.033952580098199903e+00 7.071212510741215596e+00 3.137959374773320320e-01
3.449106881701065053e+00 6.967266704198862293e+00 3.236927415121369500e-01
3.921069287448321283e+00 6.742191924402626491e+00 3.155237095589198404e-01
4.457613197938301575e+00 6.370196453305603690e+00 3.158018578703221668e-01
5.067575695752257303e+00 6.088899541143865335e+00 3.288422528734791794e-01
5.761003095570611521e+00 5.800015449471136009e+00 3.414668732963497266e-01
6.549316410802502375e+00 5.556346382476407442e+00 3.511695954184226864e-01
7.445499462027019177e+00 5.133737693344587960e+00 3.500972703863511337e-01
8.464312725463816633e+00 4.847598725882492410e+00 3.688707699522075778e-01
9.622536443638882275e+00 4.478899027942047972e+00 3.931657968405307679e-01
1.093924700237072756e+01 4.099195033210004446e+00 3.937788754393348190e-01
1.243613112611120641e+01 3.702918128602127545e+00 4.071553390545382678e-01
1.413784306655796286e+01 3.402972007462866877e+00 4.149851043221526870e-01
1.607241066757096704e+01 3.047188808999185206e+00 4.640957973072608045e-01
1.827169699443699358e+01 2.668219953312432224e+00 5.303843782658459460e-01
2.077192513069189062e+01 2.289998825673855265e+00 6.816648343982065761e-01
2.361427478610419683e+01 1.750366163838990463e+00 7.639645221794596486e-01
2.684556054218081655e+01 1.255451905653746980e+00 6.304022718444579620e-01
