22.185782634944598 16.820077756240597
25.540099228193526 16.820058680617755
29.401562222039708 16.820033399272948
33.84684818069189 16.819999892733335
38.9642265643982 16.819955483882477
44.855312484541045 16.8198966233636
51.63708446157627 16.819818604826875
59.44420725217126 16.81971518664337
68.43170586961568 16.819578089110614
78.77804389517777 16.819396325429395
90.68866720603071 16.819155310599086
104.40008348708986 16.818835672149664
120.1845585330924 16.818411659755817
138.35552259477362 16.8178490120658
159.27379412224704 16.81710208452131
183.35474448964442 16.816109962760724
211.0765459700126 16.814791168664293
242.98966673942346 16.813036387767102
279.7278014513482 16.810698367722452
322.02045442827773 16.807577687061112
370.70742533337375 16.80340233965985
426.75548496223485 16.79779776761318
491.27757228378476 16.790241584689582
565.5548939234084 16.779992650875847
651.0623649148713 16.7659748348165
749.4978958947003 16.746575406117966
862.8161082909983 16.719269192575055
993.267146984779 16.679848459687822
1143.4413611417453 16.62062566879853
1316.320740435929 16.52533815801945
1515.338128027538 16.34880735083408
1744.4453860793449 15.764560851330863
2008.191867365337 16.99179300027511
2311.814751172065 18.29630079338376
2661.343037280845 18.27445231408732
3063.717263025662 18.30504401300679
3526.9273206327116 18.26221601781014
4060.171111462399 18.245244174300243
4674.037187530275 18.23456681138108
5380.715006995649 18.36556669784864
6194.236978633504 18.337948333946443
7130.757101535104 18.33864693345542
8208.871732949214 18.393884534058017
9449.988853708945 18.42361345666383
10878.753163699337 18.394810116087815
12523.535448430634 18.511571322872236
14416.995934005117 18.556192266669935
16596.73281694319 18.57216728222889
19106.02884664039 18.749507145416988
21994.710785245286 19.04384680388321
25320.13881114029 19.25916958466472
29148.34551248059 19.474457163558668
33555.34708763646 19.717593872248507
38628.65278887422 20.133579822459307
44469.00258210097 20.242081296268537
51192.36752715482 20.636065020494236
58932.25259992959 21.06245967724794
67842.34768317098 21.220745291005123
78099.5793663206 21.32732431713515
89907.62415359727 22.00648087680579
103500.95284162772 22.348134649115682
119149.48637530234 22.642886710790542
137163.95563257596 23.090799042820638
157902.07156675647 23.37123771453312
181775.6282259883 23.791683036779386
209258.67969365657 24.063382685331852
240896.95331814484 24.614991054883184
277318.68614921585 25.3434280759975
319247.09975871077 25.694538307392357
367514.7611564451 26.003816047448232
423080.1149641252 26.830281125282603
487046.5151244942 27.18995234623317
560684.1340558596 28.109643015152574
645455.1842992118 28.559400603989054
743042.9534808691 29.618251947836587
855385.2291340983 30.625200695454403
984712.7770920073 31.69631695546431
1133593.6375121116 32.74897257525041
1304984.118112923 34.06867845350218
1502287.497188575 36.19236560107553