2.192568822919636062e+01 1.418942668939918939e+01
2.468772697201760025e+01 1.418814356171701441e+01
2.779770726801145742e+01 1.418643933278639935e+01
3.129946026355083788e+01 1.418413975743667166e+01
3.524233863405523692e+01 1.418096565626016314e+01
3.968191214606326156e+01 1.417643304190303510e+01
4.468075084115643136e+01 1.416960052181731200e+01
5.030930687969768655e+01 1.415827155134575577e+01
5.664690747283083283e+01 1.413523757531732628e+01
6.378287289683173356e+01 1.400479056135605482e+01
7.181777534677635799e+01 1.424805808933592211e+01
8.086485637143887573e+01 1.424543967795288779e+01
9.105162286632915425e+01 1.424204248072525658e+01
1.025216441183264067e+02 1.423759097341216062e+01
1.154365752289257046e+02 1.423165710198101941e+01
1.299784354336294143e+02 1.422346268415477155e+01
1.463521734274461039e+02 1.421088516048529193e+01
1.647885558514387299e+02 1.418883679698872236e+01
1.855474196498007018e+02 1.419909311977013999e+01
2.089213341352227360e+02 1.417281204322334531e+01
2.352397243746216589e+02 1.414147134088967306e+01
2.648735140090146842e+02 1.415266316645704592e+01
2.982403529420755603e+02 1.410666178446414243e+01
3.358105035748743603e+02 1.404034450522832778e+01
3.781134685456623856e+02 1.391742249411241517e+01
4.257454533841111584e+02 1.360440137525665349e+01
4.793777692564602830e+02 1.396407798267757983e+01
5.397662942273861972e+02 1.418120211573457468e+01
6.077621263828327756e+02 1.477012864833428019e+01
6.843235789557779754e+02 1.466928904960125379e+01
7.705296865107069380e+02 1.493395851716663714e+01
8.675954125389783940e+02 1.502999470688864569e+01
9.768887727964532814e+02 1.503935066554781663e+01
1.099950115714663298e+03 1.516479393992819347e+01
1.238513831617958886e+03 1.526845070288670847e+01
1.394532796709945842e+03 1.541761892317574478e+01
1.570205896335557782e+03 1.531105386976410543e+01
1.768009015423515393e+03 1.565003646541299531e+01
1.990729932879339231e+03 1.585122725056153214e+01
2.241507611720217938e+03 1.603075987276719161e+01
2.523876438695319393e+03 1.613467767218794080e+01
2.841816036891714703e+03 1.632113437429979186e+01
3.199807353370143119e+03 1.646649564606051541e+01
3.602895812313198348e+03 1.673359161785801419e+01
4.056762423747825324e+03 1.686619027544660909e+01
4.567803850027541557e+03 1.693861215870276382e+01
5.143222558507755821e+03 1.749077365033762632e+01
5.791128330999496029e+03 1.758815152454746311e+01
6.520652560645836274e+03 1.756128658439369872e+01
7.342076947087567532e+03 1.774944009211672125e+01
8.266978403709888880e+03 1.843236936924735403e+01
9.308392219250126800e+03 1.854251908973959218e+01
1.048099577331821456e+04 1.863729653682258558e+01
1.180131539506226909e+04 1.875525620240636471e+01
1.328795928038442253e+04 1.928297791339235090e+01
1.496187975037361321e+04 1.972376399071421460e+01
1.684666854714831425e+04 1.989179883918861336e+01
1.896888932892201410e+04 2.019447896388025043e+01
2.135845205037877167e+04 2.043646140576319681e+01
2.404903450476580110e+04 2.062285621487566445e+01
2.707855696879303287e+04 2.086760842464097010e+01
3.048971663984521365e+04 2.094614998706156328e+01
3.433058939770711004e+04 2.151831803190166781e+01
3.865530737185439648e+04 2.183438841211238213e+01
4.352482186374401499e+04 2.218062991999913081e+01
4.900776237650620897e+04 2.239885526404094662e+01
5.518140385894956853e+04 2.263852154421364204e+01
6.213275579593137081e+04 2.287090485211141910e+01
6.995978849441207421e+04 2.335656526043592862e+01
7.877281384810825693e+04 2.353281048668642939e+01
8.869604004083495238e+04 2.431451186627414529e+01
9.986932210006764217e+04 2.465892580969424230e+01
1.124501329725110845e+05 2.511775750063585377e+01
1.266157829014328017e+05 2.562843704188406946e+01
1.425659183850120462e+05 2.610221225206298357e+01
1.605253359352873813e+05 2.678343004131940575e+01
1.807471502939925704e+05 2.703079149743141230e+01
2.035163617571821087e+05 2.731275395853580790e+01
2.291538728854685032e+05 3.012940762235531622e+01
2.580210112102021812e+05 3.333704272965105986e+01
