2.190874174440230604e+01 1.355255376223285424e+01
2.463264577387917242e+01 1.355169534883164317e+01
2.769521156898188607e+01 1.355060541871575275e+01
3.113854479505537398e+01 1.354921982929557700e+01
3.500998609592186739e+01 1.354745556500658488e+01
3.936276195640577669e+01 1.354520443528878282e+01
4.425671648630415689e+01 1.354232412088750337e+01
4.975913418673005140e+01 1.353862500669286995e+01
5.594566501062568165e+01 1.353384988519702681e+01
6.290136443563450541e+01 1.352764051648559551e+01
7.072186284876650575e+01 1.351947680965274401e+01
7.951468032013423226e+01 1.350854745891886566e+01
8.940070484191750211e+01 1.349338854223304907e+01
1.005158543561149429e+02 1.347007776522970701e+01
1.130129454214603157e+02 1.343534555945003817e+01
1.270637942108581200e+02 1.343163952369627090e+01
1.428615787248868969e+02 1.338663962206921454e+01
1.606234946982480380e+02 1.336137654626686810e+01
1.805937417138713954e+02 1.326537806314187407e+01
2.030468805792470164e+02 1.313888963121626219e+01
2.282916081238503807e+02 1.286551665864137206e+01
2.566750013154374415e+02 1.392270971826624226e+01
2.885872890454132857e+02 1.379740692985443218e+01
3.244672171881349527e+02 1.357718209163702738e+01
3.648080806956304514e+02 1.430281525869887460e+01
4.101645056599458030e+02 1.432172386867747704e+01
4.611600745862612030e+02 1.420292180818400851e+01
5.184958997127913563e+02 1.449728760661916382e+01
5.829602622477028717e+02 1.459438313421273214e+01
6.554394500480301531e+02 1.448283743019413272e+01
7.369299427423483166e+02 1.432047634772342448e+01
8.285521118242811554e+02 1.457365019327071565e+01
9.315656240724850932e+02 1.518476545045585979e+01
1.047386760070926812e+03 1.540023817086020053e+01
1.177607885933020043e+03 1.547656886862506909e+01
1.324019345936479340e+03 1.572085262135291117e+01
1.488634077059645733e+03 1.572279438300273924e+01
1.673715283832068280e+03 1.570369050235359509e+01
1.881807553986835046e+03 1.609550616808654055e+01
2.115771842707997621e+03 1.597577998918065134e+01
2.378824806453780639e+03 1.615431795050943720e+01
2.674583027136376586e+03 1.673461758394412158e+01
3.007112734674171861e+03 1.669943657243847923e+01
3.380985711526573141e+03 1.699233480137905161e+01
3.801342147814563305e+03 1.710778643353555140e+01
4.273961311190199922e+03 1.733527284434074289e+01
4.805341003059254035e+03 1.770375391217499228e+01
5.402786893560369208e+03 1.766124540450235259e+01
6.074512963522100108e+03 1.777541898810127918e+01
6.829754434323355781e+03 1.850618267245220139e+01
7.678894738272763789e+03 1.891766282862429449e+01
8.633608275158285323e+03 1.911728756283245545e+01
9.707020917654605000e+03 1.932453757074292611e+01
1.091389047229579046e+04 1.972666664938348546e+01
1.227080957707967173e+04 1.977820743803651382e+01
1.379643382524035769e+04 1.991666844077440146e+01
1.551173825154702899e+04 2.021109615977874796e+01
1.744030570742909913e+04 2.030927757276507606e+01
1.960865108965132822e+04 2.076544778585514095e+01
2.204658588019464878e+04 2.114032059099442051e+01
2.478762800921665621e+04 2.123962430983141658e+01
2.786946267609018832e+04 2.138496278395973604e+01
3.133446046411482894e+04 2.180674395462138904e+01
3.523025987219782110e+04 2.190331642261458356e+01
3.961042227243766683e+04 2.215740598873026102e+01
4.453516829829011840e+04 2.250841436883982283e+01
5.007220578754424787e+04 2.297082794211091183e+01
5.629766066307738947e+04 2.324505066870121794e+01
6.329712354959656659e+04 2.343392749330121205e+01
7.116682651576955686e+04 2.373230837236622648e+01
8.001496612017715233e+04 2.414487542833782641e+01
8.996319095097520039e+04 2.416305059369799579e+01
1.011482741106946924e+05 2.441043100278569611e+01
1.137239936403269676e+05 2.534536429731856089e+01
1.278632467356917186e+05 2.591636168288236419e+01
1.437604268233766779e+05 2.637276894112037695e+01
1.616340961774626339e+05 2.717558165895386679e+01
1.817299908214867173e+05 2.795139259806975929e+01
2.043243990285173932e+05 2.870744185059824360e+01
2.297279598686291429e+05 2.911354488301396515e+01
