2.187782829056514089e+01 1.357946591703389494e+01
2.453231116222155350e+01 1.357550617320566033e+01
2.750886801774573343e+01 1.357041074034381367e+01
3.084657677027552225e+01 1.356380757925020930e+01
3.458925673825216762e+01 1.355516722499836391e+01
3.878604393008750861e+01 1.354370373268078254e+01
4.349203612932836194e+01 1.352817374170043863e+01
4.876901624935936042e+01 1.350639056480712519e+01
5.468626345425155932e+01 1.347362049473199264e+01
6.132146269460774590e+01 1.341129842586102505e+01
6.876172459930292291e+01 1.337156893412187841e+01
7.710472911283227404e+01 1.339712955936025551e+01
8.646000789258148700e+01 1.324853245209995656e+01
9.695038230205204854e+01 1.273091785625074301e+01
1.087135758788259636e+02 1.417112856005708466e+01
1.219040224466561568e+02 1.412685657138686679e+01
1.366948936095959084e+02 1.414837727634738229e+01
1.532803722462506357e+02 1.425307866361728770e+01
1.718782018518637074e+02 1.422631601250918187e+01
1.927325451974339785e+02 1.419152006586355164e+01
2.161171898359497447e+02 1.418375471565029144e+01
2.423391425394292469e+02 1.416459662143159548e+01
2.717426598565587597e+02 1.413486378856148740e+01
3.047137677063568617e+02 1.411353217812438210e+01
3.416853293436348622e+02 1.404347409235573707e+01
3.831427282313528622e+02 1.407557607842430336e+01
4.296302404278188192e+02 1.391972912470549595e+01
4.817581801490156295e+02 1.412968779987498635e+01
5.402109123170168914e+02 1.471559621512026084e+01
6.057558372877377906e+02 1.484283597756790130e+01
6.792534657145790788e+02 1.492150569572937790e+01
7.616687158164451148e+02 1.491658629890103960e+01
8.540835813670267953e+02 1.494270733979574928e+01
9.577113367178380940e+02 1.478548564814526500e+01
1.073912465346542376e+03 1.527414514829758474e+01
1.204212521049514862e+03 1.542174160233240698e+01
1.350322156270422738e+03 1.554541249206522124e+01
1.514159580507990995e+03 1.528190483875603967e+01
1.697875743649570268e+03 1.595335610214485200e+01
1.903882574851473692e+03 1.619161402063910415e+01
2.134884647701996073e+03 1.639847678345903859e+01
2.393914687385190064e+03 1.643774172644937437e+01
2.684373386003422638e+03 1.672710128940371277e+01
3.010074048776672043e+03 1.683792536987685295e+01
3.375292657258983581e+03 1.704758514453425988e+01
3.784824006830161579e+03 1.770179895473583187e+01
4.244044655467272605e+03 1.772294663625092781e+01
4.758983510222849873e+03 1.781272944566869043e+01
5.336400978108803429e+03 1.762398989834445118e+01
5.983877720523369135e+03 1.843662438514301982e+01
6.709914176439141556e+03 1.839217543777470354e+01
7.524042160948620221e+03 1.906505530266908366e+01
8.436950004295758845e+03 1.903646923757728260e+01
9.460622874289112588e+03 1.921623428864644012e+01
1.060850012432820222e+04 1.942593288730320467e+01
1.189565173279650116e+04 1.970947252583452070e+01
1.333897615021666024e+04 1.975839426499323181e+01
1.495742215161677996e+04 1.999343694281046879e+01
1.677223760671035416e+04 2.065560657668779854e+01
1.880724843388483350e+04 2.084485820848620108e+01
2.108917140026371271e+04 2.093737915455376708e+01
2.364796487445731691e+04 2.166938853601688564e+01
2.651722213688178454e+04 2.199872319153405087e+01
2.973461241124537628e+04 2.239732107115593251e+01
3.334237540731166519e+04 2.244304096841798213e+01
3.738787586757515965e+04 2.291415213501122849e+01
4.192422539825020795e+04 2.315750735160884233e+01
4.701097974832026375e+04 2.321560624771296233e+01
5.271492069091915619e+04 2.363686495787469610e+01
5.911093277202304307e+04 2.398132713299324337e+01
6.628298643690331664e+04 2.457510089128912512e+01
7.432524044137742021e+04 2.529369362716590786e+01
8.334327802093300852e+04 2.568083710964131328e+01
9.345549304684912204e+04 2.617593834115622542e+01
1.047946443675516930e+05 2.707883861384544844e+01
1.175095987414716801e+05 2.793840899327268801e+01
1.317672852436083485e+05 2.856127371861294861e+01
1.477548868043475668e+05 2.886275853619308407e+01
1.656822976522887475e+05 3.094004418666716916e+01
1.857848789237737656e+05 3.349441092644270412e+01
