2.191498808052710245e+01 1.397922870377143845e+01
2.465294177375208307e+01 1.397815834911002497e+01
2.773296229351144149e+01 1.397679649089182874e+01
3.119778583147444095e+01 1.397506111661357231e+01
3.509548783449890408e+01 1.397284543147866032e+01
3.948015006561281837e+01 1.397000920456840234e+01
4.441261100440156895e+01 1.396636624284291628e+01
4.996130999882696244e+01 1.396166557172919376e+01
5.620323688133324680e+01 1.395556171763555398e+01
6.322500022544289777e+01 1.394756444621316760e+01
7.112402906521758439e+01 1.393694489422217409e+01
8.000992475179512553e+01 1.392253147713724992e+01
9.000598170441023171e+01 1.390213815553324572e+01
1.012508981567674198e+02 1.386993397431685437e+01
1.139007006358751113e+02 1.379704587479540834e+01
1.281309088760525299e+02 1.385449423650653600e+01
1.441389712069276072e+02 1.378700863769510931e+01
1.621470042071520652e+02 1.370377685681545188e+01
1.824048746373358370e+02 1.349691904530090802e+01
2.051936664149274634e+02 1.319333670196589203e+01
2.308295807363379879e+02 1.455062126116931154e+01
2.596683234616515392e+02 1.457178852398485347e+01
2.921100406381762014e+02 1.480878319163449852e+01
3.286048706446800907e+02 1.476885388365402818e+01
3.696591899939461427e+02 1.469836417649325355e+01
4.158426394559974142e+02 1.457911679041727204e+01
4.677960279915201909e+02 1.479265196180160835e+01
5.262402241648889003e+02 1.471479119055520712e+01
5.919861584077673342e+02 1.454490348597114391e+01
6.659460749176389527e+02 1.458737437091262734e+01
7.491461893146702096e+02 1.481700857951778794e+01
8.427409276856249107e+02 1.520225436554692422e+01
9.480289445857561077e+02 1.501188943315763957e+01
1.066471142253167727e+03 1.560284118003248821e+01
1.199710941057552645e+03 1.556391349633340226e+01
1.349597082441752491e+03 1.537619107532851714e+01
1.518209280753666235e+03 1.566442236524080833e+01
1.707887079895228908e+03 1.582322544356018490e+01
1.921262315182963675e+03 1.622358494654730521e+01
2.161295630837984390e+03 1.644528978399466723e+01
2.431317559796366368e+03 1.662087913826546881e+01
2.735074735834361036e+03 1.677345546679453037e+01
3.076781879215291156e+03 1.699683953410054471e+01
3.461180277174292314e+03 1.707630240920867593e+01
3.893603570674843013e+03 1.709646418432551229e+01
4.380051760247700258e+03 1.750876840014404934e+01
4.927274457765059196e+03 1.770609786933200525e+01
5.542864539292792870e+03 1.802078459202033400e+01
6.235363498481705392e+03 1.825347147024827166e+01
7.014379962307114511e+03 1.864419122337104540e+01
7.890723013597526005e+03 1.877860812650575895e+01
8.876552170241771819e+03 1.912973251370596017e+01
9.985546102080277706e+03 1.947794705619865141e+01
1.123309242647697647e+04 1.953652986022068916e+01
1.263650121604135347e+04 1.969118555905898660e+01
1.421524518098310000e+04 2.010206242699893409e+01
1.599122985870030789e+04 2.032940977663101734e+01
1.798909755956127628e+04 2.035717830394918337e+01
2.023656928621714906e+04 2.051669743719489247e+01
2.276482937067660532e+04 2.096971318683743135e+01
2.560895816609512258e+04 2.122794332471835332e+01
2.880841879700493882e+04 2.169140990582381434e+01
3.240760472178846248e+04 2.187771632340423622e+01
3.645645570498562302e+04 2.203011159993270951e+01
4.101115074623237888e+04 2.236544692214901886e+01
4.613488758042338304e+04 2.266063351080509491e+01
5.189875956489318924e+04 2.297238214463566663e+01
5.838274212068371708e+04 2.333194064659769751e+01
6.567680241506115999e+04 2.367711907672178739e+01
7.388214768245400046e+04 2.398652306017298486e+01
8.311262950463269954e+04 2.435182434055722922e+01
9.349632353493198752e+04 2.445978392299708304e+01
1.051773065856546164e+05 2.513909660512374700e+01
1.183176557362676831e+05 2.603739333830769809e+01
1.330996972006062279e+05 2.634516139654063593e+01
1.497285361567788641e+05 2.679491596587094548e+01
1.684349026419100701e+05 2.738972275562064240e+01
1.894783529993477277e+05 2.942646219225530757e+01
2.131508712993563968e+05 3.108576684781575494e+01
2.397809207040722831e+05 3.411908710084469476e+01
