2.193015944335276046e+01 1.447033939464777674e+01
2.470226905502303083e+01 1.446935577391406547e+01
2.782479069716506359e+01 1.446809456349397038e+01
3.134201864680975902e+01 1.446647250954975661e+01
3.530384625524083475e+01 1.446437803503291875e+01
3.976647370607530263e+01 1.446165918499112379e+01
4.479320523840159751e+01 1.445810455942729078e+01
5.045534714391929043e+01 1.445341149579885709e+01
5.683321927654594674e+01 1.444712920603022610e+01
6.401729442317838448e+01 1.443854747059532251e+01
7.210948169805975283e+01 1.442644896085339035e+01
8.122457216623887177e+01 1.440843507484615316e+01
9.149186720289601737e+01 1.437816584262031938e+01
1.030570126874941650e+02 1.431808339060584423e+01
1.160840650515672223e+02 1.423912866705510183e+01
1.307578184878992715e+02 1.437820703337310491e+01
1.472864263335304145e+02 1.450245975778498675e+01
1.659043538120058940e+02 1.442598594209918517e+01
1.868757040207527211e+02 1.433961791493352322e+01
2.104979643441084249e+02 1.446461279704000802e+01
2.371062264364391581e+02 1.471503641089254444e+01
2.670779396375737065e+02 1.473528269571413851e+01
3.008382652497444951e+02 1.470573645499882076e+01
3.388661076286929301e+02 1.470565365993017437e+01
3.817009076424942009e+02 1.465897436510091723e+01
4.299502948661585151e+02 1.459107722624278303e+01
4.842987070615934613e+02 1.453897178466113260e+01
5.455170992138613428e+02 1.436383134260322691e+01
6.144738798504747592e+02 1.478931631499372124e+01
6.921472297800002025e+02 1.482402738982620427e+01
7.796389779964349600e+02 1.483178329061931144e+01
8.781902315848717535e+02 1.528567359193895570e+01
9.891989813452055387e+02 1.524001057871560327e+01
1.114239932877031606e+03 1.527610915937526315e+01
1.255086844437973468e+03 1.548894383347419534e+01
1.413737688447318078e+03 1.559151500427165615e+01
1.592442993561423236e+03 1.564587291668938107e+01
1.793737769365101485e+03 1.580004853016145461e+01
2.020477466544101389e+03 1.585510960708374562e+01
2.275878482648789031e+03 1.593488790788549814e+01
2.563563788040245527e+03 1.597559048918757085e+01
2.887614319241935391e+03 1.616477307721095613e+01
3.252626868733161700e+03 1.679335595433093431e+01
3.663779292375261775e+03 1.718737693117434162e+01
4.126903959465199478e+03 1.723154061692822481e+01
4.648570487336304723e+03 1.724505609926802308e+01
5.236178934131146889e+03 1.722695486942534515e+01
5.898064771725001265e+03 1.788307972330513707e+01
6.643617127884843285e+03 1.821735675041498581e+01
7.483411974978356739e+03 1.845670505211044699e+01
8.429362154570593702e+03 1.853604809297954858e+01
9.494886366070004442e+03 1.871430317279675748e+01
1.069509951659854596e+04 1.891481099953253064e+01
1.204702713227849381e+04 1.880214920228322484e+01
1.356984687244979978e+04 1.951526206679581321e+01
1.528516057279838424e+04 1.968601992689390556e+01
1.721730067644096562e+04 2.000702323430101615e+01
1.939367539981973096e+04 2.052255419126005265e+01
2.184515752972960763e+04 2.062945837329579035e+01
2.460652236672673462e+04 2.078231130061878318e+01
2.771694102732878673e+04 2.101161476233548342e+01
3.122053610270547142e+04 2.122324126045439741e+01
3.516700755611032946e+04 2.138721584362036765e+01
3.961233773767103412e+04 2.181647607005137957e+01
4.461958551746825833e+04 2.220499709017348522e+01
5.025978080201322155e+04 2.235983822241887964e+01
5.661293212321497413e+04 2.254650985109023509e+01
6.376916159290861106e+04 2.273385369329780303e+01
7.182998332274965651e+04 2.299846097036487436e+01
8.090974344439644483e+04 2.356264669409465995e+01
9.113724215726932744e+04 2.402578644087670057e+01
1.026575608133138448e+05 2.454662012427462514e+01
1.156341199567299773e+05 2.507502588041669256e+01
1.302509975128229999e+05 2.544322676608895506e+01
1.467155400104554719e+05 2.589157399200255227e+01
1.652613038793842425e+05 2.660005804923179085e+01
1.861513685460168344e+05 2.684113607379436672e+01
2.096820683252381277e+05 2.876704098606600724e+01
2.361871960467549507e+05 3.072971318622117565e+01
2.660427380461596767e+05 3.284122405548585277e+01
