2.188925003721946183e+01 1.483886585030093030e+01
2.456936070060930533e+01 1.483844662960434668e+01
2.757762299805705908e+01 1.483791550394250258e+01
3.095421567904715587e+01 1.483724154204422341e+01
3.474423696242691051e+01 1.483638456656563065e+01
3.899830687418769060e+01 1.483529190343496040e+01
4.377324333523313982e+01 1.483389361903241266e+01
4.913282102905250781e+01 1.483209523155552212e+01
5.514862318483595516e+01 1.482976590017689844e+01
6.190099765255992992e+01 1.482671777495104770e+01
6.948013003950802613e+01 1.482266599378216654e+01
7.798724824118087895e+01 1.481713935191210574e+01
8.753597445446915515e+01 1.480923470939196740e+01
9.825384273075675878e+01 1.479666611057986181e+01
1.102840023375945009e+02 1.476738914852614215e+01
1.237871296792676787e+02 1.477276072402690765e+01
1.389435743121221662e+02 1.480922272123763861e+01
1.559557677171146111e+02 1.478773373827329607e+01
1.750509270014699723e+02 1.472538886308215567e+01
1.964840896404450064e+02 1.476722171506089154e+01
2.205415197916104262e+02 1.471262276383621348e+01
2.475445316768352200e+02 1.467088845304193256e+01
2.778537810975707316e+02 1.468523194137245014e+01
3.118740824014786313e+02 1.463077955404504316e+01
3.500598152364486850e+02 1.444665996793359319e+01
3.929209933053277268e+02 1.471240512146046342e+01
4.410300761764512458e+02 1.486251162819966254e+01
4.950296151294215861e+02 1.528264173472383902e+01
5.556408351550601310e+02 1.524311494766261887e+01
6.236732677318630067e+02 1.518839717979469839e+01
7.000355630355935546e+02 1.534556556780396086e+01
7.857476259913205467e+02 1.521333141017743174e+01
8.819542382586125768e+02 1.535408694177747435e+01
9.899403480869339091e+02 1.543111635213988642e+01
1.111148232254566210e+03 1.564521119046533393e+01
1.247196759308191758e+03 1.587579500412430278e+01
1.399903011385512173e+03 1.610420567143974324e+01
1.571306553404827810e+03 1.617201509626293898e+01
1.763696673764088246e+03 1.622319650568017835e+01
1.979642960379797614e+03 1.627755149358790376e+01
2.222029620443391195e+03 1.624522191916771874e+01
2.494094002274303875e+03 1.649177493837540709e+01
2.799469833772690436e+03 1.656112972083909796e+01
3.142235754970301514e+03 1.699517355968343679e+01
3.526969792886680807e+03 1.708954428927637537e+01
3.958810506264094784e+03 1.708585297037183182e+01
4.443525616838338465e+03 1.759429369557810219e+01
4.987589043793786004e+03 1.803057533864996742e+01
5.598267370285051584e+03 1.825437978526103322e+01
6.283716896883553090e+03 1.830664035839181736e+01
7.053092578207707447e+03 1.854333165792753491e+01
7.916670297708753424e+03 1.893104796593707206e+01
8.885984113730475656e+03 1.946065051563997983e+01
9.973980309919339561e+03 1.956666590909701497e+01
1.119519030750273123e+04 1.967092027097607243e+01
1.256592474887457502e+04 2.009616323847188823e+01
1.410449134469436467e+04 2.038542977272651413e+01
1.583143939409436462e+04 2.051508564335495777e+01
1.776983424383915553e+04 2.080675104957215282e+01
1.994556535215047916e+04 2.090520916128245688e+01
2.238769207173852919e+04 2.097014601449699711e+01
2.512883177036368215e+04 2.084627101168237573e+01
2.820559547271828706e+04 2.165016970662946605e+01
3.165907684211905143e+04 2.158661614764437076e+01
3.553540103291436390e+04 2.196041385631574627e+01
3.988634074415198847e+04 2.207665968774236021e+01
4.477000770260121499e+04 2.189706573320737348e+01
5.025162881066858245e+04 2.313093183168065892e+01
5.640441732554128248e+04 2.375253312954096430e+01
6.331055070514227555e+04 2.410033363000066942e+01
7.106226818113710033e+04 2.465617052812712018e+01
7.976310271832285798e+04 2.475085150743039009e+01
8.952926381461188430e+04 2.578113536261211891e+01
1.004911896104699408e+05 2.593707072756643583e+01
1.127952890379879391e+05 2.728199420988465818e+01
1.266058972779608303e+05 2.775291837957810515e+01
1.421074706423173193e+05 2.894259069170793097e+01
1.595070501970407495e+05 3.022262903623750674e+01
1.790370270300547418e+05 3.050567235901959151e+01
2.009582460973579146e+05 3.204212593454631985e+01
