2.187477643466310795e+01 1.377511647336640621e+01
2.452241592143146676e+01 1.377442303613731767e+01
2.749051559085964413e+01 1.377354585225355699e+01
3.081786272089224710e+01 1.377243424794548687e+01
3.454793925362173468e+01 1.377102231514418662e+01
3.872949001952660808e+01 1.376922349338815010e+01
4.341715973740361534e+01 1.376692262871449479e+01
4.867220711434148939e+01 1.376396385952090995e+01
5.456330537763136590e+01 1.376013106998209778e+01
6.116743970000540997e+01 1.375511216539742421e+01
6.857091324580262892e+01 1.374846616999707649e+01
7.687047498512467314e+01 1.373948193135867513e+01
8.617458401431437665e+01 1.372681187011697546e+01
9.660482690496135660e+01 1.370780538018220973e+01
1.082975066034241536e+02 1.367468897306748943e+01
1.214054236446891792e+02 1.352422379088332072e+01
1.360998729575591426e+02 1.374934678619577788e+01
1.525728823555242002e+02 1.371943348614837532e+01
1.710397219660279404e+02 1.364741527287355716e+01
1.917417173914779198e+02 1.344224613954806635e+01
2.149494033645333673e+02 1.384098937853974753e+01
2.409660591097970723e+02 1.381116674359893537e+01
2.701316716121989430e+02 1.384654504023145982e+01
3.028273785842649772e+02 1.383730030745831385e+01
3.394804491931942607e+02 1.370187796630732180e+01
3.805698676361399748e+02 1.374784981272713047e+01
4.266325925301405846e+02 1.353115550722812976e+01
4.782705739147285158e+02 1.407962648398386563e+01
5.361586195657650933e+02 1.407844385675524279e+01
6.010532134178918113e+02 1.396389777777782548e+01
6.738024013351911208e+02 1.394237687591098940e+01
7.553568734178159048e+02 1.463727062286677949e+01
8.467823876687319853e+02 1.476940401703012284e+01
9.492736973736876962e+02 1.480267479553479149e+01
1.064170164198121256e+03 1.489879023351607223e+01
1.192973261033753033e+03 1.533625340984199070e+01
1.337366193322956860e+03 1.599132010468740539e+01
1.499235895273375036e+03 1.599762766179793516e+01
1.680697688410436513e+03 1.633951043418583637e+01
1.884122924706996400e+03 1.651351798559758421e+01
2.112169975531932323e+03 1.663353560195893621e+01
2.367818971382847849e+03 1.698737923278257966e+01
2.654410746383498008e+03 1.732806338709605143e+01
2.975690496474596330e+03 1.753323661740452977e+01
3.335856721825498425e+03 1.770945290791668469e+01
3.739616093048660787e+03 1.786942943322225830e+01
4.192244958211393168e+03 1.811466596453334432e+01
4.699658294421655228e+03 1.819048817065286272e+01
5.268487005050753396e+03 1.834069117590347275e+01
5.906164572716974362e+03 1.874762489898127171e+01
6.621024200415777159e+03 1.869948531052076390e+01
7.422407710241789573e+03 1.901017136723659107e+01
8.320787622796664436e+03 1.919498132017857728e+01
9.327904012622717346e+03 1.937693888180863055e+01
1.045691792809614708e+04 1.957814362030087807e+01
1.172258338067885052e+04 1.973996424945978134e+01
1.314144015109309657e+04 2.021772047017289609e+01
1.473202993202006292e+04 2.003240943901801430e+01
1.651513863188598043e+04 2.081765300162750165e+01
1.851406800617415138e+04 2.090208596117792439e+01
2.075494016595475478e+04 2.157743527867204492e+01
2.326703894296530780e+04 2.229730397631389494e+01
2.608319257221818771e+04 2.240642024197384430e+01
2.924020269305106922e+04 2.278702762070026111e+01
3.277932527482775913e+04 2.297935507912994524e+01
3.674680975205115101e+04 2.308808538449503800e+01
4.119450341433353606e+04 2.338208419190404896e+01
4.618052894942298735e+04 2.358528800114831370e+01
5.177004399345295678e+04 2.413954791322128202e+01
5.803609261425623117e+04 2.460590179268816158e+01
6.506055985497099027e+04 2.488805145659613416e+01
7.293524181196307472e+04 2.491819277808659550e+01
8.176304523089781287e+04 2.558980805418342186e+01
9.165933229734371707e+04 2.742353942030046454e+01
1.027534281957005878e+05 2.808502103211250400e+01
1.151903111373087886e+05 2.833999042225217480e+01
1.291325069431133161e+05 2.836682324601978422e+01
1.447622129393858486e+05 2.838423233794482670e+01
1.622836789216822071e+05 2.811721061738483129e+01
1.819258763015934383e+05 3.222359481896304345e+01
