2.186352605355145684e+01 1.402121690865275561e+01
2.448595364434428490e+01 1.401596263151006205e+01
2.742292914713021901e+01 1.400836880712063426e+01
3.071218111132151307e+01 1.399664867017147785e+01
3.439596344919713999e+01 1.397624486674791910e+01
3.852159823199211530e+01 1.392876788845198099e+01
4.314208359183658104e+01 1.384542363873168824e+01
4.831677453868617533e+01 1.411862701387120111e+01
5.411214543805605359e+01 1.411512816701906914e+01
6.060264394438927127e+01 1.411035530375236213e+01
6.787164735973479424e+01 1.410264537980635602e+01
7.601253370317151337e+01 1.409776376256370867e+01
8.512988124999537831e+01 1.409210196666643355e+01
9.534081195001581932e+01 1.407718618176300218e+01
1.067764959825874769e+02 1.404862152450861501e+01
1.195838367759738929e+02 1.399009010352950888e+01
1.339273581368955206e+02 1.409265994540707112e+01
1.499913177324310709e+02 1.406410676386580505e+01
1.679820740741789677e+02 1.403165879983338193e+01
1.881307374110873241e+02 1.398147112967006223e+01
2.106961385844674624e+02 1.390557064732606385e+01
2.359681539832675412e+02 1.370681164190424006e+01
2.642714293121641731e+02 1.391029884179464560e+01
2.959695500082036688e+02 1.416880488830546625e+01
3.314697118793935715e+02 1.403675930732892319e+01
3.712279519645271080e+02 1.397194148132239988e+01
4.157550068101546685e+02 1.433301171644218641e+01
4.656228734204496504e+02 1.410014650910377476e+01
5.214721571622951615e+02 1.489791669347843239e+01
5.840203010171845790e+02 1.494138887872720289e+01
6.540708018933605672e+02 1.497670055182431881e+01
7.325235323914461105e+02 1.498866499551118459e+01
8.203863006175399732e+02 1.482343795920834317e+01
9.187877965417728774e+02 1.547202750888867939e+01
1.028992091211960087e+03 1.550400739777457737e+01
1.152414875080051161e+03 1.556161446461366538e+01
1.290641644039813627e+03 1.548163117620550011e+01
1.445448066794593615e+03 1.596110331838437091e+01
1.618822795195485469e+03 1.598319202024990204e+01
1.812993010572772619e+03 1.594996159356992749e+01
2.030453034230223466e+03 1.664700361041154153e+01
2.273996369634233361e+03 1.668508391955004200e+01
2.546751587913532603e+03 1.695342792537445220e+01
2.852222517656588934e+03 1.690816253720936757e+01
3.194333255287046995e+03 1.724415928020459887e+01
3.577478574222970110e+03 1.762037952998121071e+01
4.006580380378733480e+03 1.791324329441772889e+01
4.487150939240063963e+03 1.827339805619416069e+01
5.025363686730705012e+03 1.829060811871385539e+01
5.628132533511039583e+03 1.832500799266016500e+01
6.303200681456032726e+03 1.890907571301809398e+01
7.059240093253904888e+03 1.906244561821272399e+01
7.905962892917452336e+03 1.945999908716142812e+01
8.854246128265174775e+03 1.951547206381026101e+01
9.916271498077909200e+03 1.944331769657049236e+01
1.110568183887369378e+04 1.930568252623508130e+01
1.243775638153871114e+04 1.988915493260869383e+01
1.392960702917057279e+04 2.060400531775688293e+01
1.560039817752995805e+04 2.055954126603463550e+01
1.747159290192636035e+04 2.077898291315847956e+01
1.956722867306811168e+04 2.145006506868445229e+01
2.191422614373782562e+04 2.135857121345995679e+01
2.454273497298390066e+04 2.181141649625551082e+01
2.748652113030478358e+04 2.249159377302770224e+01
3.078340065515675087e+04 2.288509030576231140e+01
3.447572544388404640e+04 2.357571254490419932e+01
3.861092730451685929e+04 2.361413634980714704e+01
4.324212726839525567e+04 2.349184125949341961e+01
4.842881798586966761e+04 2.435637030178671480e+01
5.423762797217097977e+04 2.548856716632479191e+01
6.074317752099473728e+04 2.553123117865858660e+01
6.802903728091248195e+04 2.552205640756651661e+01
7.618880180853586353e+04 2.614689637952167089e+01
8.532729188935691491e+04 2.617209087590289940e+01
9.556190107134362916e+04 2.584541686778292657e+01
1.070241037089369056e+05 2.658056775344018874e+01
1.198611438898641354e+05 3.021524037274723185e+01
1.342379269408172113e+05 3.029073843490018092e+01
1.503391378103808674e+05 3.030101033940109190e+01
1.683716135420760256e+05 3.256928818922688862e+01
