2.196041381006424587e+01 1.403887224670023848e+01
2.480076959082881416e+01 1.403834768899103480e+01
2.800849645262581333e+01 1.403767521300330401e+01
3.163111010179489568e+01 1.403681182151217399e+01
3.572227191717285422e+01 1.403570114877129527e+01
4.034258383021548866e+01 1.403426869057951443e+01
4.556048601476438620e+01 1.403241487489053441e+01
5.145327068383893732e+01 1.403000462729766085e+01
5.810822701071420937e+01 1.402685091179986543e+01
6.562393413387516716e+01 1.402268714077757750e+01
7.411172139898776834e+01 1.401711701035845969e+01
8.369731746829117469e+01 1.400951244280178187e+01
9.452271272548799175e+01 1.399876886131142939e+01
1.067482625637313731e+02 1.398253786004717369e+01
1.205550627124842151e+02 1.395285300476812296e+01
1.361476317887059224e+02 1.389739715056694358e+01
1.537569408087041154e+02 1.395194437390205167e+01
1.736438345364776978e+02 1.393136297383290412e+01
1.961028953486095361e+02 1.396474834441568191e+01
2.214668068507154715e+02 1.386161976911758131e+01
2.501112818832221478e+02 1.375835938070331821e+01
2.824606279144829841e+02 1.411952819949713067e+01
3.189940322607895951e+02 1.407324974971025000e+01
3.602526602355547425e+02 1.397460503928730269e+01
4.068476713717717530e+02 1.386242734482459582e+01
4.594692724611747394e+02 1.399170464012615689e+01
5.188969415117777544e+02 1.445066285848874088e+01
5.860109740701525425e+02 1.448215609619941446e+01
6.618055229428528037e+02 1.440820729903698449e+01
7.474033244729486114e+02 1.473927800349655648e+01
8.440723295103898636e+02 1.483171397961353577e+01
9.532444854289418572e+02 1.488427432763896441e+01
1.076536947405646515e+03 1.484900380995854619e+01
1.215776033163171633e+03 1.498561739090920497e+01
1.373024276014016777e+03 1.502758980077883066e+01
1.550610976940355158e+03 1.493134531426797373e+01
1.751166708274119401e+03 1.499947164222835028e+01
1.977662280076567185e+03 1.527819470890328368e+01
2.233452746422022756e+03 1.558044024347216627e+01
2.522327103446069486e+03 1.555048582864553808e+01
2.848564415329913572e+03 1.611690864190567751e+01
3.216997199608986648e+03 1.628327579771959677e+01
3.633083010725407803e+03 1.667899469019383218e+01
4.102985282183618438e+03 1.668884138127513950e+01
4.633664624815191019e+03 1.704024326986145610e+01
5.232981933543976083e+03 1.714820646004707427e+01
5.909814829960818315e+03 1.732904309292850797e+01
6.674189165558932473e+03 1.763328027813448173e+01
7.537427533572919856e+03 1.786596697845096315e+01
8.512316989311058933e+03 1.788398676626485795e+01
9.613298463403756614e+03 1.839443995210600846e+01
1.085668067372578298e+04 1.862360574834041671e+01
1.226088170464623909e+04 1.886702266141642070e+01
1.384670183209312927e+04 1.911027085329065756e+01
1.563763163576034458e+04 1.920737583034261320e+01
1.766019996248937969e+04 1.951535639632781738e+01
1.994436689516924525e+04 1.993235819186712021e+01
2.252396754815975510e+04 2.025339520308752839e+01
2.543721326313119062e+04 2.036588183543457831e+01
2.872725762947933981e+04 2.048066006427957575e+01
3.244283571371426660e+04 2.075395593680364215e+01
3.663898596665771038e+04 2.090941357905702347e+01
4.137786550198117766e+04 2.120339364752850031e+01
4.672967082271649269e+04 2.137520609741300603e+01
5.277367763435954839e+04 2.153097771287289319e+01
5.959941514720473060e+04 2.202986749780855291e+01
6.730799226272200758e+04 2.235664970103957216e+01
7.601359528862965817e+04 2.263872771757365143e+01
8.584517936815237044e+04 2.296674995257229313e+01
9.694837867842026753e+04 2.325013688165304160e+01
1.094876636935689894e+05 2.358787723407559866e+01
1.236487774678420101e+05 2.406617164264699227e+01
1.396414870270900719e+05 2.454276420613522802e+01
1.577026906247282750e+05 2.489382013956836559e+01
1.780999268895927817e+05 2.565042070868261703e+01
2.011353378463193367e+05 2.605696915433974326e+01
2.271501445120302087e+05 2.682268684289373084e+01
2.565297013658528158e+05 2.736390802325668758e+01
2.897092045625722967e+05 2.995036948917665143e+01
3.271801384455618099e+05 3.216193158401801355e+01
