2.192945604417356975e+01 1.225769022216105775e+01
2.469998107732938664e+01 1.225103360579005951e+01
2.782052888094888843e+01 1.224067705231260916e+01
3.133532065439929326e+01 1.222246526352858353e+01
3.529416441778776914e+01 1.217923736692384118e+01
3.975316084008062489e+01 1.211252177346041670e+01
4.477549824018114322e+01 1.234858868175411573e+01
5.043234802690468399e+01 1.234550631029221357e+01
5.680387326710732765e+01 1.234151452890859701e+01
6.398036467435976959e+01 1.233629805248447653e+01
7.206352011623167186e+01 1.232937174106772815e+01
8.116788577204985700e+01 1.231985864362491689e+01
9.142247936373834705e+01 1.230529557341624880e+01
1.029726184625011882e+02 1.228371658686523560e+01
1.159819797802326065e+02 1.229056092836539271e+01
1.306349186278188483e+02 1.226175560391240182e+01
1.471390814093122970e+02 1.218396392925518512e+01
1.657283481735630914e+02 1.225021163604083796e+01
1.866661469221286609e+02 1.219974954062626615e+01
2.102491866404304801e+02 1.214036404778914324e+01
2.368116619528415470e+02 1.203894768480275168e+01
2.667299889857594621e+02 1.186131546812167592e+01
3.004281395504546026e+02 1.146283540062059636e+01
3.383836492362551098e+02 1.165827244765269910e+01
3.811343845545966360e+02 1.446211963012107482e+01
4.292861650309528159e+02 1.442904701034009562e+01
4.835213482571101622e+02 1.430313205306013558e+01
5.446084995623291434e+02 1.456297400015802701e+01
6.134132833320456939e+02 1.455423139464782700e+01
6.909107303146977301e+02 1.444268314333543124e+01
7.781990547563530072e+02 1.469636701164855630e+01
8.765152171653842288e+02 1.487468642499594296e+01
9.872524532467102745e+02 1.492097933717081659e+01
1.111980017407665855e+03 1.476763886832514139e+01
1.252465420620187160e+03 1.501340368309249129e+01
1.410699477771468537e+03 1.509773807572656423e+01
1.588924519448419687e+03 1.547763121675874665e+01
1.789666167944372091e+03 1.572195314786602083e+01
2.015769127784971033e+03 1.577181942349226063e+01
2.270437497959832399e+03 1.630734990039822208e+01
2.557280177123534941e+03 1.652281288475723287e+01
2.880362005201816828e+03 1.666922414140495334e+01
3.244261366129320322e+03 1.680687651991473075e+01
3.654135068005737594e+03 1.675237923588754896e+01
4.115791420085308346e+03 1.688935187799523518e+01
4.635772542171732312e+03 1.696385864478452277e+01
5.221447072822737937e+03 1.746033469835116847e+01
5.881114590129771386e+03 1.754743205229680214e+01
6.624123224816884431e+03 1.816314944696837941e+01
7.461002132350939974e+03 1.837401289903084134e+01
8.403610701321775196e+03 1.849742604477495078e+01
9.465306612520360432e+03 1.876957868805835616e+01
1.066113513027561203e+04 1.871946789498935004e+01
1.200804230849233863e+04 1.940577310388091803e+01
1.352511513272736556e+04 1.965960714168813439e+01
1.523385200135077685e+04 1.976374413570111699e+01
1.715846737877355190e+04 2.007601695730510727e+01
1.932623493797436822e+04 2.014060931273453292e+01
2.176787405498907174e+04 2.068972787036969407e+01
2.451798513236592044e+04 2.084576794806846323e+01
2.761553992054361152e+04 2.078763501600343488e+01
3.110443378548323017e+04 2.110099481354741258e+01
3.503410774872387265e+04 2.125651279237638747e+01
3.946024911477507703e+04 2.161936180090447124e+01
4.444558061441783502e+04 2.186913592212951585e+01
5.006074924684299185e+04 2.227658569331848071e+01
5.638532741638518928e+04 2.273448084214858866e+01
6.350894055093386123e+04 2.296666643873841807e+01
7.153253718147208565e+04 2.329932365436798136e+01
8.056981948100608133e+04 2.360150966725538169e+01
9.074885453501419397e+04 2.384774951876313409e+01
1.022138891766862071e+05 2.441718099977770606e+01
1.151273941049338027e+05 2.491556794037267153e+01
1.296723662523145613e+05 2.523415332942139244e+01
1.460549220296631684e+05 2.571431740663834731e+01
1.645072181962301838e+05 2.666608430375149652e+01
1.852907417469010979e+05 2.776731164709843824e+01
2.087000154373990372e+05 2.841819989565337679e+01
2.350667714583693596e+05 3.025385489580571985e+01
2.647646524033718160e+05 3.245796974456923323e+01
