2.190381129238107505e+01 1.475906401715767657e+01
2.461663077314053183e+01 1.475882823844729330e+01
2.766543696584486156e+01 1.475852901742673495e+01
3.109184232255883984e+01 1.475814878418178822e+01
3.494261305918755056e+01 1.475766478466075782e+01
3.927030745676372447e+01 1.475704734097219273e+01
4.413399321729518476e+01 1.475625738304812096e+01
4.960005366519676784e+01 1.475524284139565623e+01
5.574309379796413566e+01 1.475393317685227856e+01
6.264695855256594825e+01 1.475223069151572908e+01
7.040587718563715214e+01 1.474999589606122719e+01
7.912574938685490622e+01 1.474702096114432592e+01
8.892559067936161910e+01 1.474297664185925782e+01
9.993915683517147386e+01 1.473729132072292280e+01
1.123167694768321780e+02 1.472881816143932099e+01
1.262273677825573088e+02 1.471459051879892144e+01
1.418608142980785658e+02 1.468054737401248389e+01
1.594304863267126677e+02 1.467130737901319470e+01
1.791761882669269994e+02 1.475802537467337672e+01
2.013674246472283755e+02 1.472893778788639985e+01
2.263070785312708324e+02 1.475241721183685328e+01
2.543355454988864892e+02 1.474742675704839812e+01
2.858353796267925873e+02 1.472621024913190091e+01
3.212365148808913204e+02 1.471295118019708248e+01
3.610221331857422911e+02 1.465444403483794389e+01
4.057352592631332300e+02 1.463407810382415164e+01
4.559861722511789708e+02 1.460797986750842092e+01
5.124607352634254767e+02 1.455602195262071952e+01
5.759297565761913802e+02 1.440267604207656582e+01
6.472595102128289000e+02 1.482266685820026453e+01
7.274235595179353595e+02 1.470980525330984179e+01
8.175160450987459626e+02 1.488833647216422662e+01
9.187666184977564399e+02 1.497105778602736414e+01
1.032557225422824558e+03 1.512453068358405517e+01
1.160440967605186415e+03 1.512234786679446330e+01
1.304163300726532725e+03 1.527303331358146465e+01
1.465685857740759729e+03 1.526821397141562286e+01
1.647213222749414399e+03 1.555252224926297799e+01
1.851223020861284795e+03 1.570905694790551088e+01
2.080499734725674898e+03 1.590438174460056686e+01
2.338172709293433854e+03 1.597407468628104787e+01
2.627758863523938999e+03 1.663730112718275933e+01
2.953210692000276595e+03 1.676040941687340435e+01
3.318970211615574044e+03 1.700947309451846223e+01
3.730029589636368655e+03 1.724391384468179567e+01
4.191999280641442965e+03 1.740368270169524223e+01
4.711184602321482089e+03 1.786014263250354261e+01
5.294671795304981060e+03 1.801494406334818166e+01
5.950424741621091925e+03 1.803664296433755965e+01
6.687393661887387680e+03 1.811689551441860857e+01
7.515637274805370907e+03 1.807393954974448036e+01
8.446460086290502659e+03 1.881590776044469848e+01
9.492566682064369161e+03 1.919169354170285402e+01
1.066823512961302004e+04 1.956467591988174703e+01
1.198951185623471611e+04 1.988322143781818241e+01
1.347443066302262378e+04 2.007805857731665000e+01
1.514325886405378333e+04 2.023448143031338020e+01
1.701877391028127749e+04 2.015914706745735785e+01
1.912657427370528967e+04 2.055057986890310673e+01
2.149542883500934840e+04 2.085465650454817421e+01
2.415766954337296193e+04 2.083554714213199688e+01
2.714963270778385777e+04 2.151289051536170405e+01
3.051215494293290612e+04 2.176452010447161101e+01
3.429113053874307661e+04 2.179380212054057964e+01
3.853813786094026000e+04 2.234053951525468307e+01
4.331114333226285089e+04 2.270691321034643195e+01
4.867529260278713627e+04 2.284660098523229266e+01
5.470379970786974445e+04 2.293787721706811311e+01
6.147894634961837437e+04 2.350029401803014650e+01
6.909320494085368409e+04 2.387200081714980016e+01
7.765050073972914834e+04 2.394190240460966379e+01
8.726763030159383197e+04 2.396491696412741845e+01
9.807585560822005209e+04 2.416460606592615790e+01
1.102226956322973565e+05 2.500877606930697183e+01
1.238739397898437746e+05 2.599800229069165525e+01
1.392159107616809779e+05 2.592963621079019276e+01
1.564580075687021017e+05 2.858688145259605662e+01
1.758355636107787141e+05 2.918462224178874109e+01
1.976130586780213343e+05 2.936535093292476972e+01
2.220877287743924535e+05 2.939907188507199010e+01
