2.191030016095718835e+01 1.357088006458626417e+01
2.463770877349515231e+01 1.356491332854988308e+01
2.770462700868091588e+01 1.355717070251732714e+01
3.115331724822747717e+01 1.354704604275676161e+01
3.503130272299292614e+01 1.353366924020781070e+01
3.939202238695128244e+01 1.351574491908003495e+01
4.429556731030691452e+01 1.349124835497878472e+01
4.980950873930960654e+01 1.345679575665710814e+01
5.600982923350146336e+01 1.340616065117609068e+01
6.298196971154220591e+01 1.332603662113442766e+01
7.082200683398944818e+01 1.317910417224431896e+01
7.963797694746359923e+01 1.271340083987050917e+01
8.955136483425567917e+01 1.351331588741288670e+01
1.006987777824683121e+02 1.445319320284927400e+01
1.132338280455110606e+02 1.444531002100470118e+01
1.273292496313958111e+02 1.443409527285309935e+01
1.431792785913593491e+02 1.441655727693964906e+01
1.610023296083831781e+02 1.438008092429138074e+01
1.810440057692175913e+02 1.437020873518941855e+01
2.035804829948115469e+02 1.439826380569530428e+01
2.289223157668747604e+02 1.434474247924308443e+01
2.574187165937922828e+02 1.423127968786371511e+01
2.894623681872768657e+02 1.426881725484668806e+01
3.254948346619454469e+02 1.461072320462563923e+01
3.660126463245871378e+02 1.456646340019761610e+01
4.115741419020115472e+02 1.452205598649216611e+01
4.628071624939317985e+02 1.451017677935183592e+01
5.204177032741756648e+02 1.443807007003209364e+01
5.851996421613700932e+02 1.438315417194299783e+01
6.580456795209664733e+02 1.435888500132113954e+01
7.399596396485889045e+02 1.457405441070905461e+01
8.320703035501413751e+02 1.499352219203622383e+01
9.356469636355041075e+02 1.494896689152353630e+01
1.052116914670761389e+03 1.495428468750868234e+01
1.183085122015692377e+03 1.487172530395091030e+01
1.330356338176437475e+03 1.473585073799567624e+01
1.495959972441225318e+03 1.499439150723408787e+01
1.682178056304756410e+03 1.567501185902699490e+01
1.891576690047049851e+03 1.547780740875616701e+01
2.127041403803166759e+03 1.638047650238274500e+01
2.391816920402212418e+03 1.637719407847538378e+01
2.689551867910756300e+03 1.648771470760173230e+01
3.024349058023140969e+03 1.674420903375158076e+01
3.400822023138972327e+03 1.666782889189708428e+01
3.824158591213300042e+03 1.717109132255863457e+01
4.300192374446081885e+03 1.740663619329787437e+01
4.835483156930824407e+03 1.786970967291632206e+01
5.437407289010776367e+03 1.806232405146250031e+01
6.114259333984166915e+03 1.808217730033287296e+01
6.875366367858344347e+03 1.834606488884887554e+01
7.731216507212692704e+03 1.838308393454995127e+01
8.693603436294655694e+03 1.907883396031305878e+01
9.775788924944019527e+03 1.923166385193581363e+01
1.099268557685555970e+04 1.933831103119173278e+01
1.236106232646591707e+04 1.951806741766795028e+01
1.389977551622847932e+04 1.972294313857483772e+01
1.563002873853986603e+04 1.983235579834648377e+01
1.757566502296068211e+04 1.972384735082597018e+01
1.976349539509426177e+04 2.049343176710934600e+01
2.222366833469126141e+04 2.075335581965187615e+01
2.499008522414277832e+04 2.096715861681158444e+01
2.810086751227586137e+04 2.106140656388174648e+01
3.159888203100628380e+04 2.137762437061130427e+01
3.553233170375474583e+04 2.171171644869353656e+01
3.995541978563625889e+04 2.215261647340780371e+01
4.492909678870627249e+04 2.239062163665821714e+01
5.052190038495406770e+04 2.238868546326006737e+01
5.681089986097445944e+04 2.279398323895448186e+01
6.388275813898011256e+04 2.321315872878859921e+01
7.183492599888965196e+04 2.376516334562341370e+01
8.077698495796877251e+04 2.415275644706646574e+01
9.083215731301462802e+04 2.464327400472148355e+01
1.021390041535873752e+05 2.481303189288430744e+01
1.148533347450481087e+05 2.489027996132533360e+01
1.291503535928568308e+05 2.501727932423113288e+01
1.452270747748497233e+05 2.626445940745576380e+01
1.633050368111907155e+05 2.755573237621666038e+01
1.836333554831250804e+05 2.938693206706624750e+01
2.064921566686237929e+05 3.046221620322471679e+01
2.321964364996738732e+05 3.202729357329567250e+01
