1.057745949751652450e-03 4.959579494311349812e+00 3.804985860609730963e+01
1.179907038680396997e-03 4.959523022440502693e+00 3.410652854027242142e+01
1.316176743814914674e-03 4.959452570209395006e+00 3.057101936864407321e+01
1.468184496040172895e-03 4.959364620340394048e+00 2.740105388539193854e+01
1.637747912309153731e-03 4.959254739389169053e+00 2.455872515419882518e+01
1.826894529609309880e-03 4.959117321679037182e+00 2.201004296558376438e+01
2.037886049026084011e-03 4.958945251983219116e+00 1.972452701412716536e+01
2.273245379799389981e-03 4.958729455867700864e+00 1.767484188102935505e+01
2.535786806749531705e-03 4.958458291852639199e+00 1.583646938342083565e+01
2.828649641796453142e-03 4.958116716290818182e+00 1.418741426172565667e+01
3.155335761956866089e-03 4.957685114166415552e+00 1.270793951666115085e+01
3.519751482675970156e-03 4.957137626298825595e+00 1.138032796785309309e+01
3.926254267189791675e-03 4.956439695695892489e+00 1.018866676248155478e+01
4.379704830440494037e-03 4.955544364129423229e+00 9.118651566421647203e+00
4.885525260571862635e-03 4.954386494694260179e+00 8.157406920495095193e+00
5.449763852986681985e-03 4.952873405283233055e+00 7.293318525693087473e+00
6.079167432212559050e-03 4.950868976128076859e+00 6.515871550028023762e+00
6.781262026357411619e-03 4.948165160536157181e+00 5.815485260695892222e+00
7.564442858811054604e-03 4.944427308870919191e+00 5.183325301407395891e+00
8.438074733259352811e-03 4.939079628001966427e+00 4.611051625950261190e+00
9.412604012354310046e-03 4.931035241876146280e+00 4.090390869445567290e+00
1.049968352901353014e-02 4.917942832238285433e+00 3.612171278669529251e+00
1.171231192396286064e-02 4.893429308549237966e+00 3.163216351630538270e+00
1.306498907563653430e-02 4.829380333019904548e+00 2.707893481080355436e+00
1.457388948097171344e-02 4.755895089009467114e+00 2.283067957346220478e+00
1.625705566028036106e-02 5.166243908093036907e+00 2.287265489874638735e+00
1.813461389881708408e-02 5.138615599410076840e+00 1.929313177752761010e+00
2.022901490475048636e-02 5.068326869736455187e+00 1.878910524359675982e+00
2.256530226118077381e-02 5.139022212139605195e+00 1.686915066855059209e+00
2.517141188219075218e-02 5.040640155940337763e+00 1.502568120218502612e+00
2.807850605364500124e-02 5.238982944636361161e+00 1.604469548523396849e+00
3.132134605299548985e-02 5.380451534506327071e+00 1.652766435200261563e+00
3.493870780365625206e-02 5.284796866005668114e+00 1.592399096784800516e+00
3.897384553409143082e-02 4.799936455477810782e+00 1.336561802706612623e+00
4.347500898577201511e-02 5.001912948105973200e+00 1.257464709374303213e+00
4.849602035446205772e-02 5.041507474689185031e+00 1.179701012822962802e+00
5.409691786354979548e-02 4.964772825225424846e+00 1.102834241365319601e+00
6.034467366488538431e-02 4.636915877366388550e+00 9.952328247483593904e-01
6.731399465135001758e-02 4.587981603976591494e+00 9.349835835208931689e-01
7.508821575678967242e-02 4.350464588958872447e+00 9.101143451148200336e-01
8.376029642485524618e-02 4.496649990186381451e+00 1.019544332550379906e+00
9.343393216192161232e-02 4.599513599309589473e+00 1.026008181696422605e+00
1.042247944653648395e-01 4.452040668687469172e+00 9.521356891959675828e-01
1.162619139535112367e-01 4.728996035132995601e+00 9.712376567410004879e-01
1.296892232358919650e-01 4.330838767656473465e+00 8.301760572950507289e-01
1.446672779725132474e-01 4.091998778224995803e+00 7.670960660659396080e-01
1.613751767015312866e-01 4.028276646061745403e+00 8.343666445134518828e-01
1.800127023914724900e-01 4.211496938962628001e+00 8.593067890815602183e-01
2.008027113253866291e-01 4.328543134792397495e+00 9.312147449995199500e-01
2.239937978817691799e-01 3.860473823171257202e+00 8.517175904513665241e-01
2.498632670760939090e-01 4.032199568911748244e+00 9.118245100536442882e-01
2.787204504068133692e-01 3.644158681099666452e+00 8.166138668088991359e-01
3.109104046547128686e-01 3.517443472535475291e+00 7.523177790950451582e-01
3.468180378636265826e-01 3.309971034107561660e+00 6.670689034709585963e-01
3.868727118385056896e-01 3.373770640355426398e+00 7.038642329811046761e-01
4.315533761947291103e-01 3.137484121866864317e+00 6.568232614351287024e-01
4.813942953485224052e-01 3.256128751067210114e+00 5.809541477943073184e-01
5.369914369283781408e-01 3.157077224532532700e+00 5.934164058746306258e-01
5.990095979962452022e-01 2.969796469985893417e+00 5.719960455115267184e-01
6.681903542895422099e-01 3.032855515391911894e+00 6.398248685087347676e-01
7.453609275362271802e-01 2.782082870247273743e+00 6.781091589756207405e-01
8.314440768729306486e-01 2.564113488952490805e+00 5.962706563294160045e-01
9.274691326417565662e-01 2.438699641710312616e+00 6.160709621454785179e-01
1.034584304501235064e+00 2.383238060239937006e+00 5.995111403099747660e-01
1.154070411024388232e+00 2.167660144716707649e+00 5.177751153465491862e-01
1.287356194954153654e+00 1.944991523473557304e+00 4.410559255057860950e-01
1.436035407246754492e+00 2.032788657973134683e+00 4.989340337803916392e-01
1.601885864183683061e+00 1.847915659778124331e+00 4.864372218145966986e-01
1.786890705425748571e+00 1.765335248998320727e+00 4.802597542849246226e-01
1.993262107200167499e+00 1.609459115657463135e+00 4.618816407703953963e-01
2.223467734168673715e+00 1.285367272198507216e+00 4.505140693910658078e-01
2.480260246272122160e+00 1.300584706523922218e+00 5.159387387838959560e-01
2.766710213376622818e+00 1.152005613767972170e+00 4.309858887562586505e-01
3.086242831294680578e+00 1.152566628662097914e+00 4.633151840845669556e-01
3.442678878209358917e+00 9.509027189317710294e-01 4.159719958198733192e-01
3.840280401233662211e+00 1.130289461497989922e+00 4.893813208338687049e-01
4.283801679397450712e+00 9.627779005095552511e-01 3.961322242910292335e-01
4.778546072446506088e+00 6.203939573701301446e-01 5.708455112283010724e-01
5.330429435217407530e+00 5.622190470459536016e-01 4.403706070556499541e-01
5.946050855858992179e+00 5.308815350481110862e-01 3.568272524908143728e-01
