1.060027710078420386e-03 4.714463043082179894e+00 4.249380994664153377e+01
1.187289782189779319e-03 4.714442612949413025e+00 3.793584457608682925e+01
1.329830355838497284e-03 4.714416969169074711e+00 3.386604982057011171e+01
1.489483697946009794e-03 4.714384776879216865e+00 3.023205300800135475e+01
1.668304289119683283e-03 4.714344356950136650e+00 2.698708907687263192e+01
1.868593261499405887e-03 4.714293595758744182e+00 2.408939861741302124e+01
2.092928010610959136e-03 4.714229830507528085e+00 2.150169025671845802e+01
2.344195362282879350e-03 4.714149702996841995e+00 1.919066043823739776e+01
2.625628721431468894e-03 4.714048972459408127e+00 1.712656437067776238e+01
2.940849680758792807e-03 4.713922274890481212e+00 1.528283255781405892e+01
3.293914624800401737e-03 4.713762811872316938e+00 1.363572787404586784e+01
3.689366929041577522e-03 4.713561945606301151e+00 1.216403861997690861e+01
4.132295425820416493e-03 4.713308667905881322e+00 1.084880337188004340e+01
4.628399889379479840e-03 4.712988897964430102e+00 9.673063711013464072e+00
5.184064382752808994e-03 4.712584545094126831e+00 8.621641045657975511e+00
5.806439410344312393e-03 4.712072246088879979e+00 7.680933641742217155e+00
6.503533933368439539e-03 4.711421650691884899e+00 6.838729492768366391e+00
7.284318432243261712e-03 4.710593085366082455e+00 6.084029428070088841e+00
8.158840342182447844e-03 4.709534397036780895e+00 5.406872052102165149e+00
9.138353347455741363e-03 4.708176862939615681e+00 4.798145650727063227e+00
1.023546219812621581e-02 4.706430656438503668e+00 4.249356325302150239e+00
1.146428491282172613e-02 4.704183245853098327e+00 3.752277950844018939e+00
1.284063445482826887e-02 4.701318092664749315e+00 3.298267446466791153e+00
1.438222221938308121e-02 4.697853319525057358e+00 2.876426297044716307e+00
1.610888595072017260e-02 4.695081729713743712e+00 2.465532353015583045e+00
1.804284502179252098e-02 4.702552384988567091e+00 2.013273039116904251e+00
2.020898636170858839e-02 4.592332681846867715e+00 1.861280650148901650e+00
2.263518471030738499e-02 4.588027885293957553e+00 1.753519251168705440e+00
2.535266132103103365e-02 4.574399106503906687e+00 1.770687641002486989e+00
2.839638572802150041e-02 4.699019713772093709e+00 1.668969598742322091e+00
3.180552574753484768e-02 5.010437865052723261e+00 1.614746947739373661e+00
3.562395150446437397e-02 5.043057340248545017e+00 1.538542708363615841e+00
3.990079996997977080e-02 4.946692048292050004e+00 1.327095324362699058e+00
4.469110727496976299e-02 4.982322814728948224e+00 1.339026669803150771e+00
5.005651693614071585e-02 5.125931556195745920e+00 1.253941091903205463e+00
5.606607310849710812e-02 5.233129399105312274e+00 1.150178048375058770e+00
6.279710907208188586e-02 4.871117549586292839e+00 1.055443546216739747e+00
7.033624238636565495e-02 4.782040670094139578e+00 1.000483789722388162e+00
7.878048951831419233e-02 4.645873832959752647e+00 9.826039302399176556e-01
8.823851428759701965e-02 4.539877531560102319e+00 8.690427106761577924e-01
9.883202619440986658e-02 4.612112293144625674e+00 8.692649759038844071e-01
1.106973466241316650e-01 4.533815836097102370e+00 8.614254321457864849e-01
1.239871630833392635e-01 4.565653567321088957e+00 8.620153654785127628e-01
1.388724940413643416e-01 4.402208540020298599e+00 8.662974205285383089e-01
1.555448896617287469e-01 4.156529963693170515e+00 7.801439495064506069e-01
1.742188967433169755e-01 4.357344557376572780e+00 8.249236014261048799e-01
1.951348195910972416e-01 4.117930943745852446e+00 7.740100392211167746e-01
2.185618123443358041e-01 3.981850604735065691e+00 7.178143365937981191e-01
2.448013425555756739e-01 3.878256079078099994e+00 6.968318946659685098e-01
2.741910705910440837e-01 3.717237031471405828e+00 7.157609377556821695e-01
3.071091947741059203e-01 3.762141023832604958e+00 7.299899914267941048e-01
3.439793181867403793e-01 3.723872146538160344e+00 7.222719666939304561e-01
3.852758997569130095e-01 3.747488605697285369e+00 6.692761268922872153e-01
4.315303597785341561e-01 3.638604304264617895e+00 6.520180380012009502e-01
4.833379184321788813e-01 3.392297098495943963e+00 6.316018474167276464e-01
5.413652553072871854e-01 3.282098627799529655e+00 6.262437021767448542e-01
6.063590884915190937e-01 3.135697427096026502e+00 6.148510109679465874e-01
6.791557836262871461e-01 3.074813656781155480e+00 5.639073672270928927e-01
7.606921165814897190e-01 2.867790861242668132e+00 5.455107614275761518e-01
8.520173282476772858e-01 2.771554077311680242e+00 5.117991772227477032e-01
9.543066265713613383e-01 2.691539335630222407e+00 5.296932387365422823e-01
1.068876309582843742e+00 2.565573196178910553e+00 4.867831729252148909e-01
1.197200704025505935e+00 2.628406737561010953e+00 5.110280295117728411e-01
1.340931137559353781e+00 2.636380843151957976e+00 5.042555165498493475e-01
1.501917188680431892e+00 2.301911933119500375e+00 4.469248627681578490e-01
1.682230487808242803e+00 2.252112032569687283e+00 4.081819210629689665e-01
1.884191375822709347e+00 2.064847411459990401e+00 3.881193808026085490e-01
2.110398763103001230e+00 2.011850959517465398e+00 4.053844235710469257e-01
2.363763573305809551e+00 1.804443154271544003e+00 4.067160506024536937e-01
2.647546202250474323e+00 1.940596479592400447e+00 4.199144118677998749e-01
2.965398473946303959e+00 1.806490091733021552e+00 4.000763316997285046e-01
3.321410633668381074e+00 1.471086475087722167e+00 3.762981557953468115e-01
3.720163982806838465e+00 1.424780168357869359e+00 3.491830467291512918e-01
4.166789832815060990e+00 1.342603799901759709e+00 4.079500513327624089e-01
4.667035536898926473e+00 1.259487223996967442e+00 4.344143972756768779e-01
5.227338449168235535e+00 1.014029645782449807e+00 4.483659045479647665e-01
5.854908762985134629e+00 7.075288879958904209e-01 3.228655474320879515e-01
6.557822294505285754e+00 7.239416496217183639e-01 2.878501833062549475e-01
7.345124405386017408e+00 7.977786630423632230e-01 4.794456269048400499e-01
8.226946401978905143e+00 8.344554100054139001e-01 7.198959518052405748e-01
