1.058693921194105245e-03 4.977528852831029305e+00 2.639340207405574290e+01
1.182971716352595841e-03 4.977170224824484457e+00 2.358537758264527895e+01
1.321838213741505274e-03 4.976721486850503418e+00 2.106775904363798801e+01
1.477005949638906992e-03 4.976159780580907466e+00 1.880929996045771446e+01
1.650388491261568780e-03 4.975456401349884317e+00 1.678185557908328818e+01
1.844124035353098424e-03 4.974575367212711541e+00 1.495998437980704487e+01
2.060601776959439073e-03 4.973471800788122898e+00 1.332054850121273759e+01
2.302491373578020341e-03 4.972090414876201514e+00 1.184227834119443656e+01
2.572775868039812140e-03 4.970365101253450213e+00 1.050523155643686479e+01
2.874788476137461572e-03 4.968222870261534752e+00 9.289986049304722826e+00
3.212253692673729989e-03 4.965603246852305475e+00 8.176137051264205979e+00
3.589333222860261602e-03 4.962536615182481015e+00 7.138687027111057404e+00
4.010677305504150442e-03 4.959502393718928204e+00 6.135958326432575660e+00
4.481482060912644894e-03 4.960121868312866944e+00 5.031605079733346031e+00
5.007553570744652585e-03 4.946445336901526879e+00 4.323049549569545569e+00
5.595379480057747178e-03 4.817130587013449095e+00 4.525409790463498894e+00
6.252209004564994108e-03 4.868095781379593312e+00 4.686170315518373819e+00
6.986142329771021994e-03 4.952867049219050521e+00 5.142026163858720800e+00
7.806230504479789480e-03 4.873112303596243144e+00 4.331151433086463776e+00
8.722587060585705251e-03 4.638168492296816048e+00 3.238192944037441734e+00
9.746512735671186006e-03 5.064035992519340112e+00 3.646606199532295367e+00
1.089063483652084365e-02 5.587091558374364553e+00 4.653956234007168291e+00
1.216906296221790910e-02 5.613295935181342067e+00 4.129740390019491336e+00
1.359756300723895597e-02 5.662254466063014746e+00 3.648229475856954895e+00
1.519375159039648704e-02 5.830422189405160438e+00 3.166625512353135719e+00
1.697731330737557720e-02 5.621579236965824400e+00 2.832088321788803320e+00
1.897024348607705135e-02 5.440477812722424922e+00 2.494298941321069218e+00
2.119711943848664321e-02 5.135072192545584002e+00 2.112067453648034387e+00
2.368540355421579202e-02 5.240893690508698910e+00 1.887049806002427221e+00
2.646578197353924300e-02 5.738828639460636261e+00 1.950636025542941132e+00
2.957254301652981199e-02 5.394849340067831456e+00 1.688762181521336503e+00
3.304400003517279916e-02 5.161198342618406265e+00 1.460222982679153292e+00
3.692296390317768850e-02 5.376079338006880981e+00 1.392977158566634621e+00
4.125727097034950080e-02 5.234497754818199233e+00 1.260261401026847805e+00
4.610037299238459174e-02 5.098351274005140432e+00 1.132712874249588442e+00
5.151199631125236156e-02 4.947522004413879237e+00 1.064968055484164733e+00
5.755887841533974258e-02 5.281925981062665088e+00 1.212339306560222374e+00
6.431559096280183019e-02 4.713636754343141888e+00 1.060055953153534070e+00
7.186545941784783231e-02 4.529017153137345986e+00 9.711878434445307962e-01
8.030159064114650302e-02 4.392447545833320532e+00 9.298508881719619312e-01
8.972802110685201837e-02 4.558821847676099992e+00 1.039676230175589744e+00
1.002609999063492074e-01 4.573001749937558813e+00 9.929778235986370660e-01
1.120304223610401329e-01 3.977906073663513453e+00 8.390952667580074964e-01
1.251814319238425954e-01 4.016925989469429581e+00 8.604862433418808410e-01
1.398762101244491463e-01 4.124087658209967699e+00 8.399998419821267381e-01
1.562959766323982480e-01 3.957772149004838091e+00 7.939037069671153191e-01
1.746432241032336574e-01 4.012410097441430068e+00 8.438748488620215760e-01
1.951442153684330161e-01 4.011008952704672836e+00 7.762793218951853369e-01
2.180517737650736754e-01 3.724936488743681995e+00 6.986640694415454655e-01
2.436484010162778824e-01 3.696656036196062090e+00 6.943134318863705134e-01
2.722497611129163220e-01 3.676159565016568820e+00 6.958005303658263418e-01
3.042085731606672949e-01 3.666630282526469831e+00 7.369946788958294803e-01
3.399189611999942073e-01 3.412069986164236735e+00 7.084601462601196609e-01
3.798213146421034470e-01 3.507623757629260819e+00 6.915978785227813175e-01
4.244077192609936322e-01 3.372574808572984750e+00 6.472972202050006896e-01
4.742280257179430913e-01 3.407790222529048396e+00 6.548628441473079986e-01
5.298966304569934227e-01 3.253003643059535488e+00 6.103528459211562396e-01
5.921000525951227722e-01 3.130334046189007235e+00 5.675208014796909728e-01
6.616054002472103734e-01 3.059218719061948644e+00 5.865602840897932158e-01
7.392698306946189346e-01 2.827129406880206197e+00 5.070250688017686747e-01
8.260511210625580691e-01 2.702535393766215766e+00 5.389895996589063598e-01
9.230194798664543843e-01 2.813175230942597249e+00 5.119183678674440463e-01
1.031370745090265828e+00 2.743214580289123017e+00 4.880675048413324890e-01
1.152441131558733289e+00 2.706025610662378789e+00 5.053813441562358122e-01
1.287723709471841227e+00 2.412932926048774629e+00 4.598669852574729933e-01
1.438886817318883793e+00 2.205419712177320246e+00 4.061673804743285432e-01
1.607794636244787023e+00 2.167233913372371923e+00 4.174905308978472673e-01
1.796530179596900645e+00 2.130638029712475401e+00 4.096502645880888971e-01
2.007420981165085383e+00 2.064653307507710700e+00 4.134603007109088346e-01
2.243067798908879418e+00 1.910731166012764382e+00 4.447746900214930021e-01
2.506376688153265864e+00 1.736855293327901339e+00 3.955131580369455335e-01
2.800594839787686752e+00 1.644301450931219932e+00 3.729902595228273832e-01
3.129350625433920285e+00 1.554763431656045469e+00 3.409173453823359234e-01
3.496698343429805789e+00 1.427135171088628196e+00 3.311937099198736245e-01
3.907168217447461345e+00 1.423075919080631691e+00 3.829749734471152856e-01
4.365822264341409742e+00 1.239585963176991212e+00 3.832227819633095556e-01
4.878316720202860779e+00 1.097075391863431726e+00 4.232073577477368231e-01
5.450971794473806753e+00 9.364069029090558161e-01 4.078366508758894393e-01
6.090849612346080022e+00 1.020838997407182092e+00 4.965265966784566110e-01
6.805841306650453504e+00 8.886885812453410027e-01 6.939812801223596006e-01
