1.061979369266486967e-03 4.382929396225522467e+00 5.134491717707601310e+01
1.193620992228802864e-03 4.382912157231474204e+00 4.568046426200726984e+01
1.341580744711961138e-03 4.382890354185175141e+00 4.064051308864536338e+01
1.507881401466582613e-03 4.382862770295300692e+00 3.615616143089343382e+01
1.694796477849711772e-03 4.382827859302690143e+00 3.216610252583486584e+01
1.904881311314088853e-03 4.382783653237616761e+00 2.861578685529165966e+01
2.141007995719619063e-03 4.382727642531603962e+00 2.545667626927452432e+01
2.406404646058032601e-03 4.382656619124815300e+00 2.264558023670020859e+01
2.704699530383271669e-03 4.382566469427090716e+00 2.014406512481163603e+01
3.039970672280307290e-03 4.382451898304764448e+00 1.791792839391126435e+01
3.416801601993409675e-03 4.382306056621492196e+00 1.593673046361475265e+01
3.840344018393954638e-03 4.382120031299367113e+00 1.417337776537918437e+01
4.316388218446718175e-03 4.381882135133015943e+00 1.260375114898308979e+01
4.851442257023960355e-03 4.381576897798834302e+00 1.120637435351037325e+01
5.452820919270210884e-03 4.381183598738960683e+00 9.962117670391377189e+00
6.128745721869157011e-03 4.380674076034781983e+00 8.853932178605113279e+00
6.888457310341412898e-03 4.380009351185328192e+00 7.866609933522552112e+00
7.742341788969572640e-03 4.379134239762803027e+00 6.986565049824607243e+00
8.702072710421362295e-03 4.377968375220143926e+00 6.201629297202509328e+00
9.780770666227405971e-03 4.376390484088786614e+00 5.500852552986319033e+00
1.099318265989326568e-02 4.374209072663894027e+00 4.874290370841110054e+00
1.235588371487618756e-02 4.371103273028912994e+00 4.312739495177933868e+00
1.388750347363234758e-02 4.366490075360103695e+00 3.807317740523314065e+00
1.560898088559609445e-02 4.359176957791312645e+00 3.348549979303712121e+00
1.754385046595988151e-02 4.346194875569303839e+00 2.923452940178224324e+00
1.971856403873138708e-02 4.315984776795853683e+00 2.497696040585290600e+00
2.216285236265417777e-02 4.277801526974437607e+00 2.121840981882377353e+00
2.491013158382131276e-02 4.386010802401822950e+00 2.117020819955194533e+00
2.799796007164217365e-02 4.502828555589334592e+00 2.033386115737372712e+00
3.146855188361950134e-02 4.506618709461276850e+00 1.772589766709099290e+00
3.536935387857239460e-02 4.508216505305472133e+00 1.522747640218805154e+00
3.975369436808655343e-02 4.451459975467558117e+00 1.211628339992513625e+00
4.468151217397992037e-02 4.740229337825113909e+00 1.168138039791386973e+00
5.022017605881215485e-02 4.879768036832556888e+00 1.182003864121015102e+00
5.644540573196633881e-02 4.087675571937219310e+00 9.248363190347602680e-01
6.344230702248275511e-02 4.090419034255029729e+00 8.288337333845821053e-01
7.130653537061129588e-02 4.334081115530436179e+00 9.052701029995915416e-01
8.014560354430910749e-02 4.411397202514771188e+00 7.961425803806591039e-01
9.008035145862544613e-02 4.281102585273614203e+00 7.177046584122394046e-01
1.012465981920435548e-01 4.298630491363724104e+00 7.592586496095508064e-01
1.137969987846840780e-01 4.363585070226148055e+00 7.263937688177024565e-01
1.279031312028717782e-01 4.094071523870140616e+00 7.057462528855844575e-01
1.437578420011972058e-01 4.123137733931128146e+00 7.001115044198724657e-01
1.615778827498880743e-01 4.360981619310375201e+00 7.339810393917849396e-01
1.816068732703928490e-01 4.019127828486324105e+00 6.892253281753188965e-01
2.041186321899082501e-01 3.960945526019976626e+00 6.625683347936209833e-01
2.294209203472452052e-01 3.867817006354826059e+00 6.083655598311427104e-01
2.578596482265634315e-01 3.946660465959356046e+00 6.149188504076270601e-01
2.898236049392844405e-01 3.880146179002803120e+00 5.938657536199598574e-01
3.257497734046370663e-01 3.669456843920174460e+00 5.613693343947865344e-01
3.661293043932777325e-01 3.818207330926882026e+00 5.931079066813156331e-01
4.115142311058234137e-01 3.821361475175323541e+00 5.391187420749742332e-01
4.625250160820676415e-01 3.686576866918085837e+00 5.486744743764992993e-01
5.198590336155438640e-01 3.406326193009236114e+00 5.141593868704678050e-01
5.843001036374975143e-01 3.552685649352985031e+00 5.290508537135586442e-01
6.567292074090871346e-01 3.416752995691602290e+00 5.242360412845458173e-01
7.381365315172767616e-01 3.319984245963275793e+00 5.074541003848430654e-01
8.296350048292626678e-01 3.186955064262747772e+00 4.766677964252848398e-01
9.324755134706951276e-01 3.101015727338332084e+00 4.847363169092067658e-01
1.048064001833409531e+00 3.003147439170994470e+00 4.762508678802583884e-01
1.177980693402498336e+00 2.932039718539779294e+00 4.361150735664782174e-01
1.324001694172869392e+00 2.898524462003043922e+00 4.189740570389354768e-01
1.488123273998057439e+00 2.878312941558006433e+00 4.294460912186343626e-01
1.672589157824414752e+00 2.860538082912928104e+00 4.429737301315014308e-01
1.879921199912257812e+00 2.735653721029755570e+00 3.969622510482783140e-01
2.112953860394774619e+00 2.600453995421980302e+00 3.723579562461670767e-01
2.374872955507686623e+00 2.583038563050693348e+00 3.751436780430494333e-01
2.669259211248492747e+00 2.559608219747280700e+00 3.698294286607063386e-01
3.000137215892375142e+00 2.331166648310528444e+00 3.628975050146669989e-01
3.372030440600221723e+00 2.305204807073723661e+00 3.806058434514599798e-01
3.790023080311811121e+00 2.246175502469298646e+00 3.700335773624761071e-01
4.259829560358116218e+00 2.213154092624230351e+00 3.609798447421632139e-01
4.787872659025577349e+00 2.006954908602220033e+00 3.411608317315563133e-01
5.381371314094900882e+00 1.705529022813586426e+00 3.400440486704805476e-01
6.048439313767635994e+00 1.397433898524000240e+00 3.325138687968761109e-01
6.798196221195513367e+00 1.510266222290235882e+00 3.459893674935566321e-01
7.640892049074534675e+00 1.100032029042897319e+00 3.021912374041010874e-01
8.588047388744438848e+00 9.150717135327987029e-01 3.039877412104603494e-01
9.652610909514592663e+00 8.619879404683108426e-01 3.168535665761034181e-01
1.084913638140764292e+01 9.280710199079971190e-01 3.961315314922143060e-01
