1.063062091244744000e-03 3.915076562593510001e+00 4.262413288753985086e+01
1.197139928438552010e-03 3.914912361505586968e+00 3.784454247191909815e+01
1.348128223238387715e-03 3.914703768381367244e+00 3.359952381830714785e+01
1.518159793285334385e-03 3.914438657768466445e+00 2.982910890205053178e+01
1.709636456101856208e-03 3.914101515713118484e+00 2.648003202030631087e+01
1.925262956481928016e-03 3.913672445393853394e+00 2.350497657400792662e+01
2.168085172945504423e-03 3.913125851362104335e+00 2.086190551418924954e+01
2.441533142950835268e-03 3.912428680144801163e+00 1.851346581165735472e+01
2.749469514626497711e-03 3.911538037072690877e+00 1.642645825576753893e+01
3.096244109438532188e-03 3.910397906991752492e+00 1.457136464886110438e+01
3.486755366529357449e-03 3.908934555012532286e+00 1.292192500404590838e+01
3.926519536673705318e-03 3.907049925723470984e+00 1.145475759463637999e+01
4.421748603265679249e-03 3.904611903787555072e+00 1.014901447579058846e+01
4.979438031026595449e-03 3.901439457033807123e+00 8.986064041901942190e+00
5.607465581946887226e-03 3.897279044333263442e+00 7.949189497424149486e+00
6.314702594307879113e-03 3.891765275046985106e+00 7.023285918898722890e+00
7.111139296679204469e-03 3.884351214203838332e+00 6.194524059672246175e+00
8.008025927041736991e-03 3.874175041198490987e+00 5.449912592920706622e+00
9.018031650444494410e-03 3.859777652047593044e+00 4.776588177982364236e+00
1.015542352002112708e-02 3.838413120454753358e+00 4.160324525815991770e+00
1.143626800931830598e-02 3.803952489135709047e+00 3.581315571763189265e+00
1.287865796272425617e-02 3.737275822847133000e+00 2.995671123195912777e+00
1.450296816983457845e-02 3.524065179747484677e+00 2.188762641961783384e+00
1.633214317392601977e-02 4.033466059034257256e+00 2.817666199060083976e+00
1.839202138003870335e-02 4.152640688818057590e+00 2.912388472144295637e+00
2.071170004092526273e-02 4.120476464688045404e+00 2.517719669712787045e+00
2.332394627655444419e-02 4.050394419620304554e+00 2.123165703381677982e+00
2.626565993311359357e-02 3.790858148621369494e+00 1.598531657243374315e+00
2.957839481972442813e-02 4.426864083643994974e+00 1.849916436065295100e+00
3.330894568571346470e-02 4.514426765668867247e+00 1.678472683209850436e+00
3.751000922991081649e-02 4.441847077222211837e+00 1.564350112235354251e+00
4.224092847920644239e-02 4.367545632601898653e+00 1.475585500987184107e+00
4.756853105124325687e-02 4.539829442823048566e+00 1.469773800593589863e+00
5.356807314230710437e-02 4.667222460853831301e+00 1.305591039485747729e+00
6.032430257491766534e-02 4.749519593321221755e+00 1.112699430626743036e+00
6.793265592142765097e-02 4.849485039732938318e+00 1.098804202810206077e+00
7.650060661385733873e-02 4.332501650179734654e+00 9.101414479132831081e-01
8.614918308297996041e-02 4.189213670670997480e+00 7.667302777198340413e-01
9.701467837145796858e-02 4.157153934147963525e+00 7.427669377991779065e-01
1.092505753705386856e-01 4.161368697010360052e+00 6.883084465950405351e-01
1.230297148756539921e-01 4.115230192807104004e+00 6.424539946674246993e-01
1.385467370862605851e-01 4.154041939283902529e+00 6.448098858957421742e-01
1.560208310378511931e-01 4.396459051437548560e+00 6.488786888123985186e-01
1.756988308038305857e-01 4.183756904321915826e+00 5.994310816858359203e-01
1.978587022033224951e-01 4.259966051713016455e+00 6.018772137428561875e-01
2.228134692671474570e-01 4.202713790001001648e+00 6.317182608668329147e-01
2.509156359261129343e-01 4.002912918744669923e+00 5.505220014626424074e-01
2.825621653811237755e-01 4.086510540356455223e+00 5.563917545415864030e-01
3.182000874922772948e-01 3.890314078204246240e+00 5.172050730849540034e-01
3.583328133953243011e-01 3.957600974394869020e+00 5.293615634467090381e-01
4.035272465439675438e-01 3.987627171429933171e+00 5.001637469478186215e-01
4.544217906265592966e-01 3.925820822566394419e+00 5.140358613534813381e-01
5.117353674747430192e-01 3.847725496202474726e+00 5.283622925536110015e-01
5.762775723484523382e-01 3.919843830490868264e+00 5.314363692073510448e-01
6.489601100479276408e-01 3.714061423258545158e+00 5.053786064682502799e-01
7.308096733960102176e-01 3.654558822271974705e+00 4.719267051590737005e-01
8.229824460084912419e-01 3.474818390376354316e+00 4.520477373942907162e-01
9.267804342145107288e-01 3.470173087683802837e+00 4.316697108468383060e-01
1.043669858827068087e+00 3.455123290289500382e+00 4.305754829570122011e-01
1.175301866560551245e+00 3.432891858919531192e+00 4.327217235382004867e-01
1.323535853658869055e+00 3.164562793295186527e+00 4.104603031690783332e-01
1.490465731197119670e+00 3.163420067818619952e+00 3.860696742809792692e-01
1.678449503072952265e+00 3.048638685201570109e+00 3.768468461315657714e-01
1.890142574497914785e+00 3.061909194185548966e+00 3.753488418044559349e-01
2.128535261495040132e+00 2.866878640099177034e+00 3.725943570597395338e-01
2.396995031251149211e+00 2.882284491845986452e+00 3.732478926739946634e-01
2.699314069999063648e+00 2.784195353011311269e+00 3.645641309497794635e-01
3.039762850360065993e+00 2.897628023355464766e+00 3.875738619842276633e-01
3.423150454823643329e+00 2.673318993783929898e+00 3.870094101463969483e-01
3.854892507476793462e+00 2.596749693443330287e+00 3.717753495218949489e-01
4.341087673567153971e+00 2.351448295968924018e+00 3.745762931828784947e-01
4.888603807511001875e+00 2.329164927080315195e+00 3.784480410048458587e-01
5.505174966248321589e+00 2.236199125766527462e+00 3.758826738130743861e-01
6.199510658327982426e+00 2.144255372545356586e+00 4.376215949773830105e-01
6.981418871944465643e+00 1.981667562413182981e+00 4.484350642885541194e-01
7.861944619785139921e+00 1.820830088290808391e+00 4.253358087707856949e-01
8.853525957733163310e+00 1.704968737081645092e+00 5.517187464211082970e-01
9.970169681301713993e+00 1.293843137608194471e+00 6.516124665874684085e-01
1.122764918163735892e+01 1.240719056863799130e+00 6.459569930021806794e-01
1.264372725595014657e+01 5.039663111669659967e-01 3.884197397213876024e-01
