1.061108183078363510e-03 4.531939107274865819e+00 4.738482578946199197e+01
1.190792969313367831e-03 4.531850505494625203e+00 4.221846050757879709e+01
1.336327358867826082e-03 4.531738394251829227e+00 3.761401448484063081e+01
1.499648432664468182e-03 4.531596361214949908e+00 3.351019620256520426e+01
1.682930014617350315e-03 4.531416141640694839e+00 2.985237510340442313e+01
1.888611605499969717e-03 4.531187022053317470e+00 2.659185337788371228e+01
2.119430853005597852e-03 4.530895016234925521e+00 2.368521622454022690e+01
2.378459990180393710e-03 4.530521706244935665e+00 2.109375169228881575e+01
2.669146727229405880e-03 4.530042579190603824e+00 1.878293200396295148e+01
2.995360140970503363e-03 4.529424585675847048e+00 1.672194885412132592e+01
3.361442172730619814e-03 4.528622463398580322e+00 1.488329551168959064e+01
3.772265420127728520e-03 4.527573040830544571e+00 1.324238850809125445e+01
4.233297991954418360e-03 4.526186121144456287e+00 1.177722098404265161e+01
4.750676289389655152e-03 4.524329342282097599e+00 1.046803781020555135e+01
5.331286682265781382e-03 4.521801918428820066e+00 9.297018035404914116e+00
5.982857167512057456e-03 4.518286665385224055e+00 8.247939719000765280e+00
6.714060229760108502e-03 4.513256514701948774e+00 7.305776787225744862e+00
7.534628273198787189e-03 4.505776560697325905e+00 6.456109962389793289e+00
8.455483161090876498e-03 4.494034867374731235e+00 5.684027382417425223e+00
9.488881587138797008e-03 4.474031018294795992e+00 4.971417846518965789e+00
1.064857821361037474e-02 4.434756420965196178e+00 4.287541999707189078e+00
1.195000874761352472e-02 4.325135559368707305e+00 3.524910290075376817e+00
1.341049539228794663e-02 4.328257900355633403e+00 3.093256622956126467e+00
1.504947740749490795e-02 4.824897384594390992e+00 3.577107639530179739e+00
1.688876984879669058e-02 4.671055320733125349e+00 2.818378745518727690e+00
1.895285392857391782e-02 5.542138084117848251e+00 3.459769841339488394e+00
2.126920286402346483e-02 5.812182340911859590e+00 3.110419584310478935e+00
2.386864754911465630e-02 4.372617393282587805e+00 2.273001522455817103e+00
2.678578691764311320e-02 4.489934569284848465e+00 1.943174713024008460e+00
3.005944845936584647e-02 4.139775710162937550e+00 1.654758608994621794e+00
3.373320501874496613e-02 4.421358729962727274e+00 1.556319835104512883e+00
3.785595475495583118e-02 4.373437349819582209e+00 1.355691999879267140e+00
4.248257198249999478e-02 4.344591233691777354e+00 1.250270736573122932e+00
4.767463755519271706e-02 4.192231181647406046e+00 1.181968415826303520e+00
5.350125851502739172e-02 3.959793265029339704e+00 1.059983860481584550e+00
6.003998791554567699e-02 3.975956825060088740e+00 9.651638543579224017e-01
6.737785706267745978e-02 4.166911968064678007e+00 9.287091052981720773e-01
7.561253391230524090e-02 3.953925669952757627e+00 7.919383277027161050e-01
8.485362304296947822e-02 4.022488772999371243e+00 8.080174485047669775e-01
9.522412450651389360e-02 4.188993283960151359e+00 8.269993243668000149e-01
1.068620709741557318e-01 4.217403690910617620e+00 7.444698159242694180e-01
1.199223649685992876e-01 4.049288190058311088e+00 7.615255201409006913e-01
1.345788406359822442e-01 4.224434449281021742e+00 7.602770197067072466e-01
1.510265775000972366e-01 4.221791830507278576e+00 7.102354467280219685e-01
1.694844969952463976e-01 4.008550638179034564e+00 6.914695724747940142e-01
1.901982763379060914e-01 3.993414428032039609e+00 6.733848654777655485e-01
2.134436185211979198e-01 3.953718629419433750e+00 6.409448380407184453e-01
2.395299219562013748e-01 3.867460066476982039e+00 5.992623136095626135e-01
2.688043986034927002e-01 3.683609793041749292e+00 6.091228521105837013e-01
3.016566954077558593e-01 3.672210977211840977e+00 5.961324350996561883e-01
3.385240805473383463e-01 3.659608133411116349e+00 5.870685882849282500e-01
3.798972635283811572e-01 3.546042905504224851e+00 5.937711343002231024e-01
4.263269265897042803e-01 3.607769295381780594e+00 5.882731835269311427e-01
4.784310543522635739e-01 3.592894332138818481e+00 5.770118434997481005e-01
5.369031592717287138e-01 3.600553656510370626e+00 5.596843938061563106e-01
6.025215123759857239e-01 3.607028535430941929e+00 5.791062378966590485e-01
6.761595021498338909e-01 3.492940114526222217e+00 5.450869704585016295e-01
7.587972594449281516e-01 3.471569244994614944e+00 5.300958275350851068e-01
8.515347031439703951e-01 3.085838415578928462e+00 5.099751333853851376e-01
9.556061802185734644e-01 3.000905549270326489e+00 4.933140811213262977e-01
1.072396895041797693e+00 2.994021778006575207e+00 4.952076028813995334e-01
1.203461346631562900e+00 3.097868633322180543e+00 4.978745571356595900e-01
1.350544019226953552e+00 2.878236286233109897e+00 4.842864620562055133e-01
1.515602601591572451e+00 2.774567173712594315e+00 4.321381999828591836e-01
1.700834044095775877e+00 2.635620859222152390e+00 4.017826393410297015e-01
1.908703800400811446e+00 2.410978931379230250e+00 3.752929896444033853e-01
2.141978642955333356e+00 2.525496924834365053e+00 4.002069164995515349e-01
2.403763489082650917e+00 2.452506399721269492e+00 3.895630045951240517e-01
2.697542727818547093e+00 2.371481174354919563e+00 3.919084300976082291e-01
3.027226597565034538e+00 2.255414037679866368e+00 3.518526837345595237e-01
3.397203231852424565e+00 2.192352777518551399e+00 3.657139699952204337e-01
3.812397065945316577e+00 2.157035415302899661e+00 3.911080547967820120e-01
4.278334381691720090e+00 1.983202691080587998e+00 3.692158931265122068e-01
4.801216863025469017e+00 1.799507940782206106e+00 3.555973853394706063e-01
5.388004141154841165e+00 1.824288135201183714e+00 4.143241687484605640e-01
6.046506428124180488e+00 1.673634954726818780e+00 3.932607415043076204e-01
6.785488471712808334e+00 1.450832626030694961e+00 4.134342021596809080e-01
7.614786215323908536e+00 1.177037133963847015e+00 4.573821466210070685e-01
8.545437715621131858e+00 1.045051038733051829e+00 4.379315492108827312e-01
9.589830060442992021e+00 9.781891139497213006e-01 7.300221966928535089e-01
