2.202043474480507612e+01 1.741770066880437540e+01
2.499670789696338957e+01 1.741767340476581083e+01
2.837525293788847236e+01 1.741763824113061787e+01
3.221044077516140902e+01 1.741759287673932377e+01
3.656399106648410680e+01 1.741753433294627840e+01
4.150596547380622070e+01 1.741745874763043744e+01
4.711589516528256638e+01 1.741736110516209024e+01
5.348406070994413142e+01 1.741723487642653012e+01
6.071294496242080641e+01 1.741707153749419135e+01
6.891888231898218464e+01 1.741685991745512041e+01
7.823393088636505865e+01 1.741658530437907970e+01
8.880799769219093776e+01 1.741622819870735484e+01
1.008112511379731870e+02 1.741576254023885895e+01
1.144368595183082959e+02 1.741515312328092335e+01
1.299040996772250480e+02 1.741435171285417027e+01
1.474618858292824370e+02 1.741329099124981639e+01
1.673927753347163048e+02 1.741187469070242955e+01
1.900175158935519164e+02 1.740996060176360061e+01
2.157002073366541026e+02 1.740732924136109361e+01
2.448541610823910446e+02 1.740362080286479696e+01
2.779485515551172057e+02 1.739819265994047726e+01
3.155159666067182229e+02 1.738973988807711279e+01
3.581609784501102922e+02 1.737498771789936569e+01
4.065698730366848963e+02 1.734118763125421481e+01
4.615216944525163854e+02 1.726445217512240760e+01
5.239007820707428209e+02 1.747802345902655929e+01
5.947110022204494726e+02 1.747310924062191617e+01
6.750919034022238066e+02 1.746400905301686990e+01
7.663370550361853475e+02 1.743806672383231415e+01
8.699148648678619793e+02 1.747343609298885525e+01
9.874922100463196557e+02 1.746728079673962597e+01
1.120961262169357269e+03 1.746587612760785646e+01
1.272469937991083498e+03 1.744585694938525933e+01
1.444456465834947721e+03 1.741124752140962784e+01
1.639688623989330154e+03 1.738267309254121074e+01
1.861308282548984380e+03 1.748038295200773007e+01
2.112881965513956857e+03 1.749843121796518375e+01
2.398458246841564232e+03 1.747403896475639584e+01
2.722632904125808182e+03 1.749241058608490462e+01
3.090622878422030226e+03 1.746989316221860022e+01
3.508350230451888820e+03 1.740973543761343478e+01
3.982537444295418481e+03 1.733497448589499612e+01
4.520815612291984507e+03 1.750974578542824389e+01
5.131847242169188576e+03 1.756293973251331764e+01
5.825465662734166472e+03 1.751158784386971234e+01
6.612833271582404450e+03 1.748448794269222972e+01
7.506621171503547885e+03 1.761174588143640207e+01
8.521213086471978386e+03 1.781454494249142328e+01
9.672936838841113058e+03 1.788471587321876655e+01
1.098032711290269799e+04 1.795356164200232740e+01
1.246442373346365275e+04 1.798594304171169611e+01
1.414911025963609791e+04 1.805898043521871799e+01
1.606149834282857410e+04 1.806402456834772252e+01
1.823236403440959839e+04 1.826032144717289185e+01
2.069664306454054895e+04 1.844315814386797570e+01
2.349399306269748922e+04 1.854397744033418505e+01
2.666943176769381898e+04 1.882558616455742140e+01
3.027406149791432472e+04 1.899659841065595245e+01
3.436589154065628099e+04 1.917542061618430083e+01
3.901077169528492232e+04 1.953685504026341135e+01
4.428345199370842602e+04 1.977038221223687131e+01
5.026878565224844351e+04 2.003945181858557589e+01
5.706309461400423606e+04 2.027655107939576595e+01
6.477571965737659775e+04 2.062537936252921256e+01
7.353078001663970645e+04 2.108392077084500471e+01
8.346917083212589205e+04 2.145681151812855347e+01
9.475083057497811387e+04 2.176102497430948191e+01
1.075573149361252727e+05 2.218695021766541942e+01
1.220947186010619189e+05 2.258920358062990985e+01
1.385969919305380317e+05 2.292558901694825835e+01
1.573297059224848635e+05 2.343427179336759991e+01
1.785943260446884960e+05 2.387743610686673890e+01
2.027330637169777474e+05 2.434874994033778961e+01
2.301343835178046429e+05 2.503516522312335724e+01
2.612392547426623642e+05 2.583187592257012710e+01
2.965482479206403950e+05 2.626535716040087465e+01
3.366295904933163547e+05 2.765324185619257946e+01
3.821283112959865248e+05 2.891128974433566867e+01
4.337766210033207899e+05 2.981841856116954048e+01
4.924056955919007887e+05 3.394636165215739254e+01
