2.216846932240293810e+01 1.703308856873707100e+01
2.548295308065335263e+01 1.703296114597542399e+01
2.929299665514256645e+01 1.703279205531264751e+01
3.367269289090545215e+01 1.703256735037176028e+01
3.870721250794874635e+01 1.703226815986226228e+01
4.449446039227116501e+01 1.703186873337727292e+01
5.114697952462562114e+01 1.703133351865377421e+01
5.879413957219006903e+01 1.703061259979511277e+01
6.758465270407320702e+01 1.702963413911189150e+01
7.768946555501136686e+01 1.702829073128102522e+01
8.930508357646019135e+01 1.702641136830737878e+01
1.026573924228017205e+02 1.702369049324071781e+01
1.180060506860883152e+02 1.701942512825825560e+01
1.356495394035996469e+02 1.700955972100004487e+01
1.559309665345660108e+02 1.701196367171996826e+01
1.792447392840815041e+02 1.700838344066847441e+01
2.060442340290132108e+02 1.699051855533480193e+01
2.368506130007970683e+02 1.693336582898982101e+01
2.722629591806684175e+02 1.699324805707433583e+01
3.129699264977833195e+02 1.706640441060949342e+01
3.597631318883521772e+02 1.705374710950133732e+01
4.135525496473943576e+02 1.703023396544114121e+01
4.753842074427351463e+02 1.701149804442290048e+01
5.464605281206524978e+02 1.690055833675998187e+01
6.281637128845393363e+02 1.704045047878983610e+01
7.220826205726772287e+02 1.703866339550636155e+01
8.300436657488717174e+02 1.700984988471078907e+01
9.541463364724202165e+02 1.695974914850965831e+01
1.096804022451488436e+03 1.688721200890852003e+01
1.260790947553501837e+03 1.675605368320227484e+01
1.449296119355875135e+03 1.721653687090337570e+01
1.665985344878807837e+03 1.738265451655448146e+01
1.915072518502642197e+03 1.739706051210465887e+01
2.201401568385851533e+03 1.746154149969594016e+01
2.530540654972591256e+03 1.756453114316273201e+01
2.908890453441664249e+03 1.757991766917158927e+01
3.343808625835218663e+03 1.769013372764619874e+01
3.843752903441620674e+03 1.774694697620035910e+01
4.418445561915349572e+03 1.778334841810108813e+01
5.079062487635262187e+03 1.805064060106090196e+01
5.838450512021478062e+03 1.823545362388500379e+01
6.711377240250199975e+03 1.854501308609316723e+01
7.714818232715144404e+03 1.873914637332800481e+01
8.868287123972660993e+03 1.877882479374323310e+01
1.019421509890072412e+04 1.919115745624975844e+01
1.171838710563785389e+04 1.933835277785010476e+01
1.347044328821228191e+04 1.964979835225854288e+01
1.548445539008045125e+04 1.979261562938022934e+01
1.779958933773235185e+04 2.045718927686260002e+01
2.046086688944046909e+04 2.066909685824652598e+01
2.352004116072131001e+04 2.119671437433932226e+01
2.703660305260666792e+04 2.152387117802176064e+01
3.107893815445188011e+04 2.173891938020733505e+01
3.572565661924453889e+04 2.186754731889802983e+01
4.106712187312440074e+04 2.195992775043638190e+01
4.720720788749819621e+04 2.228129280914460608e+01
5.426531918692567706e+04 2.289070398957031927e+01
6.237871287530160043e+04 2.318366211865249227e+01
7.170516783612346626e+04 2.339194836206834438e+01
8.242605301403111662e+04 2.358853086672850097e+01
9.474985444562585326e+04 2.380535959671958324e+01
1.089162296287444915e+05 2.407117302232414957e+01
1.252006680743671459e+05 2.430260301998605854e+01
1.439198486735989572e+05 2.463757453235716355e+01
1.654377980629343365e+05 2.504419317641512066e+01
1.901729697477996524e+05 2.550472723194587843e+01
2.186063816500971443e+05 2.607700222821448222e+01
2.512909703283469134e+05 2.646534304995423881e+01
2.888623437793129124e+05 2.680842331022711278e+01
3.320511419278217945e+05 2.734178812771705225e+01
3.816972451757375384e+05 2.795759367745922219e+01
4.387661073197464575e+05 2.848491775474026610e+01
5.043675304596108617e+05 2.872280524583617733e+01
5.797772470072413562e+05 2.900639426608300298e+01
6.664617284958505770e+05 3.022946016540787184e+01
7.661067036391111324e+05 3.138624879423117164e+01
8.806499402229951229e+05 3.225911729262960392e+01
1.012318928330511437e+06 3.366598574014778933e+01
1.163674197714407695e+06 3.517951526466958967e+01
1.337659111698600696e+06 3.780697313071924981e+01
