22.174637299309634 13.653731309481842
25.50330509091014 13.653292366666104
29.331644156375564 13.652709716886726
33.734660893927995 13.651935416506214
38.79862102380482 13.650904829046262
44.62273974183562 13.649530256776044
51.321125584486786 13.647691685402986
59.025016090379495 13.645222941479933
67.88534906028404 13.641890199819077
78.07571979277675 13.637356930106654
89.7957822349405 13.63112282132136
103.27516068485654 13.622407081901487
118.77794868557623 13.609892467684599
136.6078832547592 13.59101688554783
157.11429582561988 13.558755462219743
180.69895649247184 13.49580236973821
207.8239456561521 13.520010871766216
239.02070729384997 13.380322434207978
274.9004612287376 13.302714683642488
316.16617840088327 13.904291278206717
363.626353763896 13.882113871387704
418.2108466515744 13.851296752844139
480.9890989655554 13.87153730914956
553.1910881222141 13.749976728504762
636.2314252775902 13.779570408879037
731.7370709727078 13.81732927589287
841.5792112156407 13.721999555253909
967.9099185296802 13.540688767309412
1113.2043162459724 14.39036044429182
1280.3090721408519 14.953550811432603
1472.4981715252136 14.983164348207177
1693.5370625152914 14.944367998864891
1947.7564302454637 14.882738004602363
2240.1370454378803 15.272999709840263
2576.4073497171003 15.7442427622418
2963.1556896014745 15.910175165554037
3407.9593981059325 15.985882265934892
3919.533252976185 16.06159835930597
4507.900220209295 16.311895223960793
5184.5878281381365 17.06399624325415
5962.854019521781 17.38617020401529
6857.946906629148 17.462208309047618
7887.403518544665 17.565274554832836
9071.393393876406 17.65456349698964
10433.11375067675 18.24454563871151
11999.243975907682 18.388688482114734
13800.468338995855 18.470098949870277
15872.077170696935 18.93446845276146
18254.65828581359 19.173954612226456
20994.892196406254 19.610070228969306
24146.46669564184 19.948062386619924
27771.128731184563 20.114769224427008
31939.89417686621 20.352291244641364
36734.43920498142 20.562809249856514
42248.700519548016 20.7715593715648
48590.71580296254 21.008567120868783
55884.740434841005 21.300034686546905
64273.68195467371 21.69883977736554
73921.89996529064 22.122646917764367
85018.42633400098 22.387467188204976
97780.66878291624 22.67370797735054
112458.67043072605 23.13593234861413
129340.00874062613 23.37553087497964
148755.42985660775 23.850746134536443
171085.32871834893 24.377277829861846
196767.20191579175 24.730376821800853
226304.21930280636 25.161334864233904
260275.08230853407 25.712482798382357
299345.362094511 26.19159545564387
344280.5396994232 26.539093993872278
395961.0036593901 26.926331867090436
455399.29894333845 27.528392842071828
523759.96515172475 28.013038688320027
602382.3526567789 28.449549959239683
692806.8637074999 29.096883679154395
796805.1326259607 29.389012664077637
916414.7363977706 30.79871450108569
1053979.1157209128 31.901745505903804
1212193.4886626073 33.446844922473424
1394157.6564835028 36.49982889615281