22.169825698548923 14.741907561849594
25.48742798036316 14.741783576557943
29.301492663368926 14.741619562893874
33.68631283482019 14.74140253588682
38.727299166707446 14.741115251526292
44.522643606081246 14.740734774264055
51.18523202821778 14.74023053529873
58.844843108656804 14.73956167958605
67.6506762453178 14.738673402330491
77.77425777137523 14.73749181917011
89.4127820681906 14.735916649667509
102.79295265889598 14.733810523851307
118.17539810220406 14.730982831836391
135.85974870239122 14.727164209022387
156.19047292325254 14.721963552623704
179.56358719188415 14.714788113686222
206.43436979066377 14.704667260213144
237.32622909415016 14.689691351522058
272.84089889277914 14.6583927500735
313.6701593951826 14.6508608140876
360.6093122192217 14.603967553962296
414.5726718472705 14.533519475780555
476.6113752994294 14.393376206442023
547.9338569342538 14.45136903709357
629.92938719985 14.984926553328084
724.195133840017 14.963767835417617
832.5672726730105 14.90371109683816
957.1567539409947 14.874360652479139
1100.3904209127834 14.902172389687475
1265.0582816775045 14.734424695721563
1454.3678549230895 15.096834023528686
1672.0066482856341 15.373728101809697
1922.2139862677311 15.360717909716247
2209.863586841473 15.330760749513075
2540.558495222433 15.247860515627938
2920.7402240027445 16.03253568475515
3357.814225553075 16.01461067871067
3860.2941407349244 16.84019952100737
4437.967633703098 17.052781393440906
5102.0870430476125 17.279074547761137
5865.5885629146605 17.581252397533216
6743.344223473729 17.669204874763096
7752.451578987115 17.837996470532865
8912.566746233806 17.9401316144127
10246.287280449027 18.280993770190307
11779.592346711539 18.53379474120527
13542.348760752706 18.808241259771897
15568.89275621308 18.93083479417276
17898.69881042642 19.154699501243133
20577.14855659936 19.414821140434412
23656.414759809653 19.731492762306257
27196.477575541467 20.115819025569863
31266.292886170268 20.411901959119753
35945.13547309327 20.772297207720516
41324.14318777558 21.064485333594014
47508.092200182844 21.51386919630287
54617.437904163016 21.620822087189733
62790.66123399546 21.952582091328367
72186.96609534415 22.307043392136347
82989.3804531096 22.54515573814736
95408.32148139234 22.763900982668517
109685.69422011674 23.176347048596906
126099.60357488699 23.38719440129359
144969.77144378904 23.798674365007486
166663.7644898185 24.091325426499886
191604.15386795258 24.753327713327185
220276.74636916528 25.274085304501494
253240.04731351108 25.717998060897784
291136.1395172959 26.058492690966627
334703.1902426606 26.686079513290547
384789.82974890806 27.145987196881645
442371.68152131233 27.410121574995443
508570.36616506113 27.940726373285155
584675.3491358 28.4168800258847
672169.0578725549 28.82631226130935
772755.7575825524 29.387687689742734
888394.7481411826 30.125796844335362
1021338.5287401378 30.262600975074008
1174176.6736821092 33.671121242100064
1349886.2739662374 37.05357335251985