22.16596742672623 14.587877844800813
25.474699866579776 14.587542478833804
29.277329556563682 14.5870987886822
33.64758095101828 14.58651147226782
38.67018341505498 14.58573348638899
44.44251393676307 14.584701961951364
51.0764850484372 14.5833325604089
58.70071455938071 14.581511570496774
67.46301916653371 14.579084647964322
77.53328028843862 14.575840417146992
89.10673768463145 14.571485921185397
102.40777471634587 14.565608573797654
117.69426863623846 14.557614579057446
135.26259024948902 14.546623696172333
155.45334987848142 14.531276558193507
178.65800103242393 14.509348817164899
205.32642981223995 14.476878877066001
235.97567719225427 14.425817160918845
271.19996328413976 14.335565243922245
311.6822079311019 14.113616449104715
358.2072709907622 14.125200698052243
411.67716900610884 14.931689781532707
473.12856328160615 14.981792755223971
543.7528584190082 15.01260739438031
624.9193009783704 14.952673648741259
718.2015260954504 14.733750535256195
825.4080667348233 15.374469301755916
948.6174170846483 15.304169704830155
1090.2183298936059 15.385162097822118
1252.956129024925 15.44102380868614
1439.9859351239584 15.300080278991135
1654.9338363255429 15.433064480591437
1901.967189963848 15.776089729540757
2185.8754182770726 15.811941133229588
2512.1628645543497 15.872931772529995
2887.155509997122 16.06244218619269
3318.123620295401 16.257342822887455
3813.422699760717 16.406652849706138
4382.655485800037 16.644454322126936
5036.858124439862 16.878299723637607
5788.714136426048 17.15446624164864
6652.80032222175 17.271305933281933
7645.869373449456 17.44633071850493
8787.174669978593 17.850279733277848
10098.843559745237 18.048946229918943
11606.306358361748 18.37887606457212
13338.789385855838 18.581461694057737
15329.881599414764 18.96475634658226
17618.185807871727 19.463102121614167
20248.067093521626 19.637022118848936
23270.512951485292 19.726941647829296
26744.121822793793 20.353023158523808
30736.23918663052 20.439156482204936
35324.26323800949 20.65049584578797
40597.145465049325 20.992509806720552
46657.11521866819 21.266545922616945
53621.66171023508 21.374570745813475
61625.811863662944 21.591964404181034
70824.74818438318 21.954625075559306
81396.81739980463 22.397583446849726
93546.98820204272 22.575593888367756
107510.8251307885 23.035696343686197
123559.05564098735 23.47434620270878
142002.81890051794 23.670672225716693
163199.69808027704 24.226782189265563
187560.6530892356 24.42447320788851
215557.9881646364 24.651750364678502
247734.50879102442 25.116651712133827
284714.0454802159 25.663103680431
327213.5484446784 26.225341389750497
376056.9876528898 26.442262396651856
432191.3277575524 27.10615375426653
496704.8876146596 27.385607614313393
570848.4403432835 27.4567685248142
656059.4630088792 28.99012632659561
753990.0060770364 30.109837774229867
866538.7229638284 30.926222601175574
995887.6806638505 32.00977467229492
1144544.6651313978 33.41968807027705
1315391.801621162 33.73637985925013