22.169635328781744 13.738022565698962
25.486799898830064 13.706700546548015
29.300300137986063 13.6589526761345
33.68440100694928 13.580260915323358
38.72447947132032 13.42770237149977
44.518687151816536 12.736675444909439
51.179861750992366 14.73119885283433
58.83772448001779 14.730368798578741
67.64140627869828 14.729257975731223
77.76235202491202 14.727764868165746
89.3976592906919 14.725745598511605
102.77391666463897 14.722990954349585
118.1516163890202 14.71918540505508
135.83022724423708 14.71382703814888
156.1540264711572 14.706050651312529
179.51880430347597 14.694161622730164
206.37957167567674 14.674012334405987
237.2594212082276 14.628984898138315
272.759714030832 14.56945080985177
313.5717908242173 14.757667926255714
360.49043514392326 14.723838081378858
414.429351213881 14.711705305082617
476.4389576078146 14.729419339535895
547.7268433366163 14.661008767767182
629.681284708137 14.672082706424169
723.8982809320044 14.573368275905388
832.2126349669152 14.370414666503796
956.7336848858051 14.916627046543413
1099.8863815995303 14.857926009038646
1264.4585128958865 14.890348105012546
1453.654993445516 14.935774309314656
1671.1602780304693 14.987899295185994
1921.2101134446725 15.541730683622625
2208.674026378932 15.36319986198416
2539.150153678082 15.609707186399891
2919.0742617160167 16.087392858061385
3355.8450779564314 15.96240618585259
3857.9683754342295 16.256601364983602
4435.222616091176 16.86935873728151
5098.8493787413645 17.077546326052676
5861.772280103461 17.155770174792387
6738.848652217115 17.388467170977698
7747.158877466133 17.666762788754422
8906.33901578365 17.642638000393234
10238.963201696231 18.02086793714201
11770.983258092967 18.361957569392562
13532.234087856787 18.598638824112715
15557.014685468243 18.78726372593161
17884.756083332384 19.083108767120972
20560.7892405655 19.538217291209726
23637.22782828054 20.058505825292876
27173.98310293039 20.27750413121702
31239.93063158043 20.467540139692154
35914.25159018054 20.734522352715402
41287.97475558071 20.938414645351457
47465.74922038914 21.059450529249236
54567.88235292027 21.203932516481203
62732.68268992334 21.65412027149695
72119.15338811022 21.98948901057838
82910.08868736333 22.207128862325927
95315.63368684435 22.545730467466097
109577.37675788296 23.04518972843434
125973.05429021429 23.685126590311697
144821.95939285116 24.06566449053979
166491.1598798464 24.394436197073176
191402.64663139803 24.7431450636528
220041.55153908854 24.991183985149476
252965.59507336887 25.320837038691344
290815.9474573419 25.89163398025259
334329.7149597839 26.183244324273044
384354.2944682777 26.76008620229775
441863.8758866449 27.18587714053097
507978.4137280736 27.512224754656767
583985.4373610021 28.349864620634214
671365.1246453999 29.326315260432345
771819.1272490676 29.626069437470388
887303.7089946404 30.90173033082749
1020067.8425809199 31.2674262335485
1172697.0065826452 32.974091260530095
1348163.5356413105 36.181658529533706