22.16530729374613 15.624272398961114
25.4725224326927 15.624182609866232
29.273196643978117 15.624063917901136
33.64095738933173 15.623906972404484
38.66041785032185 15.623699362341654
44.42881607273945 15.623424587838041
51.057898682511976 15.623060665644807
58.67608566488904 15.622578222346412
67.43095814345821 15.621937858297013
77.4921173527708 15.621086450645933
89.05447018919719 15.619951869657633
102.34200498839567 15.618435238256126
117.61213067455144 15.616399217810546
135.1606633402991 15.613649502849611
155.32755685840613 15.609903866407336
178.50348853983354 15.604736200589226
205.13742741693082 15.597463761684935
235.74533176614082 15.58688080791896
270.9201443604576 15.570447882906091
311.3432790817749 15.54028275555046
357.79782141419867 15.456945799950642
411.18369854106396 15.582467608684492
472.53511292396934 15.534313211351247
543.0405770907988 15.434447844601117
624.0659377508648 15.213420728432041
717.1808352651834 15.796249182218332
824.1891110503144 15.835964777050407
947.1637519744032 15.82793105539266
1088.487048695627 15.82767434200571
1250.896745898839 15.862536893536724
1437.5390784625242 15.809705371877211
1652.029720983865 15.778771752622568
1898.52383138896 15.694192574598834
2181.796545527779 15.843666805517383
2507.3354821121 15.510968946801551
2881.447050021591 16.59371502640627
3311.3786173855624 16.62102114776081
3805.4589091255925 16.8339668341335
4373.259352769803 17.004517978870535
5025.779498163896 17.192546653959845
5775.660103068689 17.371354230954744
6637.428012583206 17.585159414010796
7627.7775762491565 17.80931240468063
8765.894054508226 17.79408562022255
10073.825279610213 18.299886994201245
11576.908770865479 18.4108454184073
13304.262578408327 18.603735485989777
15289.349364200234 18.745505611012344
17570.624647768844 19.127766150399808
20192.281774635947 19.433778999579612
23205.108039119667 19.694569244302137
26667.46854650232 20.08653534382184
30646.436874149123 20.08234118001222
35219.09443498308 20.62683210930877
40474.02371485951 21.16403704172798
46513.0243111487 21.41757422945171
53453.08501598825 21.59717592917027
61428.65014781718 21.73689331008068
70594.22403504382 22.397065847592046
81127.36410645422 22.51875397117291
93232.12057113889 23.06221085861904
107142.9893221424 23.36452307098591
123129.45464031813 23.52556973552704
141501.20970060508 23.91755198627674
162614.15601347366 24.052265758980013
186877.2980239847 24.766214594294112
214760.6664320884 25.268352168869505
246804.42372639212 25.616502278934142
283629.3283257165 26.010181619422145
325948.76004199655 26.63161608260809
374582.53982432827 27.012151257064847
430472.8115031518 27.57934853790648
494702.29319907184 28.06282132807205
568515.2519664501 28.774360941101236
653341.607996983 29.1456274846345
750824.6353349786 30.29123892381295
862852.7957284271 31.05685922595263
991596.3223079387 31.771776281699225
1139549.2618002708 33.241149053383154
1309577.7897270895 34.674979200079804