22.165314271511683 16.039206415589334
25.472545448254603 16.039141592349672
29.27324032790014 16.039055905533026
33.64102739695831 16.038942607529965
38.66052106449814 16.03879274401712
44.428960844211424 16.038594413642386
51.058095114737824 16.03833176528637
58.676345951162794 16.03798362883129
67.4312969656157 16.037521625802036
77.49255235234946 16.036907526223704
89.05502252379515 16.036089484156335
102.34269998816484 16.03499654925937
117.61299861632055 16.033530417017033
135.16174035981342 16.031552523762038
155.3288860246658 16.028862772085713
178.50512111959398 16.025161916415215
205.13942436219486 16.01997837752677
235.74776546303488 16.012504902926377
270.9231006843771 16.001146645119004
311.34685981125926 15.981623261181712
357.80214706483264 15.940199352439965
411.1889116910064 15.94308117109627
472.5413821147313 15.971267792483822
543.048101400893 15.884693961303604
624.0749521562823 16.01670516272068
717.1916169196752 16.025171798617862
824.2019866406206 16.031450773270286
947.1791063313946 16.05185291829654
1088.5053348723911 16.054595727998475
1250.918496961766 16.072140750745163
1437.5649212821997 16.007893904908393
1652.060392360049 16.115875487025928
1898.5601968991461 16.221646002624688
2181.839621553105 16.377920411517707
2507.386461569159 16.388038733886884
2881.5073324156742 16.313282428818557
3311.4498439020463 16.31932251358453
3805.5430035938602 16.61020383161294
4373.35856947093 16.996505891953902
5025.896477612381 17.071394585119418
5775.797937083472 17.117856119917565
6637.590320178213 17.611200363487036
7627.9685921233395 17.52190623364257
8766.118732205494 17.848737047275513
10074.089411756922 18.51372047526525
11577.219129284993 18.68218453799978
13304.627077367488 18.94472175928576
15289.777250571278 19.199113354346935
17571.12672250436 19.328643665145343
20192.870650667646 19.571011386622992
23205.798441619765 20.17592802489726
26668.277662407414 20.43160150228326
30647.38475896269 20.798471791589485
35220.20448616815 20.971194669601235
40475.32322263586 21.070816187306928
46514.5450992548 21.506077294370137
53454.86418699217 21.542733113804694
61430.73094991003 22.04043511826032
70596.65686997559 22.43112419377918
81130.2077014334 22.656028981833618
93235.44334118548 22.934515840344915
107146.87095363892 23.283462792158147
123133.98793143748 23.680139595948656
141506.50270001616 24.125570195489523
162620.33450536284 24.4172450565169
186884.50841512525 24.862168294402327
214769.07910560994 25.20912279369851
246814.2369372473 25.55653993830827
283640.7727248315 25.976366443086604
325962.1039299873 26.381360253333636
374598.0952517765 27.049355884982663
430490.9413531056 27.70396607564518
494723.4194090683 28.26069544791134
568539.8650724367 28.522212084716223
653370.2782105642 29.289821494163174
750858.0253990814 29.691834062170805
862891.6758354811 30.468951048811803
991641.5874098424 31.966001021625132
1139601.9516917872 33.93777606955793
1309639.112344917 35.90290130073524