1.074069063514601977e-03 4.384030760799846327e+00 6.250934151401430938e+01
1.233179642883666270e-03 4.384317260823963558e+00 5.444154390817672606e+01
1.415860565470995237e-03 4.384695709304194722e+00 4.741431121965456441e+01
1.625603497774377910e-03 4.385195945631011227e+00 4.129332762865134754e+01
1.866417355226797185e-03 4.385857739294458213e+00 3.596159834926102405e+01
2.142904926484895042e-03 4.386734279769950007e+00 3.131721316692144086e+01
2.460350848696021483e-03 4.387897032803443231e+00 2.727139813545278457e+01
2.824822615256562981e-03 4.389442603353329808e+00 2.374681809752195250e+01
3.243286546670407465e-03 4.391502624094297147e+00 2.067609742366313341e+01
3.723740941113176661e-03 4.394258349802135477e+00 1.800053041802263820e+01
4.275368949671648489e-03 4.397962842917434223e+00 1.566895624400486042e+01
4.908714098234821105e-03 4.402975937538206708e+00 1.363677592929420790e+01
5.635881810869175328e-03 4.409821816855488130e+00 1.186509079390447319e+01
6.470770786489289314e-03 4.419289065243387604e+00 1.031994182168002183e+01
7.429338651235098574e-03 4.432616520121943182e+00 8.971625979959092945e+00
8.529906964094738364e-03 4.451869150948202680e+00 7.794051315754259690e+00
9.793511405489096697e-03 4.480789549852594256e+00 6.764040584835243841e+00
1.124430384213739864e-02 4.527066539380173005e+00 5.860269257085596095e+00
1.291001395305891447e-02 4.610191519564615703e+00 5.060182396453376086e+00
1.482247923998595250e-02 4.809719758065145179e+00 4.316495556684161627e+00
1.701825355252672978e-02 4.847014005925788460e+00 3.696589841181191272e+00
1.953930575910613546e-02 3.601343756251655481e+00 3.009747093862793488e+00
2.243382191771105955e-02 3.585609573053000432e+00 2.521093606085434757e+00
2.575712627870747895e-02 3.528776682006363963e+00 1.938940115344903514e+00
2.957273872328989445e-02 3.626426566492032766e+00 1.849981927432128304e+00
3.395358884888206863e-02 3.500250923736952124e+00 1.535136496472487178e+00
3.898340990687511332e-02 3.898891062268990293e+00 1.803915458339200084e+00
4.475833923569130096e-02 3.629843221910128204e+00 1.369374193344789825e+00
5.138875577900434144e-02 3.953386142906756717e+00 1.506765316198346971e+00
5.900138981046722242e-02 4.053709693029482253e+00 1.409927245238904669e+00
6.774174518910980325e-02 3.828062657535402202e+00 1.555112789589982780e+00
7.777688044311412141e-02 3.836590481989730073e+00 1.557210414841409429e+00
8.929860183813137509e-02 4.045391216402972390e+00 1.315506008621695422e+00
1.025271294607587591e-01 3.611187075553620840e+00 1.014323588577714208e+00
1.177153063887562412e-01 3.449260991482614447e+00 8.062813170436921029e-01
1.351534313998554726e-01 3.608047079542746172e+00 9.063200651372339545e-01
1.551748075890000689e-01 3.613319356169748531e+00 8.503906096339838294e-01
1.781621129473516529e-01 3.704011776431746394e+00 8.552171719894868795e-01
2.045547146669378091e-01 3.612217167711480936e+00 8.241413585170765943e-01
2.348570669726912363e-01 3.129771846668350399e+00 7.222691691771846445e-01
2.696483529935980172e-01 3.159419604778799684e+00 6.853678364639483878e-01
3.095935549625792316e-01 3.164841377463238459e+00 6.462208196016859807e-01
3.554561643350486744e-01 3.025295488945608291e+00 5.895236017116559646e-01
4.081127747606277389e-01 2.995577790978339205e+00 5.659276441007222713e-01
4.685698368303585770e-01 2.879758067982139291e+00 5.532128733832792911e-01
5.379828948407875400e-01 2.716058051372390647e+00 5.432469936164309177e-01
6.176786732562509208e-01 2.777674899492446059e+00 5.321822624902238230e-01
7.091804350183157357e-01 2.927118723294364955e+00 5.993349676180367291e-01
8.142370963876850443e-01 3.058476218064425822e+00 6.264860954670508075e-01
9.348566548042540614e-01 2.613372681910364648e+00 5.864295003721984312e-01
1.073344568687743417e+00 2.455642428475163008e+00 5.231019320112563209e-01
1.232347822750114563e+00 2.627797189190143712e+00 5.155563113353518467e-01
1.414905521060833893e+00 2.720013968684791728e+00 5.236313231472083940e-01
1.624506974874064813e+00 2.465529015011724390e+00 4.795437456253653918e-01
1.865158395477786168e+00 2.430021694023732692e+00 4.664511548705684851e-01
2.141459466796660660e+00 2.345905719447246351e+00 4.383976066813694006e-01
2.458691261316875654e+00 2.295029570189779822e+00 3.975794757784718580e-01
2.822917179711428748e+00 2.202356137049863882e+00 3.631708493817085714e-01
3.241098843472443036e+00 2.199408747263969843e+00 3.554933709425012744e-01
3.721229155660969568e+00 2.219793478729636060e+00 3.793375839545172767e-01
4.272485073027051605e+00 1.979376445968286768e+00 3.653639882040884412e-01
4.905403009505510781e+00 1.935949407495027641e+00 4.062796602256327216e-01
5.632080223657077056e+00 1.917481156464790004e+00 4.357710503293495408e-01
6.466406039267857508e+00 1.860299135130331294e+00 4.220943051550131719e-01
7.424327318535331344e+00 1.787950658843082907e+00 3.978666261401335724e-01
8.524153261954907634e+00 1.770549437787001246e+00 3.789994223021251885e-01
9.786905360690781208e+00 1.665928136192270870e+00 3.897534416239967769e-01
1.123671919023558452e+01 1.473413297175309999e+00 3.637602312953657213e-01
1.290130572503019657e+01 1.463972932038943631e+00 4.176150787932751407e-01
1.481248099136731611e+01 1.259066561196988232e+00 3.767219537424683073e-01
1.700677418208415759e+01 1.093778668599023618e+00 3.389333027027632839e-01
1.952612585622672725e+01 1.170694867588643495e+00 3.733993251254890677e-01
2.241868956870466434e+01 8.848987539182331385e-01 3.168685060646499463e-01
2.573975225186172722e+01 8.117863044696739250e-01 2.742153373337329891e-01
2.955279094064825784e+01 5.328089511739202422e-01 2.858213915450194542e-01
3.393068603908152170e+01 6.174197296254532175e-01 4.855737995476790969e-01
3.895711431772701872e+01 6.361418930142510586e-01 3.595009255187219810e-01
4.472814826721767645e+01 6.539503382467741766e-01 4.257032192851872288e-01
5.135409237700784502e+01 3.754093760370857957e-01 6.631553139576761291e-01
5.896159143702253402e+01 3.754093760370857402e-01 3.787083873557668956e-01