1.072169669977241641e-03 3.875089352550207256e+00 9.234574907162793522e+01
1.226925932460973256e-03 3.875221755231279985e+00 8.069576170714219643e+01
1.404019611725428832e-03 3.875395294671655222e+00 7.051491973591896567e+01
1.606674875765026680e-03 3.875622815553948719e+00 6.161786978876707366e+01
1.838581266854402447e-03 3.875921219076746027e+00 5.384263074720274034e+01
2.103960873364845059e-03 3.876312777104849783e+00 4.704764447273255001e+01
2.407645197116385638e-03 3.876826895945447493e+00 4.110919823269257734e+01
2.755163115712745518e-03 3.877502500820623865e+00 3.591917182507931727e+01
3.152841541301660590e-03 3.878391289398204211e+00 3.138306827776378682e+01
3.607920608354218701e-03 3.879562223591538572e+00 2.741829209465226214e+01
4.128685487572245592e-03 3.881107823362282883e+00 2.395264341605807346e+01
4.724617225728078990e-03 3.883153149955500094e+00 2.092300019551564105e+01
5.406565357627250192e-03 3.885868925048657996e+00 1.827416356613796466e+01
6.186945432767940525e-03 3.889491237464080875e+00 1.595784387392881953e+01
7.079965052868071596e-03 3.894352182916220872e+00 1.393176609712594605e+01
8.101882535499859220e-03 3.900929548189789209e+00 1.215887276724656729e+01
9.271302913062662299e-03 3.909931640517218199e+00 1.060659800751056459e+01
1.060951665605220501e-02 3.922451716113503295e+00 9.246172117145283309e+00
1.214088728742288015e-02 3.940273110513639931e+00 8.051873998900360263e+00
1.389329494495127569e-02 3.966541775281610338e+00 7.000011499709376750e+00
1.589864396709850247e-02 4.007499577892240872e+00 6.066869918372774784e+00
1.819344374348082910e-02 4.078236846020814710e+00 5.221940320515026102e+00
2.081947340491387827e-02 4.235866919220852012e+00 4.380998755945156198e+00
2.382454245437906626e-02 4.277620900387151259e+00 3.756624063389130797e+00
2.726336118696170638e-02 3.132056027353919081e+00 3.432155555657946167e+00
3.119853674562843640e-02 3.128313944916447209e+00 2.956587554794996464e+00
3.570171294703813891e-02 3.121566603799204032e+00 2.526096112950028338e+00
4.085487462905806194e-02 3.106127541180728535e+00 2.119103199356762168e+00
4.675184026693946643e-02 2.960718598773058652e+00 1.555055888807110875e+00
5.349997003272694007e-02 3.323031874194965596e+00 1.648449800524648179e+00
6.122212039483539148e-02 3.184708164765833960e+00 1.671057100731423439e+00
7.005888084323982912e-02 3.166184836953835013e+00 1.375520697641415380e+00
8.017113346210288927e-02 3.164264373226763016e+00 1.264311853864976243e+00
9.174298194942559492e-02 3.258442777076940633e+00 1.230615133322614296e+00
1.049851034094617663e-01 3.661658279907857860e+00 1.237280327994024542e+00
1.201385839406366868e-01 2.910859826444809340e+00 9.725698602631316358e-01
1.374793078496944210e-01 3.019871625546626692e+00 8.751910199930506007e-01
1.573229804021185063e-01 3.110115453386324891e+00 7.708595576819082806e-01
1.800308755530324323e-01 3.389208599048172843e+00 7.717813947020735199e-01
2.060164133017849120e-01 2.882367023381803950e+00 6.620804906980257698e-01
2.357526864175546466e-01 3.042712547501184250e+00 7.004570945430653728e-01
2.697810735675606475e-01 2.982092966061515860e+00 6.637032523747229407e-01
3.087210956585142441e-01 2.856543998155111730e+00 6.046889908862704832e-01
3.532816948358891151e-01 2.884317022850706902e+00 6.248920326088438504e-01
4.042741414865026472e-01 2.983137713602435959e+00 6.331017771772377012e-01
4.626268042293299465e-01 2.737517712761610600e+00 5.855618836099667490e-01
5.294020517970432493e-01 2.762653387562258533e+00 5.649433414248756780e-01
6.058155945239774853e-01 2.895812481941971495e+00 5.736717354393480184e-01
6.932586175717014854e-01 2.774804787736004474e+00 5.332125758280321648e-01
7.933231088497585404e-01 2.777110520354704182e+00 5.309812482522549004e-01
9.078308427517716162e-01 2.456201396389167790e+00 4.767519249540340676e-01
1.038866547384884376e+00 2.450185036674754624e+00 4.871079415088250264e-01
1.188815859135211372e+00 2.494868894020452643e+00 4.665995262519482267e-01
1.360408755570210015e+00 2.542720927191087554e+00 4.664053638708190452e-01
1.556769257417514485e+00 2.409671115272794317e+00 4.765424942074361625e-01
1.781472304494589931e+00 2.330409015626664360e+00 4.621437127349115048e-01
2.038608841072530709e+00 2.293237615328180823e+00 4.377917319652487871e-01
2.332860295618313096e+00 2.158014118587536778e+00 4.195895299122979205e-01
2.669583810893882081e+00 2.217312589709262927e+00 4.361439458563375338e-01
3.054909776111480291e+00 2.243902455609550373e+00 4.948747274612698699e-01
3.495853436815910431e+00 2.038738334355549409e+00 4.294496950916314448e-01
4.000442614463529445e+00 2.041208368539440432e+00 4.441599364698383123e-01
4.577863860960981413e+00 1.990895831756360090e+00 4.105572454982550634e-01
5.238629709053573613e+00 1.944621677669337245e+00 3.864326592160137741e-01
5.994770063524314629e+00 1.859926513728949571e+00 3.893174381897488989e-01
6.860051217672311630e+00 1.856157776585859898e+00 3.569614448267856566e-01
7.850226482485080481e+00 1.691057412006272020e+00 3.712609047918890015e-01
8.983322991460180873e+00 1.499036490563024016e+00 4.058518484117246694e-01
1.027996990264547961e+01 1.238828447025117185e+00 3.302173138977348432e-01
1.176377397314528395e+01 1.133583305328137003e+00 2.937008140280618629e-01
1.346174934380280774e+01 1.073297412960781294e+00 2.632497768423610607e-01
1.540480935872000678e+01 1.030035349205695061e+00 3.019139701877150417e-01
1.762832937368230546e+01 1.067854574179780691e+00 3.208834806832545072e-01
2.017279079997982194e+01 9.385866500208753793e-01 3.356807503340275001e-01
2.308451810908876212e+01 8.788600255680960593e-01 3.301432362840976409e-01
2.641652221612196172e+01 8.614951731785032152e-01 2.782562981372663224e-01
3.022946559668995548e+01 7.633160194156052292e-01 3.960017481755104263e-01
3.459276670809295240e+01 7.302630081828124231e-01 5.294719669683486396e-01
3.958586382193852415e+01 3.298427696194083381e-01 4.117033862159106272e-01
4.529966127752520322e+01 3.307369789334425603e-01 2.377407271051094062e-01