1.073050598127713463e-03 3.003328253671770476e+00 8.437609453580255092e+01
1.229824574156774663e-03 3.003316603101406468e+00 7.361821675837713030e+01
1.409503415625401167e-03 3.003301289766868720e+00 6.423144059214627077e+01
1.615433550774383453e-03 3.003281158172925736e+00 5.604094167578585939e+01
1.851450325013673671e-03 3.003254685323616613e+00 4.889417552325460292e+01
2.121949432305671006e-03 3.003219861776776689e+00 4.265803636505862073e+01
2.431968782759055120e-03 3.003174032593316056e+00 3.721637797663695579e+01
2.787282331176008793e-03 3.003113683548551904e+00 3.246785029287641322e+01
3.194507614062440728e-03 3.003034151968770438e+00 2.832401148168509053e+01
3.661228997924034952e-03 3.002929232050399300e+00 2.470768024965549259e+01
4.196138934285794861e-03 3.002790630448956222e+00 2.155149759947859067e+01
4.809199852238921907e-03 3.002607204934711227e+00 1.879667109920008627e+01
5.511829703682454527e-03 3.002363881660124800e+00 1.639187803419630995e+01
6.317114616946659968e-03 3.002040083280297811e+00 1.429230661621498655e+01
7.240052619365214791e-03 3.001607389385759106e+00 1.245881673038507209e+01
8.297832968006714494e-03 3.001025948977409818e+00 1.085720345059281833e+01
9.510156290960218237e-03 3.000238781464255489e+00 9.457547580736360260e+00
1.089960150164558626e-02 2.999162337344550178e+00 8.233637361715443248e+00
1.249204631974345711e-02 2.997670069469977605e+00 7.162443198161381197e+00
1.431714923073618487e-02 2.995562083866682102e+00 6.223620184863047911e+00
1.640890186031421921e-02 2.992504805132958801e+00 5.398994062564375973e+00
1.880626205134403039e-02 2.987899241234919678e+00 4.671932162539181199e+00
2.155387943413844196e-02 2.980554679477834590e+00 4.026327650565984406e+00
2.470292700341132630e-02 2.967717548514122061e+00 3.444240284402841912e+00
2.831205418962022546e-02 2.941140424877497939e+00 2.897361191894503030e+00
3.244847917517223318e-02 2.852452408344655854e+00 2.274117337139760942e+00
3.718924079933422222e-02 2.971751068353727820e+00 2.177263618456217298e+00
4.262263336794809565e-02 3.302021950482539658e+00 2.399360073238481661e+00
4.884985109056180774e-02 3.493874928780908995e+00 2.010902423295855002e+00
5.598687277179238003e-02 2.968109808053180032e+00 1.734335721628797122e+00
6.416662185835166066e-02 2.948833255570498135e+00 1.411846794512869874e+00
7.354144207152651935e-02 2.872665921640563447e+00 1.109716885205563885e+00
8.428593473252576906e-02 3.198538182435195498e+00 1.392271743118609573e+00
9.660021062445467432e-02 3.248926640255907827e+00 1.184196229391327071e+00
1.107136169552137284e-01 3.180636190943501695e+00 9.707608228046279431e-01
1.268890088341356470e-01 2.936871487857199092e+00 9.395516817249701669e-01
1.454276448164683877e-01 2.850740527633634613e+00 8.160267275220647321e-01
1.666747976927637764e-01 2.775009402949439874e+00 6.894547156439891911e-01
1.910261850213079704e-01 2.897968737477351286e+00 7.063496640977163787e-01
2.189353391690316841e-01 2.886129368985110411e+00 5.865454896205911650e-01
2.509220541242148661e-01 2.984258120498086253e+00 5.950432289171457834e-01
2.875820663986318193e-01 3.092002787067761993e+00 6.275987294032779884e-01
3.295981503210797525e-01 2.919246473292806954e+00 5.747009234888654783e-01
3.777528343665655375e-01 2.843089372383028834e+00 5.829611485273400451e-01
4.329429753563991956e-01 2.920294976158575029e+00 6.014918502053649974e-01
4.961964619663531972e-01 2.843228336921785004e+00 5.910346817305126566e-01
5.686913586373482099e-01 2.771207938297171047e+00 5.322314939989440941e-01
6.517778464343891853e-01 2.775159260654108895e+00 5.527043400256400618e-01
7.470033694912394662e-01 2.716761135115744796e+00 5.147064001995719229e-01
8.561414553807447092e-01 2.710647428040505513e+00 5.034001990025607221e-01
9.812247461757341860e-01 2.760267604684955245e+00 5.244744499735455312e-01
1.124582855387437519e+00 2.721220824053517173e+00 4.928461134795496523e-01
1.288885755847886561e+00 2.405852786136870591e+00 4.499836024079738039e-01
1.477193506613843077e+00 2.427103024294397837e+00 4.853137719081727641e-01
1.693013245030875247e+00 2.466771745575989883e+00 4.982999357304810917e-01
1.940364505406169560e+00 2.427320669811821485e+00 4.924221682851744886e-01
2.223854080817581291e+00 2.263319713984001336e+00 4.502363223912105861e-01
2.548761822322544113e+00 2.411363357289090903e+00 4.562761512062724623e-01
2.921138973534031180e+00 2.415206240241352997e+00 5.027250468039379250e-01
3.347920871995703429e+00 2.279743426466588119e+00 4.749418862047448120e-01
3.837056116362790092e+00 2.182550561321389804e+00 4.582436410181178199e-01
4.397654605062598421e+00 2.113507041444790957e+00 4.350682891562301924e-01
5.040157203580434953e+00 1.845333122919635693e+00 3.677143226902434003e-01
5.776530200338946486e+00 1.636964771748215863e+00 3.116116662507417701e-01
6.620488172814068761e+00 1.677513691423399234e+00 3.282553006799657225e-01
7.587749414657114500e+00 1.621684303564044471e+00 3.290835847767367150e-01
8.696328681024938945e+00 1.544665871364011345e+00 3.364111628788825636e-01
9.966872704353066936e+00 1.464744916135937380e+00 3.096106336218006350e-01
1.142304472938461757e+01 1.452721633301991666e+00 3.664144055236637776e-01
1.309196522922696104e+01 1.251081304715273790e+00 3.450180558794218033e-01
1.500471701055147733e+01 1.009690481785113558e+00 2.850819541574394766e-01
1.719692411526722253e+01 1.010882502767424640e+00 3.053140404102617778e-01
1.970941530042158263e+01 1.033596766044310833e+00 3.522452863183638816e-01
2.258898445330819271e+01 8.481458222155715543e-01 3.287547853945231302e-01
2.588926210413176321e+01 7.271641155084342945e-01 2.613156091694431860e-01
2.967171426771570708e+01 6.170521508109829689e-01 2.496812523000233597e-01
3.400678721717819286e+01 4.951350270477832827e-01 3.047364745576859324e-01
3.897521951041173338e+01 3.814803849329099217e-01 4.772484247609911634e-01
4.466954570520078960e+01 4.015462238507336856e-01 4.372943507908516603e-01
5.119581976891708308e+01 3.538003980694285344e-01 2.839994390578217676e-01
