1.072345659687220587e-03 2.881486288741580193e+00 1.011331991259439889e+02
1.227504768012819929e-03 2.881482104346665185e+00 8.834878431337583038e+01
1.405114052435011253e-03 2.881476620341134609e+00 7.718020487166896260e+01
1.608421858553399884e-03 2.881469432651822427e+00 6.742319548856592348e+01
1.841146539378181977e-03 2.881460011225929652e+00 5.889930741741216735e+01
2.107544461322496086e-03 2.881447660557074020e+00 5.145264476812083387e+01
2.412487850071543156e-03 2.881431467616698328e+00 4.494701325964487637e+01
2.761553900073203394e-03 2.881410233159115819e+00 3.926342929274614590e+01
3.161126777398428830e-03 2.881382380792594677e+00 3.429794377549671935e+01
3.618514381530082459e-03 2.881345836369502589e+00 2.995974089544503371e+01
4.142082001569057439e-03 2.881297867267136326e+00 2.616947705002628410e+01
4.741405311333208097e-03 2.881234867318071213e+00 2.285782953913762938e+01
5.427445501518992493e-03 2.881152067052370036e+00 1.996422844360933979e+01
6.212749751966647853e-03 2.881043140245136858e+00 1.743574845132098616e+01
7.111680710521929918e-03 2.880899664146227668e+00 1.522614028989910828e+01
8.140679175497111258e-03 2.880710369371528135e+00 1.329498393704055559e+01
9.318564786003825928e-03 2.880460080640009135e+00 1.160694793828734284e+01
1.066688021956692205e-02 2.880128190932118581e+00 1.013114098791657192e+01
1.221028519214518299e-02 2.879686409547947967e+00 8.840543418559363431e+00
1.397700746653486592e-02 2.879095339255373531e+00 7.711507354025650685e+00
1.599935911777421171e-02 2.878299086071186785e+00 6.723314879464461491e+00
1.831432749767045176e-02 2.877216401754536523e+00 5.857783358501597704e+00
2.096425170676398386e-02 2.875725361226417753e+00 5.098905208786651322e+00
2.399759694591353798e-02 2.873635134747235309e+00 4.432504040761219066e+00
2.746984090983382518e-02 2.870629706336520037e+00 3.845874376940127792e+00
3.144448843408367139e-02 2.866143416647643605e+00 3.327329593903565197e+00
3.599423295266557243e-02 2.859043066719058057e+00 2.865438739367836884e+00
4.120228600845772526e-02 2.846614434433435648e+00 2.447101165698349678e+00
4.716389913226454872e-02 2.819667848746476135e+00 2.049105677493045619e+00
5.398810592455495494e-02 2.711204565236143615e+00 1.555614028451567599e+00
6.179971620130585847e-02 2.955616535670166467e+00 1.684876340869767564e+00
7.074159867543880487e-02 2.884501801345294325e+00 1.259069619472975354e+00
8.097729392244526481e-02 3.413084158133739443e+00 1.562912027689226990e+00
9.269400541945574390e-02 2.764014662633219377e+00 1.194158004008979423e+00
1.061060233616983456e-01 3.171632807091499195e+00 1.322710809836407098e+00
1.214586438754777231e-01 2.782505816089629658e+00 1.014814880019185628e+00
1.390326553072509519e-01 2.872534549550137761e+00 1.001116566179514500e+00
1.591494736397889298e-01 2.941540031068813121e+00 8.903788488098857146e-01
1.821770209584777089e-01 3.004418152766621830e+00 7.866296609902656556e-01
2.085364544806650733e-01 3.038724449271777317e+00 7.178223314975478164e-01
2.387098692171406022e-01 3.203727397134886523e+00 7.982534252789426077e-01
2.732491151418689479e-01 2.957873145959615702e+00 6.712023311957983074e-01
3.127858901296443617e-01 2.902746435013802806e+00 6.429785996925180269e-01
3.580432932542114144e-01 2.936706549393394816e+00 6.154933196310716781e-01
4.098490497483331940e-01 2.706814514146737682e+00 5.279744376216737312e-01
4.691506495007802258e-01 2.673652302628632960e+00 4.665824846939492510e-01
5.370326759624237667e-01 2.616590515105117642e+00 4.915389659342354611e-01
6.147366423946136749e-01 2.673250170991585239e+00 4.713332052588612431e-01
7.036836982505042526e-01 2.664675583571989304e+00 4.505309083768895273e-01
8.055006209726558453e-01 2.563645169703125948e+00 4.304014227859697117e-01
9.220495685781204820e-01 2.653297744921805368e+00 4.762680822678144188e-01
1.055462137184322469e+00 2.698171614471378543e+00 5.168033781351992761e-01
1.208178346363289357e+00 2.547844819420034046e+00 4.874257436961390577e-01
1.382991265338223474e+00 2.656986307331388630e+00 5.185671339960912229e-01
1.583098096203337857e+00 2.641830794071966526e+00 5.005882147063138721e-01
1.812158648442164788e+00 2.577905699811808393e+00 4.671049943026874818e-01
2.074362274201065670e+00 2.359668949257517134e+00 4.463785033128454538e-01
2.374504488515784217e+00 2.245406825426718544e+00 4.120940439022379720e-01
2.718074675819663888e+00 2.262004692290028984e+00 4.336020928313137346e-01
3.111356486822265843e+00 2.193050362433181188e+00 4.174690866287607549e-01
3.561542761944805235e+00 2.137059082600079485e+00 4.030795049392514318e-01
4.076867083179087636e+00 2.157928886081442510e+00 4.381747467099460502e-01
4.666754360358496889e+00 1.963595665092242593e+00 4.193066986214196157e-01
5.341993205955193780e+00 1.967577702555146191e+00 4.319476071530145567e-01
6.114933251014151416e+00 1.747559121040032970e+00 3.832372941857629667e-01
6.999711010990029791e+00 1.652072806902918911e+00 3.393876063312268321e-01
8.012508432409974901e+00 1.502470380596218291e+00 3.375507728765622106e-01
9.171848848994205383e+00 1.541274655687755901e+00 3.432946044260322682e-01
1.049893576005812079e+01 1.473387061134311393e+00 3.888184280319284536e-01
1.201804062720842481e+01 1.316488384274160595e+00 3.528600627050966776e-01
1.375694678185484676e+01 1.393160528474518323e+00 4.005566867925364760e-01
1.574745756228539584e+01 1.310306171877699155e+00 3.896832641379682771e-01
1.802597797376548883e+01 8.473964119285352092e-01 2.868540048796743291e-01
2.063418050980423146e+01 8.243118705204989238e-01 2.806146414273879564e-01
2.361976731197818680e+01 9.519228665533345790e-01 3.843543453845550961e-01
2.703734260766557540e+01 9.089941056954161658e-01 3.614687995431185574e-01
3.094941138194747055e+01 7.561810250761112906e-01 4.681649676852435160e-01
3.542752254866379502e+01 5.529550380331375026e-01 3.677541683273940487e-01
4.055357752839772445e+01 2.853405576946598243e-01 2.464278376888616173e-01
4.642132816633527170e+01 2.409154932491480716e-01 1.844031323821207491e-01
