1.072676635954538434e-03 3.858345454842417865e+00 1.004776477413273881e+02
1.228593694690951945e-03 3.858369089493452808e+00 8.772556578621851031e+01
1.407173808061142582e-03 3.858400101068344856e+00 7.659169914882929220e+01
1.611711125207583931e-03 3.858440794858464695e+00 6.687066869773053668e+01
1.845978610628765722e-03 3.858494198605387115e+00 5.838315692433958048e+01
2.114297641557828355e-03 3.858564290326044421e+00 5.097260017404919807e+01
2.421617721547901763e-03 3.858656299086672181e+00 4.450230059649746295e+01
2.773607780687891485e-03 3.858777102804884951e+00 3.885290453434696190e+01
3.176760746603349284e-03 3.858935755652951105e+00 3.392020082957431271e+01
3.638513315194468085e-03 3.859144189605518971e+00 2.961319842523836599e+01
4.167383130442725396e-03 3.859418151580669143e+00 2.585244778614397632e+01
4.773125903751266122e-03 3.859778462072176008e+00 2.256857515100593758e+01
5.466915371095478274e-03 3.860252717509867981e+00 1.970100254233993198e+01
6.261549407534227653e-03 3.860877613513338247e+00 1.719682986485158338e+01
7.171686101139668722e-03 3.861702151973400721e+00 1.500985837814639545e+01
8.214114141045164921e-03 3.862792132637214326e+00 1.309973737791780302e+01
9.408062507280693168e-03 3.864236558753795236e+00 1.143121808892424696e+01
1.077555517503905359e-02 3.866156980721648040e+00 9.973500563207549519e+00
1.234181737636776133e-02 3.868721509533414427e+00 8.699660737984364900e+00
1.413574091332710746e-02 3.872166561951263741e+00 7.586145577745018187e+00
1.619041710593819780e-02 3.876832034881916744e+00 6.612323969636419996e+00
1.854374720585899583e-02 3.883221164673602122e+00 5.760078574905914905e+00
2.123914153568539492e-02 3.892108962147145856e+00 5.013415656261460462e+00
2.432632025043723889e-02 3.904754593244259997e+00 4.358044191478759544e+00
2.786223049234631821e-02 3.923360847267699292e+00 3.780784516497388115e+00
3.191209685709368860e-02 3.952202566524599447e+00 3.268256359894333052e+00
3.655062454875161737e-02 4.000757794375957133e+00 2.801429762005888779e+00
4.186337741723287348e-02 4.057395048854014696e+00 2.254686426849157321e+00
4.794835629799221177e-02 4.308761538480081477e+00 2.285930508604485212e+00
5.491780676856754945e-02 3.475156439306228862e+00 1.779743218461906640e+00
6.290028966844926628e-02 3.562571299820572523e+00 1.423720423970403326e+00
7.204305257578703936e-02 3.410833137304121188e+00 1.327267988490788309e+00
8.251474598599532750e-02 3.451547313765016778e+00 1.236017538232494495e+00
9.450853429580610698e-02 3.302858604817978883e+00 1.036687314233826873e+00
1.082456589790326551e-01 3.078568059639308352e+00 8.796622470010596606e-01
1.239795196815891148e-01 3.204136893879893311e+00 8.438786214360252114e-01
1.420003485170238666e-01 3.260090535307155424e+00 8.434491773308024909e-01
1.626405637862025078e-01 3.095822368955068793e+00 7.081281545320663451e-01
1.862809018776638292e-01 3.191269807083711108e+00 7.514974567553084350e-01
2.133574404597558538e-01 3.209068036192183282e+00 7.465480984616970073e-01
2.443696425167273811e-01 3.168365220312537645e+00 7.343904819901316827e-01
2.798895696117851273e-01 3.105990689996221743e+00 7.200047596503967862e-01
3.205724343280814126e-01 3.036956776864349283e+00 7.279604537455064417e-01
3.671686865415254575e-01 3.117978602474707817e+00 6.603810417471592809e-01
4.205378564728941559e-01 2.818382149941809800e+00 5.605466755268807555e-01
4.816644098728589674e-01 2.946066867841814929e+00 5.899980546286623939e-01
5.516759078100337277e-01 2.690766165775642538e+00 5.375096353005055505e-01
6.318638060436323478e-01 2.630640980842740451e+00 5.360116020063692144e-01
7.237072776529960283e-01 2.464862829869067351e+00 4.960880610430933313e-01
8.289004983642692670e-01 2.607311187681848441e+00 5.290830876165334429e-01
9.493838978885800195e-01 2.667677729844232459e+00 5.895843865249172921e-01
1.087379953744477934e+00 2.825887682487562724e+00 5.539695436045812826e-01
1.245434187829577821e+00 2.821384177965527318e+00 5.500602927916351526e-01
1.426462121978029796e+00 2.728123450540423267e+00 5.379912516414093737e-01
1.633803058661901009e+00 2.663263893366089263e+00 5.367283632295828388e-01
1.871281678893465417e+00 2.545927322331731357e+00 5.330642235019863451e-01
2.143278593584140967e+00 2.476248304080063800e+00 5.076394829685741961e-01
2.454811149774278611e+00 2.648806435381392266e+00 5.483607612140820597e-01
2.811625982312851768e+00 2.385738983980576489e+00 4.741804878959037794e-01
3.220305018226595983e+00 2.183907536181613818e+00 4.893252976609116511e-01
3.688386889171050953e+00 2.015443189029726856e+00 4.446680098314356733e-01
4.224505991578602071e+00 1.985978884922101395e+00 4.457389348800737672e-01
4.838551759654048823e+00 1.815457164832147141e+00 3.924913030399992397e-01
5.541851089221184523e+00 1.714458966987516320e+00 3.533741358777017783e-01
6.347377277472364909e+00 1.774855632786357162e+00 3.523614599970537609e-01
7.269989332794300374e+00 1.671615208756452864e+00 3.484042926737088708e-01
8.326706069060033855e+00 1.513080771358379595e+00 3.478904586660389597e-01
9.537020040423076495e+00 1.434320999855410506e+00 3.047105563945119999e-01
1.092325710756099788e+01 1.447863239370715815e+00 3.306601911301109697e-01
1.251098826804905428e+01 1.376289438961693978e+00 3.580803405279456841e-01
1.432950134762605821e+01 1.338103242630825251e+00 3.364298273711885945e-01
1.641234125332903204e+01 1.091539382899719968e+00 4.192984361150915995e-01
1.879792875418872455e+01 1.025409045402334796e+00 3.858457589389664433e-01
2.153026920372376907e+01 9.556447519059366735e-01 3.313136291922316734e-01
2.465976427756825018e+01 9.017889454282885797e-01 3.550541739846714839e-01
2.824414169981936240e+01 7.307552598669927457e-01 3.039705239769764367e-01
3.234952010815170098e+01 6.003665501717573294e-01 2.460214362982517944e-01
3.705162870055997359e+01 4.686697331633943864e-01 1.988957125202147624e-01
4.243720416174657828e+01 5.285773350118948555e-01 3.045893381527940424e-01
4.860559063732995355e+01 5.341932200195628200e-01 3.409448730060731236e-01