1.072321892425883837e-03 2.330461996413728087e+00 4.284474376306214083e+01
1.227426589525773895e-03 2.330323262971117249e+00 3.742246641889848036e+01
1.404966217062479216e-03 2.330141123103908640e+00 3.268418447996728560e+01
1.608185848287266642e-03 2.329901843971844855e+00 2.854328482436793735e+01
1.840799936128588010e-03 2.329587237471631767e+00 2.492406987997951617e+01
2.107060206045119777e-03 2.329173134120732236e+00 2.176037224797358149e+01
2.411833369158031780e-03 2.328627274836378991e+00 1.899434256408408928e+01
2.760690076104840851e-03 2.327906355187992382e+00 1.657538789721579420e+01
3.160006737515360341e-03 2.326951803963889009e+00 1.445924039045220333e+01
3.617082072186669165e-03 2.325683614421501844e+00 1.260713763309919955e+01
4.140270513227224322e-03 2.323991072974339378e+00 1.098509722261330346e+01
4.739134910570582358e-03 2.321718339385535845e+00 9.563267692347077187e+00
5.424621320958656484e-03 2.318641067037005232e+00 8.315335430873460609e+00
6.209259080209710360e-03 2.314426528451311693e+00 7.217959989258293518e+00
7.107389814696449606e-03 2.308561245185246413e+00 6.250192089636128046e+00
8.135429577911055393e-03 2.300208979197914783e+00 5.392782304251221959e+00
9.312168903455129293e-03 2.287902340037870630e+00 4.627157833456775116e+00
1.065911625882981495e-02 2.268773069028957146e+00 3.933415239347918035e+00
1.220089117768197694e-02 2.236184064157178408e+00 3.284873902352512864e+00
1.396567425618644269e-02 2.169103977682818041e+00 2.625002550133020751e+00
1.598572223860814795e-02 1.907003560301588685e+00 1.613388803591858212e+00
1.829795760678950764e-02 2.843194780812771771e+00 3.515198371233023256e+00
2.094464345009273976e-02 2.896800572343316560e+00 2.915166423099376569e+00
2.397415595108493697e-02 2.927429670171902920e+00 2.416260356908775275e+00
2.744186860647639115e-02 2.405516287224308769e+00 2.346254856259481159e+00
3.141116434512204736e-02 2.227793816200842603e+00 1.678557974197159242e+00
3.595459404260140102e-02 2.568945582609530653e+00 1.997201164497124148e+00
4.115520260773210259e-02 2.689494295598980234e+00 1.769857976060818183e+00
4.710804687925582157e-02 2.814321984736571469e+00 2.015628538905727130e+00
5.392193307684590292e-02 2.817898180714534018e+00 1.671385089828495651e+00
6.172140556360463520e-02 2.825165911763445781e+00 1.462509577255879600e+00
7.064902327069537413e-02 2.815263969512731279e+00 1.340018199367045915e+00
8.086796539264937134e-02 2.725856151740622568e+00 1.121050584358117108e+00
9.256501398030397842e-02 2.975522045116778980e+00 1.033553688059495990e+00
1.059539679472719237e-01 2.592035729534859279e+00 9.083376886888384627e-01
1.212795508912282438e-01 2.577913549230489654e+00 7.562903210667658582e-01
1.388218841572581019e-01 2.780238710488057485e+00 8.238328413470222822e-01
1.589016069020176003e-01 2.889386936950863571e+00 8.506309464023171785e-01
1.818857367433532324e-01 2.881792189218489231e+00 7.399595107155417795e-01
2.081943781164641294e-01 2.983099627858342817e+00 7.497697017425790644e-01
2.383084009520895774e-01 2.949624303924832880e+00 6.887046399710534672e-01
2.727782300277724614e-01 3.110344692725892646e+00 6.710894821860561299e-01
3.122339056441556515e-01 3.193041852193712504e+00 6.587018800962036735e-01
3.573965995155761188e-01 2.767861475476484312e+00 5.320783343424089207e-01
4.090917963626605758e-01 2.624473025646838042e+00 4.525273272212291253e-01
4.682643821403645878e-01 2.805998813662198277e+00 5.681205278106429279e-01
5.359959146844214262e-01 2.866420019107994044e+00 5.749028319053863800e-01
6.135243924494611090e-01 2.738638845332733496e+00 5.261274388614028963e-01
7.022668826722326951e-01 2.831916230031559234e+00 5.562805140786969416e-01
8.038454225579968471e-01 2.482441651662218529e+00 4.897491381321459891e-01
9.201166669125542263e-01 2.483627456884035301e+00 4.880126455228012139e-01
1.053205824119979539e+00 2.567745112047678191e+00 5.072810646622651909e-01
1.205545500748618881e+00 2.503439607629660113e+00 4.987153895630099254e-01
1.379920164787919123e+00 2.335701709376287294e+00 4.515233152438589137e-01
1.579517040216118939e+00 2.557733871038116558e+00 5.159016939813600988e-01
1.807984363150840323e+00 2.632687051865854055e+00 5.249579648506195184e-01
2.069498064389791558e+00 2.657199156384713490e+00 5.342235246261407555e-01
2.368838097166538592e+00 2.458129776339259553e+00 5.518420259349730017e-01
2.711475805241766679e+00 2.264192692657265749e+00 5.231943019019663632e-01
3.103673928245931357e+00 2.088780407207811773e+00 4.362216943159948346e-01
3.552601072173176888e+00 1.860234344747538460e+00 3.887566182566548623e-01
4.066462737320754250e+00 1.920211296667549750e+00 4.067862814260992388e-01
4.654651298605508636e+00 1.969904609937289441e+00 3.876000938311717214e-01
5.327917679601005929e+00 1.844970268108092171e+00 4.067324536214732555e-01
6.098567858157140975e+00 1.812274475521217454e+00 4.057755488179095593e-01
6.980687795336330659e+00 1.770587284310078946e+00 3.538293040464338679e-01
7.990400898922320749e+00 1.781893247315888607e+00 3.584929456948418580e-01
9.146162727425414474e+00 1.621303318841939456e+00 4.168732730329093306e-01
1.046909832119039407e+01 1.433518249387575549e+00 3.482082871963268489e-01
1.198338832635265661e+01 1.392746266937390898e+00 3.205969002625951303e-01
1.371671096922480615e+01 1.399645383435143886e+00 3.618856952073146727e-01
1.570074795953125246e+01 1.216166991487874993e+00 3.143776911918753081e-01
1.797176356940151720e+01 1.125997115427652462e+00 3.286542103581674423e-01
2.057126747254086041e+01 8.721698339378742837e-01 3.159051773325738943e-01
2.354677345896724461e+01 9.142686061822115073e-01 3.594871083516626986e-01
2.695266789311943612e+01 7.197369317165815961e-01 3.459131009781624688e-01
3.085120378903294025e+01 6.712464275879830300e-01 3.307613362432940129e-01
3.531363867231185338e+01 5.846668410777550173e-01 3.014763509133456254e-01
4.042153702676282023e+01 5.100455299971996537e-01 2.246777707643404232e-01
4.626826113183968658e+01 4.981877015985438639e-01 3.055071228624481883e-01