1.073412694202127791e-03 2.680256453140337225e+00 6.764909478191158598e+01
1.231016929946413202e-03 2.680218171346276712e+00 5.898536499038488756e+01
1.411761468818008378e-03 2.680167792336458188e+00 5.143042374588108601e+01
1.619043894811374434e-03 2.680101480661531088e+00 4.484225470412967951e+01
1.856760643510593171e-03 2.680014175538033339e+00 3.909701425533203434e+01
2.129380246167770357e-03 2.679899192574442424e+00 3.408670335719504152e+01
2.442027327871700536e-03 2.679747691004888299e+00 2.971713710844802847e+01
2.800578938780268548e-03 2.679547957348993759e+00 2.590617384480084695e+01
3.211775029223460070e-03 2.679284435830501909e+00 2.258217038506185403e+01
3.683345145356282761e-03 2.678936404653409653e+00 1.968263426038895503e+01
4.224153726950143767e-03 2.678476148922312561e+00 1.715304738722528555e+01
4.844366738588881151e-03 2.677866403358817315e+00 1.494583874165493853e+01
5.555642766554851238e-03 2.677056709563369719e+00 1.301948618322687956e+01
6.371352173589557924e-03 2.675978111922910241e+00 1.133772963741575701e+01
7.306828431137135996e-03 2.674535221342647429e+00 9.868879277840866493e+00
8.379656353542101060e-03 2.672593936033212714e+00 8.585202892691450316e+00
9.610002652345107921e-03 2.669961646231798547e+00 7.462375648698732711e+00
1.102099502434160036e-02 2.666353672633445360e+00 6.478971461257500231e+00
1.263915689939191719e-02 2.661332700823777042e+00 5.615964205272283571e+00
1.449490602024745833e-02 2.654190524436465193e+00 4.856177847648725177e+00
1.662312622655346545e-02 2.643692131893237818e+00 4.183540877853821449e+00
1.906382319126014024e-02 2.627437669509909313e+00 3.581721042329234272e+00
2.186287643578695497e-02 2.599894701924977181e+00 3.030528822237049891e+00
2.507290176010561200e-02 2.543524724943848181e+00 2.490700257774932425e+00
2.875424029945485363e-02 2.268320259385202320e+00 1.635807676852111037e+00
3.297609279969159618e-02 2.966816258752902780e+00 2.577505615654730686e+00
3.781782043306107510e-02 2.990396390604059818e+00 2.150080919719512096e+00
4.337043660674765044e-02 2.963476339616788025e+00 1.856052165983900215e+00
4.973831780679549563e-02 2.797660200547065656e+00 1.692255153715670257e+00
5.704116563735252277e-02 2.667620186165435836e+00 1.272794376093547397e+00
6.541625693708826017e-02 2.775585583188590277e+00 1.233502276239111239e+00
7.502102426982878991e-02 3.112566193730097464e+00 1.339002746592165227e+00
8.603601529673146620e-02 3.505841100421813739e+00 1.339221455769252112e+00
9.866828665942850574e-02 3.291690943784636669e+00 1.068171872073022222e+00
1.131552961713814531e-01 2.745777816545289962e+00 8.600440263640319882e-01
1.297693664817430592e-01 2.814984891506920661e+00 7.644212150438013387e-01
1.488228041183991823e-01 3.028800807099406800e+00 7.414728465230153720e-01
1.706737701364935134e-01 2.970043495447092674e+00 7.695824406451368116e-01
1.957330127272026432e-01 3.019917025548556566e+00 6.894242615118162387e-01
2.244715883444091953e-01 3.182940590195487474e+00 7.227046326584013469e-01
2.574297164887972555e-01 3.110622118654908341e+00 6.561735704658343549e-01
2.952269345990622407e-01 3.179566027969138453e+00 6.404841311073590226e-01
3.385737439389669978e-01 3.148683898007027970e+00 7.451900129044213283e-01
3.882849653962886505e-01 2.974046735362322114e+00 6.408563255329354780e-01
4.452950562521317268e-01 2.914967950036690958e+00 5.606726647756026249e-01
5.106756758408456109e-01 2.812358915706024920e+00 5.629996481362252725e-01
5.856558302947829642e-01 2.707058392350000453e+00 4.952882149855234450e-01
6.716449750490309789e-01 2.962910504383602817e+00 6.082101020250828549e-01
7.702595093803716875e-01 2.900486428974949238e+00 5.556507282137991277e-01
8.833531610172157267e-01 2.748048423040997612e+00 5.122375942937364979e-01
1.013051831981694573e+00 2.599445163011353976e+00 5.093763294749639181e-01
1.161793560686048998e+00 2.683893478200560345e+00 5.432781790441686409e-01
1.332374351479341357e+00 2.517724097603536215e+00 5.018921289025672916e-01
1.528000733135163269e+00 2.353055316051926305e+00 5.515837955081865918e-01
1.752350034259719358e+00 2.431404351348020576e+00 5.162362679530385634e-01
2.009639508660112650e+00 2.543618375058747105e+00 4.914292272342288270e-01
2.304705610071671185e+00 2.488085041707709166e+00 4.518204107515234602e-01
2.643094906427910118e+00 2.507690208740303905e+00 4.412984324525074942e-01
3.031168342653494996e+00 2.290429613525700514e+00 4.101031627377597077e-01
3.476220811882276607e+00 2.170328361265286610e+00 3.777159145338920276e-01
3.986618282765848953e+00 2.278674453124851507e+00 4.239861136153162402e-01
4.571955060552449268e+00 2.114538393235541047e+00 4.239640056433244819e-01
5.243234138084860163e+00 1.913721595908488338e+00 4.638880731138794733e-01
6.013074026903620251e+00 1.910799403711673783e+00 4.664431502387481610e-01
6.895945956407286026e+00 1.737755468343552101e+00 4.370309912121224660e-01
7.908445899871538565e+00 1.600704628651487438e+00 3.867322700860294504e-01
9.069606540794211469e+00 1.600090159819628877e+00 3.821168331778660998e-01
1.040125504382009503e+01 1.642789875509762521e+00 3.781727043349368267e-01
1.192842335552070487e+01 1.459315852452099271e+00 3.622045302604210981e-01
1.367981874774541140e+01 1.164245396718912362e+00 3.429578502365092096e-01
1.568836344868293509e+01 1.293744258998510865e+00 3.704577101610745382e-01
1.799181350546293601e+01 1.371132845826430247e+00 3.863704326342772832e-01
2.063346851149946559e+01 1.230991828462159932e+00 4.217218048030258459e-01
2.366298553982735697e+01 6.812547191315352357e-01 3.163392378495639146e-01
2.713731258251676692e+01 6.838915673224407188e-01 2.757140105901559335e-01
3.112175904269245663e+01 6.516597903785088519e-01 3.600884921004516848e-01
3.569122340195943366e+01 7.530189677843999174e-01 3.536202155503612166e-01
4.093160114057514676e+01 6.526440836477087615e-01 4.101179010505127120e-01
4.694139937604812474e+01 4.355977894147424201e-01 3.080535972036883563e-01
5.383358857167567635e+01 5.941117201584384944e-01 4.654584500455896112e-01