2.228185165407118262e+01 1.232912866143924191e+01
2.585825094540371083e+01 1.232743448496773375e+01
3.000868834136148422e+01 1.232504682633841853e+01
3.482530113387396398e+01 1.232160639513954159e+01
4.041501532052559753e+01 1.231645834988878008e+01
4.690191929940168336e+01 1.230818058530651626e+01
5.443001855922547350e+01 1.229241158812910584e+01
6.316643251730259578e+01 1.220738358502286403e+01
7.330510447321289291e+01 1.234786853197544687e+01
8.507110703705971844e+01 1.233744287695443376e+01
9.872563861027501275e+01 1.232203915709068553e+01
1.145718218379434745e+02 1.229548666459662876e+01
1.329614327549084010e+02 1.226268888266605117e+01
1.543027100087819576e+02 1.219845895255594392e+01
1.790694175200613074e+02 1.192063086945221428e+01
2.078113617651242180e+02 1.238762785135170574e+01
2.411665971596586644e+02 1.236861255012813920e+01
2.798755904949271667e+02 1.239185735733502547e+01
3.247976588690987114e+02 1.244810334658507500e+01
3.769300460261450780e+02 1.242741911358547924e+01
4.374300605859108373e+02 1.230986536025195122e+01
5.076407676211656508e+02 1.253178335484993688e+01
5.891208039196804975e+02 1.274158918317800548e+01
6.836789788127728116e+02 1.300128712442608503e+01
7.934144286885552901e+02 1.313293566131870094e+01
9.207632165966870161e+02 1.319391958549267763e+01
1.068552411428696587e+03 1.357720834031361079e+01
1.240062847200178339e+03 1.367273105532023436e+01
1.439101955654354015e+03 1.375579813802712614e+01
1.670088289028363306e+03 1.392561348477260275e+01
1.938149609338449181e+03 1.433441925580284249e+01
2.249236721709022277e+03 1.461422336592200111e+01
2.610255578779166626e+03 1.485510840338072214e+01
3.029220588827463871e+03 1.505056618408931612e+01
3.515432530966168088e+03 1.527160558292568737e+01
4.079685027018381334e+03 1.541940261887435604e+01
4.734504153633587521e+03 1.568457413481560536e+01
5.494426513890946808e+03 1.598732552692702136e+01
6.376321941417858397e+03 1.620692843401558747e+01
7.399768000867246883e+03 1.640172744472066668e+01
8.587484598445947995e+03 1.666689016362773756e+01
9.965838350594711301e+03 1.699415706252104030e+01
1.156542790751061693e+04 1.716818370962025142e+01
1.342176322535306099e+04 1.766961350073145454e+01
1.557605386658059433e+04 1.781825546186862042e+01
1.807612382822663130e+04 1.809939726928071124e+01
2.097747320676882373e+04 1.834975872843613942e+01
2.434451026793368874e+04 1.871709582498403890e+01
2.825198127266807205e+04 1.902998318562299573e+01
3.278662980058108951e+04 1.934577655286719278e+01
3.804912240687019221e+04 1.960923885206906547e+01
4.415628336119296728e+04 1.991596111221394594e+01
5.124368807838553766e+04 2.020207223095926707e+01
5.946867281367875694e+04 2.058001219661490211e+01
6.901382743589201709e+04 2.095601632217736565e+01
8.009104881613455655e+04 2.140011246546571044e+01
9.294624481488214224e+04 2.179058875120766814e+01
1.078647932932008116e+05 2.229322928926488601e+01
1.251778773349864641e+05 2.280518450077607540e+01
1.452698373184628726e+05 2.320029548902601491e+01
1.685867030486418225e+05 2.370233798308286310e+01
1.956460953591137950e+05 2.412415564149191738e+01
2.270487169929610973e+05 2.456474497920183353e+01
2.634916878536536242e+05 2.522524981603933369e+01
3.057840206607272848e+05 2.578895630481390455e+01
3.548645805607850198e+05 2.615301581440665757e+01
4.118229273867197335e+05 2.660883971099131173e+01
4.779235032511695172e+05 2.693723511734624410e+01
5.546337024246900110e+05 2.741409782111232829e+01
6.436564466335799079e+05 2.804613974913727859e+01
7.469679889299923088e+05 2.826392342112104217e+01
8.668617853582262760e+05 2.886371906898329698e+01
1.005999408342623734e+06 2.923309429372871193e+01
1.167469632044616621e+06 3.012048844115260948e+01
1.354857001349434722e+06 3.046201957226827872e+01
1.572321406674013007e+06 3.122504728020046372e+01
1.824690431110475678e+06 3.188459981284329814e+01
2.117566519957985263e+06 3.294142315325322556e+01
2.457451351744105108e+06 3.338104377062987993e+01
2.851890171699896920e+06 3.614919266617660298e+01
