2.228236756880342284e+01 1.218556517360004676e+01
2.585996433154443963e+01 1.218314588583203140e+01
3.001197036911918303e+01 1.217931920164721582e+01
3.483061128348795421e+01 1.217171742910319310e+01
4.042292017020419337e+01 1.216271146367618528e+01
4.691311506959777233e+01 1.218040179845447568e+01
5.444535813509993716e+01 1.217118712499910771e+01
6.318695780618321578e+01 1.215653223271292482e+01
7.333208511354112602e+01 1.212509141900119936e+01
8.510608666419150836e+01 1.213486431392930776e+01
9.877049010782062055e+01 1.203471384823175683e+01
1.146288132672862332e+02 1.213426386280012181e+01
1.330333059674266281e+02 1.216966533354144175e+01
1.543927743136961794e+02 1.217379761466248311e+01
1.791816612158498003e+02 1.228934841672605849e+01
2.079505848559873016e+02 1.225910320281165866e+01
2.413385691845678593e+02 1.221552263928021986e+01
2.800872381118359158e+02 1.220277295303681520e+01
3.250572886802901849e+02 1.216591782773834574e+01
3.772476091252386823e+02 1.219610680249181200e+01
4.378174664795266722e+02 1.242502276977162090e+01
5.081122565601634733e+02 1.232407934805532967e+01
5.896933883032608037e+02 1.229403571634411563e+01
6.843729662470877884e+02 1.229454267071614737e+01
7.942540415409430352e+02 1.293891922065919786e+01
9.217773255473130121e+02 1.304501367852284766e+01
1.069775403653841067e+03 1.306385376943044108e+01
1.241535653508540690e+03 1.330799394847397998e+01
1.440873265236944007e+03 1.360309002175145388e+01
1.672215985588118201e+03 1.379282146047841273e+01
1.940702468371917803e+03 1.404176158800990493e+01
2.252296415776839240e+03 1.444598790601309979e+01
2.613919045909635315e+03 1.462779260320481178e+01
3.033602828965350454e+03 1.482806819048494873e+01
3.520669906861652180e+03 1.512637880741759489e+01
4.085939159447828388e+03 1.537808076643109878e+01
4.741966516705102549e+03 1.556702514204926402e+01
5.503323854824871887e+03 1.566235867526135017e+01
6.386922671088099378e+03 1.567074779863523837e+01
7.412389727109250089e+03 1.642038600535257586e+01
8.602503004345020599e+03 1.668816605456123270e+01
9.983697655442287214e+03 1.690018652982501379e+01
1.158665318976809795e+04 1.711446186020434368e+01
1.344697493586265773e+04 1.732928595188498377e+01
1.560598491766349252e+04 1.767740504960665504e+01
1.811163971168034914e+04 1.788989743972883417e+01
2.101959567283940851e+04 1.824524984622981094e+01
2.439444519011239026e+04 1.861455830793934396e+01
2.831115143201089813e+04 1.889596194461137202e+01
3.285671345094279241e+04 1.917851043406701450e+01
3.813209863222739659e+04 1.947038125409637743e+01
4.425448541190583637e+04 1.977437930522390630e+01
5.135986607926667057e+04 2.012987811824201501e+01
5.960606747831592656e+04 2.045371649264121316e+01
6.917625670491778874e+04 2.090189622765141308e+01
8.028300966920095379e+04 2.129332596151031964e+01
9.317303289535768272e+04 2.190643176889192034e+01
1.081326434408673522e+05 2.225670391458755759e+01
1.254941286567514035e+05 2.270839203232164039e+01
1.456431270537609817e+05 2.311224320064969362e+01
1.690271942205066152e+05 2.369518500442745790e+01
1.961657440622707945e+05 2.419919400888045402e+01
2.276615861782775319e+05 2.466256100349535885e+01
2.642143156490995898e+05 2.526296129027990744e+01
3.066358526521718013e+05 2.580907554865899201e+01
3.558684770760068204e+05 2.622580787475203579e+01
4.130057587233657250e+05 2.659363008926398919e+01
4.793168480113276164e+05 2.703322573638573090e+01
5.562746667205644771e+05 2.727396255912866607e+01
6.455886249751899159e+05 2.791955637178927674e+01
7.492425911725391634e+05 2.832187936830976582e+01
8.695389582623362076e+05 2.898947164877127847e+01
1.009149785188641399e+06 2.935723243335111476e+01
1.171176149463609094e+06 2.998436919304027981e+01
1.359217029230206739e+06 3.052573975890674163e+01
1.577449244842902059e+06 3.147036125124886752e+01
1.830720235652667703e+06 3.187376034797651769e+01
2.124655732782031409e+06 3.326442924511909638e+01
2.465784719550124835e+06 3.386605447380276956e+01
2.861684455206107348e+06 3.708889281650081671e+01
