22.28246709252398 9.934884508518374
25.86029486218614 9.932430823867524
30.012603522865096 9.929049348596454
34.83163571881049 9.924339526591984
40.42444521427827 9.917661374516676
46.91527506988959 9.907858375815856
54.44831767551325 9.892071658665074
63.19091795320865 9.857652278127983
73.33729088869418 9.871734381413026
85.11283597550354 9.829572360222887
98.77914441627877 9.727151444949735
114.6398103151013 9.791974599277948
133.04717495524858 9.855591311038806
154.4101539850571 9.686229371771717
179.2033213911431 9.789232579394213
207.97745205749288 9.637855943263162
241.37175711110757 9.921007861671072
280.12808385977416 10.567629559108672
325.1073957705283 10.403191676412746
377.308898587988 10.921671343269097
437.8922374751648 11.134427103458377
508.20325828146434 11.163901860486446
589.803905218906 11.239692814091779
684.5069191170121 11.26471364696462
794.4161070706396 11.525111697084991
921.973078062324 11.596372387973933
1070.0114827809386 11.778336631951255
1241.8199625625814 11.810235144083446
1441.215205850875 12.330832261585794
1672.626735110248 12.405975435897414
1941.195307715237 12.652749601252559
2252.887116770423 13.03054987693083
2614.6263288076616 13.280064668653738
3034.4489026570573 13.567577673891241
3521.681106544832 13.828168567712693
4087.1466991370494 14.041406446518952
4743.407377011527 14.210624444199448
5505.041830046857 14.481281120084795
6388.969603883973 14.642414744298152
7414.826963995269 14.917144625884266
8605.403111100757 15.15450644357562
9987.146438362905 15.430285819762222
11590.752076754978 15.804358908811672
13451.843780796891 16.124528250034874
15611.765302603595 16.408396650158654
18118.49883445042 16.61723618280262
21027.730922859413 16.855195532668404
24404.08953325905 17.25440059531115
28322.57974634281 17.59393682705887
32870.24997981238 17.930420493149214
38148.125750263636 18.31262765851944
44273.45393331973 18.72236609240275
51382.30737776779 19.021705232360862
59632.60773464226 19.288900330652396
69207.6336527533 19.867433037373978
80320.09227446951 20.25714843058679
93216.84447915872 20.705111487875556
108184.388844554 21.1380382342212
125555.22615106753 21.555374404507024
145715.2458151477 22.094984303861416
169112.29833970853 22.67279002052021
196266.144216775 23.18505154833633
227780.00029507675 23.647088809952464
264353.94011266576 24.055175825341113
306800.445880065 24.653672042304773
356062.45759791066 25.159763579732672
413234.3202663571 25.77376202868067
479586.0945239969 26.273160957334987
556591.7707719144 26.702789322807593
645962.013553573 27.159932835567833
749682.1635998966 27.621749496006274
870056.3417468056 27.983115863331193
1009758.6344842557 28.58918138688715
1171892.4982127487 28.98054451955884
1360059.7018600998 29.541435326719203
1578440.3394038728 30.261068810489867
1831885.6897604726 31.36540781207654
2126025.986903365 32.402652712109735
2467395.4943004316 33.61335445209122
2863577.662172194 36.51997525236476