1.078923565787293180e-03 9.559482753742278405e+00 3.543960769616452211e+01
1.249228555835042286e-03 9.558354022607685962e+00 3.058879722530382850e+01
1.446415700054668038e-03 9.556817968542716812e+00 2.639590021001156117e+01
1.674728269372745791e-03 9.554716041242372171e+00 2.277048939684395634e+01
1.939079322860105641e-03 9.551817397709937651e+00 1.963421450864863971e+01
2.245157431869164791e-03 9.547775499326803583e+00 1.691900969296744606e+01
2.599549092423078349e-03 9.542047117694778535e+00 1.456541493472799864e+01
3.009880460049380903e-03 9.533725650517318684e+00 1.252082720817180217e+01
3.484981457050573012e-03 9.521148981300521896e+00 1.073720012644399624e+01
4.035075783636632094e-03 9.500776708188221065e+00 9.166489417080699198e+00
4.672000921769753345e-03 9.462710075282148026e+00 7.744854079480335329e+00
5.409462865984934234e-03 9.347532567286652494e+00 6.238990565112649378e+00
6.263331062739898800e-03 9.479060685245233486e+00 5.825999937596977318e+00
7.251979905095398346e-03 9.686911082283797825e+00 5.617631355657993986e+00
8.396684131351250802e-03 9.664090580835472011e+00 4.792877346997785004e+00
9.722076636222898652e-03 9.622027732280891144e+00 4.048967713311012240e+00
1.125667854619899141e-02 9.540305036359823632e+00 3.350169721898379027e+00
1.303351296577369423e-02 9.592125635118506466e+00 2.980274590409511593e+00
1.509081560176125936e-02 9.490590434383840091e+00 2.398742976323261722e+00
1.747285755762029158e-02 9.695552522731539113e+00 2.238249258439574785e+00
2.023089800350200140e-02 9.611784519835294915e+00 1.894645551242344128e+00
2.342428722253282747e-02 9.843948707889005334e+00 1.777894630100149254e+00
2.712174376978887524e-02 1.030282845989975371e+01 1.728680406669969694e+00
3.140283322715097664e-02 1.062884655315322036e+01 1.584974476561496148e+00
3.635968037537189168e-02 1.103501365803385781e+01 1.440437743873515419e+00
4.209895162759312581e-02 1.043475392692692161e+01 1.242585508625985380e+00
4.874415038430598285e-02 1.069572056509205815e+01 1.153942570760198683e+00
5.643827470350898379e-02 1.042377453521204167e+01 1.066490682986586558e+00
6.534689447647644422e-02 1.024967056472952720e+01 1.004095390892203232e+00
7.566171432689544618e-02 1.046446921468247915e+01 9.472991909769123975e-01
8.760469890341174293e-02 1.057486489434273480e+01 8.879687378195919578e-01
1.014328493377706364e-01 1.033450560720189770e+01 8.056887648778454647e-01
1.174437336531749532e-01 1.009231083784561100e+01 7.441273783248636420e-01
1.359818901317383644e-01 1.020844837667740279e+01 6.985559514770949274e-01
1.574462414351238682e-01 1.032799625216767048e+01 6.703630539947857958e-01
1.822986790228580678e-01 1.035662195645683958e+01 6.397858303582097950e-01
2.110740025964525923e-01 1.032554935192996837e+01 6.129461399559501533e-01
2.443914284562694883e-01 1.025497434066688029e+01 5.996324744016193753e-01
2.829679144195074159e-01 1.009589976374950382e+01 5.775819987073329553e-01
3.276335880382698074e-01 9.991353658308439023e+00 5.572282351395083655e-01
3.793496101176004887e-01 1.002802715736786787e+01 5.451602618802549038e-01
4.392288579386017799e-01 9.867962269283482968e+00 5.254615448034257730e-01
5.085598732689918799e-01 9.852011011351054393e+00 5.242494467070445419e-01
5.888345904984375601e-01 9.870630710372601868e+00 5.164198941815509869e-01
6.817804415805124307e-01 9.577933382432485487e+00 4.919809053160539847e-01
7.893975286476513364e-01 9.464113620980461050e+00 4.690001078964782799e-01
9.140016642167505534e-01 9.362637047599948303e+00 4.576730967257296445e-01
1.058274205167763826e+00 9.202139008327172576e+00 4.560417125154376250e-01
1.225319752872871426e+00 9.040315999324459284e+00 4.426743327804229522e-01
1.418732961125535486e+00 8.715349969364408977e+00 4.245616960273111418e-01
1.642675889509521037e+00 8.570960566588706087e+00 4.224292207566158752e-01
1.901967566775331520e+00 8.462068531234775648e+00 4.344459775146232716e-01
2.202187691538713743e+00 8.203878484520240377e+00 4.300704018985503363e-01
2.549796701836960278e+00 8.001267291516429125e+00 4.277894917702724786e-01
2.952274797320267652e+00 7.768706312268602865e+00 4.144820980556537804e-01
3.418282905697217711e+00 7.550760868008806526e+00 4.293644751966704809e-01
3.957849057271967119e+00 7.110521898686258169e+00 4.175423353432718421e-01
4.582584178167529387e+00 6.837095150432340063e+00 4.320871015797618231e-01
5.305931945890357326e+00 6.602025089295769256e+00 4.608353335155168096e-01
6.143458083879115961e+00 6.285895043080722111e+00 4.749831652631182899e-01
7.113185320368144104e+00 5.654722166634735814e+00 4.711172329703939843e-01
8.235981219546717469e+00 5.430413395280860200e+00 4.558460706202529522e-01
9.536007230754327324e+00 4.954922887684977795e+00 4.454183703857210186e-01
1.104123861880341551e+01 4.978707418791509909e+00 4.874135503643953760e-01
1.278406646381209910e+01 4.425299117393544535e+00 4.802636012660297382e-01
1.480199468498370763e+01 4.235995569117041448e+00 4.644602007117823450e-01
1.713844708759066293e+01 3.869371835876115995e+00 5.184754401686422209e-01
1.984370180000967565e+01 3.416426091070997817e+00 4.693639952844856911e-01
2.297597320896266737e+01 3.002289771373368943e+00 4.039359573930997871e-01
2.660266467513197597e+01 2.726558037886733121e+00 3.818449006985150107e-01
3.080181898634214122e+01 2.646842344288396820e+00 3.994253470394570349e-01
3.566379776061592821e+01 2.490300816481443746e+00 4.093578052145099844e-01
4.129322593818531573e+01 2.218683987021362825e+00 4.099137901728546196e-01
4.781124320598918587e+01 1.991841356792603213e+00 3.819029749786010397e-01
5.535811080306952192e+01 1.736296801827469150e+00 4.157545358878932396e-01
6.409622980272219195e+01 1.508796177967552721e+00 3.572428509231826976e-01
7.421363582182749496e+01 1.576117235960430518e+00 3.458196670818382557e-01
8.592804536002395821e+01 1.255410141469009089e+00 3.286490038962744942e-01
9.949154084191471270e+01 1.003560806160539665e+00 3.717482185541840511e-01
1.151959951797467738e+02 8.985235456099980311e-01 4.982886484431984786e-01