1.078975887766495112e-03 1.065129282554406132e+01 1.866604420391685437e+01
1.249402044996497565e-03 1.061393253685485938e+01 1.482850919810998036e+01
1.446747316358244252e-03 1.052970116962355185e+01 9.947204625677866119e+00
1.675263623724618581e-03 1.113085375197604776e+01 2.146780488822181354e+01
1.939874487577753197e-03 1.112965999757715885e+01 1.850350336011666030e+01
2.246281107201809207e-03 1.112750812520833854e+01 1.593545586247947377e+01
2.601085196430546684e-03 1.112343037589833550e+01 1.370642774993772939e+01
3.011931221519329599e-03 1.111518240026135196e+01 1.176448659412386455e+01
3.487671105741557784e-03 1.109683959310476453e+01 1.005867643152663859e+01
4.038554949368544471e-03 1.104888235957353970e+01 8.525606199179474487e+00
4.676451874208851882e-03 1.086382107416457288e+01 7.000680459297174529e+00
5.415105750934720574e-03 1.091633972753842130e+01 5.956323073373667398e+00
6.270431318993769688e-03 1.254147935179466522e+01 6.522928233555933986e+00
7.260857079186505345e-03 1.346910264479934405e+01 5.797176958261424318e+00
8.407722346735296143e-03 1.042107069679097542e+01 4.144206324025651256e+00
9.735737019590542246e-03 1.039059996117293494e+01 3.443596916892158522e+00
1.127351396795713001e-02 1.035933452427761914e+01 2.742254473909557344e+00
1.305418551569192953e-02 1.075984385902861007e+01 2.502868427647964022e+00
1.511611729603251977e-02 1.031881507597317338e+01 2.355573952821101713e+00
1.750373486210580337e-02 9.926733805020282020e+00 2.187670065099105443e+00
2.026848086203412308e-02 1.040366180012009423e+01 1.987954272896961916e+00
2.346992340154884643e-02 1.051055165842038974e+01 1.696188515842378397e+00
2.717703947444677359e-02 1.058495937335559844e+01 1.664227592575808101e+00
3.146970111316581276e-02 1.030260864849309677e+01 1.396897222616376943e+00
3.644039627948287424e-02 1.093788822703660024e+01 1.381749000159467222e+00
4.219622157295298270e-02 1.100500168527986311e+01 1.250355664121141075e+00
4.886118969118438682e-02 1.089113554953723195e+01 1.148628151617857140e+00
5.657890135756120376e-02 1.079928191821348449e+01 1.077645865432349748e+00
6.551563928469393561e-02 1.051840193001692469e+01 9.654210267929296263e-01
7.586395083489028135e-02 1.060603842521682338e+01 9.113173955472437804e-01
8.784679656820870708e-02 1.038826648170716638e+01 8.079094787621674545e-01
1.017223540610426996e-01 1.033526480700633599e+01 7.747311602253366125e-01
1.177895804963798865e-01 1.046854016255114495e+01 7.832520743343933667e-01
1.363946538750691606e-01 1.036581389487117733e+01 7.460737223916591443e-01
1.579384316278441003e-01 1.073998275260281154e+01 7.261179020105952286e-01
1.828850873283579537e-01 1.069391326252507923e+01 6.982583350831867985e-01
2.117721115903780649e-01 1.027788383494031876e+01 6.413163835787285549e-01
2.452218926244488506e-01 1.019614017149796759e+01 6.183112428277282024e-01
2.839551259640408221e-01 1.005259220549498700e+01 5.840704014849437131e-01
3.288063422817552039e-01 1.012463034806526174e+01 5.661806503898789700e-01
3.807418878516667382e-01 9.938773096608397140e+00 5.367346171019452550e-01
4.408807450576202047e-01 9.853569934080386616e+00 5.111347427529719933e-01
5.105186415377789277e-01 9.498273241701545189e+00 4.921515541517063053e-01
5.911559674113613383e-01 9.540957273128704230e+00 4.776779817316092469e-01
6.845301020809084758e-01 9.484473908080223836e+00 4.657394696230278130e-01
7.926528471103674311e-01 9.155972325405871359e+00 4.564273962142065266e-01
9.178537716927303025e-01 9.098304431344908849e+00 4.441297641901352233e-01
1.062830404611248891e+00 9.003455629947339389e+00 4.388464369194995385e-01
1.230706354110042255e+00 8.891324177002029927e+00 4.390370312997335378e-01
1.425098607901456482e+00 8.660634201875591742e+00 4.273000474632232537e-01
1.650195463329085399e+00 8.540301108743072689e+00 4.205855700650564244e-01
1.910846766738401037e+00 8.309137158326791450e+00 4.170802339404884873e-01
2.212668406316204983e+00 8.290221705553948439e+00 4.266498222440600618e-01
2.562163309759601493e+00 7.943109501033085884e+00 4.293711969331464040e-01
2.966861553741613644e+00 7.807168525262632386e+00 4.419381276048195972e-01
3.435482603915668065e+00 7.433933847420268748e+00 4.170601690630625913e-01
3.978123181016850918e+00 6.989939936885477323e+00 4.221675666698257445e-01
4.606474800747411891e+00 6.681737144891917168e+00 4.410563844865813543e-01
5.334075674473443662e+00 6.530220132832715407e+00 4.493122214383103996e-01
6.176602398083856471e+00 6.195337629527548629e+00 4.665764989275805186e-01
7.152207713622527940e+00 5.800541985007432011e+00 4.741827102494165502e-01
8.281911620969960808e+00 5.240169452499387148e+00 4.761272064173163177e-01
9.590054266309469000e+00 4.996887429495603605e+00 4.696155316059650864e-01
1.110482036513078086e+01 4.568278904376142258e+00 4.364070403412986798e-01
1.285884645877811039e+01 4.323581661528900888e+00 4.541568959991736376e-01
1.488992408824821467e+01 4.028871843456002466e+00 4.762571109319325702e-01
1.724181403553846437e+01 3.628241295351792850e+00 4.525121895092937274e-01
1.996518917586139708e+01 3.520555710999045740e+00 4.263679336706167611e-01
2.311872625504074819e+01 3.063709582811497967e+00 4.067526558122124269e-01
2.677037011508561903e+01 2.722745154139844193e+00 4.182165137412964251e-01
3.099879760643869275e+01 2.618166668476906267e+00 3.984004876727871292e-01
3.589511272776349671e+01 2.486295697998273990e+00 3.932212740725962163e-01
4.156480951607058216e+01 1.966997417838244555e+00 3.696102170922094254e-01
4.813004497882445776e+01 2.041765723574879399e+00 4.103305518383593142e-01
5.573227103971252916e+01 1.845488601681614993e+00 3.935267754422325792e-01
6.453528220492097489e+01 1.641917542702417965e+00 3.945877758540022873e-01
7.472874461371083044e+01 1.411548060130855653e+00 4.217806746133472284e-01
8.653228250879783445e+01 1.099297962523205996e+00 2.806558787334365590e-01
1.002002101719847929e+02 1.145187933732049856e+00 4.250445188045234857e-01
1.160270112774286986e+02 8.339019335291507629e-01 3.638596430114797164e-01