2.224969556222358591e+01 1.870987225449987790e+01
2.575156035726170600e+01 1.870986325930111960e+01
2.980458132468125854e+01 1.870985120797670120e+01
3.449550456809672028e+01 1.870983506277259778e+01
3.992472910270975461e+01 1.870981343025972521e+01
4.620845567798883025e+01 1.870978444435913701e+01
5.348117380212198668e+01 1.870974560123261554e+01
6.189854019759504666e+01 1.870969354222406267e+01
7.164071029497989684e+01 1.870962375836916891e+01
8.291619406831577521e+01 1.870953019259300731e+01
9.596631873785824496e+01 1.870940470001412592e+01
1.110703938546473211e+02 1.870923631379082508e+01
1.285516893143024504e+02 1.870901024048071548e+01
1.487843542464354130e+02 1.870870647528983710e+01
1.722014248634683895e+02 1.870829787384670340e+01
1.993040926594549944e+02 1.870774742854287709e+01
2.306724313245532016e+02 1.870700434614929719e+01
2.669778119614366005e+02 1.870599824041462966e+01
3.089972723243644168e+02 1.870463019143003081e+01
3.576301476232370646e+02 1.870275818013287505e+01
4.139173188388483027e+02 1.870017131007588773e+01
4.790634905176790426e+02 1.869653817849734878e+01
5.544629748540069158e+02 1.869128188983428274e+01
6.417295339115597699e+02 1.868316778772323516e+01
7.427309186925984932e+02 1.866772486466654257e+01
8.596288442881256060e+02 1.864805130248513620e+01
9.949252566904109472e+02 1.868118978259497709e+01
1.151515881508390748e+03 1.866218105660427540e+01
1.332752200679786029e+03 1.863354980783143588e+01
1.542513183656746378e+03 1.858475523320575462e+01
1.785288308315122322e+03 1.845340616284773105e+01
2.066273648469462387e+03 1.852402388083987361e+01
2.391483084538127059e+03 1.839925538087112145e+01
2.767877017581060954e+03 1.818204210900134754e+01
3.203511341554416504e+03 1.942299276216271764e+01
3.707709862209305811e+03 1.942428585298100430e+01
4.291263852886420864e+03 1.940198714303840433e+01
4.966663018264520360e+03 1.939996173496595944e+01
5.748362809339780142e+03 1.940755129840982107e+01
6.653093810932043198e+03 1.935091539389637205e+01
7.700219823485023880e+03 1.937846413792638955e+01
8.912152303123051752e+03 1.948290633134323002e+01
1.031483003015284521e+04 1.946798561182128395e+01
1.193827427227192675e+04 1.943807448388816184e+01
1.381723132454543156e+04 1.932727767086859672e+01
1.599191617832272823e+04 1.945750746370443096e+01
1.850887323571055458e+04 1.967260708839258498e+01
2.142197249132484285e+04 1.963248769603017152e+01
2.479356250242648457e+04 1.967949304959575230e+01
2.869580482426021626e+04 1.975143180261838083e+01
3.321221847128450463e+04 1.977497501763131993e+01
3.843946746012786753e+04 1.990560115067564340e+01
4.448942969274291681e+04 2.005023387183096872e+01
5.149159145970467944e+04 2.013284700676059913e+01
5.959581881279145455e+04 2.022583158207816467e+01
6.897556512205414765e+04 2.063643893147690278e+01
7.983158346816050471e+04 2.088610463136525297e+01
9.239622332570297294e+04 2.121888808920382985e+01
1.069384034986358165e+05 2.154826446093429837e+01
1.237693677427159564e+05 2.183396025883974190e+01
1.432493462615335302e+05 2.231740829825888639e+01
1.657952656509743538e+05 2.271045391089808874e+01
1.918896723067172279e+05 2.312484831544377428e+01
2.220910602809057455e+05 2.367573648316562185e+01
2.570458246333161369e+05 2.426238088148513583e+01
2.975020961125200847e+05 2.485268012141902005e+01
3.443257532683202298e+05 2.519837210303554897e+01
3.985189546999179292e+05 2.588149205039309919e+01
4.612415880823030020e+05 2.659351318928636942e+01
5.338360950406480115e+05 2.715473045683319597e+01
6.178562031951819081e+05 2.771598251419998249e+01
7.151001803235099651e+05 2.850797046906956922e+01
8.276493223734366475e+05 2.896521814013509299e+01
9.579124990785408299e+05 2.955466425380460294e+01
1.108677710578579921e+06 3.012899404487499311e+01
1.283171758502109209e+06 3.055303883257890618e+01
1.485129308641129639e+06 3.150257672934426267e+01
1.718872823354189051e+06 3.200307058525070403e+01
1.989405074477282120e+06 3.461554763750154962e+01
2.302516216780299786e+06 3.682971381696891200e+01
