2.225005914917764116e+01 1.967854150080770737e+01
2.575276558035995578e+01 1.967853849445858572e+01
2.980688413412530124e+01 1.967853446688442531e+01
3.449922063759771618e+01 1.967852906947831571e+01
3.993024628961525480e+01 1.967852183837937474e+01
4.621624892626435610e+01 1.967851214911829061e+01
5.349182294850832875e+01 1.967849916516496123e+01
6.191275122565095756e+01 1.967848176427478890e+01
7.165934068127015166e+01 1.967845844074658146e+01
8.294028298239865649e+01 1.967842717279490827e+01
9.599712299611461219e+01 1.967838524393054200e+01
1.111094306910772218e+02 1.967832900005810615e+01
1.286007872235395553e+02 1.967825351920322419e+01
1.488457133804953685e+02 1.967815215853671162e+01
1.722776887301451438e+02 1.967801592921716036e+01
1.993984331838338449e+02 1.967783262316170934e+01
2.307886497040674953e+02 1.967758557555646703e+01
2.671204581789315853e+02 1.967725187268436926e+01
3.091717866940870749e+02 1.967679967576731315e+01
3.578430283448550995e+02 1.967618403824767981e+01
4.141763202401086232e+02 1.967533988936273914e+01
4.793778574954409351e+02 1.967416881226154501e+01
5.548437199975520571e+02 1.967250839453888389e+01
6.421897649364202607e+02 1.967002458712638813e+01
7.432862251570842318e+02 1.966448051541423681e+01
8.602977541427575261e+02 1.966503245415735535e+01
9.957297750629766142e+02 1.965947580211341617e+01
1.152482126301634707e+03 1.964922705635938271e+01
1.333911152110251578e+03 1.963838738099749648e+01
1.543901567856857582e+03 1.961025548297552845e+01
1.786949638632190499e+03 1.956331764081839708e+01
2.068259452213842451e+03 1.968346483927527046e+01
2.393854347762279758e+03 1.964782663523516248e+01
2.770705886133609965e+03 1.961410966808394818e+01
3.206883123290913318e+03 1.968013745953881255e+01
3.711725383021098423e+03 1.966673580070580485e+01
4.296042228325806718e+03 1.971916301585985565e+01
4.972344913226478639e+03 1.979698580785375128e+01
5.755114270774850411e+03 1.970553239830699255e+01
6.661110773223574142e+03 1.984488551203926221e+01
7.709733403291969807e+03 1.985060134294771927e+01
8.923435020593513400e+03 1.987555468572146822e+01
1.032820311695273631e+04 1.985916159856582652e+01
1.195411625443060257e+04 1.985777269768079023e+01
1.383598810037770818e+04 1.984580836315758745e+01
1.601411284944140607e+04 1.991512336488551327e+01
1.853512799332658324e+04 1.995173663355191707e+01
2.145301291173193022e+04 1.993142155487460698e+01
2.483024466605461203e+04 1.991030147124922323e+01
2.873913574344459266e+04 1.992713848877509264e+01
3.326338239466778759e+04 2.009818741666610009e+01
3.849985671842192824e+04 2.014448091709902400e+01
4.456068086379046144e+04 2.033583440014179899e+01
5.157562776316670352e+04 2.046492212661912191e+01
5.969489979957323521e+04 2.067462525086634173e+01
6.909234490454397746e+04 2.082181960363173800e+01
7.996917894889561285e+04 2.116162041130983340e+01
9.255829412933858112e+04 2.143304895858605974e+01
1.071292456010824535e+05 2.169801692437572171e+01
1.239940231290329975e+05 2.209391669852134399e+01
1.435137313388102630e+05 2.251281614493407091e+01
1.661063216035422520e+05 2.289420406023836563e+01
1.922555411197640642e+05 2.341691713782535089e+01
2.225212907879182021e+05 2.387927691801768759e+01
2.575516136779424851e+05 2.445671278581087549e+01
2.980965707741331425e+05 2.503855525068310328e+01
3.450243011034496594e+05 2.561750896048724968e+01
3.993396101229271735e+05 2.620822398041652690e+01
4.622054843763496610e+05 2.680427428993212047e+01
5.349679930869215168e+05 2.727446935455727228e+01
6.191851098729466321e+05 2.776087032214588390e+01
7.166600717102709459e+05 2.825092773663312329e+01
8.294799894156996161e+05 2.875664665640284312e+01
9.600605363699216396e+05 2.962933028363706711e+01
1.111197672344302060e+06 2.991619187615722808e+01
1.286127509929882828e+06 3.083064996752231934e+01
1.488595605414401740e+06 3.181252064571472005e+01
1.722937157747194869e+06 3.334032012510504472e+01
1.994169832793235313e+06 3.515313133521769373e+01
2.308101200407276861e+06 3.754290972407679305e+01
