22.002208969334173 14.918419780179239
24.937136002449613 14.917774494109645
28.263559939431268 14.916939668405384
32.033703484287614 14.915857274135439
36.306755451836736 14.91444980168905
41.14979999381082 14.91261239103353
46.63886977664286 14.91020065782519
52.86013964514565 14.90701078907188
59.91127951183014 14.902744510392367
67.90298771135126 14.896940940135696
76.96072889275328 14.88882408963907
87.2267037332988 14.876882743891368
98.86208139711513 14.857232310356935
112.0495297868135 14.808539512345758
126.99608331139555 14.827487239574657
143.9363931925481 14.884050206435203
163.13641133703206 14.850577686926515
184.89756560957906 14.794193126812214
209.56149205537955 14.669972925182671
237.51539836499455 14.51163922990952
269.1981427846201 15.155340917095597
305.1071239066624 15.111652246960357
345.8060895058817 15.031866148663276
391.93398701477736 15.016162120015714
444.2149945849548 14.93322407094116
503.4698902156488 14.83229811908919
570.6289374373645 14.695483158517192
646.7464898475368 15.085288925976325
733.0175437799685 15.825241861395547
830.7964989742484 15.888700647676298
941.6184217755288 16.035688422823533
1067.2231446831365 16.098338156511478
1209.5825805953477 16.301370046498967
1370.9316805662972 16.61630619896471
1553.8035210917794 16.573514936181112
1761.0690717716316 16.726186300694465
1995.9822676752742 16.940462936613564
2262.231094017391 17.48510580815594
2563.99548514011 17.529114125035832
2906.012946778252 17.561975076612526
3293.652931834766 17.675820596299133
3733.001137317896 17.635542866604286
4230.955045847496 17.85441328557031
4795.332211670304 18.272015707352782
5434.992991204586 18.408382245094792
6159.979644904293 18.61573825003392
6981.673994252051 18.544740383088023
7912.976108993738 18.53699029181329
8968.506829888674 18.825499903579765
10164.837306451604 19.393767671136892
11520.749153280503 19.246986934048234
13057.529309256275 19.54748098385187
14799.304228713057 19.630829463840463
16773.418651164342 20.06771810111467
19010.864896024494 20.500743869592863
21546.76942197519 20.465475982601752
24420.944289644118 20.50995965784592
27678.512185203093 21.136177110882624
31370.614817351936 21.27391939781101
35555.21580906246 21.73630437331498
40298.01068896351 21.85471514593115
45673.45826864322 22.074858721180977
51765.94959782485 22.35550365590577
58671.13284925658 22.69313047600012
66497.41493315055 23.006262016487955
75367.66341554662 23.524646352414198
85421.13545961869 23.675962425940533
96815.66407305356 23.859369791571936
109730.1359841722 24.259048308910195
124367.30004784602 24.404398552618645
140956.95027136392 24.991679920870958
159759.5334316972 25.689741097675906
181070.2379214195 26.39847842932116
205223.6280155187 26.765655929596072
232598.89631409082 27.217616031832605
263625.8168208686 27.86286472734727
298791.49211706687 28.18865773804272
338648.00055681064 28.537705407432973
383821.06354016607 28.978882076597902
435019.86893435207 29.464116910251775