22.012195919998963 13.674617000100614
24.969770891667487 13.673878349597697
28.32472783035243 13.672925326279147
32.130459271905806 13.671694752041274
36.44753161290139 13.67010417859604
41.34464899588258 13.668045562227004
46.89974670294714 13.665376547672443
53.20123145850518 13.661908229584899
60.34938838003535 13.65738755066473
68.45797696778877 13.651471189573797
77.65604153285292 13.643685206483973
88.08996487567347 13.633359053217587
99.92579789834556 13.619508104261413
113.35190222534031 13.600591093993662
128.58194788871265 13.573808653618848
145.85831378451743 13.52470055278749
165.45594501707112 13.500413797995112
187.68672851885066 13.419043499793219
212.9044565819272 13.258392865827865
241.51045729316502 13.006651975043006
273.95998147887 13.283167037018414
310.7694478040596 13.955010890279823
352.5246613286437 14.45660359369609
399.8901363149106 14.40457823548947
453.6196716543429 14.388266785822676
514.5683472166238 14.189383248823175
583.7061320369943 14.170890875797072
662.1333209097587 15.026966777985834
751.0980450539436 14.841313111606429
852.0161355249832 15.733635129846792
966.4936554891316 15.734331204640089
1096.352459950981 15.734014230006373
1243.659189704929 15.890716683453356
1410.7581609354659 16.106012545289918
1600.3086738885618 16.178330897178583
1815.327334363808 16.07573611712177
2059.236061553639 16.558487960426422
2335.916546251441 16.589722775913405
2649.7720261049 17.33053854177429
3005.797361038209 17.56540871281616
3409.6585240599825 17.551520949529934
3867.7827725150846 17.809568943858658
4387.460934812754 18.04027630351118
4976.963440475361 18.12463071810034
5645.671940070609 17.969703434218967
6404.228609695458 18.251758738490143
7264.705516121236 18.734567984859943
8240.796737965282 18.77824598111627
9348.036300405762 18.93528676037036
10604.045391766338 18.910220652484007
12028.812796304623 18.870841039188004
13645.013006158031 19.09642782516743
15478.36707504668 19.01916987134334
17558.05195654752 19.790017214526486
19917.164841362464 20.566209513479613
22593.24988328646 20.81559258666767
25628.895696467287 20.912642457397716
29072.413132840273 20.954011907126365
32978.604126242055 21.05540332703973
37409.6338389897 21.698856421088774
42436.01999072104 21.780509676617342
48137.755114191954 22.04432189117631
54605.57959819506 22.332965749606817
61942.42577746906 22.564778848148375
70265.05605159965 22.564842042541397
79705.9211027911 22.771882450868812
90415.26778515571 23.56267800744105
102563.53023157208 24.25703555363935
116344.04223143442 24.59797934771027
131976.11404548778 24.640721450911318
149708.5226237875 25.001705930768505
169823.47077193236 25.024435516631378
192641.0782738091 25.97451645643593
218524.47644492085 26.585873092723656
247885.58719367953 26.948234920987133
281191.67856166034 27.59328290479096
318972.8010711074 28.5245255971063
361830.2232256051 29.11891831788109
410446.0004108797 31.031562646417974
465593.829480208 33.50084159574332