22.018236657767197 13.365792983025404
24.98951991920353 13.364562518720446
28.361767361237725 13.362971260700036
32.18908768370638 13.360911014382376
36.53289136435963 13.358239494941232
41.46287600799827 13.354768439601171
47.05814466499653 13.350246757625786
53.40847506295914 13.344336047840338
60.615760116707065 13.336573911925587
68.79564282999766 13.326316811649733
78.0793718214569 13.312646571891738
88.61590724718178 13.294207192634852
100.57431091015913 13.268893343345724
114.1464589065079 13.233168574583397
129.55012033375002 13.180151199424722
147.032451459887 13.089141352472168
166.87396141825138 12.99170686765489
189.39301305887005 12.857601030394868
214.9509311738205 12.216314818429701
243.95780005955493 14.805683829425085
276.8790434397817 14.799946467068674
314.2428923256966 14.774085039960308
356.64886063757336 14.702903609583197
404.77736458154993 14.774204073937833
459.4006401273326 14.725754774887363
521.3951337609524 14.631959442444384
591.7555653258373 14.626506639742182
671.6108885946151 14.59559888402043
762.2424056636991 14.317498234712719
865.1043258214407 14.916244859940035
981.8470987629171 15.114823685092915
1114.343896539634 15.156895704351776
1264.7206691547988 15.38911868979348
1435.3902560550098 15.321114639898482
1629.0911008472538 15.084352382767676
1848.9311904302128 15.555733167276543
2098.4379235561305 16.046707943799614
2381.6147089789565 16.21190956318305
2703.0052013226496 16.23169452217013
3067.7662053530134 16.65796112436901
3481.7504184234967 17.079472747570087
3951.60033872178 17.216676510924263
4484.8548461025175 17.409981160491455
5090.070165626989 17.65086701286983
5776.957154705141 17.593337395921026
6556.537116652505 17.247002290932876
7441.318640736237 18.305690557034666
8445.498306160716 18.421657606451802
9585.188470347055 18.726105450471504
10878.675796436266 19.345448329341213
12346.714668165852 19.330059943589223
14012.860200047502 19.54749406140835
15903.846186091974 19.51888172526092
18050.014051379378 20.411815849834895
20485.799689128653 20.53523379121993
23250.285994709942 20.851303183452366
26387.829962170177 20.88805784525161
29948.77440521964 21.006954980465046
33990.255722451795 21.17580133258165
38577.12066762598 21.350476115420726
43782.96683486171 21.643957515682487
49691.323553634415 22.076439454987728
56396.99214137966 22.350144296466755
64007.56701845206 22.50273595052059
72645.16209217475 22.61354421210088
82448.37011031838 22.77206458364331
93574.48642241089 23.102906796703408
106202.03282978086 23.796068457214776
120533.62202024958 24.40754453723592
136799.20854816638 25.14374297360279
155259.77852271605 25.53058364278229
176211.5372066305 25.69919695053314
199990.66171655478 26.328471228060554
226978.69508353883 27.007438031795708
257608.6682229396 28.019348359520308
292372.04804253636 28.62042801982873
331826.62317329255 29.62095208583256
376605.453851631 30.437838758404197
427427.02955670643 32.01750051057346
485106.7973849479 34.84665230858201