2.200011464161213226e+01 1.516943422380266249e+01
2.493029470986062890e+01 1.516254301682667993e+01
2.825074343680606148e+01 1.515311294008931320e+01
3.201344043544612106e+01 1.513990741314830757e+01
3.627728844751860748e+01 1.512077216256293433e+01
4.110903543023484019e+01 1.509151532612883884e+01
4.658431945510794492e+01 1.504241300881225740e+01
5.278885277613413507e+01 1.494188921654307656e+01
5.981976360319689690e+01 1.453321830759156263e+01
6.778711658534390949e+01 1.554758584801035859e+01
7.681563580618086462e+01 1.554509057375361536e+01
8.704665726383146307e+01 1.554182917546470932e+01
9.864034140035407461e+01 1.553754057893394425e+01
1.117781803164227483e+02 1.553185216052228412e+01
1.266658389201994339e+02 1.552420778888002317e+01
1.435363744868607796e+02 1.551371180301253538e+01
1.626538850290345977e+02 1.549867632690044772e+01
1.843176435911734075e+02 1.547370858623575174e+01
2.088667831877391450e+02 1.545070103081662438e+01
2.366856057250678020e+02 1.541828463545829564e+01
2.682095980148686749e+02 1.530795480807272213e+01
3.039322490564052828e+02 1.531120059102363129e+01
3.444127753077792704e+02 1.549395142035359640e+01
3.902848748807591051e+02 1.542494070189007083e+01
4.422666477007692265e+02 1.540990910144111048e+01
5.011718369261338921e+02 1.544097335620743472e+01
5.679225676041824045e+02 1.540128172707012055e+01
6.435637819801609112e+02 1.538303873564108315e+01
7.292795974349617154e+02 1.584491447385252272e+01
8.264118431252791197e+02 1.579696068782378759e+01
9.364810655060566660e+02 1.602056206221591950e+01
1.061210331563957425e+03 1.657456034645553089e+01
1.202552202387055559e+03 1.676550700072588640e+01
1.362719299325631937e+03 1.665350915401601739e+01
1.544218941238812931e+03 1.667975576944542127e+01
1.749892395052152324e+03 1.657829279544679935e+01
1.982959354069857454e+03 1.731359716478570476e+01
2.247068340322696713e+03 1.861296061207433894e+01
2.546353819969785491e+03 1.861461231115154646e+01
2.885500925861281758e+03 1.859122354199348948e+01
3.269818800454490884e+03 1.884490438932743217e+01
3.705323707222280063e+03 1.915380687638322499e+01
4.198833211612560262e+03 1.914696126619069361e+01
4.758072905904688923e+03 1.893517506459757627e+01
5.391797348675750982e+03 1.954542801721692058e+01
6.109927112110795861e+03 1.991860297077095510e+01
6.923704082549629675e+03 2.013581280002921403e+01
7.845867445406134721e+03 2.075473863802289287e+01
8.890853109397394292e+03 2.079632017737539940e+01
1.007501969194809863e+04 2.089050675975684968e+01
1.141690460343482118e+04 2.102849780746643304e+01
1.293751423911387610e+04 2.107208968848952679e+01
1.466065282151149222e+04 2.111191163606323329e+01
1.661329504110477137e+04 2.136347811420905884e+01
1.882600832875741980e+04 2.161752102236439654e+01
2.133343137032948289e+04 2.168970785794846279e+01
2.417481635431727773e+04 2.176479034998616413e+01
2.739464344108184014e+04 2.208600106760660253e+01
3.104331707280936462e+04 2.231909637762907650e+01
3.517795502451409993e+04 2.232519710843209992e+01
3.986328254819922586e+04 2.297809472196082226e+01
4.517264560746063216e+04 2.320182171309032171e+01
5.118915906410755269e+04 2.337572136140494905e+01
5.800700779096576298e+04 2.390647717018435259e+01
6.573292107899615075e+04 2.409310004939504068e+01
7.448784341967865475e+04 2.402871782266099743e+01
8.440882781774738396e+04 2.443643419424986618e+01
9.565118127294094302e+04 2.519014975213294960e+01
1.083908960169845523e+05 2.522082738051858897e+01
1.228274045653459616e+05 2.591267318010871179e+01
1.391867017124311824e+05 2.611450581217167866e+01
1.577248823431630735e+05 2.642647819195726555e+01
1.787321504432400980e+05 2.662235936897595678e+01
2.025373620667007344e+05 2.782583332208713145e+01
2.295131733781998919e+05 2.824697441018090061e+01
2.600818743594774569e+05 2.842788541826465121e+01
2.947219995031620492e+05 2.828238102835193502e+01
3.339758189803148853e+05 2.936255150342336506e+01
3.784578275514018023e+05 3.242438881540110174e+01
4.288643641094529885e+05 3.398226287914174293e+01
