2.201814657922174234e+01 1.541288915341564447e+01
2.498922537279086598e+01 1.541265834216524411e+01
2.836121480458448829e+01 1.541235936647683857e+01
3.218821284742965361e+01 1.541197142228125472e+01
3.653161733198949435e+01 1.541146686304643687e+01
4.146111097303386117e+01 1.541080856699007029e+01
4.705577931292241090e+01 1.540994597173340352e+01
5.340537951784730097e+01 1.540880880966221333e+01
6.061178038256510092e+01 1.540729657063681657e+01
6.879059664610338132e+01 1.540525925400150697e+01
7.807304383832430972e+01 1.540245813115959450e+01
8.860804341527949646e+01 1.539847281012208668e+01
1.005646119567581991e+02 1.539242737150599716e+01
1.141345727567373132e+02 1.538182524468450829e+01
1.295356333097005859e+02 1.534866706786019463e+01
1.470148780659865793e+02 1.538367415144501749e+01
1.668527324916265684e+02 1.541163716153817376e+01
1.893674620294320050e+02 1.540264886289613777e+01
2.149202781396942044e+02 1.539039732975055230e+01
2.439211333384424449e+02 1.537294803673557908e+01
2.768352982050299715e+02 1.533842444177839504e+01
3.141908258762160813e+02 1.533168019347662181e+01
3.565870237821612818e+02 1.529023097530896713e+01
4.047040685392752835e+02 1.519007549083614528e+01
4.593139182549132897e+02 1.523196100464863356e+01
5.212926973137341520e+02 1.510952140653731846e+01
5.916347523390592187e+02 1.485445145817653589e+01
6.714686048337969169e+02 1.495529473101447593e+01
7.620750564345772773e+02 1.578944253170592305e+01
8.649077372478411689e+02 1.608883733545555117e+01
9.816164269318278457e+02 1.587114556042450886e+01
1.114073522672505533e+03 1.609073949358867495e+01
1.264404078688185109e+03 1.625213814545674396e+01
1.435019899196795677e+03 1.611658812903187155e+01
1.628658231810893540e+03 1.699193869524811973e+01
1.848425682131690337e+03 1.694483428316678442e+01
2.097848054078863242e+03 1.752919897267128491e+01
2.380926915561504302e+03 1.771384360729488705e+01
2.702203796992492244e+03 1.800647124042662739e+01
3.066833052604893055e+03 1.822714194705655544e+01
3.480664553509241614e+03 1.856094257015518423e+01
3.950337539164539521e+03 1.857647410660776188e+01
4.483387132954038861e+03 1.874581343719717097e+01
5.088365230731388692e+03 1.892361920378391815e+01
5.774977701793195592e+03 1.916610693669561982e+01
6.554240103439847189e+03 1.948675847873178668e+01
7.438654407306234134e+03 1.959232014634848440e+01
8.442409572742972159e+03 1.943477755787967354e+01
9.581609185115077707e+03 1.981681371215590559e+01
1.087452981109670509e+04 1.989776844299698766e+01
1.234191421584375712e+04 2.047309979344310449e+01
1.400730414622720855e+04 2.052229681478797119e+01
1.589741801908160778e+04 2.070158014482659681e+01
1.804257957384979818e+04 2.093773483240765287e+01
2.047720436664394583e+04 2.120716472973600020e+01
2.324035191071245208e+04 2.147159825406500033e+01
2.637635232149008152e+04 2.188493335643872229e+01
2.993551751971073099e+04 2.224351580468239220e+01
3.397494840265625680e+04 2.248930353974388652e+01
3.855945093326412461e+04 2.250599830979308535e+01
4.376257584422289801e+04 2.292152668123260639e+01
4.966779863738167478e+04 2.321709118091452240e+01
5.636985880960540089e+04 2.350200357375617699e+01
6.397627979073161259e+04 2.365982090734696897e+01
7.260909397850991809e+04 2.386756106242585673e+01
8.240680054584641766e+04 2.366171757245890461e+01
9.352658743012006744e+04 2.471974348948629796e+01
1.061468531527011946e+05 2.498012832296667796e+01
1.204700689270797011e+05 2.527769026055899104e+01
1.367260269733771856e+05 2.591813356226281684e+01
1.551755271530567261e+05 2.615842391971950676e+01
1.761145610697640222e+05 2.693460170194627068e+01
1.998790607632530155e+05 2.704903122787227687e+01
2.268502881813061540e+05 2.823151460668824342e+01
2.574609518947796314e+05 2.896494402842618143e+01
2.922021491883139824e+05 2.970265824699558266e+01
3.316312449010289274e+05 3.056773250010684251e+01
3.763808134201247012e+05 3.133224621179152791e+01
4.271687872868313571e+05 3.256536554588203103e+01
4.848099752322433633e+05 3.713634396732734189e+01
