22.191172930265584 17.625864189550537
25.5579028723138 17.625853816766064
29.435415662042175 17.62584005477852
33.901204630360866 17.625821792663018
39.0445199954029 17.625797559613762
44.96815255662461 17.62576539720284
51.79048800174648 17.62572270338173
59.647872882514136 17.625666014889347
68.69733954406043 17.625590720608805
79.11974446645195 17.625490669451565
91.1233827391775 17.625357643949762
104.948150905005 17.625180639219305
120.87034136897012 17.62494487099531
139.20816419029092 17.624630395037784
160.32810661198275 17.6242101558778
184.6522574254027 17.623647178323534
212.6667425494867 17.622890427607572
244.93144041242422 17.621868522629285
282.09117130077414 17.62047982696963
324.88858429873613 17.618576088844925
374.17899936717134 17.615933815165768
430.9475011860618 17.612200349736923
496.3286263863064 17.60678196439919
571.6290376264635 17.598572821124833
658.3536376631049 17.585287823989034
758.2356453128111 17.560390070455288
873.2712343835119 17.490994099326706
1005.7594278452709 17.51062854733513
1158.3480445382525 17.710571025965642
1334.0866166774977 17.698331055847344
1536.4873357277352 17.661001982836478
1769.5952446709944 17.687867685063708
2038.0690794818831 17.714549434479558
2347.2743754532394 17.709683586842733
2703.39069913178 17.747721974031368
3113.535148928229 17.72192312952442
3585.9045926010194 17.702824181431133
4129.93948427511 17.633228445776258
4756.512534931326 17.81366926698201
5478.146007006178 17.819549389945536
6309.261975804086 17.814072821522558
7266.470559276279 17.799886305762563
8368.901876530426 17.838999045419822
9638.588369367884 17.81792679886474
11100.905127666441 17.79004204072563
12785.077018651918 17.814579877782847
14724.762755199092 17.799493452636348
16958.72757595325 17.811218987815014
19531.61798099943 17.952330708169757
22494.85400641898 17.966720344023386
25907.656870125364 18.00503822871196
29838.23252680915 18.04049999066112
34365.13478571573 18.068600684154497
39578.835233599486 18.206142787930972
45583.53133826624 18.300034423675264
52499.22886822993 18.358938132860096
60464.14024630538 18.51985817730454
69637.44676899954 18.687954833451297
80202.4798955371 18.926457009130644
92370.38518559752 19.145842693543564
106384.3421107287 19.471724185036216
122524.42407371508 19.832645721974718
141113.19576493962 20.19072868257316
162522.1597206925 20.63750835631046
187179.18091995234 21.0706266099007
215577.0378025774 21.65712690848395
248283.27060373424 22.18241717266543
285951.5238266724 22.792053487045155
329334.6095367819 23.426049140166583
379299.5525510386 23.96296473088542
436844.91820575047 24.55477572442784
503120.76900357066 25.186027229203386
579451.6489797452 25.64366338889327
667363.0551374899 26.460669739611085
768611.9249925759 26.927551726518352
885221.7495304464 27.769590381514107
1019523.0133195163 28.37478744789702
1174199.7699892218 29.19310700076326
1352343.2838986304 31.332091986024594
1557513.81004147 34.251078252001825