22.191203535024695 18.275431936299945
25.558003973073383 18.275428974240775
29.435607945132922 18.27542504465775
33.901513436355394 18.27541982907021
39.04497625521 18.27541291080079
44.968793904494405 18.27540372911227
51.791360097320066 18.275391544419108
59.649030979729936 18.275375370842895
68.6988503513907 18.275353897885104
79.1216883507559 18.27532538039664
91.12585633461643 18.275287492563344
104.951270199201 18.27523712869704
120.87424535116779 18.275170133049112
139.21301916101575 18.27508092871153
160.33411127094246 18.2749620021029
184.65964887457724 18.27480317698418
212.6758033719926 18.274590571483152
244.94250701540008 18.274305061215287
282.10464374289205 18.273919933774643
324.90493786078747 18.273397129999545
374.1987981684258 18.272680762258673
430.9714142008235 18.271684423198646
496.35744627554493 18.270256538970944
571.6637028700396 18.267996123760234
658.3952585606373 18.26558386135659
758.2855345176174 18.261669850128875
873.3309427466241 18.25288208796143
1005.8307864779493 18.242804678391007
1158.4332141548418 18.233876035971353
1334.1881454595323 18.228736913761573
1536.608227159148 18.272063013198718
1769.739037038085 18.313955003030266
2038.2399390160924 18.30549631808661
2347.4772054264863 18.317521172471977
2703.631267600943 18.31188123170508
3113.8202382763816 18.302963998246632
3586.2421745488928 18.281302223585445
4130.338924649132 18.27979102909783
4756.98483318898 18.28324765181931
5478.704076351867 18.280339526888653
6309.92097069865 18.256455167153433
7267.2482582732355 18.27435248467537
8369.819129688369 18.26612964495405
9639.669621021432 18.222053591829102
11102.179027123519 18.32948760034641
12786.57713346412 18.29523133357203
14726.528404072047 18.316571186907975
16960.804801181883 18.403438345598314
19534.060683592663 18.440097612347152
22497.725270895826 18.477765828959253
25911.03051040665 18.527572603060555
29842.19488979879 18.54586347868794
34369.786855179635 18.580570850753215
39584.29508394795 18.62157042045326
45589.93699598477 18.74572192305652
52506.741648172014 18.8086869437205
60472.948641071736 18.990482601815692
69647.77098243374 19.192099182006448
80214.57712625885 19.381467292288352
92384.55578380793 19.609835426742237
106400.93675165118 19.94556430797249
122543.85211443665 20.28995087344223
141135.93497861642 20.63656053511881
162548.76763370153 21.048746063802646
187210.3080143148 21.482206566930905
215613.4428886813 21.918248694262633
248325.83871800423 22.5492284340603
286001.2870664912 23.088426437420647
329392.77131195704 23.60336071899994
379367.51580892934 24.299645173538096
436924.31827757537 24.94048125916469
503213.51182443695 25.54033621248459
579559.9555569061 26.159906924982675
667489.5132830006 26.665287515467867
768759.5495010524 27.519192558999055
885394.0521736618 28.015910311420154
1019724.0842514227 28.846492674473065
1174434.3724125763 29.84204162649983
1352616.9641434532 31.311273791085817
1557833.0255527701 33.536116456291104