2.219313595800370464e+01 1.875211470951742143e+01
2.556438796999544394e+01 1.875211381596632165e+01
2.944775058005070534e+01 1.875211263077877177e+01
3.392101603381477304e+01 1.875211105742169693e+01
3.907379362095701936e+01 1.875210896947819705e+01
4.500930474521051394e+01 1.875210619822559011e+01
5.184645067482474445e+01 1.875210251977898679e+01
5.972219439499505000e+01 1.875209763677627350e+01
6.879430427598184394e+01 1.875209115386365966e+01
7.924451451859222573e+01 1.875208254453441370e+01
9.128216568765861894e+01 1.875207110897672891e+01
1.051483982613613364e+02 1.875205591361802249e+01
1.211209832023589286e+02 1.875203571246060719e+01
1.395198863176309203e+02 1.875200883880133418e+01
1.607136778733278106e+02 1.875197305648768875e+01
1.851269158632321989e+02 1.875192535271562733e+01
2.132486508338444366e+02 1.875186164362577657e+01
2.456422226363392838e+02 1.875177634270492533e+01
2.829565453557577825e+02 1.875166169376691983e+01
3.259391064792483803e+02 1.875150662249088995e+01
3.754509407051219796e+02 1.875129344852249957e+01
4.324838783508656093e+02 1.875100677356402201e+01
4.981804138834445439e+02 1.875059355932982896e+01
5.738565925820096254e+02 1.874986623677319386e+01
6.610283738029113465e+02 1.874848171649093942e+01
7.614419989608743435e+02 1.874928978025556958e+01
8.771089725634079741e+02 1.874769121924372683e+01
1.010346357045072409e+03 1.874716456953872523e+01
1.163823188595250031e+03 1.874260729644845469e+01
1.340613943789961468e+03 1.874513521560844964e+01
1.544260128081287576e+03 1.874080164942461124e+01
1.778841219896531811e+03 1.873273869575061923e+01
2.049056391512569462e+03 1.873486805081519435e+01
2.360318643753223114e+03 1.872046819545214191e+01
2.718863240233514261e+03 1.870698449798193153e+01
3.131872613325828297e+03 1.870538465118672988e+01
3.607620243987676076e+03 1.872236577667274204e+01
4.155636397678629692e+03 1.873279512760677079e+01
4.786899036419314143e+03 1.874768247941934973e+01
5.514053731378500743e+03 1.873697034550307094e+01
6.351666981318346188e+03 1.874650737874744522e+01
7.316518011420227594e+03 1.872800714534723809e+01
8.427934897859780904e+03 1.871094881564682311e+01
9.708181751441483357e+03 1.873918194950363514e+01
1.118290471642765988e+04 1.873434827128767211e+01
1.288164571889389845e+04 1.870308079580567906e+01
1.483843425611385828e+04 1.875518565889009537e+01
1.709246908180915852e+04 1.884743258763025509e+01
1.968890344291055590e+04 1.883820369170931741e+01
2.267974959784006933e+04 1.884436453555697710e+01
2.612492073579333737e+04 1.888617162563043550e+01
3.009343116894396371e+04 1.898714646260120986e+01
3.466477884004446969e+04 1.902860656483666801e+01
3.993053784007449576e+04 1.914613631304915131e+01
4.599619283754752541e+04 1.921386021128975585e+01
5.298325216710658424e+04 1.927785567440758641e+01
6.103168190719505219e+04 1.948443913146036977e+01
7.030270970670116367e+04 1.968894538494763324e+01
8.098205452735563449e+04 1.988277268156011246e+01
9.328364700068585807e+04 2.008765608426200444e+01
1.074539149264124426e+05 2.046772716552979432e+01
1.237767197601932276e+05 2.078826434710544646e+01
1.425790429793595977e+05 2.116088004817576973e+01
1.642375362369866052e+05 2.159638554378607722e+01
1.891860665182073717e+05 2.217133663192919713e+01
2.179244074447539169e+05 2.258326299349920774e+01
2.510282508335601015e+05 2.316098441927600504e+01
2.891607390628408757e+05 2.375194752148549782e+01
3.330857492641619174e+05 2.433020737214572193e+01
3.836831954519151477e+05 2.499121040949403039e+01
4.419666551253197831e+05 2.566551157205928035e+01
5.091036734423342859e+05 2.623663982890268187e+01
5.864391517024887726e+05 2.681317652132797491e+01
6.755222886610922869e+05 2.733540295788775154e+01
7.781376143682581605e+05 2.783214753483841264e+01
8.963407382084187120e+05 2.846540352685495989e+01
1.032499527251727879e+06 2.947987056573692755e+01
1.189341539809786482e+06 3.010708127572084081e+01
1.370008664393551182e+06 3.102870241660149020e+01
1.578120058611240238e+06 3.269082823082213451e+01
