22.1903007109982 18.156161664114286
25.55502163108866 18.156158385147982
29.429936036952064 18.15615403231138
33.892404696125176 18.156148257091935
39.03151860893048 18.156140589897596
44.94987766664605 18.156130411099603
51.765639008064454 18.156116890666894
59.614875968875765 18.156098923349507
68.65429471914337 18.15607503063159
79.06436282520852 18.15604322923451
91.05291219622939 18.15600084946499
104.85928834641682 18.155944276947654
120.75912881095432 18.155868581845574
139.06986611433527 18.15576696684882
160.15706515518295 18.155629911561004
184.44172153033733 18.15544376466667
212.40866650567227 18.155188226630784
244.61624643476836 18.15483128537472
281.70746987029077 18.154317135213766
324.4228449146913 18.15352880114666
373.6151631016502 18.152103038044665
430.2665249612065 18.146955195858588
495.5079471756452 18.154808960913247
570.6419427733989 18.153345748826844
657.1685251634733 18.15147862124016
756.815155168203 18.148935722400605
871.5712289321716 18.142130381074765
1003.7277952415027 18.140928146469754
1155.923295190337 18.12691799081532
1331.1962373645333 18.14328150562004
1533.0458601768173 18.14021216767118
1765.5019924471835 18.1229773181929
2033.2055069608082 18.125052977198052
2341.5009732193366 18.118497230057905
2696.5433591523242 18.083353963445745
3105.420912036225 18.041256500396045
3576.2966718782654 17.99599620986533
4118.571442510579 17.816763036502856
4743.071474032645 18.371582222813025
5462.264603590014 18.364029131920322
6290.509169634121 18.358846916784433
7244.340669114354 18.342320430843227
8342.801880572835 18.3742534747247
9607.82304388769 18.395012783694703
11064.659686767143 18.42914978530927
12742.396838985853 18.42851423981165
14674.529700753697 18.42169521072933
16899.63235797648 18.38476778030194
19462.127894980997 18.374389617671664
22413.175279627852 18.427265968139206
25811.69072703865 18.57388591539978
29725.5239329639 18.59405862614194
34232.81265971472 18.686171515177957
39423.54271830247 18.729642714385815
45401.34449106562 18.83263391204762
52285.56186147773 18.92916001862586
60213.63485630662 19.086909419176095
69343.84356840786 19.218373441853455
79858.46814122677 19.436856389302847
91967.42790255105 19.716787852561083
105912.47230103698 19.96065730884027
121972.0073155027 20.219172339871278
140466.6536938859 20.623477126019818
161765.64798938317 20.961158867501673
186294.21418732102 21.47841984245563
214542.05309367768 21.969230613748067
247073.11897173818 22.536849566351577
284536.8786126416 23.07557504166299
327681.27762164996 23.673944239483426
377367.67278569 24.315461657255877
434588.0286395672 24.943372162177038
500484.7215518754 25.534552125823392
576373.3467094697 26.02252176867596
663768.9833307749 26.698030169714215
764416.4424800461 27.268788848486487
880325.1013653647 27.894613521562366
1013809.0195700744 28.785805246123672
1167533.1381185506 29.39892727485165
1344566.4837180213 29.92143521861967
1548443.4403730617 31.061539731559797