1.075201572012827751e-03 8.828446759223284701e+00 5.881021594278570319e+02
1.236915268904883927e-03 8.828451186664661776e+00 5.112137011592905651e+02
1.422951214241517529e-03 8.828457043941908111e+00 4.443775613628472456e+02
1.636967550658565643e-03 8.828464797092824057e+00 3.862794991927473802e+02
1.883172616945590332e-03 8.828475057605425391e+00 3.357770954062395958e+02
2.166407699277228538e-03 8.828488637811672035e+00 2.918772893399826671e+02
2.492242228489909700e-03 8.828506612113450558e+00 2.537168512998845529e+02
2.867083295328297712e-03 8.828530402030949631e+00 2.205454083449363623e+02
3.298301637129110331e-03 8.828561891416869756e+00 1.917106893998177384e+02
3.794376573298294600e-03 8.828603573424560480e+00 1.666456990570119103e+02
4.365062739539651154e-03 8.828658751484406153e+00 1.448575684984067209e+02
5.021581899435655083e-03 8.828731801344229524e+00 1.259178638149711986e+02
5.776843605093102615e-03 8.828828522770777454e+00 1.094541614653259103e+02
6.645699045843606392e-03 8.828956605878277131e+00 9.514272504316336665e+01
7.645233076586783333e-03 8.829126253574827388e+00 8.270213940042715706e+01
8.795100168114369787e-03 8.829351014029509059e+00 7.188777695632055043e+01
1.011791088541933760e-02 8.829648896666274283e+00 6.248698734021991896e+01
1.163967649355781078e-02 8.830043875560813049e+00 5.431491578185801217e+01
1.339032043363042219e-02 8.830567925962878206e+00 4.721086799922817079e+01
1.540426672635941512e-02 8.831263801805581792e+00 4.103515005077155564e+01
1.772111687341365940e-02 8.832188861031351479e+00 3.566632096984699274e+01
2.038642856682116450e-02 8.833420396432703825e+00 3.099880404616806118e+01
2.345261151872550520e-02 8.835063181257179821e+00 2.694080963399330031e+01
2.697995802675412502e-02 8.837260361295722788e+00 2.341252837677000187e+01
3.103782853965816879e-02 8.840209574148131466e+00 2.034455888427327608e+01
3.570601553575197817e-02 8.844187560391326031e+00 1.767653817809959094e+01
4.107631253295796619e-02 8.849589235360845407e+00 1.535594659742561063e+01
4.725431908289527694e-02 8.856992812993077280e+00 1.333706106067962693e+01
5.436151724175425359e-02 8.867275194488003720e+00 1.158003088640372091e+01
6.253766034891895809e-02 8.881832992649155045e+00 1.005004676850300882e+01
7.194352108540494339e-02 8.903051549737361015e+00 8.716559931636865599e+00
8.276405284892586478e-02 8.935451374742626740e+00 7.552464121126018171e+00
9.521202660970981557e-02 8.989153491356404402e+00 6.532987486746002048e+00
1.095322147608645269e-01 9.095135126143599535e+00 5.633156005652868892e+00
1.260062042329918586e-01 9.574754887735958064e+00 4.797938607433190228e+00
1.449579335163726779e-01 8.657812055430269993e+00 3.933873848669781736e+00
1.667600624686970401e-01 8.461233896975585367e+00 3.594310723666469087e+00
1.918413001619037606e-01 8.466088001202002999e+00 3.378014371728880860e+00
2.206948348602235654e-01 8.609376639842663437e+00 2.866864618811137078e+00
2.538880318934240155e-01 8.480768119013209372e+00 2.524106864533306460e+00
2.920735901206807927e-01 8.670322479415881745e+00 2.158381394002714337e+00
3.360023763616918346e-01 8.225770636182533124e+00 1.862098877932019114e+00
3.865381901665818076e-01 8.086147879809027827e+00 1.609645637157929965e+00
4.446747492536223811e-01 8.265079863614090527e+00 1.482891367959720652e+00
5.115552296101870677e-01 8.047334892394284012e+00 1.298560243427378191e+00
5.884947444863253274e-01 7.818029107149415680e+00 1.131572658315486812e+00
6.770062042996433105e-01 7.824534521624642913e+00 1.002452380846821756e+00
7.788300659511853130e-01 7.814574289458250611e+00 8.801444627767635032e-01
8.959685565319523981e-01 7.726661054627974146e+00 7.790937489734818255e-01
1.030725044382486244e+00 7.694019480879526363e+00 6.758368600778709157e-01
1.185749331683595198e+00 7.620511822071116548e+00 6.008203451136158169e-01
1.364089759195127538e+00 7.438203877146188248e+00 5.174136450695672185e-01
1.569253147711274110e+00 7.427405804197208639e+00 4.554027604952545216e-01
1.805273754899205718e+00 7.469199471239448940e+00 4.171125772327721193e-01
2.076792603463046838e+00 7.325478324793191831e+00 3.686233606524662032e-01
2.389148740513115321e+00 7.177768069388714700e+00 3.293457238789729846e-01
2.748484222631222273e+00 7.227025786075142122e+00 3.060758064111691601e-01
3.161864891019867230e+00 7.027298614565795631e+00 2.839869615395111402e-01
3.637419311613591333e+00 6.880244067673848107e+00 2.675021001817152189e-01
4.184498612219910818e+00 6.629816745220897367e+00 2.458477661421775151e-01
4.813860359668776567e+00 6.418853613293370231e+00 2.362518502842939072e-01
5.537880092663431952e+00 6.167022815894396714e+00 2.322195729304310785e-01
6.370794669837100521e+00 5.904435410208337842e+00 2.247611956307016268e-01
7.328982218122487069e+00 5.579554039923574571e+00 2.231236530423662823e-01
8.431284186236229772e+00 5.387221638809930546e+00 2.398646982189772681e-01
9.699375836019950015e+00 4.985995545741737978e+00 2.397717206994215144e-01
1.115819245684382466e+01 4.654033694558433965e+00 2.489915198413317210e-01
1.283641968399648725e+01 4.302562601549579036e+00 2.591561295847210622e-01
1.476705756250236945e+01 3.992169917019653624e+00 2.806050879148121457e-01
1.698806944791055429e+01 3.677291133630956832e+00 3.001585750343550019e-01
1.954312850380248534e+01 3.284383613857859707e+00 3.034884919869229036e-01
2.248247647487177758e+01 3.179987652189196989e+00 3.305308661208694043e-01
2.586391162217532624e+01 2.767606606302497774e+00 3.281684677011070250e-01
2.975392524695218199e+01 2.367230409463639162e+00 3.098431519388576971e-01
3.422900915119811316e+01 1.957633033819607293e+00 3.224275655048808864e-01
3.937715974442123468e+01 1.708554142093136941e+00 2.978870941248979443e-01
4.529960837278267149e+01 1.556671405563040178e+00 3.468652347777663181e-01
5.211281189518008006e+01 1.393852812771610772e+00 3.777617936376325702e-01
5.995074264823273325e+01 1.122867680467263929e+00 3.840285032439006430e-01
6.896752282919990762e+01 9.154920102666413984e-01 6.536050091873144563e-01
