22.12365363523764 17.80269239577187
25.33529966968213 17.80267004029932
29.013173860679114 17.802640703056348
33.22495760637494 17.802602194367463
38.04815747654202 17.80255163375874
43.57153151286414 17.80248522381509
49.89672258234817 17.802397953582084
57.14012884134574 17.80228319641366
65.4350457310525 17.80213216601073
74.93411892215974 17.80193317335543
85.8121533485182 17.80167059684762
98.26933002253499 17.801323435849206
112.53488982915329 17.80086323771085
128.87135208874986 17.800251055626955
147.57934552027353 17.799432850837718
169.00314050552745 17.79833228559944
193.53698446106313 17.796838913359455
221.63235690319462 17.79478773537206
253.80627771612018 17.79192131269118
290.6508215145177 17.787813153283054
332.84401318690686 17.781693793377677
381.16230512299524 17.77198586462371
436.4948657348732 17.754697146141023
499.85994221392036 17.71416939719918
572.4235986360229 17.62487696057414
655.5211742396141 17.888967915605335
750.6818567585179 17.88632483160559
859.6568230158042 17.882461143418293
984.4514646307127 17.87637898092104
1127.3622918662488 17.864846290547987
1291.0191947336662 17.826101687270636
1478.4338390559783 17.890666827228742
1693.055088090085 17.876783206920816
1938.8324695936521 17.853142651285957
2220.288856277667 17.834325357624923
2542.6036971332396 17.896972206388476
2911.708331281708 17.870444133412942
3334.3951383435096 17.847849316112494
3818.4425339452564 17.80337022281734
4372.758110571653 17.70057325045439
5007.542557885277 17.799814770913144
5734.477379027512 18.000983058179585
6566.939857315063 17.96638321196897
7520.249229216858 17.83091708862332
8611.948593763926 18.039971473274093
9862.127746177895 18.11568521674716
11293.792876604124 18.099297004157542
12933.289937261905 18.05625699238673
14810.78946894727 18.032944721659028
16960.8418088182 18.10057227174819
19423.01289657063 18.27345027049729
22242.612379310634 18.50519761365889
25471.527413937605 18.71327821305075
29169.17751093243 18.915254754358653
33403.60799088633 19.03857185180862
38252.7421759016 19.13773562208981
43805.81535908434 19.361050388046287
50165.01694048712 19.642753092587387
57447.370948603704 19.84633810277048
65786.88955336428 20.240838310939164
75337.03920025505 20.574533768920297
86273.56474813791 20.845968040003935
98797.7235814431 21.248981473531636
113139.98921188564 21.49809685314738
129564.29252454871 21.968915332345077
148372.87871707985 22.37030701802042
169911.86931092275 22.7970404830806
194577.63158846585 23.065084146881393
222824.07266849413 23.64900594251142
255170.99244781616 24.338095547918954
292213.6491225254 24.867874114937734
334633.71331662976 25.35340287501033
383211.81239936926 26.05742681828897
438841.895835698 26.621462775249913
502547.6859256305 27.052759359422698
575501.5166641292 28.23380033498765
659045.9074001706 28.979560347797204
754718.2683002416 29.49428118001663
864279.1922539873 31.25336036109926
989744.8538585554 34.98775475518885