1.070602152985800385e-03 3.397873550472483739e+00 3.260177004189787908e+02
1.221775786969862571e-03 3.397873374060555562e+00 2.856785114514126462e+02
1.394295789021848982e-03 3.397873144250118216e+00 2.503305808084087687e+02
1.591176358229805764e-03 3.397872845017582133e+00 2.193563240000480903e+02
1.815857311572065605e-03 3.397872455249285828e+00 1.922145713447829962e+02
2.072264182996056119e-03 3.397871947566166284e+00 1.684311132600334986e+02
2.364876808745821745e-03 3.397871286430306892e+00 1.475904148658071051e+02
2.698807597233111172e-03 3.397870425305673514e+00 1.293283559694285714e+02
3.079890850951297766e-03 3.397869303774784910e+00 1.133258693326427675e+02
3.514784701028160398e-03 3.397867843017553735e+00 9.930336602697748560e+01
4.011087435376444084e-03 3.397865940348984370e+00 8.701585058474530854e+01
4.577470252880185692e-03 3.397863462024409920e+00 7.624864053919705498e+01
5.223828763043780743e-03 3.397860233721940126e+00 6.681361556473314067e+01
5.961455878043865966e-03 3.397856028209825130e+00 5.854593072201199533e+01
6.803239117883374057e-03 3.397850549239283424e+00 5.130113634716210669e+01
7.763885775882946316e-03 3.397843410438782463e+00 4.495265427637018973e+01
8.860179878509285428e-03 3.397834107675397508e+00 3.938956631479243953e+01
1.011127542903773532e-02 3.397821982797804896e+00 3.451467630004162856e+01
1.153903105848271340e-02 3.397806175937646778e+00 3.024281190605665515e+01
1.316839193068051680e-02 3.397785562623121258e+00 2.649933650840715771e+01
1.502782557401429603e-02 3.397758670509335666e+00 2.321884510644795441e+01
1.714981925445526606e-02 3.397723568614427148e+00 2.034402150804286791e+01
1.957144757981902489e-02 3.397677719094040150e+00 1.782463679549662317e+01
2.233502025218694204e-02 3.397617777270284023e+00 1.561667155158949605e+01
2.548882128575866157e-02 3.397539319232756316e+00 1.368154647518020006e+01
2.908795260544839306e-02 3.397436466029873259e+00 1.198544788904531799e+01
3.319529676523556849e-02 3.397301357053629900e+00 1.049873626891917766e+01
3.788261560649200388e-02 3.397123397553044377e+00 9.195427318796586036e+00
4.323180405159565004e-02 3.396888157281853893e+00 8.052736292205132429e+00
4.933632093860146339e-02 3.396575710469226461e+00 7.050677198121197975e+00
5.630282189592887565e-02 3.396158042611241434e+00 6.171709179934121714e+00
6.425302278598619965e-02 3.395594819584745405e+00 5.400422574502909079e+00
7.332582627505887518e-02 3.394826109127847769e+00 4.723256589885233225e+00
8.367974868402276722e-02 3.393759013556051141e+00 4.128238259308857572e+00
9.549568952082822249e-02 3.392241014398059473e+00 3.604725711509001673e+00
1.089800920828962738e-01 3.390000815646363463e+00 3.143119414867510120e+00
1.243685503501828493e-01 3.386496400893403091e+00 2.734440678164292038e+00
1.419299251870745904e-01 3.380430915295828953e+00 2.369408481929597965e+00
1.619710417697166616e-01 3.367523444411734346e+00 2.034975623880549200e+00
1.848420503103067880e-01 3.310712887229854573e+00 1.672948048724195003e+00
2.109425437387414948e-01 3.437193528418716504e+00 1.572296335930341016e+00
2.407285392272546787e-01 3.527290172448749317e+00 1.427716222053168726e+00
2.747204455363965736e-01 3.251162163968130070e+00 1.163616864088638847e+00
3.135121553845725551e-01 3.449828929127833899e+00 1.107679616231421305e+00
3.577814216993119856e-01 3.431870977956124946e+00 9.225918517619147163e-01
4.083016990398959933e-01 3.581144553357333393e+00 9.019908887531313813e-01
4.659556570798502051e-01 3.399830819321319808e+00 8.367805366996607930e-01
5.317506022513518449e-01 3.373411884775292968e+00 6.916066576016011158e-01
6.068360769922351849e-01 3.406569058042457687e+00 5.988886894580932596e-01
6.925239440824528803e-01 3.470735688028244503e+00 5.509145048627214214e-01
7.903113069753318065e-01 3.618156713853492690e+00 5.285288078229553044e-01
9.019066665782926595e-01 3.506732777089282216e+00 4.666303406384267882e-01
1.029259771483640673e+00 3.562903407646579979e+00 4.344338652249590260e-01
1.174595683180477135e+00 3.453467870441606191e+00 3.821223929965328336e-01
1.340453651421215309e+00 3.438215476471820686e+00 3.629285662359385545e-01
1.529731478957246926e+00 3.477559835019767842e+00 3.519191780074999998e-01
1.745736150766316275e+00 3.381280740793660922e+00 3.307104131445472994e-01
1.992241612344807677e+00 3.403719047747604698e+00 3.211573412043421949e-01
2.273554706543700732e+00 3.261013326044671423e+00 3.110953780923049750e-01
2.594590420969671740e+00 3.229395049798776007e+00 3.045350708308350862e-01
2.960957760643259551e+00 3.310638480993463695e+00 2.878091900884782728e-01
3.379057746246117766e+00 3.217524525741805252e+00 2.815158459858009277e-01
3.856195250142764763e+00 3.227509016221006721e+00 2.885796412809312761e-01
4.400706624130159561e+00 3.055092731150945706e+00 2.915522473168608020e-01
5.022105348775085076e+00 3.068409780507870277e+00 2.849644498145683658e-01
5.731248249065138189e+00 2.916892183630604318e+00 2.916850566974380499e-01
6.540525180425335705e+00 2.832500541199870270e+00 2.970471821735379825e-01
7.464075499217079468e+00 2.764142891786793843e+00 2.990558566134731699e-01
8.518035099803661581e+00 2.737298077595856416e+00 3.122408827716518509e-01
9.720818334313177544e+00 2.429563359066189587e+00 3.052406544393334586e-01
1.109343974068588068e+01 2.301393639982872052e+00 3.230151202347155692e-01
1.265988120010720763e+01 2.142537008173877933e+00 3.491755555952041901e-01
1.444751093865127700e+01 2.046111490721743031e+00 3.762223076958746693e-01
1.648756169376066083e+01 1.950496331166328146e+00 4.182303925621175811e-01
1.881567639989208374e+01 1.761056204547961412e+00 4.346473794581821037e-01
2.147253092732507440e+01 1.494944027967678890e+00 4.384642476783729981e-01
2.450454475437177138e+01 1.190933100844453918e+00 4.032635710276895047e-01
2.796469198956286561e+01 1.241340889489651156e+00 6.479205054844312528e-01
3.191342691365867879e+01 9.574839666709374919e-01 5.711128713014160807e-01
3.641974021217728819e+01 6.254581131230252389e-01 4.112507312856499841e-01