22.16206796823792 14.34198682939226
25.461838814667296 14.34188338001039
29.25292155737595 14.341745718767443
33.60846896686209 14.34156203577075
38.61252572947636 14.341316049458293
44.3616501745297 14.340984987668476
50.96677746478099 14.340536375955383
58.55536020244644 14.339922667481751
67.27382775588596 14.339071686831776
77.29041176215881 14.337868220310652
88.7983923263738 14.336114676924563
102.01982755652952 14.333434194178228
117.20983839898585 14.3289759193595
134.66153145479515 14.32012196655798
154.7116547676061 14.285210870394014
177.7470957172796 14.335263963670691
204.21234640263805 14.363758598604026
234.61808056544766 14.358892099644205
269.5510075560438 14.359680602535718
309.68519348281944 14.360218492551926
355.79506799859087 14.353685115982973
408.77036770291954 14.33768867511542
469.63330450843085 14.345313107751899
539.5582902520975 14.344820678421671
619.8945981577858 14.348176323269021
712.1923984258694 14.338575975034805
818.2326703329115 14.333266534431566
940.0615680255881 14.310569349511209
1080.0299031315542 14.277465786514423
1240.83850604411 14.288083596360003
1425.5903411724678 14.297286943482042
1637.8503817740052 14.275775013915753
1881.7143997138796 14.38169789278532
2161.8879975198743 14.353905368437244
2483.777407735814 14.385159823029442
2853.5938116387665 14.458307014730515
3278.4731902550548 14.427693851404229
3766.61402032147 14.390725238861057
4327.435472174331 14.361760693427227
4971.759162154448 14.392626492203263
5712.017966624209 14.481657130634172
6562.495926874142 15.005531268893513
7539.603874126437 15.450676222352058
8662.196093098253 15.655457649509184
9951.934134468076 15.883003276511353
11433.70479637414 16.052753217405943
13136.100340320074 16.315425027859998
15091.970207738656 16.651351289685355
17339.054883142097 16.923067838961153
19920.71413488838 17.268117770030145
22886.763685704944 17.60244556069522
26294.436457372398 17.910259155878066
30209.486937755246 18.237909553664434
34707.459980057014 18.558037380620327
39875.14851706281 18.989747776034672
45812.26831843787 19.175988629119047
52633.3821072158 19.505656583528584
60470.11016324735 20.013728187552235
69473.67006943612 20.401946548195856
79817.79460772965 20.749868607714426
91702.08410861666 21.262161980273568
105355.85794109928 21.686582852966048
121042.57946152946 22.151481550258183
139064.93980516677 22.57244953012151
159770.69861734993 22.957979523824513
183559.39442708954 23.366776435476634
210890.05414651736 24.16703038826799
242290.05045877123 24.7008510463721
278365.2780065605 25.265168400175288
319811.8447412482 25.92355437506606
367429.50402883836 26.401959069389473
422137.08669892093 26.729477711991855
484990.23081354395 27.013919027430003
557201.7512698106 27.366397813779365
640165.0422882579 28.091493295869206
735480.9643616612 28.683414153858248
844988.7344751079 29.69140309647983
970801.4156553245 29.814000717072016
1115346.6906559637 32.67762589445784
1281413.7065482824 35.277381764038026