1.072750793262763121e-03 6.714605728129909856e+00 6.454692644898969434e+01
1.228837735629012334e-03 6.714553091151015174e+00 5.634466886975808109e+01
1.407635575745469058e-03 6.714483866382620292e+00 4.918374430793191721e+01
1.612448785266208662e-03 6.714392761821036615e+00 4.293180374853715620e+01
1.847062641713600670e-03 6.714272749806518448e+00 3.747329579835628977e+01
2.115813186494959475e-03 6.714114462872166733e+00 3.270733012603034240e+01
2.423667361921605975e-03 6.713905353401203868e+00 2.854581131844332020e+01
2.776314808291336853e-03 6.713628505670145685e+00 2.491180834263908039e+01
3.180273017592041059e-03 6.713260922106522699e+00 2.173812893972908711e+01
3.643007787236008342e-03 6.712770988520165183e+00 1.896607168015375322e+01
4.173071200003695448e-03 6.712114608421118511e+00 1.654433097562552391e+01
4.780259680288214894e-03 6.711229083527968875e+00 1.442803176984915225e+01
5.475795047774156474e-03 6.710022975863563666e+00 1.257787012638359236e+01
6.272531914713917051e-03 6.708358349304588408e+00 1.095933144911593793e+01
7.185195259836791096e-03 6.706017419758042664e+00 9.541943905190130693e+00
8.230652569638736982e-03 6.702634062179178898e+00 8.298483077209066749e+00
9.428225576661576277e-03 6.697535131859445379e+00 7.203910846890263286e+00
1.080004735618638780e-02 6.689302914715927528e+00 6.233317244142194014e+00
1.237147138106232773e-02 6.674171085904452738e+00 5.355377754539648372e+00
1.417154009466204193e-02 6.634931066482963935e+00 4.487434289061312143e+00
1.623352166194548529e-02 6.629952685179931748e+00 3.888100743390177971e+00
1.859552481865505563e-02 6.789485379416477784e+00 3.926928161878878498e+00
2.130120318204416913e-02 6.785066364866067623e+00 3.402201198635388835e+00
2.440056203993419548e-02 6.774871784821208998e+00 2.932848258003680098e+00
2.795088252885916461e-02 6.730666341756976756e+00 2.478937264824377706e+00
3.201778028159679018e-02 6.808839698934966655e+00 2.199481452846493212e+00
3.667641810959484244e-02 6.969620772536055497e+00 1.928200783723757139e+00
4.201289513261445563e-02 6.713885219688659589e+00 1.607916355524403151e+00
4.812583802894043750e-02 7.030254937819435668e+00 1.447049471483146332e+00
5.512822381502179014e-02 6.955303850607919003e+00 1.265439591795930019e+00
6.314946784244179767e-02 6.668380889729680128e+00 1.092842725588128783e+00
7.233781560175980840e-02 6.673939461433120002e+00 1.016026092160453143e+00
8.286308253760682474e-02 6.600900062821271064e+00 9.158401830979613356e-01
9.491979251122427408e-02 6.751231958502424746e+00 8.708209374109324719e-01
1.087307729142811819e-01 6.734801111438934562e+00 7.847804149997862355e-01
1.245512728774559041e-01 6.779034842290355911e+00 7.064723840988313963e-01
1.426736806848996064e-01 6.702274370707500317e+00 6.538393551178277585e-01
1.634329275799888403e-01 6.773403967447191754e+00 6.016843164887982764e-01
1.872126778333886854e-01 6.914348266488675954e+00 5.851683370770177639e-01
2.144524194758389846e-01 7.018352009629144739e+00 5.742103342518664055e-01
2.456555867438112717e-01 6.903651247726303453e+00 5.474121534888786167e-01
2.813988643538950507e-01 6.800815473243273956e+00 5.123832845203408759e-01
3.223428455638683854e-01 6.650558634896240662e+00 4.717653371224443948e-01
3.692442409985640106e-01 6.701855762721458554e+00 4.706191608437155227e-01
4.229698638792688814e-01 6.693408034789347205e+00 4.582475023373473455e-01
4.845126501261884933e-01 6.467588770529749453e+00 4.442388967711988768e-01
5.550100094112362381e-01 6.459955014603120382e+00 4.451812368279259302e-01
6.357648463181188037e-01 6.411048859521533139e+00 4.547085745780872212e-01
7.282696401145629661e-01 6.446632867543428347e+00 4.523310226352940666e-01
8.342340281696061233e-01 6.324988199614457685e+00 4.371587400201673579e-01
9.556164028018645507e-01 6.194901554733532656e+00 4.348288356968241231e-01
1.094660105519352333e+00 6.063005963634170215e+00 4.196610150919474758e-01
1.253934887578618262e+00 6.074334258419720634e+00 4.317394420548762990e-01
1.436384403121014897e+00 5.906139293833777337e+00 4.275991372305762983e-01
1.645380612635644724e+00 6.065028879666322759e+00 4.390781959303924897e-01
1.884786102212474557e+00 5.997034467909122313e+00 4.228753881363163658e-01
2.159025470345652842e+00 5.687058014870145506e+00 4.158125469836438937e-01
2.473167101629966336e+00 5.544105863600491624e+00 4.070088307131303207e-01
2.833016838659864423e+00 5.342946120063044368e+00 4.083654883859917373e-01
3.245225283338406541e+00 5.262620779746087329e+00 4.131820229110990117e-01
3.717410710696897880e+00 5.073356161002728903e+00 4.069017794781336628e-01
4.258299866870283168e+00 5.097694594702597115e+00 4.155589652915254173e-01
4.877889253401347602e+00 4.654608869174542640e+00 4.115323251821109696e-01
5.587629878667058847e+00 4.417270906277482645e+00 4.192538236661010886e-01
6.400638890930551383e+00 4.327724048053867456e+00 4.311793155417244505e-01
7.331942004337932417e+00 4.127612491689501617e+00 4.270332766125461976e-01
8.398751198282250030e+00 3.815175044864909104e+00 4.348314831015058779e-01
9.620782822465484330e+00 3.332276446228440658e+00 4.456263285716000611e-01
1.102062198675174542e+01 3.188821482670059382e+00 4.849475017544794264e-01
1.262413997032222213e+01 2.962624720232610809e+00 4.594517411230396031e-01
1.446097236452443369e+01 2.916366406794495436e+00 5.233045700803110600e-01
1.656506678626455198e+01 2.625037157147602773e+00 5.331283090427599847e-01
1.897531028456734603e+01 2.396432502558568434e+00 4.618706824740057559e-01
2.173624803578603348e+01 2.296690576895232372e+00 4.525085699770528547e-01
2.489890661010525719e+01 2.141070434789886789e+00 4.882372771826192226e-01
2.852173702462649274e+01 1.887939437955904687e+00 5.061211690355540416e-01
3.267169501217350103e+01 1.581513501932997778e+00 5.084622435970185261e-01
3.742547847092286872e+01 1.376794742619950496e+00 5.769834421369889332e-01
4.287094496491908302e+01 1.123875706272475794e+00 4.393361532862051777e-01
4.910873547316336385e+01 1.091642232376450972e+00 5.414548374645006268e-01
