1.072875513154444979e-03 7.324316180560265011e+00 5.772079416056274681e+01
1.229248220298381593e-03 7.324732770848178198e+00 5.037566666636181623e+01
1.408412409995246899e-03 7.325281682367845271e+00 4.396454754926313058e+01
1.613689964218231049e-03 7.326005796261084058e+00 3.836856493666673629e+01
1.848886932647393448e-03 7.326962522778692311e+00 3.348395862235300768e+01
2.118364100609845292e-03 7.328229199140928962e+00 2.922015527221685360e+01
2.427117842369639223e-03 7.329910853431894857e+00 2.549808754849683368e+01
2.780872758867631266e-03 7.332151647751099510e+00 2.224872559990024357e+01
3.186187817507021760e-03 7.335152258470067466e+00 1.941179299425459348e+01
3.650577961921550561e-03 7.339197262340591443e+00 1.693464198095866280e+01
4.182653446492230927e-03 7.344700271420630422e+00 1.477126464183614729e+01
4.792279479012889233e-03 7.352282542261692200e+00 1.288141610544855808e+01
5.490759131438050986e-03 7.362919652120175407e+00 1.122982088622319274e+01
6.291042910060052652e-03 7.378240483329341792e+00 9.785414970759566344e+00
7.207968870754567769e-03 7.401213438457002525e+00 8.520512309001171403e+00
8.258537731269572496e-03 7.438014584399788909e+00 7.409523643724683417e+00
9.462228081412799724e-03 7.504740248869349983e+00 6.425379860255239883e+00
1.084135753544751557e-02 7.671885796016552739e+00 5.514296788908158220e+00
1.242149652282060687e-02 7.704260648140294876e+00 4.782131672224917196e+00
1.423194238931401075e-02 6.943954247164414895e+00 4.333595159991535439e+00
1.630626259892552221e-02 6.956688492682167713e+00 3.759116903525943965e+00
1.868291710798117983e-02 6.983014097824048250e+00 3.251400802588653161e+00
2.140597145091334419e-02 7.075003873803908050e+00 2.796549511677279831e+00
2.452591375902275772e-02 6.946407371583913637e+00 2.360906506765104940e+00
2.810059086056364286e-02 6.707041506234923567e+00 2.040490515699764806e+00
3.219628081837699191e-02 6.698505870726993550e+00 1.731936609051593301e+00
3.688892179098465091e-02 6.957505682376996070e+00 1.599799552901030042e+00
4.226552000144902926e-02 6.787845863600935559e+00 1.318623589960751907e+00
4.842576291913913006e-02 6.814436167281655798e+00 1.250782856155830514e+00
5.548386756439462053e-02 6.862620059824898533e+00 1.130051280827817584e+00
6.357069820549166028e-02 7.017723451097905851e+00 1.066506973985494433e+00
7.283619271211475010e-02 6.691581467058486332e+00 9.140056456064717949e-01
8.345214255233754375e-02 6.875685732374415160e+00 8.462063265601162954e-01
9.561537797701648300e-02 6.969930678479322239e+00 8.470491021526487252e-01
1.095514174480790581e-01 6.703315461409983911e+00 7.528115734936097203e-01
1.255186489747301959e-01 6.845782207126616115e+00 6.858318505488796291e-01
1.438131208837023500e-01 6.828014330145549593e+00 6.600366835093900431e-01
1.647740308491863759e-01 6.656716464131921640e+00 6.134670094750371838e-01
1.887900149545079787e-01 6.727630806773042593e+00 5.903190398473298073e-01
2.163063533909981018e-01 6.920313551765623572e+00 5.984288445235226295e-01
2.478332263948694048e-01 6.758803413085951561e+00 5.691392958955283632e-01
2.839551734953651430e-01 6.686821423602929748e+00 5.398602690613645283e-01
3.253419314580333621e-01 6.733253653372656800e+00 5.035986442575831612e-01
3.727608518693580342e-01 6.658545328594829726e+00 4.790834806196863638e-01
4.270911285970931393e-01 6.702674560120406078e+00 4.871654508690654306e-01
4.893400989175413218e-01 6.634807823668189997e+00 4.745532454350297469e-01
5.606619205488664326e-01 6.424724940318856881e+00 4.392871727385539993e-01
6.423789708811771249e-01 6.403839222479446924e+00 4.438146878586328725e-01
7.360063651663568685e-01 6.329505745730978461e+00 4.334301096984422008e-01
8.432800482592286428e-01 6.351993615871113441e+00 4.294072579393108935e-01
9.661889807588210921e-01 6.267010614348044406e+00 4.340985644148840916e-01
1.107012016312759028e+00 6.360377296617485854e+00 4.331014523253812198e-01
1.268360153826617376e+00 6.037110638165994914e+00 4.192759023736604140e-01
1.453224947976147652e+00 5.888757369545343678e+00 4.159650738385953783e-01
1.665033975601353688e+00 5.943627215278721287e+00 4.313316395154125349e-01
1.907714386384422589e+00 5.685979385507638817e+00 4.212746766607796123e-01
2.185765716104185241e+00 5.634005321366526431e+00 4.294823708763569337e-01
2.504343312497154805e+00 5.607496512549479561e+00 4.253052019552731045e-01
2.869353920523420420e+00 5.321986738014459206e+00 4.045241523961363717e-01
3.287565199283144501e+00 5.162226706298786105e+00 4.124409460608102762e-01
3.766731201136051865e+00 4.965241476692662914e+00 4.038699722929324776e-01
4.315736139531349380e+00 4.902925913301130478e+00 3.942798191656706197e-01
4.944759111146407093e+00 4.636817620419368069e+00 4.120470807003945302e-01
5.665462826446228561e+00 4.291822085725024216e+00 4.034150819371828400e-01
6.491209847915630604e+00 4.310690078440287287e+00 4.281451980460261875e-01
7.437310345235703224e+00 4.040030558886855694e+00 4.387012442337810403e-01
8.521305961031529819e+00 3.621681416748618432e+00 4.391089966139920531e-01
9.763295050343931081e+00 3.529807119254734893e+00 4.708773503412020944e-01
1.118630532408806033e+01 3.259578580442329176e+00 4.492766121819567471e-01
1.281672080567849648e+01 3.111020473359663363e+00 4.684798061879041353e-01
1.468477101702064047e+01 2.960021233411396668e+00 4.619239621452124744e-01
1.682509146386244225e+01 2.849747286517562372e+00 4.889142150565602418e-01
1.927736581246131564e+01 2.713214710531812734e+00 5.092591965405764975e-01
2.208706166415944239e+01 2.234513529478899585e+00 4.766284603085843563e-01
2.530627356985841914e+01 2.034986791492892966e+00 4.456141730425800529e-01
2.899468891471882159e+01 1.713655377142839331e+00 4.860896339238880981e-01
3.322069458154608412e+01 1.752540467540488756e+00 5.285980195181940733e-01
3.806264491150061247e+01 1.575914529810008791e+00 5.182052945752783080e-01
4.361031447138262251e+01 1.218824451454607383e+00 5.509724551715948770e-01
4.996656256324001077e+01 1.048517802282980638e+00 5.815519886036778496e-01
