1.072330888035316100e-03 6.494123801612815328e+00 8.288978472456376778e+01
1.227456178833903015e-03 6.494094828252794827e+00 7.241270188489238535e+01
1.405022169712887101e-03 6.494056845421747326e+00 6.325948779905856156e+01
1.608275172202165443e-03 6.494007043231172283e+00 5.526280048201824258e+01
1.840931115023231902e-03 6.493941729402454399e+00 4.827644172291993385e+01
2.107243479746181980e-03 6.493856047874009718e+00 4.217268416208073489e+01
2.412081064139523501e-03 6.493743604471943875e+00 3.683993600989393258e+01
2.761016994904287678e-03 6.493595966787221840e+00 3.218070069339221817e+01
3.160430617148339907e-03 6.493401991964847575e+00 2.810979408973011218e+01
3.617624123373020840e-03 6.493146916385487799e+00 2.455278669764610555e+01
4.140956054216125837e-03 6.492811110822792386e+00 2.144464217560593511e+01
4.739994111649467427e-03 6.492368356834899323e+00 1.872852721197356374e+01
5.425690078405018095e-03 6.491783422361424805e+00 1.635477073249542812e+01
6.210580041555895277e-03 6.491008582985612563e+00 1.427995302213870410e+01
7.109013580796191487e-03 6.489978503990733394e+00 1.246610742580678632e+01
8.137416111504407884e-03 6.488602471956259166e+00 1.088001881068768206e+01
9.314589178820409723e-03 6.486752134779367296e+00 9.492603667823733105e+00
1.066205419279686248e-02 6.484241186273374424e+00 8.278355945576297614e+00
1.220444588888818307e-02 6.480789560336639887e+00 7.214838676502322912e+00
1.396996270713266736e-02 6.475955085193966454e+00 6.282188994608561394e+00
1.599088232398697754e-02 6.468988322384984890e+00 5.462565808018491786e+00
1.830415176191140664e-02 6.458473913630838226e+00 4.739334223263399259e+00
2.095206286525589517e-02 6.441210053159458937e+00 4.095163682597933175e+00
2.398302549168735212e-02 6.406780319931854706e+00 3.503619326002525902e+00
2.745245255486208208e-02 6.278386860811446368e+00 2.840601375919738825e+00
3.142377309894318904e-02 6.529873310849058754e+00 2.827380841612562534e+00
3.596959192627686291e-02 6.498093764101261272e+00 2.412340139860019050e+00
4.117301697886793788e-02 6.421384243441292661e+00 1.994369135872617882e+00
4.712917874121725498e-02 6.336741470787901953e+00 1.674315366404522942e+00
5.394696944267202143e-02 6.736996871060161318e+00 1.697230182654926089e+00
6.175103385587706051e-02 6.830545976668662256e+00 1.590586694817224700e+00
7.068404808766595715e-02 6.898336645286290647e+00 1.349429552167263457e+00
8.090932802388968448e-02 6.875588177167781367e+00 1.154223829346645136e+00
9.261381511650691734e-02 6.867602807820673227e+00 1.041125914505399708e+00
1.060114940999379446e-01 6.690533088787668170e+00 9.161344657948651271e-01
1.213473051203363129e-01 6.816245868476113579e+00 8.567890955608781223e-01
1.389016218004290870e-01 6.896275725244688459e+00 8.171605603472553714e-01
1.589953771091703050e-01 6.818015332018431351e+00 7.479384624861624697e-01
1.819959307488027145e-01 6.826619080000891238e+00 6.459098431658787387e-01
2.083237853285523078e-01 6.622540516938641986e+00 5.761526918746193715e-01
2.384602741119377922e-01 6.543398780151579608e+00 5.148100963391213369e-01
2.729563608872604963e-01 6.463155571188140769e+00 4.738354063052918064e-01
3.124427128429880240e-01 6.651354571796339599e+00 4.822218646687234100e-01
3.576412306031809818e-01 6.702724662168584757e+00 4.508452683243576731e-01
4.093782462183235271e-01 6.653607657551673604e+00 4.252020697268532046e-01
4.685996304009467650e-01 6.527803011155372204e+00 4.105733689902432149e-01
5.363880852007895106e-01 6.520162436654213245e+00 3.950528717220503916e-01
6.139829382690612514e-01 6.523483464271214949e+00 3.919027403883363347e-01
7.028028005961289848e-01 6.442895788005154500e+00 3.920801672052197651e-01
8.044715019577789450e-01 6.269794947552005837e+00 3.779098565995498982e-01
9.208477782291998315e-01 6.291615798578078511e+00 3.702773421356194694e-01
1.054059253318531564e+00 6.279551740048298747e+00 3.815163085876919769e-01
1.206541336987274615e+00 6.333455264750146085e+00 3.795340138735428526e-01
1.381081749698489070e+00 6.265230059235642912e+00 3.923965872936017729e-01
1.580871488508608591e+00 6.172401285371493351e+00 4.001989423819921621e-01
1.809563165775686766e+00 6.116776748519477280e+00 4.016527250212407751e-01
2.071337787248792583e+00 6.002870902318024449e+00 4.082462164394478066e-01
2.370981190394416238e+00 6.008997455236499974e+00 4.140464905634941295e-01
2.713971540426934226e+00 5.827874639263378675e+00 4.239261480487807043e-01
3.106579483670243835e+00 5.706602973981550697e+00 4.442475935975183088e-01
3.555982789282568834e+00 5.384043260444021151e+00 4.271358526548618695e-01
4.070397575256783362e+00 5.135202748593732380e+00 4.315943426125199989e-01
4.659228517807022740e+00 4.854474760765662644e+00 4.290191772447394802e-01
5.333240790311925217e+00 4.574480480909193680e+00 4.319339110238588630e-01
6.104756875250790138e+00 4.323304530019923320e+00 4.584226231737321688e-01
6.987881847303972549e+00 4.184990769284600454e+00 4.854681652467190411e-01
7.998761246306690609e+00 3.766345458976418925e+00 4.704149542213187929e-01
9.155876254562354433e+00 3.443165258821411001e+00 4.803648330108528652e-01
1.048038157503027179e+01 3.247605759735059383e+00 5.015885062014949769e-01
1.199649218757208047e+01 3.029545419272609230e+00 5.133958943722852775e-01
1.373192605404372202e+01 2.863544702990789226e+00 5.227003957550104829e-01
1.571841086589227388e+01 2.745197668032409055e+00 5.737938513466576129e-01
1.799226409876017385e+01 2.592516505420562556e+00 5.326394667076419509e-01
2.059505697881869324e+01 2.459618583466728126e+00 5.690395460188556465e-01
2.357437449965047449e+01 2.209982004421997548e+00 6.414739655404825269e-01
2.698468538452410215e+01 1.943400603010636551e+00 5.770860148592179550e-01
3.088833789895655713e+01 1.412453821417413158e+00 4.833078169540634406e-01
3.535669971928943767e+01 1.382183137569360953e+00 4.506929619660535735e-01
4.047146269667786100e+01 1.332190958078646847e+00 6.013488192949617561e-01
4.632613637055560929e+01 1.225270961778700540e+00 9.162355300864686303e-01