1.072925961897400020e-03 6.826687669797212976e+00 9.036295198567006537e+01
1.229414277529521137e-03 6.826680884558983919e+00 7.886009630485348509e+01
1.408726715047994241e-03 6.826671969607262191e+00 6.882128102110939949e+01
1.614192216538872307e-03 6.826660253952138824e+00 6.006013503836931733e+01
1.849625256695659227e-03 6.826644853412712877e+00 5.241400717996799585e+01
2.119396658684170529e-03 6.826624601504304835e+00 4.574094653285520451e+01
2.428514738637524949e-03 6.826597957037565223e+00 3.991706707950725530e+01
2.782718285231832074e-03 6.826562879798879102e+00 3.483424767967937186e+01
3.188583100511861463e-03 6.826516662089782805e+00 3.039812469377974935e+01
3.653644079901102390e-03 6.826455698448743448e+00 2.652633995980647796e+01
4.186535097816155258e-03 6.826375167200151139e+00 2.314701156829836037e+01
4.797149295867090060e-03 6.826268583957497249e+00 2.019739900016706713e+01
5.496822749400174027e-03 6.826127164623015275e+00 1.762273777142825537e+01
6.298544922159207173e-03 6.825938897537557892e+00 1.537522183250570684e+01
7.217199816164088233e-03 6.825687157879807287e+00 1.341311463548662886e+01
8.269842293763091448e-03 6.825348576843868642e+00 1.169997203757287885e+01
9.476014701788037023e-03 6.824889650222432103e+00 1.020396204024468112e+01
1.085810967595162227e-02 6.824261119889574623e+00 8.897267693668762689e+00
1.244178586096409203e-02 6.823388217750754769e+00 7.755560095002060450e+00
1.425644426422863903e-02 6.822152750346895722e+00 6.757527666401413668e+00
1.633577408663971706e-02 6.820357872670880006e+00 5.884444131396459277e+00
1.871837816385334835e-02 6.817652552932199406e+00 5.119745709327409244e+00
2.144848962936992190e-02 6.813349749638683228e+00 4.448550059369717147e+00
2.457679310430632702e-02 6.805909879144984131e+00 3.856907306050020523e+00
2.816136565927616214e-02 6.791024919718759101e+00 3.329853150480786006e+00
3.226875501737038604e-02 6.749185350658310156e+00 2.840448854571198556e+00
3.697521501511694120e-02 6.698759499358534875e+00 2.404023780431611357e+00
4.236812125779809007e-02 6.968020520506982507e+00 2.245008926715730269e+00
4.854759325081926813e-02 6.994863092824045836e+00 1.907999767807835312e+00
5.562835312205867411e-02 6.988781044940837184e+00 1.677210764833946266e+00
6.374185544244737045e-02 7.075963416295548924e+00 1.485255296683373860e+00
7.303872768497830792e-02 6.907621272503173593e+00 1.346011926271221792e+00
8.369156662935686719e-02 6.708543238344556237e+00 1.153248145285152182e+00
9.589814262764917441e-02 6.726384660108233327e+00 1.018261055840837592e+00
1.098850712182398298e-01 6.857972055130896472e+00 9.064288114394911666e-01
1.259120202517486353e-01 6.825998100499119481e+00 7.972537901231929736e-01
1.442765306343559706e-01 6.860366364873947909e+00 7.181391742349764185e-01
1.653195401858160718e-01 6.744083127180502402e+00 6.409734573313220496e-01
1.894317131627888950e-01 6.646197551839832407e+00 5.696112529893729848e-01
2.170606929553262621e-01 6.659599308766785519e+00 5.240849572074298690e-01
2.487194126030929653e-01 6.863817966065733245e+00 5.067838347833594215e-01
2.849956174163664757e-01 6.774248635120390993e+00 4.800152797106894131e-01
3.265627764896299468e-01 6.754075360606613287e+00 4.456856345184741497e-01
3.741925856804135808e-01 6.735712131323546181e+00 4.394865229753714964e-01
4.287692941716523820e-01 6.644441398142745037e+00 4.228652743525809221e-01
4.913061205907260920e-01 6.426013836543017277e+00 3.943536204368310871e-01
5.629640634510428843e-01 6.646667392139617547e+00 4.156925273634869966e-01
6.450734551327148569e-01 6.573524096373653869e+00 4.017379598816256392e-01
7.391586595527799286e-01 6.568367097707421998e+00 3.933244299978550518e-01
8.469663720381379601e-01 6.574666768655922588e+00 4.001808163156346243e-01
9.704980467894014362e-01 6.429355774219867925e+00 3.930548131605063888e-01
1.112047053952730735e+00 6.361890699224708179e+00 3.936978769919083909e-01
1.274241256122076171e+00 6.369876652922145333e+00 4.023355296156017058e-01
1.460091794706182444e+00 6.203040447103062682e+00 3.996997691434778788e-01
1.673048991881079584e+00 6.191353491942942711e+00 4.117535721216927236e-01
1.917066405949884533e+00 6.204787412851468176e+00 4.228630176729622492e-01
2.196674229300057846e+00 6.202887444473641487e+00 4.315806275869877862e-01
2.517063391593929111e+00 5.761374190948621354e+00 4.097814816932369708e-01
2.884181929571364655e+00 5.639423723034947322e+00 4.221477543189155468e-01
3.304845412573544472e+00 5.481224349327964873e+00 4.298256046022146948e-01
3.786863473841814987e+00 5.401944281351829247e+00 4.428896662743672663e-01
4.339184796649900200e+00 5.079563416009289512e+00 4.577555712335409921e-01
4.972063246942430403e+00 4.789036087407688491e+00 4.440533421301552375e-01
5.697248236738399640e+00 4.368854855980668361e+00 4.275648880167984833e-01
6.528202852403227396e+00 4.204405530528193324e+00 4.297812298651818574e-01
7.480353797348933576e+00 3.969432380002680283e+00 4.720000100445299052e-01
8.571377789358002985e+00 3.649130829640224061e+00 4.607817689245231052e-01
9.821529729507883388e+00 3.542252574636119533e+00 4.687553988430309126e-01
1.125401873516442741e+01 3.434061188869727221e+00 4.756519595116174837e-01
1.289543901811086357e+01 3.059915065076406648e+00 5.480284929416827655e-01
1.477626360708084441e+01 2.815207083227742491e+00 5.127059172182840685e-01
1.693141008067267705e+01 2.502301458309987847e+00 5.294420802831240058e-01
1.940088881349745265e+01 2.400102731437897319e+00 4.838660673582672045e-01
2.223054577027506795e+01 2.213756130739834127e+00 5.617867106915190867e-01
2.547291363787800833e+01 1.990060040126813812e+00 5.194077231304644604e-01
2.918818709662128441e+01 1.540893744522098929e+00 5.388723501424217410e-01
3.344534033674604956e+01 1.734976163059841259e+00 7.124984173663349019e-01
3.832340756683224470e+01 1.432461110014105365e+00 9.236572756480589952e-01
4.391295028682687018e+01 1.130457203808711730e+00 8.053076749062531015e-01
5.031773856566600500e+01 1.159962384570841110e+00 8.440506819728323951e-01
