1.065572656266223096e-03 5.539497047412793584e+00 4.397542328428082214e+01
1.205317515298286266e-03 5.539411239676958587e+00 3.887355327972868935e+01
1.363389257542911917e-03 5.539301275515150280e+00 3.436275300541824862e+01
1.542191367826756514e-03 5.539160291608164144e+00 3.037443399216654427e+01
1.744442536745236926e-03 5.538979434065494090e+00 2.684795136636822832e+01
1.973217998421584757e-03 5.538747254802875553e+00 2.372968139899657558e+01
2.231996289519232353e-03 5.538448907745389782e+00 2.097220564740961279e+01
2.524712140479491891e-03 5.538065067314986045e+00 1.853358920321988634e+01
2.855816303197137272e-03 5.537570454502369621e+00 1.637674194554043083e+01
3.230343224815182199e-03 5.536931796171943532e+00 1.446885288896845623e+01
3.653987596620638344e-03 5.536104944647262549e+00 1.278088870762916152e+01
4.133190941969135633e-03 5.535030715613341812e+00 1.128714828778097790e+01
4.675239559809954773e-03 5.533628701098321834e+00 9.964865650140811937e+00
5.288375313045287282e-03 5.531787752336319031e+00 8.793853645147422071e+00
5.981920946263483314e-03 5.529350722242098115e+00 7.756180128507179639e+00
6.766421838305593239e-03 5.526088742597611514e+00 6.835866080321742366e+00
7.653806345016551764e-03 5.521655074566339749e+00 6.018589307692577606e+00
8.657567170196570072e-03 5.515495518557299803e+00 5.291362184627204535e+00
9.792966522502645488e-03 5.506655442030416125e+00 4.642108424066646144e+00
1.107726817771603929e-02 5.493299045409899328e+00 4.058917282874684673e+00
1.252999997488833152e-02 5.471210118695585045e+00 3.528109145001286695e+00
1.417325073762660571e-02 5.426652174289881003e+00 3.025617713120761554e+00
1.603200613521337317e-02 5.260441259331046560e+00 2.429911120487953990e+00
1.813452859033803238e-02 5.546331945326709700e+00 2.419106341020494710e+00
2.051278700994649262e-02 5.540921067980291603e+00 2.045179827420866570e+00
2.320294287327743371e-02 5.823566429385487631e+00 1.998348140783932969e+00
2.624590006806589923e-02 5.754214811878029856e+00 1.630400589998952876e+00
2.968792683518775566e-02 5.740572448137781336e+00 1.594694531880114674e+00
3.358135927842885449e-02 5.539052881325875255e+00 1.575586002713234235e+00
3.798539713626276904e-02 5.442696745491732102e+00 1.313823742950084750e+00
4.296700391536704272e-02 5.685009828992370728e+00 1.306906934277793475e+00
4.860192507243069754e-02 5.817068677213739214e+00 1.172927098662923884e+00
5.497583972573317351e-02 5.986923471027213672e+00 1.165351682682021162e+00
6.218566340829812661e-02 6.119951034524257594e+00 1.060964336930041441e+00
7.034102167101688452e-02 6.126911618573496199e+00 9.609325371832644347e-01
7.956591694191397779e-02 6.089528107205699925e+00 8.770491889052990375e-01
9.000061398619195463e-02 6.235650899299290728e+00 8.711105897470917681e-01
1.018037726355231765e-01 6.069456115096163451e+00 7.876629720790068179e-01
1.151548602147909744e-01 5.791239152010197344e+00 7.400741048863678229e-01
1.302568803472898828e-01 5.792768282677180913e+00 6.967310741171680588e-01
1.473394596299367199e-01 5.785288910718248800e+00 6.621449023591760019e-01
1.666623391114665509e-01 5.802284160255556600e+00 6.554840149525780202e-01
1.885193236616283241e-01 6.058250579177080652e+00 6.632099554061128277e-01
2.132427492816379166e-01 5.810888040938410271e+00 6.638855315495838516e-01
2.412085362814564982e-01 5.785249425043050842e+00 6.461638470294873704e-01
2.728419051575820542e-01 5.743722994974830520e+00 6.213333286138849054e-01
3.086238420814211292e-01 5.531229944282667788e+00 5.669835340061666340e-01
3.490984123061535715e-01 5.382851362189041033e+00 5.429604269959543705e-01
3.948810326926249781e-01 5.292281790860895008e+00 5.145973715335406817e-01
4.466678291382343291e-01 5.512545184665850861e+00 5.271699293648828277e-01
5.052462211887572829e-01 5.280176315350607830e+00 4.731398332732370537e-01
5.715068947723944692e-01 5.295720585934313718e+00 4.971163055135399134e-01
6.464573451017681105e-01 5.037346251267909913e+00 4.605003242396289997e-01
7.312371956640348891e-01 5.151455827244972419e+00 4.593928108056511972e-01
8.271355262247441775e-01 5.077002212960494809e+00 4.385717161914766682e-01
9.356104733181778155e-01 5.219363109601434125e+00 4.515037345334528274e-01
1.058311401250120465e+00 5.002733985264034899e+00 4.283301087493271986e-01
1.197103980723718486e+00 4.813822463131351981e+00 4.203582805575908354e-01
1.354098556409566445e+00 4.856034265364470137e+00 4.195607145587873510e-01
1.531682234789633945e+00 4.667362465608939637e+00 4.020954885116820865e-01
1.732555180171515774e+00 4.472869806303656937e+00 4.005629060555133680e-01
1.959771670754817396e+00 4.450816408677515490e+00 4.005088724789198640e-01
2.216786539008193113e+00 4.592239141252317580e+00 4.398397149745524870e-01
2.507507702484143230e+00 4.393129014404926203e+00 4.253900162596809253e-01
2.836355583803941816e+00 4.400872893968101884e+00 4.185657975304550860e-01
3.208330323295059738e+00 4.242184854992259169e+00 4.112203695189319275e-01
3.629087806250915538e+00 3.935248974572493452e+00 4.096831676473026707e-01
4.105025660809380916e+00 3.760679554031315153e+00 3.916156706292462375e-01
4.643380534049937225e+00 3.728280409073906121e+00 3.926889823326883411e-01
5.252338125394995672e+00 3.556625426054112804e+00 4.122946389231382236e-01
5.941157650376006849e+00 3.466659385719979447e+00 4.198801073862199473e-01
6.720312627239101388e+00 3.035710752447598804e+00 3.992934809429494747e-01
7.601650127054121242e+00 2.689257217662133659e+00 3.666885910842097029e-01
8.598570908728945028e+00 2.710338253469898540e+00 3.917460402870035496e-01
9.726233177886602022e+00 2.646070592635861640e+00 4.457690735961126194e-01
1.100178306776399140e+01 2.382163948107426155e+00 4.855601378975582527e-01
1.244461534660007018e+01 2.078641322269803027e+00 5.051490958084939864e-01
1.407666831557601128e+01 1.935924405430346606e+00 5.021883138091653986e-01
1.592275738123782602e+01 1.885905402975811551e+00 9.104211242719143504e-01
1.801095237437857577e+01 1.112495316514311439e+00 9.444221194027044852e-01