1.064683679347192078e-03 5.661322473209253303e+00 4.465150589224315780e+01
1.202418994789357029e-03 5.661263568948442959e+00 3.953243572452560528e+01
1.357972764189212603e-03 5.661188052370643931e+00 3.499918017861654107e+01
1.533650113871282096e-03 5.661091100550033062e+00 3.098455709111688705e+01
1.732054378264150487e-03 5.660966402047443502e+00 2.742906773845186663e+01
1.956125678295227242e-03 5.660805640755431689e+00 2.428001414886739795e+01
2.209184490570541975e-03 5.660597764397699905e+00 2.149071670158150837e+01
2.494980852984251748e-03 5.660327924863073790e+00 1.901982014984122316e+01
2.817749935927884274e-03 5.659975903647788797e+00 1.683067734526663628e+01
3.182274802600143157e-03 5.659513702947941205e+00 1.489080079641741072e+01
3.593957288452216594e-03 5.658901734867792577e+00 1.317137266118289673e+01
4.058898050119711352e-03 5.658082556336801794e+00 1.164680361313934043e+01
4.583986970073485046e-03 5.656970098414542569e+00 1.029432968669337534e+01
5.177005256681363812e-03 5.655430147282634934e+00 9.093632355792925281e+00
5.846740752685174181e-03 5.653242645655340404e+00 8.026457223246724837e+00
6.603118160830867556e-03 5.650022868907765172e+00 7.076180564955560470e+00
7.457346116444473968e-03 5.645038700700022893e+00 6.227196486207295045e+00
8.422083286398717589e-03 5.636722233777747171e+00 5.463733694909548966e+00
9.511625955864237703e-03 5.621049391243116311e+00 4.766536183653363068e+00
1.074211988266333788e-02 5.583548402533678789e+00 4.097539588158197965e+00
1.213179955866192268e-02 5.384642443738226092e+00 3.185506310015899345e+00
1.370125842377570811e-02 5.902984095693110334e+00 3.683792453028045699e+00
1.547375403684874903e-02 5.957629341198509287e+00 3.242235046621078531e+00
1.747555272568243612e-02 6.116678129013350507e+00 2.863880945986832849e+00
1.973631882352841482e-02 6.115540546681073941e+00 2.470210945099251543e+00
2.228955426007853818e-02 5.283036869302007332e+00 1.900029557898906152e+00
2.517309502118005721e-02 5.250213798129689025e+00 1.547000570214517090e+00
2.842967183423286345e-02 5.433370556417636443e+00 1.602351773593925888e+00
3.210754338797568858e-02 5.538540880034597436e+00 1.499840997805558684e+00
3.626121147024344293e-02 5.992176731846665660e+00 1.544965692323008621e+00
4.095222862120733581e-02 5.508021801172083620e+00 1.260210050507687196e+00
4.625011027058148483e-02 5.605122270418279484e+00 1.118287671636613911e+00
5.223336487561061614e-02 5.848896589551666914e+00 1.135717274277443067e+00
5.899065732528836759e-02 5.946049808207657605e+00 1.065254912735698722e+00
6.662212285110644117e-02 5.939861371303981841e+00 1.054168911269524278e+00
7.524085091496685029e-02 5.767869934031816470e+00 9.110477190351814469e-01
8.497456106375403384e-02 5.632439734644060891e+00 8.644697477829152987e-01
9.596749558478649689e-02 5.866360126941412290e+00 8.360542499975036623e-01
1.083825570091052765e-01 5.900449255705121132e+00 7.719464490842647963e-01
1.224037221379167401e-01 5.994845819992612235e+00 7.385905854454799524e-01
1.382387683652603338e-01 5.910616616067945195e+00 6.912758095591513552e-01
1.561223526978388620e-01 5.831168369213994396e+00 6.847191088617426979e-01
1.763194890995113673e-01 5.806644647793320679e+00 6.373579528390507232e-01
1.991294756906583086e-01 5.588095162172192154e+00 6.318673670043140067e-01
2.248903299989562510e-01 5.644570807836553072e+00 6.146296535938419181e-01
2.539837979868296847e-01 5.509718714940827766e+00 5.835923192913698987e-01
2.868410110835538651e-01 5.548160319746408220e+00 5.635191202203738703e-01
3.239488750526597904e-01 5.315481186390582202e+00 5.593527039011473301e-01
3.658572853702394823e-01 5.408701318888197385e+00 5.455633415199027114e-01
4.131872760376846809e-01 5.267244202702799249e+00 5.247926588244434809e-01
4.666402225848071961e-01 5.151218281460112181e+00 5.083518447904784576e-01
5.270082356411631697e-01 5.183696182789672591e+00 4.779937325919927371e-01
5.951858990962481943e-01 5.146159093662543427e+00 4.601982207637117517e-01
6.721835267944720194e-01 5.172920897186762623e+00 4.707155436336733501e-01
7.591421342137487649e-01 5.106554471159516773e+00 4.681613533801867177e-01
8.573503469905985330e-01 5.004638146627241824e+00 4.557840425336604495e-01
9.682634968564856059e-01 4.854484893738030493e+00 4.480342916296592981e-01
1.093525187964997425e+00 4.846823097206579334e+00 4.251385828308172354e-01
1.234991653197809125e+00 4.805060754544986601e+00 4.409535179406181005e-01
1.394759261381620430e+00 4.725727668467890830e+00 4.237281424390272888e-01
1.575195583041090863e+00 4.619913644437884770e+00 4.202025094049088305e-01
1.778974475046176451e+00 4.520963157332825055e+00 4.198603671013664274e-01
2.009115704067628183e+00 4.545688676926429750e+00 4.210072257889879710e-01
2.269029696014265074e+00 4.268401760182904070e+00 3.874282892717274551e-01
2.562568074586751621e+00 4.173197649181477509e+00 3.843105200927273701e-01
2.894080737870593723e+00 3.992639504010589313e+00 3.789099455384650206e-01
3.268480318777204907e+00 3.970753882755566178e+00 3.820346095850266077e-01
3.691314984561989476e+00 3.883866127272560753e+00 3.926336572795189883e-01
4.168850654223775543e+00 3.771974885424510315e+00 3.956866557207837087e-01
4.708163852152060791e+00 3.623250607041969662e+00 3.883427425460879712e-01
5.317246574005350723e+00 3.603166522639633218e+00 4.034968546692432878e-01
6.005124718811185147e+00 3.307378006965347783e+00 4.497232172379604376e-01
6.781991842314141650e+00 3.070208384794449685e+00 4.068038421491959600e-01
7.659360213641178916e+00 2.866193950353451925e+00 3.899378243307254910e-01
8.650231413768793232e+00 2.895021002192414095e+00 4.216322021700132372e-01
9.769289003863244503e+00 2.704026945070266308e+00 4.655176209292143930e-01
1.103311611861511921e+01 2.264105188445941774e+00 4.266799235115166233e-01
1.246044120904879371e+01 2.162520940952728843e+00 4.718136452382860613e-01
1.407241557643009600e+01 1.929467400343257921e+00 5.765725690293752592e-01
1.589292681000257090e+01 1.595125935048702592e+00 7.144824232783792972e-01