2.204651281085552128e+01 1.910291458980309542e+01
2.508205743802012933e+01 1.910291374925851926e+01
2.853556073568117313e+01 1.910291265972853481e+01
3.246457068013255309e+01 1.910291124897083392e+01
3.693455892483844138e+01 1.910290942433657335e+01
4.202001179726651259e+01 1.910290706067859645e+01
4.780567151310960838e+01 1.910290400174799430e+01
5.438794829105709283e+01 1.910290004168146538e+01
6.187652689910486004e+01 1.910289491486272340e+01
7.039619440333248690e+01 1.910288827686491331e+01
8.008891957611588452e+01 1.910287968191762786e+01
9.111621861431065383e+01 1.910286855178142673e+01
1.036618465889097536e+02 1.910285413615866901e+01
1.179348594755548163e+02 1.910283546191697468e+01
1.341730977905121449e+02 1.910281126495900850e+01
1.526471498822095896e+02 1.910277990167387330e+01
1.736648609212440419e+02 1.910273923255801165e+01
1.975764627250992760e+02 1.910268646702404638e+01
2.247804098991869637e+02 1.910261795747188529e+01
2.557300195456322456e+02 1.910252892081637199e+01
2.909410251815987749e+02 1.910241305937223899e+01
3.310001707430183160e+02 1.910226203496821284e+01
3.765749878812097222e+02 1.910206472337102568e+01
4.284249194778531091e+02 1.910180612471098627e+01
4.874139747366997426e+02 1.910146570055917792e+01
5.545251267320577426e+02 1.910101467007209308e+01
6.308766923297893072e+02 1.910041114725552802e+01
7.177409674301177347e+02 1.909958966793384150e+01
8.165654280634396400e+02 1.909842746476775233e+01
9.289968506268226065e+02 1.909643328525155681e+01
1.056908753192408085e+03 1.909527945282270522e+01
1.202432615160125579e+03 1.909124494858125587e+01
1.367993395488139640e+03 1.908373444514692707e+01
1.556349941364455390e+03 1.908928071603306620e+01
1.770640960675707447e+03 1.908070817326110813e+01
2.014437324342354259e+03 1.907677063308941356e+01
2.291801570068160800e+03 1.908729078030865622e+01
2.607355599053745664e+03 1.907288922728066538e+01
2.966357693748649126e+03 1.908723367898608814e+01
3.374790140038900972e+03 1.908986378000171413e+01
3.839458913975743599e+03 1.907614096593419717e+01
4.368107094190419957e+03 1.903718896517010961e+01
4.969543889860000490e+03 1.896558363984239293e+01
5.653791434301372647e+03 1.914337592996578152e+01
6.432251790310700017e+03 1.911591317140081614e+01
7.317896950167157229e+03 1.912654200165776786e+01
8.325484996394870905e+03 1.914623207014227901e+01
9.471806025310703262e+03 1.912470080570211906e+01
1.077596193134223722e+04 1.911345526558925556e+01
1.225968471434443745e+04 1.918304456177148865e+01
1.394769861407718781e+04 1.915562119342479264e+01
1.586813210632662594e+04 1.918113145782362494e+01
1.805298662603008415e+04 1.916046872535667234e+01
2.053866982804362488e+04 1.925569594304141674e+01
2.336660227162385854e+04 1.921718248665520079e+01
2.658390763820294524e+04 1.922002004095055483e+01
3.024419798400549189e+04 1.927982612587596734e+01
3.440846711268353101e+04 1.932718908031990068e+01
3.914610695481978473e+04 1.930215103815783451e+01
4.453606389089371805e+04 1.933234162469503659e+01
5.066815428627339134e+04 1.953402975124104302e+01
5.764456115984986536e+04 1.954000641206657463e+01
6.558153692627963028e+04 1.964702711071381458e+01
7.461134058573828952e+04 1.996520676005231110e+01
8.488444164184115652e+04 2.015410704879832338e+01
9.657202747305177036e+04 2.035556025314345874e+01
1.098688559395415505e+05 2.054986146758903232e+01
1.249965007603486738e+05 2.077574322108979032e+01
1.422070437406708952e+05 2.115426116458399974e+01
1.617872753752811695e+05 2.159282396933246773e+01
1.840634738254603581e+05 2.198267506663367499e+01
2.094068419046522467e+05 2.226710707478162377e+01
2.382396926728778053e+05 2.289447899064307990e+01
2.710424867145008757e+05 2.348800789630086427e+01
3.083618383660881664e+05 2.407732145651368683e+01
3.508196243073583464e+05 2.472453854262206008e+01
3.991233462976106675e+05 2.547566900474358675e+01
4.540779207386585767e+05 2.638774949252919200e+01
5.165990915214412962e+05 2.798652174720269059e+01
5.877286896633236902e+05 3.072410614298431142e+01
