2.204483954616431518e+01 1.894899199060834860e+01
2.507657713782281661e+01 1.894898663553356144e+01
2.852525733436747402e+01 1.894897970154970679e+01
3.244822056534190580e+01 1.894897072354658007e+01
3.691069305757149976e+01 1.894895909706509585e+01
4.198687133695835172e+01 1.894894403751665024e+01
4.776115587742047808e+01 1.894892452502167401e+01
5.432955440857833906e+01 1.894889923216462080e+01
6.180127821466980720e+01 1.894886643172737450e+01
7.030055796599646101e+01 1.894882386487001114e+01
7.996870927432213705e+01 1.894876857685799720e+01
9.096648231574832266e+01 1.894869668467060819e+01
1.034767345877172176e+02 1.894860306333050559e+01
1.177074712394718290e+02 1.894848090959799691e+01
1.338953035268634437e+02 1.894832112165024185e+01
1.523093828944561778e+02 1.894811140074670419e+01
1.732558760960260429e+02 1.894783490881343369e+01
1.970830557602773183e+02 1.894746819136860694e+01
2.241870910414649529e+02 1.894697782355902760e+01
2.550186346347697395e+02 1.894631469795884016e+01
2.900903156772465650e+02 1.894540363497864277e+01
3.299852631171252710e+02 1.894412283489205606e+01
3.753668012676072294e+02 1.894225849462939948e+01
4.269894787509466596e+02 1.893938788328476974e+01
4.857116142085916408e+02 1.893449792996917580e+01
5.525095673720804825e+02 1.892405664136297716e+01
6.284939727765806765e+02 1.887703693032707619e+01
7.149282060313690863e+02 1.896986650729651203e+01
8.132493896817802579e+02 1.896698489867521076e+01
9.250922879223605833e+02 1.896625023853474801e+01
1.052316487453246737e+03 1.896469607538899282e+01
1.197037316409750929e+03 1.895586853441492536e+01
1.361661015447238242e+03 1.895246343952424084e+01
1.548924745763004921e+03 1.897312329305699308e+01
1.761942099259544193e+03 1.896007555530361799e+01
2.004254867536430083e+03 1.896885783860063412e+01
2.279891930462204527e+03 1.896523034897477444e+01
2.593436243453303632e+03 1.896656739646043022e+01
2.950101037242425718e+03 1.897408065789677423e+01
3.355816497092746431e+03 1.896854385670518184e+01
3.817328362653771364e+03 1.895642990241321257e+01
4.342310087856449172e+03 1.895497857999486513e+01
4.939490425704856534e+03 1.894333030262617257e+01
5.618798559288085016e+03 1.895873696420198229e+01
6.391529192073033300e+03 1.895389169765088866e+01
7.270530342397217282e+03 1.892931521587595967e+01
8.270416964578351326e+03 1.887940244282888003e+01
9.407813948470891773e+03 1.886820895130581022e+01
1.070163253776840429e+04 1.878260248716139102e+01
1.217338476299670583e+04 1.878115389558266202e+01
1.384754111720438596e+04 1.924720582483983833e+01
1.575193742134394961e+04 1.919556791077271640e+01
1.791823764420267980e+04 1.924389669924747182e+01
2.038246037208601774e+04 1.926959988661644019e+01
2.318557768174656303e+04 1.925283024025510770e+01
2.637419637388396586e+04 1.922924729231550245e+01
3.000133289393179439e+04 1.922441172982466995e+01
3.412729482456508413e+04 1.917579749552333013e+01
3.882068360630601819e+04 1.914511821542450321e+01
4.415953515823744237e+04 1.943841917137386233e+01
5.023261736366849073e+04 1.950982894550677216e+01
5.714090599375417514e+04 1.955955500867140273e+01
6.499926360891907098e+04 1.972080613689032447e+01
7.393834935280092759e+04 1.984691621047126020e+01
8.410679139242862584e+04 2.014385348782052887e+01
9.567365812530860421e+04 2.038938306389457722e+01
1.088312692416231148e+05 2.060527588889453199e+01
1.237983933804396947e+05 2.081435187962913957e+01
1.408238855466418318e+05 2.119205727562400554e+01
1.601908247670932615e+05 2.151423040702297484e+01
1.822212207819137548e+05 2.191880647174917485e+01
2.072813680279640248e+05 2.236953259230882196e+01
2.357879359340171213e+05 2.300313643640612327e+01
2.682148967895839596e+05 2.349934978055706125e+01
3.051014063755095704e+05 2.403753260249708390e+01
3.470607683858103701e+05 2.472309268934468918e+01
3.947906316901779501e+05 2.548712336337336382e+01
4.490845899847384426e+05 2.644250498539932082e+01
5.108453766958476044e+05 2.809890011143939859e+01
5.810998745256222319e+05 3.036102646283752904e+01
