1.067644280718374299e-03 8.099385858265245375e+00 9.677097483926467021e+02
1.212084339582935764e-03 8.099387277542673402e+00 8.523907892532241704e+02
1.376065486225122982e-03 8.099389104165657827e+00 7.508139782040547061e+02
1.562231406299280107e-03 8.099391459883321431e+00 6.613417063061392582e+02
1.773583445888818940e-03 8.099394494100462083e+00 5.825315107120073890e+02
2.013528998871149094e-03 8.099398406858082211e+00 5.131128231438148077e+02
2.285936440539605360e-03 8.099403448926294047e+00 4.519664828018280218e+02
2.595197493116051940e-03 8.099409947385032282e+00 3.981066953210714132e+02
2.946298028603979401e-03 8.099418324396012281e+00 3.506651394689448011e+02
3.344898450457740348e-03 8.099429121454464919e+00 3.088769675760546534e+02
3.797424949972178811e-03 8.099443038203087752e+00 2.720684754658346378e+02
4.311173108617932966e-03 8.099460976761477582e+00 2.396462407685304186e+02
4.894425516587649384e-03 8.099484099849233232e+00 2.110875558209282019e+02
5.556585303786108418e-03 8.099513906334488311e+00 1.859320006625149233e+02
6.308327736035915234e-03 8.099552329922314442e+00 1.637740202246669696e+02
7.161772320515760043e-03 8.099601863855358630e+00 1.442563859523624785e+02
8.130678195095863633e-03 8.099665724678150269e+00 1.270644366324036838e+02
9.230665951615524972e-03 8.099748062906771295e+00 1.119210054413617286e+02
1.047946946931276740e-02 8.099854235719954332e+00 9.858195146471969394e+01
1.189722181843642229e-02 8.099991160566336390e+00 8.683222364797960324e+01
1.350677984334658702e-02 8.100167774830499212e+00 7.648239373283344378e+01
1.533409265799582158e-02 8.100395633337949874e+00 6.736560223837543049e+01
1.740861999463388932e-02 8.100689688371121022e+00 5.933486827092556126e+01
1.976380715030693139e-02 8.101069310933930012e+00 5.226071976325900437e+01
2.243762418818529003e-02 8.101559634098544294e+00 4.602910591941029139e+01
2.547317808666328676e-02 8.102193329571683478e+00 4.053955816792790756e+01
2.891940770523007687e-02 8.103012974481242026e+00 3.570356992695256082e+01
3.283187277127348064e-02 8.104074232638442510e+00 3.144316897382518761e+01
3.727364960777343472e-02 8.105450179115672782e+00 2.768965927481929157e+01
4.231634804270655720e-02 8.107237262171496539e+00 2.438251178772586059e+01
4.804126589466112263e-02 8.109563666808078608e+00 2.146838602776429283e+01
5.454069964715016483e-02 8.112601301530018461e+00 1.890026608256741980e+01
6.191943244216691067e-02 8.116583434643340311e+00 1.663669623000989617e+01
7.029642338224761922e-02 8.121831486565005420e+00 1.464110221955855806e+01
7.980672537578056835e-02 8.128797349934785643e+00 1.288118429701486356e+01
9.060366244484761855e-02 8.138133505284059765e+00 1.132836639323095440e+01
1.028613015979118195e-01 8.150816265888529699e+00 9.957280527075742071e+00
1.167772591186048980e-01 8.168379268040348862e+00 8.745250694228570154e+00
1.325758865132874720e-01 8.193401630332070695e+00 7.671698119111192149e+00
1.505118874808717977e-01 8.230678940575060665e+00 6.717249956081764672e+00
1.708744242172887673e-01 8.290695928469103748e+00 5.861743755068721917e+00
1.939917792559785192e-01 8.405068117869978650e+00 5.076311652983499734e+00
2.202366480020752082e-01 8.718577336936322197e+00 4.267646231308395599e+00
2.500321472859275973e-01 8.407931102483940933e+00 3.722895727878035022e+00
2.838586368051819742e-01 7.382624081930069693e+00 3.482951202569635640e+00
3.222614634299516556e-01 7.309050407875925082e+00 3.163484412553903002e+00
3.658597532238913042e-01 7.321330751562411088e+00 2.741219090857494933e+00
4.153563929251554709e-01 7.515032805142144667e+00 2.488668174371920117e+00
4.715493618075570215e-01 8.065907949790291909e+00 2.488309954967654836e+00
5.353445966129186662e-01 7.761138059514658849e+00 2.169736664551720651e+00
6.077705969616169490e-01 7.852471316379297406e+00 1.908631809468882112e+00
6.899950067081082050e-01 7.396067668550799112e+00 1.629439181292733130e+00
7.833434385641880882e-01 7.222260179369999200e+00 1.363880886118150615e+00
8.893208454784533590e-01 7.051983419110406714e+00 1.177628430924587466e+00
1.009635783318946434e+00 7.054660891977542647e+00 1.055736852228888134e+00
1.146227956019231886e+00 6.930865486069139436e+00 9.333099753204489035e-01
1.301299487267658872e+00 6.814490601137061176e+00 8.531922101753589560e-01
1.477350422898479287e+00 6.791503169266933426e+00 7.506277122503394184e-01
1.677219036350387826e+00 6.750050669705808026e+00 6.545458266015464766e-01
1.904127586992562904e+00 6.796730944303237543e+00 5.892065987225078016e-01
2.161734269028814381e+00 6.821054583013738792e+00 5.485379071385521055e-01
2.454192188494245030e+00 6.709388963045656240e+00 4.840246825423810129e-01
2.786216319164937616e+00 6.513468092400410470e+00 4.365651707773514079e-01
3.163159516836355323e+00 6.321426135726201601e+00 3.923995449669792634e-01
3.591098817464107640e+00 6.282539857531946659e+00 3.764405954317819880e-01
4.076933410456036633e+00 6.165999087313880800e+00 3.424144426559876941e-01
4.628495866630052191e+00 6.033291948171766172e+00 3.284807407721718198e-01
5.254678414042370349e+00 5.872819709726116777e+00 3.181297659458353078e-01
5.965576297490899016e+00 5.639961284500830452e+00 2.976947368785967107e-01
6.772650532919612942e+00 5.408159591179421355e+00 2.903356850389626209e-01
7.688912680632141061e+00 5.213746156628404904e+00 2.932412581115126926e-01
8.729134616207639752e+00 4.984133125115189245e+00 2.907427769731595890e-01
9.910086681022093558e+00 4.645623742782922783e+00 2.980836745053915826e-01
1.125080805181105248e+01 4.154568622076982187e+00 3.034487876969528264e-01
1.277291368814157302e+01 3.874966299873900066e+00 3.161458422910662369e-01
1.450094280636601951e+01 3.637231246727835821e+00 3.547499032820484177e-01
1.646275449811584934e+01 3.213774723024843905e+00 3.782558752934778723e-01
1.868997687145230913e+01 2.801327017741781944e+00 4.102189987692969053e-01
2.121851695567719887e+01 2.524720881730361910e+00 5.140682300785403003e-01
2.408913959043204400e+01 1.857331790113829539e+00 7.946828027674721628e-01
