1.068175498771923053e-03 7.283388820704554512e+00 1.082224260812774219e+03
1.213822293581369970e-03 7.283389196118033482e+00 9.523679094608405649e+02
1.379328174152148843e-03 7.283389681070925548e+00 8.380930449044337820e+02
1.567400946638127087e-03 7.283390304623964084e+00 7.375300399751371287e+02
1.781117629263405302e-03 7.283391112983686355e+00 6.490336060894950378e+02
2.023974794756400446e-03 7.283392152893553906e+00 5.711558708436691632e+02
2.299945777025036615e-03 7.283393499294876783e+00 5.026226947594461194e+02
2.613545678019156548e-03 7.283395235339614082e+00 4.423128201770603596e+02
2.969905238343476146e-03 7.283397478670571523e+00 3.892395308406574941e+02
3.374854780202304720e-03 7.283400374845677483e+00 3.425345057751176228e+02
3.835019596048507701e-03 7.283404114972473309e+00 3.014336141645820248e+02
4.357928343569919538e-03 7.283408944578052768e+00 2.652644131395993554e+02
4.952136220440278222e-03 7.283415181490653367e+00 2.334351462151235808e+02
5.627364934070322108e-03 7.283423235766390391e+00 2.054250615515140908e+02
6.394661756374069549e-03 7.283433636879426132e+00 1.807758921844037445e+02
7.266580265811155986e-03 7.283447069306903110e+00 1.590843583506189418e+02
8.257385733786938228e-03 7.283464416747047032e+00 1.399955695171030925e+02
9.383288515693113258e-03 7.283486821291018209e+00 1.231972181124075263e+02
1.066270926504958583e-02 7.283515758744358415e+00 1.084144699192296599e+02
1.211658030985910545e-02 7.283553136345231493e+00 9.540546756165136344e+01
1.376868812192852051e-02 7.283601419978752212e+00 8.395737354322062629e+01
1.564606248222358276e-02 7.283663798612779239e+00 7.388288804656939135e+01
1.777941870930811047e-02 7.283744398399593756e+00 6.501718456841209104e+01
2.020366018607199637e-02 7.283848560865449073e+00 5.721521321797289517e+01
2.295844940647980698e-02 7.283983206336304583e+00 5.034932759086007081e+01
2.608885688511324713e-02 7.284157309064970498e+00 4.430719636696873920e+01
2.964609854617707499e-02 7.284382521281075995e+00 3.898996547528886225e+01
3.368837365623149338e-02 7.284673996646887417e+00 3.431064075645578981e+01
3.828181700988848857e-02 7.285051483274068040e+00 3.019266465602657945e+01
4.350158094697775812e-02 7.285540785846410294e+00 2.656866366513948208e+01
4.943306490383254925e-02 7.286175740235642628e+00 2.337934600983624023e+01
5.617331261511981921e-02 7.287000912727237711e+00 2.057253155312483628e+01
6.383259982553371459e-02 7.288075345380446102e+00 1.810229803212980215e+01
7.253623848756238224e-02 7.289477850393504710e+00 1.592822965735264873e+01
8.242662696341986062e-02 7.291314666384082877e+00 1.401475577313040155e+01
9.366557977405663704e-02 7.293730842474410281e+00 1.233056875466883362e+01
1.064369750117719754e-01 7.296927746920184532e+00 1.084811162049337518e+01
1.209497627301765188e-01 7.301191123961229934e+00 9.543127007418906516e+00
1.374413835311275867e-01 7.306938365116884881e+00 8.394260238803674667e+00
1.561816532794031709e-01 7.314803246239212520e+00 7.382710335048061623e+00
1.774771775020968778e-01 7.325800206268138659e+00 6.491924299915223351e+00
2.016763676957741280e-01 7.341677265881591197e+00 5.707332990806890827e+00
2.291751416121124985e-01 7.365789909207896891e+00 5.016135841165040077e+00
2.604234007831762732e-01 7.405782953487650921e+00 4.407179074788665218e+00
2.959323912637231713e-01 7.485685644554689766e+00 3.871196684038430647e+00
3.362830680180675103e-01 7.925279138703622550e+00 3.403119024953613181e+00
3.821355997994360654e-01 7.089666311669193810e+00 2.910332800221423266e+00
4.342401700291053102e-01 7.199933531073966719e+00 2.507025420678147043e+00
4.934492503861833690e-01 6.922836807765254896e+00 2.187384545260154134e+00
5.607315479136025793e-01 7.038535819958831929e+00 1.927572983523774930e+00
6.371878538259271307e-01 7.097586641114860484e+00 1.741818804259392506e+00
7.240690533179146016e-01 6.985060361613788515e+00 1.579059775440195379e+00
8.227965910284404938e-01 7.116670275506405297e+00 1.365444200946282383e+00
9.349857269908443680e-01 6.938158745869205113e+00 1.176682432755065344e+00
1.062471963555304599e+00 7.066183274039234519e+00 1.062592728144877485e+00
1.207341075648439954e+00 6.903245618420936758e+00 9.122911334581260689e-01
1.371963235688764549e+00 7.063170241450250408e+00 8.488058934889655127e-01
1.559031791468410422e+00 6.999081521766512104e+00 7.575615729719409330e-01
1.771607331437697663e+00 6.667334209450065607e+00 6.553096139789589269e-01
2.013167758335218771e+00 6.682454865068230276e+00 5.729039338887146338e-01
2.287665190407335292e+00 6.481606337654087113e+00 5.211402715500516036e-01
2.599590621165709159e+00 6.367143301047829773e+00 4.704681968987899365e-01
2.954047395567280354e+00 6.311909379963211109e+00 4.312687478840693811e-01
3.356834704744679154e+00 6.217156756088055403e+00 3.886160344530243393e-01
3.814542465326417719e+00 6.251328542347090789e+00 3.710457037732420860e-01
4.334659135647036976e+00 5.999362477389272641e+00 3.394529204042814330e-01
4.925694232805055250e+00 5.857511946579965212e+00 3.127831730245651531e-01
5.597317555043996862e+00 5.716228233544836890e+00 2.991761917893834277e-01
6.360517387243930898e+00 5.413668344272224431e+00 2.830173751177669228e-01
7.227780277889618077e+00 5.254424385604458791e+00 2.880262137183719484e-01
8.213295328807603823e+00 4.992284993977735397e+00 2.920904128598327820e-01
9.333186340012730398e+00 4.654559227938912969e+00 2.877343895738027624e-01
1.060577560773607075e+01 4.358035694903269253e+00 2.867428283559000923e-01
1.205188369157707839e+01 4.057945684974502143e+00 3.167520983229621390e-01
1.369517005520602382e+01 3.756593278026692850e+00 3.509894185173509928e-01
1.556252015376597342e+01 3.259439708375443612e+00 3.503324256458810737e-01
1.768448530102817529e+01 2.954128065392068958e+00 3.970736465664865822e-01
2.009578251287284445e+01 2.477445027278426970e+00 4.179114406689008465e-01
2.283586250492723480e+01 2.257124481561866958e+00 6.465306617385558896e-01
2.594955513724817564e+01 1.290441840863389311e+00 6.500984013997150868e-01
