21.90316520650236 9.52594486915562
24.614532518592604 11.581819596139175
27.66153683253906 11.528252638962105
31.085726261912548 11.41635288971434
34.93379211287522 11.407167608755053
39.258205554001385 11.148128327192055
44.1179330987144 11.154127400279261
49.57924065646078 11.630838243092
55.71659711644294 12.574669169163506
62.61368978492984 12.513116882776712
70.36456552236977 12.40124079438101
79.0749131405372 12.079126718513928
88.86350454612908 12.4896856199885
99.86381428184845 12.686496146960701
112.22583954859265 12.57616708935928
126.11814552606879 13.243993798550587
141.7301638812656 13.102575714861628
159.2747758066131 12.920829310238897
178.99121480942676 13.336545172935642
201.14832883427692 13.317189112438275
226.0482461996872 13.83501893556756
254.03049533686712 14.14236691146573
285.4766345061047 13.964152901815979
320.8154546203592 14.291593257789675
360.5288261203279 14.417156353986865
405.1582696273664 14.401123367469213
455.3123399698832 14.674836368535681
511.67492426976196 14.830361290995912
575.014567239237 14.879030388979405
646.1949508454085 14.82218637843204
726.186671240225 14.984588521739994
816.0804735429099 15.052396390794865
917.1021249406949 15.065171372062093
1030.6291289133678 15.075017376470878
1158.2095084922144 15.108756745835013
1301.5829146767069 15.054846028972886
1462.704347837513 15.092732489350144
1643.7708155643581 15.107113536044267
1847.2512904578234 14.966242618615702
2075.920376361307 15.261160038721773
2332.8961420966257 15.419103844235938
2621.6826385936906 16.478389423077893
2946.217679166146 16.457163516452066
3310.9265344516834 16.395073771656875
3720.7822741864825 16.60775352719513
4181.373578617638 16.931235450632137
4698.9809442113565 16.988851399490336
5280.662322777012 17.02612514079916
5934.349361758653 17.1230321919497
6668.9555580000715 17.47179284330978
7494.49779973854 17.806391476266693
8422.232954140372 17.79492085220787
9464.811362848453 18.017904660639164
10636.449338564824 18.278700485335968
11953.123014784327 18.378254389163377
13432.786191961044 18.554721566666245
15095.615150597947 18.817737417138062
16964.283769463807 18.9593598320717
19064.272700373785 19.099118674954475
21424.216815355987 19.396778180082
24076.295663898185 19.476447791881863
27056.672264442393 19.39069475413578
30405.986213367432 19.908984253021842
34169.907835358244 20.03451128404108
38399.76093140405 20.177873947635696
43153.222616045874 20.20630897887355
48495.109786662 20.94539962431275
54498.26294887018 21.30404340995066
61244.53944964729 21.595812647095325
68825.9296616199 21.904318535898618
77345.81133850833 22.324467869264787
86920.35924577029 22.60239889001356
97680.12928778044 22.968154005459347
109771.83873226804 23.47658131110207
123360.36680666506 24.102305786390293
138631.00294594592 24.330006145190715
155791.9733484491 25.066362652995707
175077.28029110137 25.226633450685057
196749.892920167 28.663816420169283
221105.33302626773 31.799305331779358