21.87868163763691 13.789595109505056
24.535078350831363 13.785968237181484
27.514001055981915 13.781238792002583
30.854609196017595 13.774996645907246
34.60081675151332 13.766613708245595
38.801869512135305 13.755058124490379
43.51299243740903 13.738447313677735
48.79611561669366 13.712717058047183
54.720688371473315 13.665875368387198
61.364592201750916 13.49558935963787
68.81516457768569 13.74405355261573
77.1703470347327 13.835208978098901
86.53997266457398 13.789790772352008
97.04720992656024 13.684601858040484
108.8301817592932 13.76306912124992
122.0437812763876 13.595967841569253
136.8617079146508 13.761815552004537
153.47875080087493 14.0975680924353
172.1133493532524 14.036452572662773
193.01046477781097 13.92023919006217
216.44480020714127 13.682110676256084
242.72441181176367 14.113811099650778
272.1947583540185 13.992880255504835
305.24324241790885 14.228386990463905
342.3043030116554 14.381424263906146
383.8651264877949 14.183325055213588
430.4720508537501 14.700341729036722
482.73774766076696 14.927800097407392
541.3492758807763 15.094751570702979
607.077113643455 15.323036427073422
680.7852865602321 15.438858067439416
763.4427257771719 15.793962981031864
856.136005064074 15.80455070483784
960.0836243752562 15.889288340977778
1076.6520276466392 15.979563539394052
1207.373565391159 16.08838948982741
1353.9666382199 16.107894635518107
1518.3582860856973 16.128986154269843
1702.7095201962213 16.158165063298355
1909.4437305973327 16.19931218239035
2141.278542858733 16.212274924868275
2401.2615426341317 16.037649650638805
2692.8103377132916 16.643821120921345
3019.7574842018794 16.671678264224216
3386.4008674064194 16.570296363321948
3797.5601997065196 16.760643967597872
4258.640378107436 16.826226494249727
4775.702534339975 17.556910312614747
5355.543711497181 17.543725900743503
6005.786214597426 17.523755678058226
6734.977809632143 17.457601947082047
7552.704088265304 17.641446565800454
8469.714475275317 17.586807455393572
9498.063535170817 18.054837842219953
10651.269435527116 18.545723436029622
11944.4916501239 18.602205736451165
13394.730237881642 19.010496816792042
15021.049317218925 19.11272199539179
16844.827673513977 19.149613117972084
18890.039794031985 19.365385303561105
21183.571024664172 19.600708933466326
23755.570991373188 19.602120399634508
26639.849932248035 19.542031368688498
29874.323150153523 19.86584750243579
33501.50942852876 20.13066046633091
37569.08996226192 20.690401298166286
42130.53515106985 21.02540591600427
47245.80749489803 21.097718707579414
52982.14983125561 21.306468242896635
59414.96927626334 21.726888272896797
66628.82848926584 22.16113503529837
74718.55729168191 22.651343582768824
83790.4992528838 22.86611679409266
93963.90963010631 23.329537518675803
105372.52303901166 23.68561365974831
118166.3114627309 24.177448599801814
132513.45570929867 25.21605578665102
148602.55623328447 26.025394127659304
166645.1123839863 28.151628425500704
186878.3026711573 30.348995595060643