21.898156009123298 13.272495867498016
24.59826719402826 13.270884914588809
27.631310540335825 13.268824156177544
31.038337625742464 13.266177242978786
34.86546181598059 13.262758786764724
39.16448239912854 13.258310629107498
43.99358567763487 13.252461115101793
49.418132507183785 13.244649070735473
55.51154294156786 13.233964838670442
62.35628995704318 13.218759890231933
70.04501570600773 13.195417949651317
78.68178540825296 13.152206958529181
88.38349585093152 13.018234555430025
99.28145756098036 13.257879386334999
111.52317206435615 13.21673127207352
125.2743282868981 13.139901775927678
140.72104511766616 12.928591393200499
158.0723904873596 13.267352187014698
177.56321105698953 13.329184511412478
199.45731081602275 13.197195307209427
224.0510216116273 12.789348238663361
251.67721393535066 13.695853352241253
282.70980225235047 13.620516940771276
317.56880585182313 13.645806304569295
356.72603371613184 13.607748744850406
400.7114703520943 14.124081238373691
450.120449015258 14.027050279677976
505.62170941518326 14.064418081371759
567.9664489610116 14.291457552032782
637.9984900539446 14.508066423260265
716.6657010387157 14.506786637273953
805.0328253941269 14.462828904060641
904.2958928029408 14.315843603883382
1015.7984071518003 14.21998603593779
1141.0495305622155 14.583663086391072
1281.7445095694889 15.453887930522352
1439.787619913448 15.579422516881419
1617.3179404936984 15.659290420990938
1816.7383053342412 15.663655288979236
2040.7478254159582 15.747743835587215
2292.378420552847 16.025625975763226
2575.0358557629506 16.272318372844826
2892.54583755229 16.503026427248603
3249.2057940148943 16.52405677567173
3649.843039581255 16.791796961787835
4099.880111662351 16.790460748575835
4605.4081635063885 17.084597364459185
5173.269406624551 17.256314174335156
5811.149718625895 17.177840122698427
6527.682669888185 17.39432063693771
7332.566377042896 17.48850363460283
8236.694764860707 17.517246000594483
9252.305013138364 18.215820411704435
10393.143184248247 18.19649702190376
11674.650273083304 18.321269262957685
13114.171197542551 18.352462700816385
14731.189558197695 18.708783472558505
16547.591344561493 18.81416913047886
18587.961157164544 19.027636297629503
20879.91495474134 19.0902557037188
23454.473830186056 19.561888412788047
26346.48387425376 19.85746420093325
29595.087809770193 20.124030170810336
33244.254779816096 20.245898412859795
37343.375460453055 20.469729596385434
41947.93055271132 20.44522045121971
47120.241701732455 20.995419211865197
52930.31500659274 20.976858528389158
59456.788537528446 21.59555406584751
66787.99668500104 22.24867945442416
75023.16574633366 22.415749344230942
84273.75693192292 22.734046892814266
94664.97496832037 23.22601638703782
106337.46271679648 23.427184011628544
119449.20474367829 23.96898958810376
134177.66560686863 25.1621715751976
150722.19179978655 26.10923126358354
169306.70986251486 27.178686150999994
190182.75717849788 28.440289647601503
213632.88647795975 30.93065775999238