1.059962840655432649e-03 2.770196093819131011e+00 5.591681619701284234e+01
1.187079606485234601e-03 2.770147968749198331e+00 4.992286252549266834e+01
1.329440937063209021e-03 2.770087550984885016e+00 4.457001498794322458e+01
1.488875047203068458e-03 2.770011682017201604e+00 3.978952906477203300e+01
1.667429401625642252e-03 2.769916381056804600e+00 3.552000937338472397e+01
1.867397008653364290e-03 2.769796624674210506e+00 3.170662073281889803e+01
2.091345867193989023e-03 2.769646063803777647e+00 2.830038326657237846e+01
2.342151945173889024e-03 2.769456658031048679e+00 2.525754239335707396e+01
2.623036112932433835e-03 2.769218199623691312e+00 2.253900547660975562e+01
2.937605505878857718e-03 2.768917688457901427e+00 2.010983768628510404e+01
3.289899847593926244e-03 2.768538502003389024e+00 1.793881027472580669e+01
3.684443328261136942e-03 2.768059278169027415e+00 1.599799496211370631e+01
4.126302704654123341e-03 2.767452386544730913e+00 1.426239841884582837e+01
4.621152367804633870e-03 2.766681793705463743e+00 1.270963083564609342e+01
5.175347213954919166e-03 2.765700008134176269e+00 1.131960210114799992e+01
5.796004254608744244e-03 2.764443574915028012e+00 1.007423777993786906e+01
6.491094013723367265e-03 2.762826184060528156e+00 8.957204065100100365e+00
7.269542885772018598e-03 2.760727643142087295e+00 7.953624234717500130e+00
8.141347769166775578e-03 2.757975215941185887e+00 7.049754026010608854e+00
9.117704447172782223e-03 2.754309716172988587e+00 6.232546376475088579e+00
1.021115136499107720e-02 2.749317902412919512e+00 5.488935282847207553e+00
1.143573064940599932e-02 2.742279381318953213e+00 4.804348861888563249e+00
1.280716843882354766e-02 2.731748092500389191e+00 4.158688828410096683e+00
1.434307683951246623e-02 2.713971246684248495e+00 3.510559062649765139e+00
1.606318010158508391e-02 2.667135982298487473e+00 2.623435113063858015e+00
1.798956791928679744e-02 2.744087562876061259e+00 3.084195084875260839e+00
2.014697910849533313e-02 2.847252616142873283e+00 3.552054456251946046e+00
2.256311930443739150e-02 2.832738155547401160e+00 3.090784987920554450e+00
2.526901675952036505e-02 2.810066664216781085e+00 2.646437325931856765e+00
2.829942081046149527e-02 2.768237597210487344e+00 2.161870745006922334e+00
3.169324813185894762e-02 2.680456551048902014e+00 1.744905162691158917e+00
3.549408250702641709e-02 2.863873701555992746e+00 2.148129811145419232e+00
3.975073453418559444e-02 2.854697150460813404e+00 1.915081618171423194e+00
4.451786845580510410e-02 3.051197344869339023e+00 1.880942145982481328e+00
4.985670416087497475e-02 3.211674489840456559e+00 1.687539247488355487e+00
5.583580337528211424e-02 3.384094937591265673e+00 1.951169515342416227e+00
6.253195013660228785e-02 3.323553937474518882e+00 1.932865191909160840e+00
7.003113686043133113e-02 3.319107073693049248e+00 1.635881556188566233e+00
7.842966866139294835e-02 3.266175282618736020e+00 1.288139555878456965e+00
8.783540011059584596e-02 3.492373427837436317e+00 1.399817996504901796e+00
9.836912031207145635e-02 3.533550864077779519e+00 1.187657763028361568e+00
1.101661040854470253e-01 3.397100410043332186e+00 1.334242876088977292e+00
1.233778491752578754e-01 3.351276470478492975e+00 1.196732989097130551e+00
1.381740217962697526e-01 3.077457249154895713e+00 1.051957473889247874e+00
1.547446354996496187e-01 3.094989959419750303e+00 1.006913851612103672e+00
1.733024913411465029e-01 2.974003089892860441e+00 8.215266141097032904e-01
1.940859106881036578e-01 2.528303536263043050e+00 7.402021682503183708e-01
2.173617957602141937e-01 2.525679452240644274e+00 8.279809632846280021e-01
2.434290572077108528e-01 2.728094565992090104e+00 9.385708684217213271e-01
2.726224527442069889e-01 2.773904081255630150e+00 8.425096798079266813e-01
3.053168861301949200e-01 2.957819777396446970e+00 8.816650386833778663e-01
3.419322217150702059e-01 2.662682884930632987e+00 7.695224221189356228e-01
3.829386763663875648e-01 2.497647064367496395e+00 7.647070268813223048e-01
4.288628580299072013e-01 2.567020364981045244e+00 6.703139676379512579e-01
4.802945284680684157e-01 2.505012486103420866e+00 5.641951411655583559e-01
5.378941770244818343e-01 2.599770404213571862e+00 5.903392695841239712e-01
6.024015026772895354e-01 2.542128664606640776e+00 5.612094456307078483e-01
6.746449133085521410e-01 2.613254868091690053e+00 5.385216112189816773e-01
7.555521641799892718e-01 2.323516829662516159e+00 5.051380906867201093e-01
8.461622722351727077e-01 2.205651334909530359e+00 4.502443238000669590e-01
9.476388592325248883e-01 2.283106963828886560e+00 4.667955325874933448e-01
1.061285095062635797e+00 2.262155808183205163e+00 4.531306515422180436e-01
1.188560433153087903e+00 2.407352028461458904e+00 4.581547816567910769e-01
1.331099352878108100e+00 2.236266101466709788e+00 4.302058302387631317e-01
1.490732349664466883e+00 2.227518624579134965e+00 4.563357004598536104e-01
1.669509442350123773e+00 2.104527173777880122e+00 4.411532878213980102e-01
1.869726499678884046e+00 2.042777932363445625e+00 3.770208519506712541e-01
2.093954724017851987e+00 1.986607453127327005e+00 3.764965711178125951e-01
2.345073670929795906e+00 1.924195041570525122e+00 3.526913643630059103e-01
2.626308228640221287e+00 1.834993835786524974e+00 3.560810298048842082e-01
2.941270032292229608e+00 1.791745284970410079e+00 3.586936390980518530e-01
3.294003844834103578e+00 1.683889946198766863e+00 3.668195734444404943e-01
3.689039500166440444e+00 1.568189226876720355e+00 3.550907259985618958e-01
4.131450075606592165e+00 1.464922454253178019e+00 3.840726411967259613e-01
4.626917040725535557e+00 1.403682246055772742e+00 3.640279400634615636e-01
5.181803219203393596e+00 1.419415990950236850e+00 3.994463145148252070e-01
5.803234500685190866e+00 1.209191508245172075e+00 4.844032093131980798e-01
6.499191351986576493e+00 9.711683609138882511e-01 5.700996596949211570e-01
7.278611302843245312e+00 6.964842148133482125e-01 4.344794295310643872e-01
8.151503722333684365e+00 5.661868697259588856e-01 4.285312750610001942e-01