1.060702911261028614e-03 2.461861089538157188e+00 2.637344934359431292e+01
1.189478420654214476e-03 2.460751387197749995e+00 2.348642661743406990e+01
1.333888026685977083e-03 2.459346313228698122e+00 2.090788294793776103e+01
1.495829799718111997e-03 2.457564009651142634e+00 1.860383281559009205e+01
1.677432246905893485e-03 2.455297941353498992e+00 1.654385638114935020e+01
1.881082288566526210e-03 2.452408203997361813e+00 1.470067931897981950e+01
2.109456631041619137e-03 2.448708961356024894e+00 1.304978294748524981e+01
2.365556948407834467e-03 2.443949745246378757e+00 1.156903240831814372e+01
2.652749335452055709e-03 2.437786619271010480e+00 1.023830518853720228e+01
2.974808550467453530e-03 2.429735776081633158e+00 9.039090821691635469e+00
3.335967629382603338e-03 2.419094865014760121e+00 7.954007516311328629e+00
3.740973523334755607e-03 2.404800581558414141e+00 6.966122362717103833e+00
4.195149490968450370e-03 2.385147978181271000e+00 6.057807169515927903e+00
4.704465065522464746e-03 2.357168805820258228e+00 5.208393339377978215e+00
5.275614516328503908e-03 2.314993583735748928e+00 4.388121369491676305e+00
5.916104835992671077e-03 2.244011983674381039e+00 3.536186124835131839e+00
6.634354409733082825e-03 2.069094083051290944e+00 2.351193435837712897e+00
7.439803663749564901e-03 2.386439683204202300e+00 3.397208504229542125e+00
8.343039146949695478e-03 3.272196594335960551e+00 6.877281490786457674e+00
9.355932676918846461e-03 3.270444814027285485e+00 6.103110241023178340e+00
1.049179737902116924e-02 3.268014918406354496e+00 5.407695781569720417e+00
1.176556266955599596e-02 3.264533340606176282e+00 4.781017505619300501e+00
1.319397048288825300e-02 3.259306599815405825e+00 4.213242464701693279e+00
1.479579532169504261e-02 3.250883800860094208e+00 3.693706932752774730e+00
1.659209102259343038e-02 3.235615141596058120e+00 3.207995230212898896e+00
1.860646748055223149e-02 3.200579130435775799e+00 2.724708110196383704e+00
2.086540096925858234e-02 3.016794343089886254e+00 2.007244822116444727e+00
2.339858213618395411e-02 3.527775966518882811e+00 2.560403414783875675e+00
2.623930624627728025e-02 3.663938100528076891e+00 2.127701771733765401e+00
2.942491080351472901e-02 3.312724928634702692e+00 1.706913218954712042e+00
3.299726630225360835e-02 3.361076355247089253e+00 1.670084695110259476e+00
3.700332655865806730e-02 3.044420051143509998e+00 1.752497758683347229e+00
4.149574585556423112e-02 3.242387505118445645e+00 1.812288466792091990e+00
4.653357101232526161e-02 3.293335515476568442e+00 1.601138713555219528e+00
5.218301747596516826e-02 3.448227635458478435e+00 1.531168079121021597e+00
5.851833963431760793e-02 3.348280563324979031e+00 1.328385950652718028e+00
6.562280679024704022e-02 3.490204399407008662e+00 1.279156308999538139e+00
7.358979762482302511e-02 3.397418773965266148e+00 1.387178673668658435e+00
8.252402753469639807e-02 3.243377992494972606e+00 1.326698012487538270e+00
9.254292497537910944e-02 3.138762660290338236e+00 1.063728672063587011e+00
1.037781749006120580e-01 3.240498225020189693e+00 1.197316871540347716e+00
1.163774495842587742e-01 3.605035768563563003e+00 1.358501771519415202e+00
1.305063495740549639e-01 3.439247055140004505e+00 1.217275726407965664e+00
1.463505802884442486e-01 3.118060745337053685e+00 9.936759595884349094e-01
1.641183928649432022e-01 3.352513545762502822e+00 1.131794280433901179e+00
1.840433213417097535e-01 3.307876424824284900e+00 1.101409221974023911e+00
2.063872521488913370e-01 3.452039958422769228e+00 1.107043944795885526e+00
2.314438662540945768e-01 3.436766845105275525e+00 9.862695538119138350e-01
2.595424992043578460e-01 3.046895455048762802e+00 8.804378401775047047e-01
2.910524697996932919e-01 2.924109350946929808e+00 7.446298581023735874e-01
3.263879342928012739e-01 2.964466372632063695e+00 7.329548283349743842e-01
3.660133299168940035e-01 3.056783425045559444e+00 7.269512766775629853e-01
4.104494792894916033e-01 2.820575378868648286e+00 5.901978033768655596e-01
4.602804359263824585e-01 2.536657157528772188e+00 5.791577497739609504e-01
5.161611608408359642e-01 2.373320255496882414e+00 5.557065636236856454e-01
5.788261311266575948e-01 2.329716549245551604e+00 5.223549355565336727e-01
6.490989936733495558e-01 2.486107150317637071e+00 5.548109035683169710e-01
7.279033908985022006e-01 2.644374508200103779e+00 5.875276328760118405e-01
8.162751007871295039e-01 2.650828110227148482e+00 5.842777230312169445e-01
9.153756508024661898e-01 2.445468255719058792e+00 5.245472075402383139e-01
1.026507584604803069e+00 2.389256627121743470e+00 4.959269912475329778e-01
1.151131582238879458e+00 2.327942085284457452e+00 4.882789919267258583e-01
1.290885658811707692e+00 2.230169004180373893e+00 4.952939522021545526e-01
1.447606694001670968e+00 2.198051237356488663e+00 4.551443988419974218e-01
1.623354575375379749e+00 2.030094692445189697e+00 3.966470294038791922e-01
1.820439272843772827e+00 2.090145948108080631e+00 3.779980698317358390e-01
2.041451200114826836e+00 2.044346345340360305e+00 3.850239419192976742e-01
2.289295262203408399e+00 1.951248481642720911e+00 3.698548796332915556e-01
2.567229036507062023e+00 1.830537437218918706e+00 3.290595341693011155e-01
2.878905589286710587e+00 1.807114788736874589e+00 4.013173413977036419e-01
3.228421490317411546e+00 1.886091637403132459e+00 4.022499179011595483e-01
3.620370656797282649e+00 1.717880582808750445e+00 3.801958592854167152e-01
4.059904734220477707e+00 1.568771913156468134e+00 3.758685103363216262e-01
4.552800807839709307e+00 1.442782308066879571e+00 3.691667863099212243e-01
5.105537334694575158e+00 1.330153185366595547e+00 3.562944815745408556e-01
5.725379294230242166e+00 1.292679477356648343e+00 4.005378424800650761e-01
6.420473676697019627e+00 9.693698701227080328e-01 5.269578052744630092e-01
7.199956564397639092e+00 8.574823742814868810e-01 5.872046979411074119e-01
8.074073213221421241e+00 7.891324626681939236e-01 6.338700945574146095e-01
9.054312712775871574e+00 5.174717579766416886e-01 5.439227698977072700e-01