1.059804705194755149e-03 3.355006275768270818e+00 2.042385502549067056e+01
1.186567321111128273e-03 3.352869431622223839e+00 1.820004582520262204e+01
1.328491938776690719e-03 3.350138062085517454e+00 1.620813690963378306e+01
1.487392076280987310e-03 3.346628141787629573e+00 1.442237704117738595e+01
1.665298165542985522e-03 3.342086529752868795e+00 1.281950098071349409e+01
1.864483497246314332e-03 3.336156617783925693e+00 1.137834654260623779e+01
2.087493269032917632e-03 3.328320566154573612e+00 1.007943695963748176e+01
2.337177108134014941e-03 3.317796422653414012e+00 8.904465389849475443e+00
2.616725484013784648e-03 3.303341198031764847e+00 7.835544122196161254e+00
2.929710476307879723e-03 3.282836818394157863e+00 6.853878189374063901e+00
3.280131418991035809e-03 3.252299181564753727e+00 5.936873972174543823e+00
3.672466004016658632e-03 3.202995004015509739e+00 5.050060391204992172e+00
4.111727497432610644e-03 3.109527020628636951e+00 4.113979796061925320e+00
4.603528799082862340e-03 2.755133057810170705e+00 2.505150507411764593e+00
5.154154164452292262e-03 4.029570870181377273e+00 6.163637409854129778e+00
5.770639505119068251e-03 4.038257861542591698e+00 5.378089759064656583e+00
6.460862293896772746e-03 4.054096099939990872e+00 4.615246344671135148e+00
7.233642223477582990e-03 4.101424221613338972e+00 3.690789350848447725e+00
8.098853904796400605e-03 4.019403361974012157e+00 3.634716310421814534e+00
9.067553045179877966e-03 3.871545814492994175e+00 3.354242454989961875e+00
1.015211771858945053e-02 3.929932669080415941e+00 3.319444896493594310e+00
1.136640653311483257e-02 4.064494098733285377e+00 3.438064817765313474e+00
1.272593571678817120e-02 4.333994017994222681e+00 2.790187313211406561e+00
1.424807738452800801e-02 3.295544642198600993e+00 2.401694891584332581e+00
1.595228151967551314e-02 3.731764857672962510e+00 2.708273623518191453e+00
1.786032450661137472e-02 3.719599713982466138e+00 2.235556798464509054e+00
1.999658739021248355e-02 3.733666326609897279e+00 1.669575489535206181e+00
2.238836741775811212e-02 3.787315280666170736e+00 1.833124785539922419e+00
2.506622684417987579e-02 3.771574005928794548e+00 2.387318530981068943e+00
2.806438345770193715e-02 3.950557394645094256e+00 2.391362630556887137e+00
3.142114781602278750e-02 4.193217205446874374e+00 3.251175032663975895e+00
3.517941278005890654e-02 4.268446671904389866e+00 2.780299347398059062e+00
3.938720160053094110e-02 3.495959318632990254e+00 2.131016692793259004e+00
4.409828156086320616e-02 4.147103905838257276e+00 2.534367547282319943e+00
4.937285101754865235e-02 3.155879774509711577e+00 1.913907354657405691e+00
5.527830861700676335e-02 3.009261862728259906e+00 1.460597988170844852e+00
6.189011451801630648e-02 3.594701741810899520e+00 1.755882897812280241e+00
6.929275462445549927e-02 3.314759449007726122e+00 1.459770823836229248e+00
7.758082014935163695e-02 3.349863435788449362e+00 1.516812563254844148e+00
8.686021630495019408e-02 3.460039976964983666e+00 1.527470871379606354e+00
9.724951556349055448e-02 3.303668600125370336e+00 1.209158610348431973e+00
1.088814727807051325e-01 3.375048965930945943e+00 1.333178902974077040e+00
1.219047215423468139e-01 3.595105773766190449e+00 1.462464206983060233e+00
1.364856734097242841e-01 3.205711955409520364e+00 1.329497971168333015e+00
1.528106443328766384e-01 2.889595756422780770e+00 1.188418356635655870e+00
1.710882354027731256e-01 3.025998808879186264e+00 1.087478668941712412e+00
1.915519983638804824e-01 3.024200845822769601e+00 9.719913561951121217e-01
2.144634199471165958e-01 2.910673663218600105e+00 8.269856657410455947e-01
2.401152631571090712e-01 2.650162197022438271e+00 7.120671744986936114e-01
2.688353082088529300e-01 2.674702614294942382e+00 7.031567551635152791e-01
3.009905409155959610e-01 2.810851459714301726e+00 8.271531671417502452e-01
3.369918420473300702e-01 2.742245868985581314e+00 7.676008605130730800e-01
3.772992375806860643e-01 2.614537683191138218e+00 6.772311545726550364e-01
4.224277769281237771e-01 2.441166643396693647e+00 6.212062960655265753e-01
4.729541142586480840e-01 2.705379879785787978e+00 7.696662748315739044e-01
5.295238770064178979e-01 2.598795186105997690e+00 7.052107127287469135e-01
5.928599157223228833e-01 2.465292092296078597e+00 5.999708954436437924e-01
6.637715406854445277e-01 2.525925556937987260e+00 6.255099788713259779e-01
7.431648633001670667e-01 2.609235601979955632e+00 6.130493481802707922e-01
8.320543744217008264e-01 2.508679203277129233e+00 5.828985651701823478e-01
9.315759075582930038e-01 2.459464941280486538e+00 5.301918596319742383e-01
1.043001152594412950e+00 2.354292665790523209e+00 5.000349282362734904e-01
1.167753905491809796e+00 2.329787895436064016e+00 4.722932941599357615e-01
1.307428261607732844e+00 2.077758540627058448e+00 4.360284838051000644e-01
1.463808985105216509e+00 2.117892205726243926e+00 4.552320617503777256e-01
1.638894314736518254e+00 2.219502095840105493e+00 4.404220070467941839e-01
1.834921497412873137e+00 2.115485048429047943e+00 4.425470932281473924e-01
2.054395375829463521e+00 1.958592282836685738e+00 3.815835150799401498e-01
2.300120395439361420e+00 1.736731372667420059e+00 3.900998759944427907e-01
2.575236439762750074e+00 1.725981750948335058e+00 3.569386984691315656e-01
2.883258951936353398e+00 1.686051891555114812e+00 3.533649391717510468e-01
3.228123855177736701e+00 1.667887921777939875e+00 3.569354611348032891e-01
3.614237846159857437e+00 1.512007055436586089e+00 3.519789073674603475e-01
4.046534703946489842e+00 1.423409808967021739e+00 3.246888879000970896e-01
4.530538334006219969e+00 1.458513865414810429e+00 3.580061207692366021e-01
5.072433352883779278e+00 1.179663046736368459e+00 3.297120393915744518e-01
5.679144115462293030e+00 1.152666150416770119e+00 4.407461147085200426e-01
6.358423194629792441e+00 8.010125492185473650e-01 3.809090889040904759e-01
7.118950443946445716e+00 7.160133255830285481e-01 4.531285833931328333e-01
7.970443909139022232e+00 5.359046966207994256e-01 5.036491953320424431e-01
