1.061668440621792511e-03 4.565782704797257452e+00 3.600892585935480383e+01
1.192611315002824711e-03 4.565847358435505043e+00 3.202019911724038792e+01
1.339704275131083002e-03 4.565931235474236516e+00 2.846472076575570753e+01
1.504939222214448074e-03 4.566040828423473918e+00 2.529418000660137267e+01
1.690553732343524386e-03 4.566185303588234490e+00 2.246540025023457687e+01
1.899061357265477250e-03 4.566377902233367259e+00 1.993971223830520501e+01
2.133285662360809819e-03 4.566638273157901828e+00 1.768236136729984054e+01
2.396398462758046397e-03 4.566996509920842051e+00 1.566191984490909306e+01
2.691962775371545616e-03 4.567500468916295908e+00 1.384965243650207789e+01
3.023981068509697286e-03 4.568229808091677668e+00 1.221873235601682595e+01
3.396949462439327085e-03 4.569324941437815646e+00 1.074306711944807446e+01
3.815918614878666820e-03 4.571052877318784624e+00 9.395084249873615789e+00
4.286562115917139440e-03 4.573979735675944625e+00 8.140330514048194743e+00
4.815253318551260264e-03 4.579542353159208545e+00 6.919245597978378015e+00
5.409151645259195965e-03 4.593281899434408899e+00 5.531939969978766136e+00
6.076299539359068108e-03 4.592949956759139418e+00 4.804364974002846900e+00
6.825731374045445471e-03 4.440475391812893413e+00 7.077151320644295751e+00
7.667595793926701431e-03 4.422651650571645554e+00 6.179828470431508514e+00
8.613293145786050931e-03 4.393076398983302155e+00 5.342973920298770274e+00
9.675629859624047119e-03 4.336249368523868775e+00 4.524702784713615422e+00
1.086899187057738074e-02 4.171586318216706779e+00 3.555519486050371825e+00
1.220953943015627013e-02 4.308966048076372957e+00 3.333994556077437110e+00
1.371542594489232048e-02 4.774859657014122405e+00 3.642847391825114745e+00
1.540704380586268955e-02 4.783648691319091206e+00 2.798772648368951010e+00
1.730730053806108296e-02 5.796222568501493200e+00 3.614338778574715416e+00
1.944192900917095235e-02 5.744663538554612536e+00 4.162142002926856321e+00
2.183983589852128010e-02 4.598933643629897539e+00 3.752274254777515416e+00
2.453349314511657497e-02 3.913000282387024686e+00 3.038892767572495934e+00
2.755937767564611840e-02 3.920672504899485489e+00 2.559607950437167379e+00
3.095846536717438563e-02 3.876132693876212176e+00 2.139483801907293703e+00
3.477678593364920412e-02 3.723442189585223439e+00 1.821823752737935731e+00
3.906604625038126444e-02 4.009212687991484891e+00 2.070924381012895221e+00
4.388433055742094191e-02 4.341527415522457467e+00 2.295712129389786860e+00
4.929688702383577814e-02 4.049351864282847657e+00 1.814011013527049299e+00
5.537701132437303220e-02 3.945645656751898489e+00 1.839636266328927849e+00
6.220703919371187857e-02 4.083728848517632848e+00 1.764250995573417580e+00
6.987946139926173861e-02 3.968549165444291926e+00 1.527793537612707198e+00
7.849817623122815058e-02 3.859375756510255773e+00 1.362381313104662706e+00
8.817989647089712058e-02 3.961359318758947534e+00 1.337152890907513658e+00
9.905572988999974959e-02 3.897837089668986454e+00 1.242227088137814350e+00
1.112729546839392736e-01 3.859446175334436013e+00 1.059999165915075370e+00
1.249970138814150977e-01 3.637236064235334521e+00 1.054001698469296366e+00
1.404137557383099422e-01 3.632005505089890285e+00 1.005441185230089518e+00
1.577319504547715634e-01 3.689256367402318215e+00 9.678397952084313305e-01
1.771861172963306585e-01 3.642486684629192339e+00 1.020870398348562968e+00
1.990397004033201411e-01 3.627759380879010287e+00 9.724361331771532724e-01
2.235886362947231976e-01 3.252359565376305994e+00 8.120281863225108365e-01
2.511653613768205506e-01 3.257391145402549260e+00 7.792719456671378664e-01
2.821433137254554246e-01 3.472388718344904035e+00 7.758402643409786359e-01
3.169419901040833598e-01 3.167367950815453970e+00 6.569337866145045224e-01
3.560326266986562072e-01 3.079902436476848138e+00 6.473676585870807854e-01
3.999445804966299534e-01 3.003952071703493321e+00 6.133084659945166051e-01
4.492724977253580443e-01 2.887879434842040016e+00 5.572681490202083809e-01
5.046843664233191529e-01 3.121878363648583399e+00 5.737361326995563671e-01
5.669305621903659720e-01 2.961182891717644594e+00 5.255125286860878875e-01
6.368540096125980821e-01 2.885888304790396930e+00 5.374482010415386757e-01
7.154015969656879470e-01 2.864605145235802119e+00 4.812823956337622389e-01
8.036369987721156960e-01 2.941627318269115055e+00 4.789932042766567588e-01
9.027550798526229325e-01 2.722055080870738664e+00 4.198302378708860250e-01
1.014098075928449028e+00 2.549390968499831711e+00 3.911558732425635121e-01
1.139173769888583987e+00 2.546388137526734763e+00 4.143245847889861500e-01
1.279675909861138772e+00 2.611851338057767258e+00 4.315704689789874871e-01
1.437507145585958046e+00 2.582409385008225033e+00 4.033648894823455566e-01
1.614804793687898199e+00 2.464694286117721234e+00 4.165291898755633104e-01
1.813969780758554418e+00 2.440870474488244124e+00 4.267380484019576703e-01
2.037699156187424254e+00 2.444141809286710210e+00 4.197392828556474331e-01
2.289022615024264518e+00 2.397577723191685273e+00 4.397661277047977268e-01
2.571343525457391976e+00 2.301101544793808351e+00 4.208979647233415111e-01
2.888485016493191448e+00 2.164101330965369829e+00 3.733396590274071225e-01
3.244741749946286724e+00 2.204989691239712002e+00 3.635967100590209444e-01
3.644938077825512490e+00 2.151811712693823875e+00 3.812661634559078583e-01
4.094493372670497067e+00 1.921060733342371929e+00 3.658335801783594299e-01
4.599495415528203957e+00 1.910335045394385478e+00 4.010942673207625875e-01
5.166782835373619598e+00 1.966122902819438467e+00 5.320103105070634886e-01
5.804037716351489351e+00 1.660188714469882143e+00 4.327869529849264207e-01
6.519889626906417490e+00 1.498103502755017802e+00 5.052117577786023883e-01
7.324032479541452645e+00 1.423543365428963536e+00 5.840770484428553511e-01
8.227355803694816672e+00 1.143056450771755772e+00 5.748937167871775999e-01
9.242092209403844905e+00 7.197106026909632082e-01 4.999576032369867362e-01
1.038198303867734040e+01 7.002498056568279283e-01 3.736444130133415031e-01