1.061308269001148353e-03 5.535420517124342688e+00 4.646908929451640091e+01
1.191442214699279210e-03 5.538323391958316577e+00 4.135742968587778989e+01
1.337532734295493984e-03 5.542019950850859189e+00 3.679914940897197795e+01
1.501536367639552845e-03 5.546740558350394146e+00 3.273297088231672092e+01
1.685649558724058774e-03 5.552790987115569621e+00 2.910409428385218078e+01
1.892338071899901750e-03 5.560582768569869216e+00 2.586340095768027680e+01
2.124370015006208506e-03 5.570679701670576023e+00 2.296669102063517443e+01
2.384852911682156656e-03 5.583872122478544142e+00 2.037390960023541098e+01
2.677275319357319897e-03 5.601301650993071313e+00 1.804827723286193475e+01
3.005553550295907584e-03 5.624684436970822432e+00 1.595514393847091306e+01
3.374084121413703161e-03 5.656745037453295488e+00 1.406012319236686103e+01
3.787802635309972001e-03 5.702160870666883596e+00 1.232522232597178657e+01
4.252249881087657307e-03 5.769998423396816456e+00 1.069833415531018872e+01
4.773646040227302705e-03 5.882184822853090189e+00 9.071837120031634782e+00
5.358973991328346183e-03 6.148293348475116993e+00 6.828826411559747456e+00
6.016072829389377402e-03 5.593315528256257885e+00 7.880102189516790645e+00
6.753742852098783972e-03 3.581176521576282301e+00 6.983687792444498221e+00
7.581863419180894306e-03 3.569697573442180971e+00 6.145495442444820711e+00
8.511525263247110562e-03 3.553408195511948531e+00 5.382180125075049837e+00
9.555179024145557531e-03 3.529156098327331126e+00 4.677600883592905490e+00
1.072680199607844824e-02 3.489981622679267037e+00 4.008552344712309257e+00
1.204208532067371426e-02 3.414689857666175055e+00 3.321410440093987670e+00
1.351864413302300040e-02 3.202628437811458451e+00 2.396809816559448691e+00
1.517625347509933900e-02 3.619446459171633101e+00 3.081306105157977981e+00
1.703711313606134231e-02 3.636135310591247283e+00 2.683153280746538805e+00
1.912614496635863665e-02 4.303469198531640671e+00 3.260267094979317548e+00
2.147132664746358166e-02 4.328154165281623555e+00 2.679014522102110885e+00
2.410406638729202522e-02 4.037728430269758029e+00 2.239632059856829560e+00
2.705962355947930109e-02 4.488765696556821894e+00 2.355617561902626722e+00
3.037758091998803492e-02 3.889384220679857673e+00 2.157215283690920860e+00
3.410237472528158953e-02 4.491048585815016203e+00 3.361249245345728998e+00
3.828388985175263520e-02 4.753446102149585073e+00 2.861873477428957813e+00
4.297812788663579742e-02 4.421283326461458607e+00 2.556974575720369902e+00
4.824795713791504154e-02 3.334999032854921275e+00 1.822637328700181580e+00
5.416395460784938221e-02 3.427574725745912598e+00 1.651760884825730802e+00
6.080535120637741570e-02 3.589713973616636356e+00 1.894444284318384630e+00
6.826109286331719095e-02 3.664961122256104709e+00 1.843826705138827515e+00
7.663103175047041027e-02 3.694711427193594133e+00 1.576865503249444078e+00
8.602726356725716450e-02 3.731150277761812628e+00 1.442528335024728214e+00
9.657562879968534242e-02 3.809278503557788742e+00 1.230106050612804980e+00
1.084173980584976493e-01 3.646775880158906968e+00 1.290130015980686329e+00
1.217111640676475509e-01 3.502188855912145904e+00 1.267980102603927239e+00
1.366349656418520131e-01 3.480840104985369443e+00 1.231322059957566051e+00
1.533886720989186547e-01 3.559704310669533189e+00 1.038717897212049657e+00
1.721966600404575276e-01 3.471674574907253064e+00 1.019658415100172633e+00
1.933108183501768274e-01 3.150469659763383223e+00 9.121576672232439842e-01
2.170139216546663752e-01 3.420015708163709256e+00 9.389704847844448921e-01
2.436234174262632002e-01 3.122727948066998049e+00 7.753936219535317864e-01
2.734956774473599195e-01 3.084374866423709172e+00 7.620547203961889338e-01
3.070307705745479732e-01 3.064026753845177975e+00 7.285287241139623005e-01
3.446778207225764667e-01 3.189286581710040203e+00 6.773993089150730507e-01
3.869410218257550715e-01 3.151726599250588734e+00 6.545375537389981346e-01
4.343863903331002252e-01 3.028468354110050331e+00 6.732637468831319527e-01
4.876493456710592755e-01 2.777734340202999253e+00 5.789183320002668776e-01
5.474432201963297384e-01 2.671563064007423716e+00 5.349631611174805457e-01
6.145688126096326975e-01 2.739257613072540121e+00 5.424596683568999600e-01
6.899251127760079871e-01 2.657300798226014393e+00 5.227722031966481886e-01
7.745213415854461658e-01 2.660356473831956059e+00 4.976649644192606137e-01
8.694904670995478035e-01 2.439859300667806874e+00 4.784979359444699321e-01
9.761043780012941262e-01 2.529410739376976469e+00 4.704171593850147715e-01
1.095790917560698130e+00 2.659164269334665320e+00 4.842193495948861615e-01
1.230153006246350822e+00 2.477734960779867990e+00 4.632885613765429511e-01
1.380990109085395989e+00 2.429123094557296803e+00 4.241709721740625771e-01
1.550322335276860919e+00 2.465077662573539552e+00 4.108241378209754324e-01
1.740417492816145550e+00 2.503370905027549664e+00 4.238290628400956939e-01
1.953821460463898374e+00 2.460095916251289427e+00 4.028826236409857597e-01
2.193392283820572608e+00 2.291018622447307251e+00 3.806408052979896595e-01
2.462338452143601586e+00 1.980994264976031483e+00 3.706476530397189162e-01
2.764261868535383915e+00 2.063279962085851071e+00 3.643611320445030999e-01
3.103206088986952160e+00 1.946651509976868200e+00 3.374592480367921143e-01
3.483710476326179695e+00 1.864880965741726904e+00 3.547763742264181119e-01
3.910870994335627238e+00 1.782980222116863800e+00 3.472729199848043624e-01
4.390408456234661472e+00 1.710864516900859611e+00 3.519473883215975540e-01
4.928745141554163212e+00 1.482593579236412218e+00 3.487058845945472108e-01
5.533090807507173636e+00 1.499099302558752678e+00 3.435724639633251920e-01
6.211539246776035306e+00 1.309781010565716830e+00 3.357735078752434599e-01
6.973176684881106091e+00 1.125316788320976924e+00 3.669334497808363071e-01
7.828203468859559422e+00 8.982691823443447188e-01 4.877495620914542585e-01
8.788070676988686714e+00 8.774873144642575395e-01 4.984616648566515540e-01
9.865633479120532456e+00 3.405206238743316849e-01 3.254113635343174882e-01