2.214576368124211214e+01 1.299391899314283094e+01
2.540809654956992247e+01 1.299337051502107165e+01
2.915100962714048904e+01 1.299264728720052986e+01
3.344529806173226660e+01 1.299169309901587077e+01
3.837218596355828026e+01 1.299043325478900357e+01
4.402486271475722646e+01 1.298876818201397398e+01
5.051024559543991188e+01 1.298656457655865459e+01
5.795100206539567722e+01 1.298364291454649333e+01
6.648786995180799408e+01 1.297975937397944080e+01
7.628231942805756205e+01 1.297457854456385284e+01
8.751960713348091758e+01 1.296762878529396090e+01
1.004122802010857782e+02 1.295821184854364461e+01
1.152041964699841401e+02 1.294485746522394010e+01
1.321751369226568897e+02 1.292898377668432452e+01
1.516460975887704876e+02 1.290549629833584078e+01
1.739853610090032703e+02 1.287000512086278903e+01
1.996154620972903615e+02 1.280939009911063842e+01
2.290211801569490149e+02 1.275183203128352716e+01
2.627587082152875837e+02 1.268255083769649083e+01
3.014661731096302333e+02 1.252046708629571370e+01
3.458757053064167621e+02 1.176101321017187296e+01
3.968272867473824022e+02 1.411246507293671826e+01
4.552846386472344307e+02 1.403196221005764421e+01
5.223534497518020316e+02 1.362089534750967879e+01
5.993022898341660039e+02 1.486972668378585638e+01
6.875866039960725402e+02 1.478099475437865173e+01
7.888762416136842148e+02 1.522660303286576067e+01
9.050870406225752731e+02 1.543675683563650836e+01
1.038417064541396485e+03 1.553594723429299052e+01
1.191388177637636090e+03 1.552772473275638454e+01
1.366893744606931705e+03 1.548513756716015521e+01
1.568253356979204455e+03 1.569652358079600418e+01
1.799275621371566785e+03 1.569373756392475983e+01
2.064330197193364256e+03 1.563107343390652559e+01
2.368430446357036089e+03 1.556958017771244229e+01
2.717328258268731133e+03 1.627372631127266445e+01
3.117622843661364641e+03 1.622686227405967330e+01
3.576885555045793353e+03 1.647685418324965312e+01
4.103803094690485523e+03 1.643396700685338629e+01
4.708341818830038392e+03 1.668669981056153162e+01
5.401936245826562299e+03 1.704687052178030271e+01
6.197705333812373283e+03 1.720929485552696647e+01
7.110700618586975907e+03 1.722130043098673724e+01
8.158190905160559851e+03 1.740707824331751041e+01
9.359988897728388110e+03 1.778208055911794006e+01
1.073882594610287197e+04 1.792468160251896592e+01
1.232078199672654227e+04 1.803679225431205424e+01
1.413577888055349467e+04 1.817219203899835733e+01
1.621814626806899651e+04 1.826088734474165420e+01
1.860727099617599742e+04 1.839828884839832668e+01
2.134834204861048056e+04 1.857573897254000883e+01
2.449320528078150164e+04 1.895883367053047053e+01
2.810134405568746297e+04 1.934670145441355871e+01
3.224100433909906496e+04 1.961672329273049087e+01
3.699048553456726222e+04 1.977371763402427973e+01
4.243962147369214654e+04 2.011121981335393016e+01
4.869147957377151033e+04 2.029403786386209774e+01
5.586431030146386183e+04 2.056101333985399293e+01
6.409378381550199265e+04 2.079366744936936939e+01
7.353555609332669701e+04 2.104612604486398553e+01
8.436821307851889287e+04 2.123116183878149599e+01
9.679664853596340981e+04 2.152966875030864458e+01
1.110559395050223247e+05 2.199830422755089998e+01
1.274157926527886884e+05 2.236059047091933039e+01
1.461856456277536636e+05 2.256680633330019958e+01
1.677205199031931406e+05 2.290064875977172321e+01
1.924277358135963732e+05 2.354838022813149934e+01
2.207746167953672411e+05 2.389613770646077029e+01
2.532973285532851296e+05 2.439027442157747316e+01
2.906110203407097142e+05 2.520094377009126774e+01
3.334214601702836808e+05 2.561191164696737133e+01
3.825383840287594358e+05 2.613266533721125739e+01
4.388908115890283370e+05 2.649427565923964778e+01
5.035446181076412904e+05 2.697038758787466861e+01
5.777226948706277180e+05 2.745954561498864877e+01
6.628280795113823842e+05 2.797235111348791747e+01
7.604704936979000922e+05 2.891396956676382857e+01
8.724967901351510081e+05 3.021580350904832102e+01
1.001025884770950302e+06 3.118650317178661879e+01
1.148488834928830620e+06 3.351286106371463802e+01
