2.215024602522268182e+01 1.362263606706292940e+01
2.542286613417356733e+01 1.362207601955153002e+01
2.917900423047835901e+01 1.362133386296149240e+01
3.349009837792433331e+01 1.362034845531239924e+01
3.843814136027023665e+01 1.361903661834979573e+01
4.411724010360134685e+01 1.361728397406608337e+01
5.063540549779397537e+01 1.361493093654368280e+01
5.811660665773896284e+01 1.361175036579986752e+01
6.670312869435790049e+01 1.360740992181517939e+01
7.655827883790576038e+01 1.360140399832171454e+01
8.786949238137161444e+01 1.359291853497025215e+01
1.008518975159750966e+02 1.358052492405425582e+01
1.157524068584357337e+02 1.356133240193817535e+01
1.328544134868507456e+02 1.352750398507773966e+01
1.524831807991800190e+02 1.344229648353300099e+01
1.750120287041627307e+02 1.329509999969412171e+01
2.008694337999498600e+02 1.370811528067126517e+01
2.305471785788899979e+02 1.370122134453264984e+01
2.646097046483528743e+02 1.363717235144484974e+01
3.037048478566796916e+02 1.359928471514972159e+01
3.485761594958308365e+02 1.370191826774441779e+01
4.000770479179248014e+02 1.368015857204668961e+01
4.591870095253486284e+02 1.364360095858872768e+01
5.270302578319581244e+02 1.343354815121071688e+01
6.048971049018471149e+02 1.355284655255938731e+01
6.942685018196859801e+02 1.374478692460972340e+01
7.968442049283137294e+02 1.396407405717665284e+01
9.145751035278093468e+02 1.426139163382271846e+01
1.049700323877177652e+03 1.439964599834991255e+01
1.204789815180386540e+03 1.461991714937847853e+01
1.382793227500448893e+03 1.458167301950835437e+01
1.587096011211563791e+03 1.514566997468970300e+01
1.821583804945876636e+03 1.514744774523085624e+01
2.090716336630485785e+03 1.518678405275746002e+01
2.399612243139959901e+03 1.524518028273995185e+01
2.754146421750989703e+03 1.546133214665118771e+01
3.161061764928392677e+03 1.565705504502919787e+01
3.628097403528548057e+03 1.584274307229163448e+01
4.164135897480246058e+03 1.589303719003908277e+01
4.779372173365406525e+03 1.617935425086063006e+01
5.485507421926768075e+03 1.601510353555661936e+01
6.295971643243076869e+03 1.631682723299173432e+01
7.226179072162804005e+03 1.702828253402610414e+01
8.293821341937651596e+03 1.719402517442522083e+01
9.519203961740771774e+03 1.765548948805314922e+01
1.092563250754219735e+04 1.780141035030503716e+01
1.253985587131318971e+04 1.778146689468285047e+01
1.439257499872489643e+04 1.793857302072363780e+01
1.651902679103348055e+04 1.819416560752462786e+01
1.895965427639302652e+04 1.853759125683689035e+01
2.176087579659763651e+04 1.859193735522334379e+01
2.497596783843024605e+04 1.903002639701695387e+01
2.866607830020491383e+04 1.921917554013363016e+01
3.290138946483871405e+04 1.946508444874078236e+01
3.776245279806070175e+04 1.982869613356417560e+01
4.334172095831125625e+04 2.000185956651864672e+01
4.974530615565812332e+04 2.014552576569399633e+01
5.709499830199121789e+04 2.044283418155875864e+01
6.553058133573467785e+04 2.070953021252126192e+01
7.521249177530105226e+04 2.086384299294544320e+01
8.632487006436695810e+04 2.103300011865054131e+01
9.907906274256670440e+04 2.158782605634323559e+01
1.137176420494559279e+05 2.202716247596264054e+01
1.305190194106713170e+05 2.242354057657660249e+01
1.498027405502705951e+05 2.287418795469616128e+01
1.719355629370973038e+05 2.332645777467710957e+01
1.973384311522407515e+05 2.379309138765612630e+01
2.264944828422421997e+05 2.429455079388337069e+01
2.599582375234274077e+05 2.478770902403473642e+01
2.983661429994137725e+05 2.513632368240123682e+01
3.424486799743128940e+05 2.562944864098553666e+01
3.930442550795040443e+05 2.604985254539245787e+01
4.511151465457255836e+05 2.637417710161704321e+01
5.177658057915309328e+05 2.670298354576343769e+01
5.942638630063820165e+05 2.749010007630307229e+01
6.820642362339727115e+05 2.767574616057362746e+01
7.828368024869055953e+05 2.750622906590195171e+01
8.984981571701969951e+05 3.001497430137509070e+01
1.031248065846705576e+06 3.181249163224148901e+01
1.183611301621317398e+06 3.444957079423139135e+01
