1.072417517677783875e-03 7.447825744815339988e+00 1.383888852624619403e+02
1.227741146766575964e-03 7.447816526923281444e+00 1.208748078163354194e+02
1.405561079165998459e-03 7.447804423739311730e+00 1.055755560277496556e+02
1.609135567761415826e-03 7.447788523241031022e+00 9.221079515977079666e+01
1.842194774610043332e-03 7.447767618757099584e+00 8.053563601624634316e+01
2.109009119922530904e-03 7.447740109183274448e+00 7.033614736390670430e+01
2.414467530371725706e-03 7.447703862131059616e+00 6.142543540914773104e+01
2.764167020497986654e-03 7.447656024081528159e+00 5.364021838617465932e+01
3.164515248640507178e-03 7.447592753057798554e+00 4.683783332899135843e+01
3.622847926560588891e-03 7.447508835666780236e+00 4.089361993013673668e+01
4.147563234091837005e-03 7.447397127285267260e+00 3.569863315477346077e+01
4.748275701740981881e-03 7.447247714386524997e+00 3.115764206647980572e+01
5.435992380880621047e-03 7.447046627439989130e+00 2.718737717286317945e+01
6.223314529558062955e-03 7.446773803822195781e+00 2.371499247979870972e+01
7.124668509475423454e-03 7.446399755222726569e+00 2.067671118059140412e+01
8.156570124942001329e-03 7.445879909915420036e+00 1.801662506347446069e+01
9.337927247368142669e-03 7.445144594133266125e+00 1.568561625387187952e+01
1.069038627038842657e-02 7.444080397214997369e+00 1.364036334086015323e+01
1.223872874382481851e-02 7.442493392533097385e+00 1.184237601649835447e+01
1.401132545414389245e-02 7.440030935051249017e+00 1.025695581418989555e+01
1.604065627167319125e-02 7.435998251816434923e+00 8.851851386291311741e+00
1.836390528990748672e-02 7.428865132947767513e+00 7.594964969960564360e+00
2.102364216183753853e-02 7.414630937780245290e+00 6.448821510965400350e+00
2.406860211765008556e-02 7.378940959819529688e+00 5.349736540888782699e+00
2.755457895631903756e-02 7.142108712777121227e+00 3.917820886407153314e+00
3.154544737366529739e-02 7.922924800538728718e+00 4.252132577816033709e+00
3.611433335933731531e-02 7.837268817585955283e+00 4.529492614768448000e+00
4.134495410827969397e-02 7.774871152181287215e+00 4.048835947790421663e+00
4.733315199832671683e-02 7.799626609773469887e+00 3.923502689461304094e+00
5.418865074149484956e-02 7.303072802353887560e+00 3.727748964096020856e+00
6.203706588750979023e-02 7.535915187182907538e+00 3.166677722519713356e+00
7.102220651868296208e-02 6.415530109032590467e+00 2.496661843553226845e+00
8.130871031084684064e-02 6.969605637293283529e+00 2.679984805737501308e+00
9.308506024343396468e-02 7.043602476278666202e+00 2.240743058361142293e+00
1.065670382348668788e-01 7.441232187280061083e+00 2.163852718164385625e+00
1.220016789853519829e-01 7.133149998244917356e+00 1.969743429297299286e+00
1.396717964746340690e-01 6.829628221806561150e+00 1.876411576327652542e+00
1.599011660552134562e-01 6.835479137691553575e+00 1.642581231588697399e+00
1.830604570942169218e-01 7.393014516522999457e+00 1.803693698468842976e+00
2.095740248696641994e-01 7.450841528665184121e+00 1.583755686021576237e+00
2.399276861712706932e-01 6.948732666384925594e+00 1.537202862321772834e+00
2.746776210806662899e-01 6.938033657816612632e+00 1.353836193298653345e+00
3.144605640412678205e-01 7.167762165070046265e+00 1.270423824664490331e+00
3.600054709521166574e-01 6.716101725233705189e+00 1.116587830095400191e+00
4.121468760656643027e-01 6.282570201919118524e+00 1.063108552908166526e+00
4.718401834323215915e-01 6.111270655322070589e+00 9.790497950671610550e-01
5.401791730819195392e-01 6.196110950447377697e+00 9.287685480831110452e-01
6.184160427135807492e-01 6.510229554150528841e+00 9.180434213730342963e-01
7.079843521244528759e-01 6.069044134807621838e+00 7.882264820862179278e-01
8.105252907955872166e-01 6.065628869110001098e+00 7.901414331834515359e-01
9.279177499445480093e-01 6.164718074878694942e+00 7.845573107163944515e-01
1.062312750064825506e+00 6.186262599141737262e+00 7.123109723892362410e-01
1.216172854779135060e+00 5.688019350843787514e+00 6.225840218773552870e-01
1.392317293199552886e+00 5.684665746281302390e+00 6.055128439907928595e-01
1.593973617586278646e+00 5.420236037886332348e+00 5.686458375907302853e-01
1.824836842845229734e+00 5.484135435033036465e+00 5.782757221148840943e-01
2.089137151496861300e+00 5.440511275851555695e+00 5.314198369282843171e-01
2.391717404696539262e+00 5.110737950248953609e+00 5.356007940901806874e-01
2.738121879566291383e+00 5.003492793135674965e+00 5.237166083493773883e-01
3.134697858801130277e+00 4.967792214250255967e+00 4.975286323331932214e-01
3.588711934009614524e+00 4.671378166352619488e+00 4.812772885204714690e-01
4.108483153852845682e+00 4.456021765875383345e+00 4.596960767315299012e-01
4.703535456698877404e+00 4.278606378826795620e+00 4.742527052089047790e-01
5.384772180866026048e+00 4.121965341729132426e+00 4.452884150963516974e-01
6.164675850063434659e+00 4.015251243820596727e+00 4.393286884254203328e-01
7.057536894762987956e+00 3.845335778698163676e+00 4.384181270274759568e-01
8.079715500439210274e+00 3.611234318833898005e+00 4.712799629106629862e-01
9.249941380608252217e+00 3.293702732955370749e+00 4.876149880569244921e-01
1.058965696750558294e+01 3.104722645867203923e+00 4.833462638432620140e-01
1.212341030879758819e+01 2.832463025377815136e+00 4.587403626420125113e-01
1.387930486950234510e+01 2.526252744805717487e+00 4.010148447409725980e-01
1.588951448098741892e+01 2.479701410592495492e+00 4.224147874690792337e-01
1.819087287262404118e+01 2.175724714601677601e+00 4.148126109673096473e-01
2.082554858827918309e+01 2.193947540107064498e+00 4.887612101669827069e-01
2.384181765436169798e+01 1.795872753379827103e+00 4.497325983818650785e-01
2.729494815727220214e+01 1.609165897835872272e+00 4.036214852434577005e-01
3.124821293865910832e+01 1.556351040811571274e+00 4.382088392695852597e-01
3.577404896442811832e+01 1.259965023075841462e+00 4.537579784776324954e-01
4.095538461100287009e+01 1.009490105505300495e+00 4.196159469779203732e-01
4.688715918913835878e+01 8.257202480088978724e-01 4.664952895231230245e-01
