1.071642644432731391e-03 7.539586631980297327e+00 9.856717382072496036e+01
1.225193270300823246e-03 7.539307103202146365e+00 8.619995450723368435e+01
1.400745441951897503e-03 7.538940966346854289e+00 7.538065956789165512e+01
1.601451657228955333e-03 7.538461076735264221e+00 6.591498980613391723e+01
1.830916120539081027e-03 7.537831558710152535e+00 5.763294860237422768e+01
2.093259465758954933e-03 7.537004835766744293e+00 5.038578645387710253e+01
2.393192752980590789e-03 7.535917532879872205e+00 4.404332560599141999e+01
2.736102067902148119e-03 7.534484737117282727e+00 3.849161590485313411e+01
3.128145243066897049e-03 7.532591806858408567e+00 3.363087842746686107e+01
3.576362437832859842e-03 7.530082408303607977e+00 2.937369770788343715e+01
4.088802562825330500e-03 7.526740537005508713e+00 2.564342621857213089e+01
4.674667819153602126e-03 7.522262544923920657e+00 2.237276553065064988e+01
5.344478947971107591e-03 7.516211736168965984e+00 1.950248573103779037e+01
6.110264157866531279e-03 7.507940760147610249e+00 1.698023449589238965e+01
6.985775122770720297e-03 7.496450216340178052e+00 1.475936006411730439e+01
7.986733929186090250e-03 7.480109408787925851e+00 1.279760062805589094e+01
9.131115407321109545e-03 7.456043515369486840e+00 1.105528613672570692e+01
1.043946991612298633e-02 7.418577783574954232e+00 9.492002802835688868e+00
1.193529237865698089e-02 7.354316618403307082e+00 8.057660756627306853e+00
1.364544419482660413e-02 7.219006701426237349e+00 6.653484149817161075e+00
1.560063560797988330e-02 6.581926775057223900e+00 4.563142974902236304e+00
1.783597718755410358e-02 8.253962249116078453e+00 6.506595090571189566e+00
2.039161033107059207e-02 8.437541225669393796e+00 5.313187781140242372e+00
2.331342810778999630e-02 7.649724872336094883e+00 4.230525130744925200e+00
2.665389938865888458e-02 7.880704071409132538e+00 4.414465375028647998e+00
3.047301106195385648e-02 7.984740792792024422e+00 3.753791098983671581e+00
3.483934525456634790e-02 8.061644534585738597e+00 3.836163519472953531e+00
3.983131090325046919e-02 8.799268215540072546e+00 4.092119638144428251e+00
4.553855179191276803e-02 9.263795684924767571e+00 3.710396824737700605e+00
5.206355633993182963e-02 8.389127798001425163e+00 3.281764682347588558e+00
5.952349804946226175e-02 9.296223396389358129e+00 3.806730473688448857e+00
6.805233966176225946e-02 7.949074585041297603e+00 3.238388952739197801e+00
7.780323880816844562e-02 8.108122368132571367e+00 2.998849847321718887e+00
8.895129835546543295e-02 8.238489252788628647e+00 2.469981740786810320e+00
1.016967108352862387e-01 8.179075092880896847e+00 2.204142459528819931e+00
1.162683534239876415e-01 8.382753428301885634e+00 2.263137895889288043e+00
1.329278980302553981e-01 7.400084735444979245e+00 2.030578257031807610e+00
1.519745102977994033e-01 7.208753031019733193e+00 2.028933044007114717e+00
1.737502219060068631e-01 7.323646010662612227e+00 1.693224292968892764e+00
1.986460726422472900e-01 7.182656913684875910e+00 1.634267429859839416e+00
2.271091325427813667e-01 7.343077661942317924e+00 1.653615286584601440e+00
2.596505302031584250e-01 7.847458316238116183e+00 1.559265397385216856e+00
2.968546314273884934e-01 7.368752827767220737e+00 1.449836981039421158e+00
3.393895330425122925e-01 7.139731033688450523e+00 1.306295108499808677e+00
3.880190603224230594e-01 6.723876091591304949e+00 1.117038613518465784e+00
4.436164834660268341e-01 6.493841850843128150e+00 9.656033887434321006e-01
5.071801994449371964e-01 6.812842228403396483e+00 1.004851396407449249e+00
5.798516608292478836e-01 6.755710307880590015e+00 9.353084685655969066e-01
6.629358735502852706e-01 6.336029869165400896e+00 8.743640564410685156e-01
7.579248316912160499e-01 6.310781352544718281e+00 8.195406246103329462e-01
8.665243101383990343e-01 6.473707317194773658e+00 7.728185148241677460e-01
9.906844962255252351e-01 6.108071748830469438e+00 7.105804153388937117e-01
1.132635010441734869e+00 5.780965868852102396e+00 6.388534685333402408e-01
1.294924945092015278e+00 5.796359329147278139e+00 6.507760615196650500e-01
1.480468639908617767e+00 5.381833867992258824e+00 6.199621621155416706e-01
1.692598016634182523e+00 5.398163119035589652e+00 5.920446577696673041e-01
1.935122412380720469e+00 5.471354076637717334e+00 5.734074117404818205e-01
2.212396986228722717e+00 5.369428397755704907e+00 5.422026164499258449e-01
2.529400927485585093e+00 5.240530897517043485e+00 5.083711082173955065e-01
2.891826870036927843e+00 4.879351076772832307e+00 4.724266119396418051e-01
3.306183118459075754e+00 4.868769392372995775e+00 4.980260297023820226e-01
3.779910521629600062e+00 4.538812780591881868e+00 4.642483390011515332e-01
4.321516092606898951e+00 4.409178499814912833e+00 4.646360795608640015e-01
4.940725774272823223e+00 4.174129051060514684e+00 4.758292007253948630e-01
5.648659094044541362e+00 4.082033151354296230e+00 4.696471205412270367e-01
6.458028844037235316e+00 3.792569486094139020e+00 4.603588047594323607e-01
7.383369372456599855e+00 3.558102738093571471e+00 4.656951879408361972e-01
8.441297585789452995e+00 3.385795025530828894e+00 4.255372850151918351e-01
9.650811348768630893e+00 3.088013190126619456e+00 4.269069822497680300e-01
1.103363064066302890e+01 2.714229706854121904e+00 3.957385391218088966e-01
1.261458759424525056e+01 2.556631544258662903e+00 4.375966395191275282e-01
1.442207242160536040e+01 2.272788533625152763e+00 4.173320777179548302e-01
1.648854323457370796e+01 1.895538386179445700e+00 3.704280655208749273e-01
1.885110891491027019e+01 1.777414930885125699e+00 3.834089549750182013e-01
2.155219550121748284e+01 1.712210079900588156e+00 3.273731874700162026e-01
2.464030805929438017e+01 1.646692513243720235e+00 3.744672718215008023e-01
2.817090171730436055e+01 1.345359367180902987e+00 3.658787944687327265e-01
3.220737750746886974e+01 1.551470219739597978e+00 4.256924073147682064e-01
3.682222089722554870e+01 1.326785271521454757e+00 4.598142099171468877e-01
4.209830345515237582e+01 9.907891270138139417e-01 4.539196551680583225e-01
