2.211336142674170802e+01 1.578231718983606768e+01
2.530144511723889522e+01 1.578220376589311158e+01
2.894915488725753860e+01 1.578205482815141281e+01
3.312275503644758601e+01 1.578185906896174551e+01
3.789806318965907650e+01 1.578160144095832962e+01
4.336182759999760350e+01 1.578126181500806879e+01
4.961330301768457929e+01 1.578081307456533899e+01
5.676605375195778436e+01 1.578021834470221307e+01
6.495001668043639143e+01 1.577942683693678205e+01
7.431386168258131875e+01 1.577836736828872333e+01
8.502769237688707449e+01 1.577693772780617110e+01
9.728613622340033373e+01 1.577498604863373899e+01
1.113118801263710367e+02 1.577227524254772462e+01
1.273597157647971017e+02 1.576840672030863644e+01
1.457211681383421933e+02 1.576262730692021918e+01
1.667297914107969632e+02 1.575319441106312546e+01
1.907672282553807577e+02 1.573393189147129334e+01
2.182701427759591866e+02 1.569061159866420496e+01
2.497381529476294304e+02 1.574974472831083894e+01
2.857429066773995032e+02 1.579046834036283542e+01
3.269384663606884374e+02 1.578320214484983985e+01
3.740731905795134367e+02 1.575630249249968351e+01
4.280033287853046886e+02 1.570804097509511443e+01
4.897085759273711005e+02 1.571377475662623091e+01
5.603098695924156800e+02 1.582032220003129552e+01
6.410897529579540333e+02 1.580683708257848608e+01
7.335156734730727521e+02 1.577944951881724123e+01
8.392666405103861962e+02 1.569052621410142478e+01
9.602637262521253660e+02 1.577062802587771984e+01
1.098704963889489136e+03 1.567881366894021866e+01
1.257105277095987731e+03 1.584412326753894362e+01
1.438342166133629917e+03 1.572151315940055483e+01
1.645707980525814492e+03 1.590676154791532326e+01
1.882969727882353254e+03 1.583718566597703514e+01
2.154437505363806395e+03 1.606816793036333735e+01
2.465042796911190635e+03 1.581802437463704081e+01
2.820428058588618569e+03 1.582431678928062802e+01
3.227049219446294501e+03 1.691047379243816806e+01
3.692292959934657119e+03 1.705897555086514927e+01
4.224610898349492345e+03 1.715906871903033704e+01
4.833673122939070709e+03 1.713271059289688480e+01
5.530543858737796654e+03 1.770961172246928683e+01
6.327882460290215022e+03 1.786321053869829711e+01
7.240173381499427705e+03 1.799088129291417815e+01
8.283989300232469759e+03 1.832852489043496291e+01
9.478292177604456811e+03 1.847102135960468416e+01
1.084477772098483365e+04 1.861809873228024514e+01
1.240826950824104824e+04 1.879115814391516182e+01
1.419716993288108461e+04 1.927243247417492711e+01
1.624397616196484341e+04 1.950959653817506378e+01
1.858587047967625767e+04 1.973839764312470990e+01
2.126539574073828771e+04 1.992701787539810354e+01
2.433122820395803501e+04 2.007186482303927377e+01
2.783906178519721652e+04 2.037216418837853738e+01
3.185261979310829338e+04 2.055162181537939148e+01
3.644481252682870399e+04 2.068888755689050640e+01
4.169906176455438253e+04 2.096903950360262314e+01
4.771081620365318668e+04 2.118066275522819808e+01
5.458928538180507894e+04 2.124246099909606755e+01
6.245942357758244907e+04 2.151191075469122183e+01
7.146419973001049948e+04 2.188504757765273112e+01
8.176719461246923311e+04 2.207609391156900358e+01
9.355557244120046380e+04 2.240241476772959928e+01
1.070434809006637952e+05 2.270836164320740380e+01
1.224759413506053388e+05 2.280129480868703595e+01
1.401332998843453533e+05 2.341969912098413076e+01
1.603363200962146511e+05 2.365409267014115713e+01
1.834520100733578729e+05 2.408890143998194233e+01
2.099002894650438684e+05 2.422637671901099310e+01
2.401616177434714045e+05 2.441093282712284207e+01
2.747857222310631769e+05 2.515233228734010851e+01
3.144015844476026250e+05 2.538235484710163448e+01
3.597288661892081145e+05 2.587580263326353958e+01
4.115909829053027788e+05 2.710354782891113956e+01
4.709300618645640207e+05 2.729887421239792999e+01
5.388240568399119657e+05 2.798871541704965793e+01
6.165063302179198945e+05 2.938601868282841423e+01
7.053880582612722646e+05 3.021693585962130868e+01
8.070838665382867912e+05 3.149612530480287020e+01
9.234411612127425615e+05 3.535438306936733710e+01
