2.211424031501579179e+01 1.604921985230708259e+01
2.530433527563406670e+01 1.604878812644355079e+01
2.895461813838216969e+01 1.604822068172085636e+01
3.313147341779055211e+01 1.604747394174072994e+01
3.791086194221504257e+01 1.604648965874184086e+01
4.337970228724994826e+01 1.604518945479766856e+01
4.963745148814435026e+01 1.604346692278867081e+01
5.679791377826169452e+01 1.604117586074867674e+01
6.499131024753282304e+01 1.603811208465137383e+01
7.436664705997830538e+01 1.603398393736615901e+01
8.509442529900866248e+01 1.602836138961535184e+01
9.736974172209882283e+01 1.602058055849482088e+01
1.114158368155603114e+02 1.600954258417774057e+01
1.274881546747927530e+02 1.599320995022044833e+01
1.458789885435206202e+02 1.596690908173313161e+01
1.669227964963892532e+02 1.591029770457714676e+01
1.910022839366097571e+02 1.581660203337577641e+01
2.185553635257388976e+02 1.596613767270909889e+01
2.500831191197730732e+02 1.591259621720710449e+01
2.861589185447246564e+02 1.596005493649953522e+01
3.274388409377924063e+02 1.597602183901104311e+01
3.746736082870950213e+02 1.588280248434397279e+01
4.287222381584880395e+02 1.629094263638316420e+01
4.905676658997123809e+02 1.642694977100966724e+01
5.613346204292931816e+02 1.651246075413875047e+01
6.423100787015880542e+02 1.648961120950750114e+01
7.349666708355239280e+02 1.639824196256503441e+01
8.409894615557088855e+02 1.640472112456946974e+01
9.623065949966560311e+02 1.652071231997572198e+01
1.101124360180482199e+03 1.654809635409772284e+01
1.259967314873374335e+03 1.655538913643772503e+01
1.441724197518448364e+03 1.654795304629087127e+01
1.649700462205329359e+03 1.675477941936773618e+01
1.887678392084178995e+03 1.688424907548872511e+01
2.159985884454461484e+03 1.689026013259019265e+01
2.471575158462938816e+03 1.696196144863596444e+01
2.828112816799238772e+03 1.711292988263704018e+01
3.236082899262584760e+03 1.743184406378644624e+01
3.702904802345135977e+03 1.756481332851573640e+01
4.237068209332693186e+03 1.759421889291756003e+01
4.848287484778938051e+03 1.760477714800955340e+01
5.547678341191041000e+03 1.769150597594201813e+01
6.347959990809719784e+03 1.791654019356318628e+01
7.263686458842092179e+03 1.797353095213101426e+01
8.311511264839584328e+03 1.781933423215753010e+01
9.510490285750518524e+03 1.839209927152737833e+01
1.088242830855391003e+04 1.872221063138442076e+01
1.245227557492529377e+04 1.907818619965431850e+01
1.424858152954704383e+04 1.923774894841949745e+01
1.630401402398832397e+04 1.940361322629258467e+01
1.865595341846341034e+04 1.960518770222159546e+01
2.134717238587955944e+04 1.977135105202820142e+01
2.442661378117829736e+04 1.995117318753525382e+01
2.795028072240236725e+04 2.012837431732670979e+01
3.198225507061721146e+04 2.050098391633369133e+01
3.659586283089406788e+04 2.077420953510477375e+01
4.187500766848734202e+04 2.088501857226194858e+01
4.791569679170300515e+04 2.103782799002079074e+01
5.482778695136064198e+04 2.127353899131126624e+01
6.273698230982049427e+04 2.151998252423079094e+01
7.178712051307864022e+04 2.181470911452266392e+01
8.214278854073275579e+04 2.228329875095157675e+01
9.399231590600218624e+04 2.255822941834858852e+01
1.075511996405241807e+05 2.275105814936440041e+01
1.230660233511410916e+05 2.293794000693895185e+01
1.408189416211497446e+05 2.329557476547211792e+01
1.611328113099131151e+05 2.393763653107045286e+01
1.843770630693089915e+05 2.428745002619667659e+01
2.109744198571710440e+05 2.480783292157922659e+01
2.414085846314741648e+05 2.514730499526497098e+01
2.762330370346590062e+05 2.575139668534542636e+01
3.160810990457330481e+05 2.619500194711592655e+01
3.616774526553940959e+05 2.673867142485779524e+01
4.138513190260963747e+05 2.730268154734747910e+01
4.735515388149680803e+05 2.808727603330418532e+01
5.418638279122743988e+05 2.856204075085749849e+01
6.200305224105042871e+05 2.943060243141819399e+01
7.094731718886417802e+05 3.016595386104499710e+01
8.118183918959967559e+05 3.185049361278917601e+01
9.289274457921950379e+05 3.569865836603591447e+01
