2.186753989457221792e+01 1.321210769346597047e+01
2.449895961244134668e+01 1.320869621383602244e+01
2.744702993504122901e+01 1.320430863871083993e+01
3.074985485801935425e+01 1.319862227647773523e+01
3.445012360270287388e+01 1.319117315144360880e+01
3.859566237698821567e+01 1.318126110297049891e+01
4.324005253210735589e+01 1.316774964404629422e+01
4.844332310498630534e+01 1.314856254477146891e+01
5.427272669734954036e+01 1.311899177389628512e+01
6.080360871985703852e+01 1.306110449398638096e+01
6.812038123630937037e+01 1.300254391266078002e+01
7.631761399491880127e+01 1.310999081382664855e+01
8.550125674829504874e+01 1.304319212498631586e+01
9.579000866070833808e+01 1.297738670003043993e+01
1.073168525023060340e+02 1.276696857572163779e+01
1.202307734598397246e+02 1.338757725823344202e+01
1.346986847796405584e+02 1.361463127016700980e+01
1.509075851319001913e+02 1.357332824274059924e+01
1.690669755803273517e+02 1.348895770333611210e+01
1.894115673966659301e+02 1.345440069061736210e+01
2.122043157187483189e+02 1.339227626419255657e+01
2.377398182623078355e+02 1.333190826298043064e+01
2.663481230151135151e+02 1.315221589430933236e+01
2.983989941281171809e+02 1.274943361152919685e+01
3.343066911405250039e+02 1.418230467254091032e+01
3.745353233105805089e+02 1.511297309314063853e+01
4.196048482571235354e+02 1.543980304692627037e+01
4.700977924447474834e+02 1.548104806395066291e+01
5.266667803752508235e+02 1.561237872076653588e+01
5.900429698006589661e+02 1.562260276632934364e+01
6.610455019834811310e+02 1.582380702213566792e+01
7.405920891494102989e+02 1.595593299837318746e+01
8.297108759759687473e+02 1.583116378335747321e+01
9.295537284275857246e+02 1.628157194254374929e+01
1.041411121696146665e+03 1.636230367046395884e+01
1.166728819674584429e+03 1.678184280840878628e+01
1.307126561546769835e+03 1.674764735909148783e+01
1.464418997019055723e+03 1.676676448290953658e+01
1.640639140782669074e+03 1.666621302845559427e+01
1.838064649357364488e+03 1.736533794335851155e+01
2.059247259946207123e+03 1.748193083737981723e+01
2.307045771800546845e+03 1.759040282773328201e+01
2.584662996381414814e+03 1.758694936342049076e+01
2.895687153900519206e+03 1.776287142976022793e+01
3.244138251293758913e+03 1.760901450813263835e+01
3.634520041065491569e+03 1.801802007935238947e+01
4.071878232574912545e+03 1.809501208920025306e+01
4.561865708149119200e+03 1.824812602481410551e+01
5.110815586945231189e+03 1.853452702965889998e+01
5.725823080916635263e+03 1.879940739592992927e+01
6.414837200876876523e+03 1.909146050621977864e+01
7.186763497967917829e+03 1.910342441394897151e+01
8.051579168472713718e+03 1.934084284665521380e+01
9.020462009709110134e+03 1.950886733961647934e+01
1.010593489376816797e+04 1.956171394877926772e+01
1.132202762642914240e+04 1.989205893429065952e+01
1.268445828328778225e+04 2.015570673151202641e+01
1.421083636687900616e+04 2.063752955489620788e+01
1.592089041061251555e+04 2.081641851589265713e+01
1.783672297131669620e+04 2.106564763820772868e+01
1.998309630618560186e+04 2.124961959411488266e+01
2.238775242652158704e+04 2.147141311631946081e+01
2.508177166498854422e+04 2.161019309729408278e+01
2.809997439088017563e+04 2.177014619324809530e+01
3.148137106559862150e+04 2.199116831756941082e+01
3.526966645533894916e+04 2.229045190780541930e+01
3.951382451796044188e+04 2.240386789293989978e+01
4.426870126524329680e+04 2.267142922014773276e+01
4.959575378031533182e+04 2.323199035736848828e+01
5.556383455434410280e+04 2.334556287667192720e+01
6.225008140934631228e+04 2.350544886739282902e+01
6.974091450942313531e+04 2.401774597132746791e+01
7.813315334685504786e+04 2.419818034024511988e+01
8.753526814017200377e+04 2.503655970639463746e+01
9.806878181859829056e+04 2.562068258951248012e+01
1.098698407136099704e+05 2.586252691861954744e+01
1.230909742588925001e+05 2.773063030097009829e+01
1.379030664429322351e+05 2.775696835073010149e+01
1.544975644953912124e+05 2.939720552124848041e+01
1.730889533546765742e+05 3.576850572748841728e+01
