2.193623861965199140e+01 1.344375185271806217e+01
2.472204705928640323e+01 1.344343802552824485e+01
2.786164125029323912e+01 1.344303907101378215e+01
3.139995046924924438e+01 1.344253177481121675e+01
3.538760981860422561e+01 1.344188651582713767e+01
3.988168484215178466e+01 1.344106545086921045e+01
4.494648816356409782e+01 1.344002015545507867e+01
5.065449983452629112e+01 1.343868853959772558e+01
5.708740456314571787e+01 1.343699078563628468e+01
6.433726066593088433e+01 1.343482394828029847e+01
7.250781747166976743e+01 1.343205469349023851e+01
8.171600002996352430e+01 1.342850939552072909e+01
9.209358237139093717e+01 1.342396039380966677e+01
1.037890732645537781e+02 1.341810650921008374e+01
1.169698414561980542e+02 1.341054468954942536e+01
1.318245108077364023e+02 1.340072739343397501e+01
1.485656596038601265e+02 1.338789588465040303e+01
1.674328626617950135e+02 1.337096989396162350e+01
1.886961197754148714e+02 1.334834177015424395e+01
2.126597195570878398e+02 1.331766584960141842e+01
2.396665939709029658e+02 1.327483839052651327e+01
2.701032258729846944e+02 1.321108386755181208e+01
3.044051797884266648e+02 1.311705293393113791e+01
3.430633350732310873e+02 1.295729314361802764e+01
3.866309106611419111e+02 1.248319194202453453e+01
4.357313819232673495e+02 1.302919104248511140e+01
4.910674029349980856e+02 1.406083373435534156e+01
5.534308618326463147e+02 1.476222984751456302e+01
6.237142131573499455e+02 1.479527434362716676e+01
7.029232493581629342e+02 1.473429749357442198e+01
7.921914942213874156e+02 1.471765481707934597e+01
8.927964242038435714e+02 1.479501191596061815e+01
1.006177749806051679e+03 1.467133591459682584e+01
1.133958018601583944e+03 1.487624239107767821e+01
1.277965834762982468e+03 1.544940016861874277e+01
1.440262027368113650e+03 1.532046752988194527e+01
1.623169141969455040e+03 1.544832995726063984e+01
1.829304677466487874e+03 1.601853919906388768e+01
2.061618543918661544e+03 1.617921228338038020e+01
2.323435277340324774e+03 1.616633524586575277e+01
2.618501615593974748e+03 1.630146739003262724e+01
2.951040116218370713e+03 1.638435166392439157e+01
3.325809583491392004e+03 1.646581923130222691e+01
3.748173169471308029e+03 1.682096130453976457e+01
4.224175123578885177e+03 1.721907808864229850e+01
4.760627289048012244e+03 1.733721445758574475e+01
5.365206584055438725e+03 1.784195934110191928e+01
6.046564862536860346e+03 1.786256616435223776e+01
6.814452726856570735e+03 1.811465008469170002e+01
7.679859064156340537e+03 1.825926109466445979e+01
8.655168303223552357e+03 1.838421008819058500e+01
9.754337642308677459e+03 1.859101583249263712e+01
1.099309678411720597e+04 1.871920465587736970e+01
1.238917303629089474e+04 1.899138591272213006e+01
1.396254499868695893e+04 1.916982235421423297e+01
1.573572846785613729e+04 1.954749292520492077e+01
1.773409865016611730e+04 1.978250791445868373e+01
1.998625329461289948e+04 1.980952826358421603e+01
2.252442194194534022e+04 1.997355026771005271e+01
2.538492714667735709e+04 2.047143785241212655e+01
2.860870427232208385e+04 2.076100434587914734e+01
3.224188729839660300e+04 2.098587674049815277e+01
3.633646902240959025e+04 2.130666674315784093e+01
4.095104510467637738e+04 2.141271346587821611e+01
4.615165260364179994e+04 2.183539974024974128e+01
5.201271500160093274e+04 2.208536521431877375e+01
5.861810724464255327e+04 2.226154731286877109e+01
6.606235603810827888e+04 2.248499767171769292e+01
7.445199257443874376e+04 2.255018692262756019e+01
8.390707705166807864e+04 2.274876941567021049e+01
9.456291679924375785e+04 2.368237628392332539e+01
1.065720025984736130e+05 2.409162249294801228e+01
1.201061909073842689e+05 2.457439437750043965e+01
1.353591632187987852e+05 2.502810803504066683e+01
1.525491977463664371e+05 2.575550102530147356e+01
1.719222931028586463e+05 2.628625867185886023e+01
1.937556886722419877e+05 2.700307563537585054e+01
2.183618320539405104e+05 2.835989258968455218e+01
2.460928503555435746e+05 2.986864921330749922e+01
2.773455893205537577e+05 3.117446866261754934e+01
