2.186871614158987853e+01 8.162276507478035015e+00
2.450277157386680926e+01 8.137132715406247385e+00
2.745409519762723249e+01 8.103559024096357533e+00
3.076090151059723254e+01 8.057435187565340939e+00
3.446600789183693081e+01 7.986233181515739687e+00
3.861738901218249964e+01 7.911192987740907512e+00
4.326879802262913444e+01 7.750548781456219949e+00
4.848046256396212073e+01 7.595635257570828358e+00
5.431986460974767539e+01 6.690126917851825006e+00
6.086261424029142120e+01 1.279379403353748224e+01
6.819342866141452930e+01 1.307321502674767366e+01
7.640722914463438542e+01 1.305823338618719909e+01
8.561037009221364258e+01 1.304053116269509971e+01
9.592201614132828524e+01 1.298730538296830872e+01
1.074756851384536276e+02 1.289912549610754056e+01
1.204209769627979085e+02 1.270229837216018076e+01
1.349255105840337023e+02 1.262529353333158255e+01
1.511770944358499378e+02 1.328764750835479802e+01
1.693861582078782533e+02 1.313814436104441441e+01
1.897884775434633866e+02 1.308720819493191101e+01
2.126482269233638931e+02 1.355568754043670765e+01
2.382614002649071097e+02 1.382594804042944858e+01
2.669596435273970769e+02 1.380350005306607386e+01
2.991145489493361538e+02 1.384112952129279961e+01
3.351424665203484210e+02 1.360122414858903284e+01
3.755098949879821362e+02 1.377716457371706404e+01
4.207395222035341362e+02 1.397386187437090044e+01
4.714169930188487569e+02 1.472743862775327983e+01
5.281984923665595488e+02 1.506097852207237509e+01
5.918192417114489672e+02 1.533354619821896847e+01
6.631030188871642395e+02 1.533977573032128561e+01
7.429728245835852931e+02 1.550935355557434647e+01
8.324628335972671493e+02 1.547785464134217470e+01
9.327317855928240533e+02 1.541609746947257875e+01
1.045077988762276846e+03 1.571992720247580522e+01
1.170956130653609762e+03 1.585763079782601004e+01
1.311996113839467171e+03 1.613695842471111064e+01
1.470024160315076642e+03 1.680739270529584672e+01
1.647086457890574138e+03 1.697763293792527861e+01
1.845475654757300845e+03 1.713716852291569737e+01
2.067760545286539582e+03 1.730659477433351157e+01
2.316819331440045062e+03 1.734712767867063477e+01
2.595876890469672617e+03 1.732915548130825911e+01
2.908546531457873698e+03 1.765433057170393738e+01
3.258876781373489393e+03 1.772395091122081112e+01
3.651403806440720473e+03 1.773358644631890257e+01
4.091210147586664789e+03 1.785506737533456345e+01
4.583990530489094454e+03 1.777607651584292725e+01
5.136125602349924520e+03 1.757655332331086839e+01
5.754764550157077792e+03 1.856639739157088087e+01
6.447917670197252846e+03 1.847057535918735738e+01
7.224560087433494118e+03 1.862365439152262070e+01
8.094747967732711004e+03 1.906450092007283814e+01
9.069748727689022417e+03 1.930201444007620637e+01
1.016218692803319937e+04 1.940898715284003728e+01
1.138620773969358925e+04 1.969248301443502669e+01
1.275766009910920184e+04 1.982026033478949856e+01
1.429430192433700358e+04 2.036313886946151541e+01
1.601603004914447592e+04 2.061776931118799183e+01
1.794513785233317321e+04 2.090562670917015708e+01
2.010660391814402828e+04 2.091353717237854681e+01
2.252841546539372212e+04 2.095992595136707592e+01
2.524193073318566530e+04 2.101886010079207523e+01
2.828228501545913605e+04 2.131383286158905932e+01
3.168884560181638153e+04 2.153734798602224032e+01
3.550572151531850250e+04 2.210341520418954175e+01
3.978233464746636309e+04 2.242309964493701102e+01
4.457405968556910375e+04 2.265911064243291051e+01
4.994294111844474537e+04 2.277197128209618171e+01
5.595849660442684399e+04 2.290078307742306407e+01
6.269861710389321524e+04 2.345725846051351837e+01
7.025057543146403623e+04 2.394115824056740749e+01
7.871215628686289710e+04 2.405296858952490879e+01
8.819292239637118473e+04 2.418515262202699390e+01
9.881563315920111199e+04 2.411385993114768667e+01
1.107178341677855642e+05 2.569123544855202823e+01
1.240536381835027860e+05 2.693571463411054623e+01
1.389957206283672131e+05 2.834046641243394049e+01
1.557375554308276332e+05 2.968322457097654521e+01
1.744959201759780117e+05 3.210468003016672611e+01
