2.232052056526037020e+01 1.813678916435965149e+01
2.598681594885606572e+01 1.813678635633783642e+01
3.025532496812725114e+01 1.813678254419538405e+01
3.522496525655652988e+01 1.813677737411794055e+01
4.101090233315110822e+01 1.813677035807471327e+01
4.774721842674360062e+01 1.813676083350261692e+01
5.559001967260526555e+01 1.813674789657054731e+01
6.472105368696759342e+01 1.813673031149230752e+01
7.535192135245074496e+01 1.813670638384533618e+01
8.772898041753055054e+01 1.813667377966108418e+01
1.021390545451451999e+02 1.813662926507905127e+01
1.189160801108715049e+02 1.813656832071239222e+01
1.384488447823345609e+02 1.813648455215283306e+01
1.611899972122492102e+02 1.813636874880446115e+01
1.876665366340427852e+02 1.813620727839929359e+01
2.184920254439967664e+02 1.813597908322569197e+01
2.543808077820109759e+02 1.813564918480456001e+01
2.961645636097348415e+02 1.813515042226551088e+01
3.448115819071925898e+02 1.813425830984482445e+01
4.014491996213706670e+02 1.813328754035996226e+01
4.673899263627877190e+02 1.812988345414598257e+01
5.441618602589014699e+02 1.813252399215029698e+01
6.335440998156777823e+02 1.813566550755241025e+01
7.376079724152106110e+02 1.813467220453311057e+01
8.587650348709227046e+02 1.813210616754810189e+01
9.998229583962798870e+02 1.812966524455600492e+01
1.164050593054876344e+03 1.812126382943027281e+01
1.355253719483353962e+03 1.811550295646442166e+01
1.577863243343477279e+03 1.811374070586932206e+01
1.837037876305181271e+03 1.809657472232206032e+01
2.138783683070577808e+03 1.813367907910473775e+01
2.490093264799411372e+03 1.812887091648978455e+01
2.899107804346745525e+03 1.812304964681844055e+01
3.375305728519072545e+03 1.815031857108468216e+01
3.929722359372825395e+03 1.817166542339911928e+01
4.575205644713632864e+03 1.817479981929164978e+01
5.326713894047282338e+03 1.815819554640981082e+01
6.201662419659896841e+03 1.814758024430196315e+01
7.220327115823209169e+03 1.818526096399576275e+01
8.406314328594318795e+03 1.818108213174795296e+01
9.787107904885184325e+03 1.814191806319148981e+01
1.139470609801517458e+04 1.811980844009566738e+01
1.326636308927744176e+04 1.816696869996838615e+01
1.544545230940176407e+04 1.822551874495496094e+01
1.798247156636488580e+04 1.821696911933234730e+01
2.093621327219302839e+04 1.825527303645591104e+01
2.437512688737469580e+04 1.827192258684469550e+01
2.837890515591698932e+04 1.829566401619171856e+01
3.304033089016149461e+04 1.830789275274133132e+01
3.846742710240702581e+04 1.828645735306367470e+01
4.478596031008957652e+04 1.833053709290272337e+01
5.214235502564739727e+04 1.845955705059380136e+01
6.070708697091726208e+04 1.855111963427043165e+01
7.067863364978029858e+04 1.870471952174108310e+01
8.228807382889279688e+04 1.883688037446044916e+01
9.580444251401224756e+04 1.900917898715304233e+01
1.115409655171434424e+05 1.934997640330552571e+01
1.298623180932023388e+05 1.967365131150779689e+01
1.511930758564941061e+05 2.011267849463115098e+01
1.760275538169695647e+05 2.058990024391835760e+01
2.049412615442546958e+05 2.116883603813822035e+01
2.386042399192939920e+05 2.167351910730182851e+01
2.777965885370048927e+05 2.228425430085744452e+01
3.234265435890845256e+05 2.300219504505563606e+01
3.765515251604601508e+05 2.353963471123364215e+01
4.384026416855106945e+05 2.412837167620998002e+01
5.104132194257705705e+05 2.461637265482590564e+01
5.942520181059164461e+05 2.509096007310650123e+01
6.918619024410099955e+05 2.548362274635894664e+01
8.055048657217639266e+05 2.607646449760554574e+01
9.378144488260194194e+05 2.669253343629606334e+01
1.091856769404847641e+06 2.753973200359494555e+01
1.271201575522277039e+06 2.787601880052438474e+01
1.480004970332461642e+06 2.884413632661348004e+01
1.723105724840570940e+06 2.962347938738040654e+01
2.006137410681388108e+06 3.028089201285207110e+01
2.335658951459752396e+06 3.101639564070064381e+01
2.719306618025315925e+06 3.208142818834573262e+01
3.165970989991820417e+06 3.339955679289232648e+01
3.686002984374183230e+06 3.545514052064201849e+01
