2.231971478443481871e+01 1.838853589244152076e+01
2.598413395951284954e+01 1.838853100133940188e+01
3.025017228700245298e+01 1.838852436464578588e+01
3.521660274762866294e+01 1.838851535515106406e+01
4.099841473025807659e+01 1.838850312168332835e+01
4.772947641882991832e+01 1.838848649658315892e+01
5.556563428620404466e+01 1.838846388253024600e+01
6.468832145852111637e+01 1.838843308057996140e+01
7.530875849571502556e+01 1.838839104941589042e+01
8.767284385022267656e+01 1.838833354939851361e+01
1.020668472342813544e+02 1.838825460796564570e+01
1.188240377162085935e+02 1.838814568408850292e+01
1.383324000081461520e+02 1.838799430082986675e+01
1.610436176030018203e+02 1.838778165492784922e+01
1.874835307500962074e+02 1.838747805477083119e+01
2.182643114064463532e+02 1.838703305162974999e+01
2.540986370543149349e+02 1.838634966901666346e+01
2.958161915560582429e+02 1.838519150752967590e+01
3.443828750959629588e+02 1.838243528266191618e+01
4.009231679831377733e+02 1.838209743692824105e+01
4.667461661119035625e+02 1.838302790135394460e+01
5.433758908872117672e+02 1.837855576082988307e+01
6.325865753907070257e+02 1.839089406231086343e+01
7.364437437795794494e+02 1.839072768592727058e+01
8.573520350429650989e+02 1.838667031786099670e+01
9.981108783949669032e+02 1.838093241434585678e+01
1.161979309374879904e+03 1.837481863790955572e+01
1.352751427362993354e+03 1.837412234484489915e+01
1.574844241604510444e+03 1.840395535868251997e+01
1.833399939669311152e+03 1.839423379920987500e+01
2.134404946202653719e+03 1.840435811227694529e+01
2.484828528573017138e+03 1.840012616638355780e+01
2.892784158598978138e+03 1.839355571729643657e+01
3.367717366415974539e+03 1.838581679234924238e+01
3.920624435924950376e+03 1.838660288027860545e+01
4.564307005350163308e+03 1.837516465002261512e+01
5.313668467756127939e+03 1.838402753987701388e+01
6.186059034181826064e+03 1.836255174512161048e+01
7.201677448751752308e+03 1.836414971041576294e+01
8.384038656805209030e+03 1.834313862696559028e+01
9.760518254116981552e+03 1.838187016962569587e+01
1.136298632302026635e+04 1.845037003149600352e+01
1.322854533084695868e+04 1.844707128710792432e+01
1.540038917548917743e+04 1.851459783285326210e+01
1.792880326784495628e+04 1.851779829852607406e+01
2.087232880638407005e+04 1.853191320274387976e+01
2.429911820066370274e+04 1.856959841145754808e+01
2.828851302635813045e+04 1.857144297049094206e+01
3.293288104671121982e+04 1.859930059310320516e+01
3.833975483357033227e+04 1.860887785635507186e+01
4.463432150419384561e+04 1.863451366042757229e+01
5.196232121952298621e+04 1.867606560268734128e+01
6.049342155379660835e+04 1.883360764473133031e+01
7.042514586339220114e+04 1.891653231294310444e+01
8.198744660970155383e+04 1.906776064621593747e+01
9.544802952368184924e+04 1.927469931303474127e+01
1.111185518842053571e+05 1.955492925736449195e+01
1.293618384209735377e+05 1.986199622805617793e+01
1.506002819141557557e+05 2.019293404082003107e+01
1.753256229925840744e+05 2.063276289745518355e+01
2.041103355653704493e+05 2.120957216555800073e+01
2.376208814975682762e+05 2.172610749830424126e+01
2.766331414197186241e+05 2.235875996482018735e+01
3.220503789458636893e+05 2.292582318940395325e+01
3.749241542314406252e+05 2.349067220505059339e+01
4.364786710895014694e+05 2.408767392676629271e+01
5.081391213820093544e+05 2.458372000046455952e+01
5.915646829531666590e+05 2.535443659384823434e+01
6.886869351167231798e+05 2.562036055659622136e+01
8.017545811436058721e+05 2.617360781409730919e+01
9.333855132242497057e+05 2.676263008569681290e+01
1.086627425382743124e+06 2.775873047950034334e+01
1.265028377733400557e+06 2.826220669411348752e+01
1.472718945877078921e+06 2.888326409953634055e+01
1.714507857469092356e+06 2.965314491024825472e+01
1.995993330263445154e+06 3.031535273009927067e+01
2.323692689479536377e+06 3.106174373105038100e+01
2.705193265564655885e+06 3.236254963398518214e+01
3.149328066137471236e+06 3.396389956105753072e+01
3.666380289502510335e+06 3.605102274240066862e+01
