2.231958083297354989e+01 1.806299873589520644e+01
2.598368812294627972e+01 1.806299658538954489e+01
3.024931576999476235e+01 1.806299366911296644e+01
3.521521272204601871e+01 1.806298971668079645e+01
4.099633910691812844e+01 1.806298435908008670e+01
4.772652755032898853e+01 1.806297709700967502e+01
5.556158139076197955e+01 1.806296725147544535e+01
6.468288151462195401e+01 1.806295390352082109e+01
7.530158530963375085e+01 1.806293580416682687e+01
8.766351494192846872e+01 1.806291125798482966e+01
1.020548481200507069e+02 1.806287796020978575e+01
1.188087430866309404e+02 1.806283277615144200e+01
1.383130512057644523e+02 1.806277143479730896e+01
1.610192956918933191e+02 1.806268810678997383e+01
1.874531243370676634e+02 1.806257481494009198e+01
2.182264782164070311e+02 1.806242060217070033e+01
2.540517580763462888e+02 1.806221033965769251e+01
2.957583163564514166e+02 1.806192297913638001e+01
3.443116566338261464e+02 1.806152889841834508e+01
4.008357849557518193e+02 1.806098562736212898e+01
4.666392304921722598e+02 1.806023017070470971e+01
5.432453378841021276e+02 1.805916136048241682e+01
6.324275325534656531e+02 1.805754729332092978e+01
7.362503753635426165e+02 1.805532827800731965e+01
8.571173570422175771e+02 1.805351166380622630e+01
9.978265388052044500e+02 1.804906752668925662e+01
1.161635327255346510e+03 1.804264397751674665e+01
1.352335883091865071e+03 1.803334038621234825e+01
1.574342909335308150e+03 1.801484123785354541e+01
1.832795851358765503e+03 1.798367604758364635e+01
2.133677874648122724e+03 1.792507676987388265e+01
2.483954374617237590e+03 1.813245281914690921e+01
2.891734224969477509e+03 1.812409227750234209e+01
3.366457497492633593e+03 1.811586112175763219e+01
3.919113998985845683e+03 1.811483230251301180e+01
4.562497684431387825e+03 1.812435218322928066e+01
5.311502836056431988e+03 1.810912536472963552e+01
6.183468864806998681e+03 1.809440450687261759e+01
7.198581716361400140e+03 1.806659043804635800e+01
8.380341174201101239e+03 1.813100466487039597e+01
9.756104877768733786e+03 1.811624643210998897e+01
1.135772164969125151e+04 1.817248928794335328e+01
1.322226879354415541e+04 1.815946672626573033e+01
1.539291043054256806e+04 1.808272648490053314e+01
1.791989674558682964e+04 1.819773144314552127e+01
2.086172727513068094e+04 1.823786954386725867e+01
2.428650516689566575e+04 1.828002428373196508e+01
2.827351376243868799e+04 1.824112891083879617e+01
3.291505200033641449e+04 1.832726272383257538e+01
3.831857112942736421e+04 1.833736673587933552e+01
4.460916219685684337e+04 1.838886090847963573e+01
5.193245189607934299e+04 1.839587189652744570e+01
6.045797381347421469e+04 1.850679629596439923e+01
7.038309311767123290e+04 1.865151424902506605e+01
8.193757554783839441e+04 1.886921150329326125e+01
9.538890647265517327e+04 1.908549418631451644e+01
1.110484831557723664e+05 1.936645059958522452e+01
1.292788235782215197e+05 1.970311891573078356e+01
1.505019587014519202e+05 2.008986731610794152e+01
1.752092024512305798e+05 2.050717582155104424e+01
2.039725255967726116e+05 2.109638941751809327e+01
2.374577968295170576e+05 2.167532960556446753e+01
2.764401975714928703e+05 2.225570640631255515e+01
3.218221673648863798e+05 2.279361060761995361e+01
3.746542952771827113e+05 2.330214416456362514e+01
4.361596409562857589e+05 2.394269111670049455e+01
5.077620483661431936e+05 2.450474277856640981e+01
5.911191076636590296e+05 2.523422920944998893e+01
6.881605282817733241e+05 2.568373386503166245e+01
8.011328115525969770e+05 2.605164110770570574e+01
9.326512570383468410e+05 2.639547415684586085e+01
1.085760506512597203e+06 2.717113173178118046e+01
1.264005027180294273e+06 2.805914569828676264e+01
1.471511165817597415e+06 2.859883740988255951e+01
1.713082673378485721e+06 2.929524201327870969e+01
1.994311911455348134e+06 2.990260948709249433e+01
2.321709315014447551e+06 3.107778710507997744e+01
2.702854108458523173e+06 3.220276749987352360e+01
3.146569764081622008e+06 3.376839573784132398e+01
3.663128264765758999e+06 3.631968788771128231e+01
