1.081422013008948805e-03 1.291983961699766859e+01 1.078686931608220448e+03
1.257525127431705601e-03 1.291984461016180497e+01 9.276281495210677122e+02
1.462305582001354560e-03 1.291985135932899809e+01 7.977235428531304251e+02
1.700433310242900273e-03 1.291986048696191069e+01 6.860106917470884582e+02
1.977338716457795360e-03 1.291987283022421629e+01 5.899420306165794727e+02
2.299336513846845197e-03 1.291988951885384296e+01 5.073267530591870695e+02
2.673769728931624581e-03 1.291991208897717236e+01 4.362808524678897584e+02
3.109177156235635401e-03 1.291994260813600093e+01 3.751841559799897823e+02
3.615488081959924559e-03 1.291998388054478752e+01 3.226433789776795606e+02
4.204248717246006350e-03 1.292003969483837977e+01 2.774603506809701798e+02
4.888885504742927941e-03 1.292011517786804831e+01 2.386046908402201723e+02
5.685011303075809472e-03 1.292021726623289091e+01 2.051903122063427247e+02
6.610781431625929044e-03 1.292035534620249848e+01 1.764552136639502748e+02
7.687307695076257830e-03 1.292054212389995982e+01 1.517441031529624240e+02
8.939139829380847446e-03 1.292079480499905841e+01 1.304934539694509397e+02
1.039482534833417043e-02 1.292113670009974946e+01 1.122186537643439266e+02
1.208756055780980075e-02 1.292159941216678476e+01 9.650295314572034044e+01
1.405594758377869471e-02 1.292222582590065194e+01 8.298796184691629207e+01
1.634487467781776601e-02 1.292307420753465053e+01 7.136547574138111827e+01
1.900653987511160409e-02 1.292422385517960315e+01 6.137044830242736992e+01
2.210164134904449296e-02 1.292578293637403242e+01 5.277494620655562585e+01
2.570076160792653802e-02 1.292789945402414631e+01 4.538295121882403294e+01
2.988597709988751946e-02 1.293077676413893506e+01 3.902588976802582721e+01
3.475272993231190433e-02 1.293469586403030824e+01 3.355878818723158474e+01
4.041200438960228236e-02 1.294004802948132138e+01 2.885696579784503868e+01
4.699285788385808987e-02 1.294738381056697918e+01 2.481319016488147966e+01
5.464536405575244615e-02 1.295748895988491434e+01 2.133522915538799225e+01
6.354403514180489987e-02 1.297150692900182278e+01 1.834374297421231148e+01
7.389180165371919684e-02 1.299114679507223258e+01 1.577046594479855557e+01
8.592464012472680879e-02 1.301905968217835508e+01 1.355663147808284030e+01
9.991695445677635512e-02 1.305957920929356142e+01 1.165159091532675362e+01
1.161878335879647506e-01 1.312034848730385939e+01 1.001155400501813908e+01
1.351083281837264505e-01 1.321650182399766571e+01 8.598270607507100038e+00
1.571099122937119064e-01 1.338442798359928432e+01 7.376852107276589798e+00
1.826943229389387802e-01 1.375649562833493356e+01 6.305428498083260003e+00
2.124450020169295350e-01 1.444331268265823809e+01 5.293760045453683283e+00
2.470404014527467496e-01 1.174306127652954324e+01 4.532386361178624590e+00
2.872694550143899406e-01 1.187524951457547928e+01 3.863297555354549662e+00
3.340495696209007104e-01 1.243943190074138272e+01 3.208782851231311462e+00
3.884475464275142231e-01 1.100662610034350486e+01 2.775272308531769649e+00
4.517039087845449163e-01 1.108624905446590247e+01 2.425586690564907055e+00
5.252611918590415208e-01 1.131075764036689257e+01 2.131596900701175468e+00
6.107968390523272895e-01 1.099707243985571203e+01 1.822060912162406954e+00
7.102614554026142057e-01 1.128272330779151567e+01 1.633726929670100692e+00
8.259232903257074376e-01 1.136635858596296345e+01 1.387203924127824228e+00
9.604199641042947544e-01 1.108431929938067739e+01 1.168901637581520214e+00
1.116818617727003193e+00 1.120902652360914509e+01 1.036857157057905265e+00
1.298685857769411811e+00 1.121782633803743678e+01 8.820938449588351382e-01
1.510169091381090567e+00 1.092597827863740356e+01 7.575746884718654872e-01
1.756091106189378914e+00 1.080378945783194133e+01 6.667549881350929297e-01
2.042060051975481016e+00 1.057194137351788754e+01 5.618538945274540453e-01
2.374597332209486211e+00 1.053776494452044155e+01 4.966545557485598228e-01
2.761286321957838297e+00 1.027759487644487457e+01 4.405462591570264985e-01
3.210945303613605972e+00 1.013369023436992222e+01 4.010809990499549227e-01
3.733828564177306575e+00 9.928252895907347053e+00 3.591120588222558307e-01
4.341860240028566409e+00 9.653507520779948337e+00 3.250287938976310631e-01
5.048906241921853777e+00 9.355477493088962149e+00 2.983344200861614004e-01
5.871090461343302813e+00 8.885944006170902298e+00 2.810891447756054817e-01
6.827162469183726934e+00 8.475845627440426355e+00 2.770422232892076897e-01
7.938925091943900725e+00 7.760763195838150885e+00 2.702278827530411043e-01
9.231731616170556265e+00 7.100699208030392562e+00 2.647571400027034505e-01
1.073506395966448324e+01 6.593793907616888106e+00 2.724980060606921883e-01
1.248320499441588360e+01 6.086606658406624959e+00 2.798006264467702287e-01
1.451602035331329610e+01 5.614151089348302648e+00 2.919948007614674990e-01
1.687986754940457956e+01 5.251089188621679504e+00 3.046035712425485542e-01
1.962865313979848736e+01 4.977566170315791183e+00 3.293772541695078604e-01
2.282506204239212622e+01 4.662845008608213604e+00 3.409475591819007279e-01
2.654198703948356197e+01 4.180056643446668829e+00 3.483541436784584611e-01
3.086419106750792807e+01 3.838687730352042582e+00 3.372076911577878700e-01
3.589024020072655929e+01 3.695082530139444543e+00 3.610275957993563378e-01
4.173475140976228204e+01 3.059746362811998299e+00 3.387026367298348051e-01
4.853100635418410036e+01 2.682775538904088375e+00 3.440950055657490680e-01
5.643399081559962838e+01 2.502533480274469646e+00 3.401857019862571385e-01
6.562392908426893712e+01 2.260152698852786024e+00 3.791878107891467620e-01
7.631039389946440110e+01 1.908749433510444238e+00 3.474363979999902652e-01
8.873708566906488215e+01 1.556869348818258114e+00 3.466362919656146291e-01
1.031873899565105148e+02 1.502475469773522754e+00 3.793646319756321938e-01
1.199908399713074800e+02 1.325177817057096252e+00 3.608553255552613415e-01
1.395306314375044963e+02 6.288927708921605575e-01 3.463487278968803151e-01
1.622523612136071733e+02 5.001084512876128318e-01 4.950062368131989965e-01
