2.215918122067514417e+01 1.742528346887277380e+01
2.545231974853651735e+01 1.742528048347532632e+01
2.923486089717552616e+01 1.742527654408587878e+01
3.357953617278225522e+01 1.742527134624860707e+01
3.856988591617111695e+01 1.742526448731842947e+01
4.430186563423268353e+01 1.742525543603498051e+01
5.088569105284101113e+01 1.742524349078372126e+01
5.844795736828636024e+01 1.742522772449461499e+01
6.713407344665102983e+01 1.742520691203657179e+01
7.711105777643150816e+01 1.742517943322149065e+01
8.857074993557948517e+01 1.742514314367590345e+01
1.017334993237333123e+02 1.742509520215005736e+01
1.168524020873679063e+02 1.742503183833589731e+01
1.342181677063619247e+02 1.742494803817251992e+01
1.541647088177446960e+02 1.742483711296838678e+01
1.770755617589425981e+02 1.742469009882206521e+01
2.033912612860979152e+02 1.742449489642365990e+01
2.336178112701122132e+02 1.742423497999289239e+01
2.683364142467618763e+02 1.742388728952526122e+01
3.082146469027451303e+02 1.742341819106266598e+01
3.540192963822845513e+02 1.742277279373969279e+01
4.066311042335203183e+02 1.742181571637263460e+01
4.670617014944338621e+02 1.742066812176712176e+01
5.364730605497367151e+02 1.741989684798343418e+01
6.161998377831698690e+02 1.741762726926609872e+01
7.077750366344861277e+02 1.741466223395421764e+01
8.129594845158370617e+02 1.741445754450562688e+01
9.337756903759851639e+02 1.741015691196651716e+01
1.072546733932792904e+03 1.740400865946130438e+01
1.231940934344424250e+03 1.739498293644410154e+01
1.415023157217979815e+03 1.738096702689070128e+01
1.625313746497640295e+03 1.736342052397260716e+01
1.866856214387210002e+03 1.735625223399934924e+01
2.144294990863295425e+03 1.731100052162506131e+01
2.462964727763298470e+03 1.719903688367386962e+01
2.828992874606251917e+03 1.731305169120846443e+01
3.249417498496179633e+03 1.740161812508106820e+01
3.732322613574193383e+03 1.742427748577806668e+01
4.286993622162792235e+03 1.738805532889474392e+01
4.924095856457804985e+03 1.734917965025639219e+01
5.655879653805606722e+03 1.743530409812608184e+01
6.496415908796665462e+03 1.752832358344019781e+01
7.461866631421243255e+03 1.752120846357795969e+01
8.570795713637016888e+03 1.762391317576586758e+01
9.844525879834340230e+03 1.772773654842496072e+01
1.130754868471860573e+04 1.773982994667073143e+01
1.298799544213631088e+04 1.781439390764806419e+01
1.491817813996452060e+04 1.796212062221947292e+01
1.713521074189021965e+04 1.807934205559324070e+01
1.968172282260252541e+04 1.818799055419512101e+01
2.260667925832708352e+04 1.842007309821559602e+01
2.596632173388663068e+04 1.862844459740660596e+01
2.982525016978579151e+04 1.886402133674789283e+01
3.425766486323052959e+04 1.912858360638617228e+01
3.934879322723374935e+04 1.933496657838496091e+01
4.519652856145049009e+04 1.968529555040568368e+01
5.191331236537681980e+04 2.001863899326165352e+01
5.962829638743154646e+04 2.032589492401038811e+01
6.848982598226038681e+04 2.067612621860808630e+01
7.866829252678509511e+04 2.102834383999920931e+01
9.035940974186109088e+04 2.133456885163802497e+01
1.037879769173529639e+05 2.165898763330801202e+01
1.192122014007207763e+05 2.234246681700863846e+01
1.369286634628475294e+05 2.280506931436923423e+01
1.572780190066047071e+05 2.319162841997403390e+01
1.806515497710497293e+05 2.372858465447430376e+01
2.074986869799751730e+05 2.411938974701394045e+01
2.383356531011261104e+05 2.472697886254041322e+01
2.737553878816697979e+05 2.527215275790463522e+01
3.144389495198416407e+05 2.571690076889856513e+01
3.611686101969202864e+05 2.627195843654131124e+01
4.148428977732092608e+05 2.675332527970059004e+01
4.764938728729559225e+05 2.720781914617478847e+01
5.473069735656715930e+05 2.759705893321510217e+01
6.286438092216147343e+05 2.877171104268545321e+01
7.220683418265322689e+05 2.915346146122656279e+01
8.293769581755558029e+05 2.954471818212959988e+01
9.526330111808015499e+05 3.066834460404963991e+01
1.094206494460276328e+06 3.146220938313093995e+01
1.256819613079533447e+06 3.559163957258681421e+01
