2.204837723553217899e+01 1.877279274420158828e+01
2.508816446764902608e+01 1.877279075069960257e+01
2.854704405825697933e+01 1.877278816893349855e+01
3.248279584243458373e+01 1.877278482571341200e+01
3.696116570206147145e+01 1.877278049588088038e+01
4.205696383654806425e+01 1.877277488901470903e+01
4.785531445102824932e+01 1.877276762709823288e+01
5.445307773778569072e+01 1.877275822094364344e+01
6.196046790480593103e+01 1.877274603565896882e+01
7.050289428027105032e+01 1.877273024790386202e+01
8.022305624824906545e+01 1.877270978807453616e+01
9.128332701102536362e+01 1.877268326646076346e+01
1.038684659983103131e+02 1.877264887434652252e+01
1.181887052335315786e+02 1.877260425469333427e+01
1.344832612142923551e+02 1.877254632856031691e+01
1.530243309721989249e+02 1.877247106240285746e+01
1.741216390653714257e+02 1.877237314976207827e+01
1.981276114601646441e+02 1.877224556769356312e+01
2.254432627306731263e+02 1.877207893946319572e+01
2.565248949204139421e+02 1.877186057678256859e+01
2.918917199692220379e+02 1.877157293900749124e+01
3.321345330363512289e+02 1.877119088485228815e+01
3.779255816057641937e+02 1.877067593693447023e+01
4.300297952348814761e+02 1.876996106368808981e+01
4.893175635373117984e+02 1.876889068755287582e+01
5.567792758530001720e+02 1.876657608407845146e+01
6.335418654878361622e+02 1.876711863930797008e+01
7.208876348906668454e+02 1.876754513976654692e+01
8.202756762382217630e+02 1.876542381849576913e+01
9.333662452541857419e+02 1.876241591703528400e+01
1.062048495421792495e+03 1.875814888745089348e+01
1.208472035883959961e+03 1.875226176942046763e+01
1.375082840198858776e+03 1.874984464929113059e+01
1.564664105798905894e+03 1.873875058227574186e+01
1.780382746701606493e+03 1.873868610907198473e+01
2.025842296122910511e+03 1.872339967855259957e+01
2.305143102719803210e+03 1.869544306447332005e+01
2.622950826027325093e+03 1.868920430582101844e+01
2.984574375291483193e+03 1.865321215378050113e+01
3.396054593649384969e+03 1.857917911415074741e+01
3.864265169106640769e+03 1.836972567525161537e+01
4.397027458008065878e+03 1.854746562384765340e+01
5.003241139102929083e+03 1.907546634261854734e+01
5.693032880752607525e+03 1.909533892253392295e+01
6.477925504734213973e+03 1.910646875856414439e+01
7.371030472484909296e+03 1.908517225062334433e+01
8.387266909227961150e+03 1.907909300099582239e+01
9.543610824731174944e+03 1.909791330952486277e+01
1.085937869387656428e+04 1.909568356838195768e+01
1.235655013419326679e+04 1.910657478630914241e+01
1.406013507061209566e+04 1.908358188011089851e+01
1.599859152084950438e+04 1.906208711253019672e+01
1.820430098043538237e+04 1.907897570749120320e+01
2.071410934858869223e+04 1.917382753090517156e+01
2.356994243099070809e+04 1.929114558342360652e+01
2.681950630129634374e+04 1.931133125885839519e+01
3.051708422077129944e+04 1.929087858974814296e+01
3.472444342842484184e+04 1.944371853811634665e+01
3.951186694937141874e+04 1.954078993200815262e+01
4.495932765755626315e+04 1.960865951284377928e+01
5.115782420530906529e+04 1.964213222920614399e+01
5.821090113613940775e+04 1.973048773135698042e+01
6.623637857392970182e+04 1.993913349978341643e+01
7.536832038260901754e+04 2.009687273135286745e+01
8.575927367398928618e+04 2.031517861727351359e+01
9.758281707425782224e+04 2.053565924985660374e+01
1.110364603173662472e+05 2.078772422082629845e+01
1.263449436023961753e+05 2.115865691686528294e+01
1.437639918299523997e+05 2.152629051911112157e+01
1.635845864312898193e+05 2.188128025947202815e+01
1.861378261501560337e+05 2.229618921656728503e+01
2.118004579756575113e+05 2.277496619122317867e+01
2.410011706191866542e+05 2.330449713696561176e+01
2.742277556665798766e+05 2.390614548640587955e+01
3.120352560310032568e+05 2.467420284247697282e+01
3.550552378247093293e+05 2.546679735025260882e+01
4.040063405342738843e+05 2.635955302829232849e+01
4.597062817377106985e+05 2.753050530673671759e+01
5.230855168996618013e+05 2.912323190978469967e+01
5.952027824285893003e+05 3.214974771092003891e+01
