21.958562526556182 14.456964233882564
24.794737183300285 14.456653424600887
27.997233026771863 14.456255711009426
31.61336421356785 14.455746267203113
35.69655601123257 14.455092824040785
40.30713411121816 14.454253194801717
45.51321588974847 14.453171801456065
51.391716784208995 14.451774660026707
58.029486653419255 14.449961870398186
65.52459291054595 14.447595801546552
73.98776938585551 14.444481213405837
83.54405232502384 14.440328489726177
94.33462769348796 14.434675399510763
106.51891707919314 14.426678536008744
120.27693301117749 14.414257024235063
135.81193849182588 14.38373942807836
153.35345003512342 14.395293430569364
173.16062857824923 14.35678146667213
195.52610836434945 14.400560130296446
220.78032036498084 14.357522161729868
249.2963741171208 14.223774674617957
281.4955700997398 14.287556470360284
317.8536240906185 14.360075512713511
358.90769546299725 14.378044604064046
405.2643232591715 14.48529788799556
457.6083872897816 14.515917126373939
516.7132266514303 14.461784435716343
583.4520651551318 14.580091999434547
658.8109124665964 14.433395537436807
743.9031315617441 14.876055415183437
839.9858877192294 14.90485851072784
948.4787220698761 14.904297447946465
1070.9845241114413 14.827329889042
1209.3132130398049 14.742353244895753
1365.5084777681461 15.303743772085351
1541.8779706951782 15.466200836353387
1741.0274013097296 15.530394555785776
1965.8990333357324 15.567662572325524
2219.8151541802317 15.633695794025073
2506.5271589086155 15.532747852091592
2830.270973921097 15.892190050248143
3195.8296391682243 16.162089200859516
3608.6039735044965 16.439119243542848
4074.692367200668 16.586329191070334
4600.9808804813965 16.586661672923434
5195.244979217556 16.70734981679095
5866.264410831724 16.646755295438584
6623.952917610777 16.85312473905463
7479.504703829645 17.077420149120677
8445.559820613598 17.119641164992395
9536.39091195996 17.470222256717683
10768.114080933146 17.503513880350763
12158.926991402 17.50791668359747
13729.377723070394 17.773297221990394
15502.668351905842 18.018501279616135
17504.99774110926 18.101968733291045
19765.948607071212 18.19431293124253
22318.924578885606 18.44686504329347
25201.64370860388 18.50089626246714
28456.695723424753 18.82414800567444
32132.17125274727 18.791588191812476
36282.37232638266 18.998751863589746
40968.61464093268 19.59983235155744
46260.13344713898 19.844490505422037
52235.10644191967 20.029933540693232
58981.80877745446 20.159923984794645
66599.91725159684 20.13461512577486
75201.98294791898 20.884233547527504
84915.09408239544 21.372984892324553
95882.75362387371 21.608298617029952
108266.99942857932 21.82668263943053
122250.79821184254 22.277380044618766
138040.74872594583 22.774088090991626
155870.13408124988 23.211440855268926
176002.36830604993 23.965473140686854
198734.88806515868 24.885163248271475
224403.54703405141 25.817826976482458
253387.57785172234 26.649814319521322
286115.1949608893 28.687375481576588
323069.9211127535 30.588687093546863