21.921174455683733 14.958867228500765
24.673050402292255 14.95678402880141
27.770383260474198 14.954113070912431
31.25653998428899 14.950676825474591
35.18033160096813 14.946236287958717
39.596696632966434 14.940464165296474
44.567470313441504 14.932902223051677
50.16225036524435 14.922889944775719
56.45937146552734 14.909437512995101
63.547002039825166 14.890980770597652
71.52437874224617 14.86485467281406
80.5031959062085 14.825970280284515
90.6091694199574 14.76250105933423
101.98379692328935 14.629482229766754
114.7863389706769 14.495499179766748
129.19604889982526 14.601180700687582
145.4146826269112 15.457688289346411
163.66932350911796 15.438212482238725
184.21556182645642 15.409679585256463
207.34107340002825 15.359686574038498
233.3696474523455 15.221013164142082
262.66572010533747 15.372080720495045
295.6394769912999 15.336278404790335
332.7525964204161 15.008198090264546
374.5247135171556 15.674150248607596
421.5406958324226 15.672831487822997
474.4588323001105 15.38628783571707
534.0200501948074 15.698933909648385
601.0582891408391 15.98010824011405
676.5121774231562 15.989636657793698
761.4381740846102 15.991680280043989
857.0253608171927 16.093499439674154
964.6120907542296 16.227230618105708
1085.7047272697002 16.306749426091738
1221.9987351538443 16.30255446706192
1375.4024194707677 16.334352518847542
1548.0636444749516 16.508393055150112
1742.3999066885485 16.513118047344356
1961.1321832042322 16.528788065848612
2207.3230291367736 16.447901288294126
2484.419457640476 16.74470851165654
2796.3012028721682 16.57412491144574
3147.3350416481385 16.605972975785562
3542.435934373529 17.065092195184057
3987.1358413019493 17.55171456854496
4487.661177648366 17.526864742114395
5051.019992034219 17.66176923894743
5685.100088883855 17.84616310487928
6398.77946862188 17.941837078724276
7202.050631987285 18.011253728105263
8106.160488897064 18.062053863146026
9123.767830777437 18.02629020293871
10269.12057119355 18.063020579712852
11558.25523639226 18.205639710581284
13009.221498902116 18.587032345919063
14642.33489797226 18.67698360064852
16480.461285286743 18.883953223333634
18549.336978588603 19.023195497634585
20877.92910580827 19.13308730126948
23498.84118501374 19.52638417940678
26448.769618863986 19.54479292496351
29769.01749512094 19.56728325181303
33506.07288713947 19.63748968299469
37712.25975134393 19.6760991075348
42446.4705351584 20.27218302938406
47774.99075291727 20.641682481646185
53772.42707496204 21.078157928372597
60522.75192445852 21.389218904737568
68120.47920773775 21.719638784550362
76671.98764001593 21.84630390744513
86297.01019488729 22.02059307597139
97130.31053194872 22.268004174153106
109323.56987486608 22.63689648130923
123047.51075879154 23.13212580814087
138494.2873825402 23.401727058605957
155880.17603377005 24.048806952117857
175448.60325684765 25.7857829594451
197473.55416194836 27.165301102058752
222263.408596443 28.356888376688197
250165.25889028935 30.02385288290776