2.194089781673613260e+01 1.420658732872995955e+01
2.473721015160132097e+01 1.419464177515593661e+01
2.788990547222358174e+01 1.417858145605908859e+01
3.144440389528787705e+01 1.415656000038766038e+01
3.545191421730426384e+01 1.412548059055194649e+01
3.997017166731673399e+01 1.407960808038518685e+01
4.506426968434233515e+01 1.400654111254226208e+01
5.080759770275630416e+01 1.387067066014616046e+01
5.728289845606980180e+01 1.339866812953751207e+01
6.458346003141950575e+01 1.429534741840289769e+01
7.281445984840863161e+01 1.490941620787806343e+01
8.209447992467640631e+01 1.489053648447139544e+01
9.255721525826012908e+01 1.486434064982157643e+01
1.043533999389993170e+02 1.482655315765878257e+01
1.176529787380018206e+02 1.476772608538174580e+01
1.326475554607353331e+02 1.467223445676960125e+01
1.495531533365723078e+02 1.443350509030876694e+01
1.686133272130510932e+02 1.452184872857550602e+01
1.901026723914816330e+02 1.515778649769418784e+01
2.143307806548386054e+02 1.499354947251316972e+01
2.416467004814762163e+02 1.534442028511793943e+01
2.724439657018812682e+02 1.536096491037926448e+01
3.071662650451032732e+02 1.542958036708184544e+01
3.463138342546420176e+02 1.547489416971569653e+01
3.904506628634529761e+02 1.520734200192691965e+01
4.402126194543334350e+02 1.595448988698407966e+01
4.963166124643416879e+02 1.610105826277072794e+01
5.595709185107384656e+02 1.602693262211164438e+01
6.308868270361348323e+02 1.609705642076479393e+01
7.112917690344263519e+02 1.647380217278864833e+01
8.019441189998814252e+02 1.685444427133464629e+01
9.041498833474752246e+02 1.680327512513258270e+01
1.019381515730491969e+03 1.683683736465652103e+01
1.149299130323110603e+03 1.687220063042485663e+01
1.295774418682592795e+03 1.697875709902925223e+01
1.460917614755501745e+03 1.703766709023719628e+01
1.647107896506257703e+03 1.709556304894081080e+01
1.857027662156916676e+03 1.710464878863535176e+01
2.093701174847644324e+03 1.724836957328019693e+01
2.360538132462131216e+03 1.724549626397286772e+01
2.661382790317862145e+03 1.726690289967396907e+01
3.000569344419906884e+03 1.701768940970310240e+01
3.382984373171355401e+03 1.745286499839139793e+01
3.814137237122958140e+03 1.757642781685783717e+01
4.300239450994085018e+03 1.748847732300663793e+01
4.848294171458456731e+03 1.734653317668847450e+01
5.466197089923489330e+03 1.793115892466227024e+01
6.162850183841006583e+03 1.792459217302211272e+01
6.948289965336892237e+03 1.803334300699926018e+01
7.833832074806588935e+03 1.810618898779875252e+01
8.832234302601249510e+03 1.791282729419348385e+01
9.957880387418454120e+03 1.813993081758129122e+01
1.122698723933635847e+04 1.858380006287797315e+01
1.265783857290318338e+04 1.871622500127440603e+01
1.427104831617735545e+04 1.884427886553301335e+01
1.608985759058835902e+04 1.915417679674060025e+01
1.814046954013525828e+04 1.948075007309769546e+01
2.045242683372574538e+04 1.957577313996953805e+01
2.305903727924044506e+04 1.972686046462750653e+01
2.599785368104109511e+04 1.983772408743651283e+01
2.931121485411319736e+04 1.980519212086692704e+01
3.304685558910266263e+04 1.940809285804574458e+01
3.725859435586489417e+04 2.089285755886724161e+01
4.200710865310444206e+04 2.111281580318096474e+01
4.736080917437931203e+04 2.117741337386544132e+01
5.339682538436747564e+04 2.153997010159926262e+01
6.020211670435416454e+04 2.167962646629394641e+01
6.787472531551912834e+04 2.190670294621660830e+01
7.652518862885711133e+04 2.226916298683475404e+01
8.627813177084339259e+04 2.263607552866776018e+01
9.727406302739864623e+04 2.288523228320621072e+01
1.096713981126788276e+05 2.324063650323485319e+01
1.236487424258394167e+05 2.348371081906687863e+01
1.394074641756943311e+05 2.368020219347006616e+01
1.571745954436509055e+05 2.454250467201997310e+01
1.772061029798319214e+05 2.567224305344993240e+01
1.997905758539509843e+05 2.630298847310393029e+01
2.252533830880320747e+05 2.727644282425551836e+01
2.539613611689800455e+05 2.895727857022982477e+01
2.863280989728580462e+05 3.105677442351407436e+01
