21.93972623514147 12.968828857923889
24.73339690964365 12.965103590195945
27.882796536910632 12.960292014564901
31.433221468080056 12.954047139203682
35.43573581485677 12.945889153722778
39.94790588089923 12.93513712539093
45.034628111210644 12.920789675562213
50.76906246754659 12.901298050729803
57.23368465414329 12.874079492108049
64.52147232744079 12.834257412388418
72.73724235050338 12.769964376103982
81.99915832524701 12.616281956137906
92.44043008460838 12.59424095166166
104.21122958766216 12.558729465540306
117.48085077311478 12.46915650257111
132.44014443534493 13.649060265872558
149.30426314267987 13.591353941653738
168.3157556767922 13.479334720992421
189.748055499101 13.256879466383285
213.90941341716757 13.513323952415574
241.14733101279936 13.842167278505661
271.8535585957974 13.836772913874487
306.46972956659425 13.981722267279853
345.4937122242013 14.10324128433702
389.48677037456525 14.31267438743151
439.08163572703927 14.371938096120076
494.99160818049296 14.243688825848423
558.0208148842472 14.361015672138139
629.0757756251406 14.061071080279865
709.178440880313 14.306631410154939
799.4808900559616 15.027800142332833
901.2819013100036 15.291045420311239
1016.0456312747077 15.2757790351885
1145.4226733410621 15.41705479812019
1291.2737973763924 15.965737170932595
1455.6967123125605 15.876392063882108
1641.0562365186113 16.04609282524991
1850.0183098843088 16.223453875392266
2085.5883367945617 15.968558959965332
2351.1544114639137 16.48126082908785
2650.536047320993 16.634483027031482
2988.039111295019 16.674945309150253
3368.5177530986657 16.645218048601148
3797.444220207384 16.64767610476379
4280.9875626515895 16.759508506963517
4826.102359596143 16.99639572728966
5440.628743820304 17.27120439832729
6133.405162703746 17.539521435483437
6914.395497507496 17.58333335833864
7794.83236924734 17.566577168851396
8787.378692261478 17.715472511426583
9906.309799022292 17.8081348350248
11167.718755608741 18.148341941918588
12589.747820796425 18.23460118710305
14192.849377733874 18.33798905148951
16000.080091063966 18.61898323166295
18037.432520215785 18.78385174703618
20334.208958306725 19.07640610330425
22923.442873405962 19.305684208302587
25842.374013553206 19.362723575489795
29132.984008747404 19.491726047825175
32842.60017321973 19.553111342358708
37024.57619219864 19.82716265290037
41739.05948316799 19.957641732317107
47053.85626821895 20.08361863228548
53045.40679942892 20.22259793545794
59799.88476348119 20.497761990155364
67414.43667775078 20.595818538330107
75998.57910351438 21.073530301226477
85675.77377175279 21.45177290281684
96585.20327584815 21.81384531402824
108883.77287013861 21.978947035268313
122748.36716526884 22.077676728919407
138378.39417733683 22.306573068637537
155998.65332071335 22.571333279024458
175862.56859354203 24.78622389342318
198255.83345732483 25.32043996838805
223500.51983320032 26.874852273469333
251959.7103127016 29.20685335065294
284042.72020592476 31.82165202410227