2.195935433870504028e+01 1.426073935075564236e+01
2.479731722193819721e+01 1.426034377859311064e+01
2.800205014778654089e+01 1.425983676171375691e+01
3.162095340642113683e+01 1.425918592803332174e+01
3.570755316321345418e+01 1.425834883521644159e+01
4.032229314897254824e+01 1.425726935810988039e+01
4.553342866591866311e+01 1.425587240979821502e+01
5.141803613238033677e+01 1.425405591310684450e+01
5.806315309810263159e+01 1.425167792413021317e+01
6.556706559180744875e+01 1.424853443622824045e+01
7.404076184179639597e+01 1.424431705136452386e+01
8.360957387116299344e+01 1.423851927504331272e+01
9.441503124798005331e+01 1.423017269163241494e+01
1.066169544087530028e+02 1.421666396816558375e+01
1.203958185168880846e+02 1.418227565485143238e+01
1.359554228193319148e+02 1.421086475744459321e+01
1.535259049830750655e+02 1.417567690476568210e+01
1.733671449957101345e+02 1.405653592709639632e+01
1.957726089761661683e+02 1.426172779008557967e+01
2.210736897483270695e+02 1.425219544873338506e+01
2.496446083777202034e+02 1.421912849766225762e+01
2.819079491685052972e+02 1.420056203234014980e+01
3.183409099873240962e+02 1.412111771461050758e+01
3.594823603607673590e+02 1.401708039601695255e+01
4.059408117407666623e+02 1.425211208733077761e+01
4.584034178238272830e+02 1.413054182256595936e+01
5.176461380452616368e+02 1.397056073251070885e+01
5.845452145737598357e+02 1.384791213243669716e+01
6.600901325592546982e+02 1.426806569175159822e+01
7.453982553254036247e+02 1.509761052582899232e+01
8.417313509716479984e+02 1.520420825292041478e+01
9.505142548251000107e+02 1.547741733094811423e+01
1.073355943773261288e+03 1.538426470123860312e+01
1.212073334182010058e+03 1.575838535215988401e+01
1.368718155387078923e+03 1.572455836961781017e+01
1.545607296237152696e+03 1.591018781973533258e+01
1.745357073535662039e+03 1.597918445007323029e+01
1.970921929236002597e+03 1.611876023790318158e+01
2.225638128749357747e+03 1.602102893975968811e+01
2.513273106694326088e+03 1.611136830357094496e+01
2.838081189947251005e+03 1.628017976165125802e+01
3.204866522176988838e+03 1.636332156347403455e+01
3.619054120562959724e+03 1.691983622831296685e+01
4.086770115676110436e+03 1.693630636663598921e+01
4.614932361327965737e+03 1.694590323085956385e+01
5.211352754572219055e+03 1.716015013133939249e+01
5.884852779244752128e+03 1.741225397633830596e+01
6.645393982013692039e+03 1.757762454647911099e+01
7.504225310773424098e+03 1.774034714727720541e+01
8.474049494622795464e+03 1.788933522999373338e+01
9.569210926306237525e+03 1.823586751497725089e+01
1.080590782603337357e+04 1.837301265444775211e+01
1.220243182473167690e+04 1.845988914274772341e+01
1.377943851033961619e+04 1.870825031834610996e+01
1.556025293871335816e+04 1.888256566131680003e+01
1.757121462787166820e+04 1.898280779934562545e+01
1.984206713829041473e+04 1.909201661195582034e+01
2.240639800141765591e+04 1.943008064584606132e+01
2.530213550326638870e+04 1.966311788850010700e+01
2.857210967086937308e+04 1.979536428828073014e+01
3.226468575898654672e+04 1.994317775072423871e+01
3.643447960678620439e+04 2.016956079237614574e+01
4.114316544513638655e+04 2.047360610066930064e+01
4.646038810255371936e+04 2.071061920946230828e+01
5.246479310198735038e+04 2.098817456287378036e+01
5.924518988430582976e+04 2.136886055869705814e+01
6.690186536339347367e+04 2.158303873872010925e+01
7.554806724127475172e+04 2.178989612361921502e+01
8.531167902255740773e+04 2.211878030159527952e+01
9.633711150285482290e+04 2.231247237460995336e+01
1.087874387076536368e+05 2.260861579764548424e+01
1.228468098736880347e+05 2.269770048100044590e+01
1.387231731477497960e+05 2.332802613339556430e+01
1.566513512883852818e+05 2.402398545343866942e+01
1.768965148623054556e+05 2.466504342544796202e+01
1.997581043065663252e+05 2.533316042570744742e+01
2.255742588666225201e+05 2.633331057956997157e+01
2.547268179174117395e+05 2.789341910864460061e+01
2.876469686405834509e+05 2.959315372412173417e+01
3.248216235910555697e+05 3.212089719732024662e+01
