21.932179402986396 13.05244078722159
24.70884000067205 13.04188639181448
27.837031740478967 13.02721605655756
31.361259213275797 13.006007960530383
35.33166138586848 12.97325187348704
39.804724924987376 12.915721504651696
44.84408782960958 12.771290752631625
50.52144480484377 12.770765735992967
56.91756725807611 13.281606497753536
64.12345242879942 13.261240196890677
72.24161800072496 13.233560761774726
81.38756061454282 13.194966663423694
91.69139903150304 13.138983247295299
103.29972532500317 13.052135253663018
116.3776904369716 12.897551139378738
131.11135377012846 12.400313877346736
147.710330243628 13.077658013101706
166.4107724715796 13.70779695079664
187.47873049171844 14.537347216038993
211.21393684287577 14.600668773833371
237.9540708413157 14.609952715790797
268.0795627235323 14.544083479479163
302.01900600375086 14.400488823749052
340.25525504741023 14.554791807912006
383.33229461042725 14.696535813314378
431.8629790767541 14.711076567152361
486.53775149988553 14.585364217847324
548.1344664935792 14.692064869361715
617.5294567214512 14.673167966062419
695.7100004277102 14.667073547337889
783.7883673838212 14.87865453775198
883.0176430819171 15.088006298551829
994.8095563047755 15.180075106685685
1120.754563704109 15.079133456881504
1262.6444771292129 14.953779370722064
1422.4979556235899 15.185019237226605
1602.589224762607 15.0851456770881
1805.4804319204345 15.498940995032086
2034.0580977826492 16.379584012194677
2291.5741826979265 16.4234310843505
2581.6923521172703 16.426634698159734
2908.5400993363332 16.303919490526226
3276.767467087862 16.56021230735115
3691.6132034127368 16.55340019246981
4158.979293005116 16.584481542730547
4685.5149243845235 16.75689736224707
5278.711087490645 16.80189373381169
5947.007147534997 16.77655371358391
6699.910911329076 16.388146313917936
7548.133894265219 17.394500997292642
8503.743712385169 17.695485491335248
9580.335767608918 17.78096917827558
10793.226668678972 17.722132993433373
12159.672139607883 18.10683094990346
13699.112515799043 18.406134186686067
15433.449320499 18.504328198292395
17387.35685641734 18.74752861095855
19588.63324550889 18.900068566950967
22068.595911139542 19.00043826524692
24862.527129136248 19.1536926360721
28010.17598654818 19.147198372305787
31556.323889455605 19.335154114421762
35551.42166527114 19.783708621372213
40052.307323548455 19.83124486409733
45123.01468683726 19.944308341661138
50835.68439592563 20.486114662892263
57271.59025028548 20.7805864698809
64522.29548540284 21.141571164098497
72690.95543727955 21.193634821258364
81893.78512703373 21.550164574557847
92261.7126448347 22.076113787319287
103942.24185576336 22.185173434591185
117101.55092819929 22.588128948337747
131926.8565403692 22.954846870580536
148629.07740047644 23.380799900339262
167445.83497414843 23.781255974202125
188644.83411036668 24.193850563747155
212527.67166183592 24.815539574623767
239434.127284798 28.81215812292681
269746.9974632367 31.528341319797747