21.936170298171632 13.788023757971061
24.721824742226623 13.786692762024774
27.861226926940354 13.784992586374111
31.399298958243158 13.782817311967086
35.386667559704634 13.780028298830626
39.880388496772845 13.776442459321956
44.94476299499299 13.771815121049972
50.652257834438 13.765813964366684
57.0845422860992 13.757977138193965
64.3336567278927 13.747640233302324
72.50332966215595 13.733790759301126
81.71046198000649 13.714694175932735
92.08679971109002 13.686105726652508
103.78081919430774 13.647965433798348
116.95985164467064 13.62610353952933
131.81247751697916 13.548107725099522
148.55122492758244 13.392681367030466
167.41561074627867 13.236604723300882
188.67556787372774 13.492162837266035
212.63530774572615 14.002476012344674
239.6376733334082 13.840595857282121
270.0690449270108 14.171187420870378
304.36486890068403 14.320373978255924
343.0158885701509 14.748856556644782
386.57516630134893 14.924682445261743
435.6659973503041 14.838870192677273
490.99082867437903 14.72888628570074
553.3413103353016 15.035572748544865
623.6096233207832 15.099400123678965
702.8012458759652 15.04649944840002
792.0493410197628 15.130343101510704
892.6309711189072 14.930153372192787
1005.985371536092 15.395343748624892
1133.7345448321894 15.878071783498417
1277.7064702075904 15.910280834087864
1439.9612602895336 15.990024584054476
1622.8206395462178 16.15161551851156
1828.901166138085 16.135840396878308
2061.151672581981 16.255138216742118
2322.895460971423 16.258789292870595
2617.8778565297553 16.23984942771834
2950.3197999460654 16.3464188186753
3324.9782453533853 16.293505986643115
3747.214228191594 16.233934889850755
4223.069576946707 16.31582315390006
4759.353366444619 16.56911511855707
5363.739349770506 16.636093019175615
6044.875762979618 16.683510241590632
6812.509073809085 16.69591397906207
7677.623445126807 16.582550613589238
8652.597908717695 16.18994544203533
9751.38349842701 17.004175754166333
10989.702877281481 17.571997515733297
12385.275315078186 17.75916232413756
13958.070235674142 17.772180931842694
15730.592962017041 17.538092264507405
17728.206747679324 18.081691699397638
19979.495702885648 18.71526763181061
22516.67380818873 18.755883078034792
25376.045868422305 18.891655199885417
28598.52700277992 19.347486785096685
32230.228104469534 19.433220930081152
36323.11564736052 19.788579094268023
40935.755280880636 19.98016263862253
46134.149853357005 20.187822572925995
51992.68385518385 20.3821999091398
58595.187795974816 20.576156283621483
66036.13774600778 20.979168464488183
74422.00720635413 21.09906559763018
83872.79065177406 21.43548959602546
94523.72054694733 21.83936972194365
106527.20240504373 22.23013868253173
120054.9955776328 22.713007230537368
135300.6709811334 22.9577406622316
152482.3809277247 23.299838548410538
171845.98069458126 24.421335449706532
193668.5464983647 25.501961845857334
218262.34021411688 26.657797873589733
245979.2775702229 28.181859981499873
277215.9637554152 29.60154524048021