21.879625698351777 14.93843877253278
24.53813986536242 14.934090967299477
27.51968047138243 14.928257734419997
30.86349729043742 14.920245988957742
34.61360919460512 14.908845805131513
38.81938362986704 14.891669332928956
43.53618650197454 14.862969400794405
48.826111027595466 14.802233452048476
54.758795145526946 14.616517097427849
61.412338248587616 15.07166601762168
68.87432930428557 15.06266828328829
77.24299989870954 15.050173083461633
86.62851738261195 15.031124134910705
97.15443514299442 14.984594683273883
108.9593190919472 15.012455750795276
122.19857178426344 15.016125545949972
137.0464781769859 14.97887208663706
153.6984999617954 14.924142380091721
172.37384867342806 14.835279093621045
193.31837144718733 14.598792063213454
216.80778741441242 14.550435012393416
243.15131734065181 14.773548125623691
272.69575428804075 15.257598922838856
305.83002888913785 15.480387893854747
342.9903293306712 15.976746633854997
384.66584344798656 15.829563295388851
431.4051985206196 15.67698383428893
483.823683544132 15.992114539476125
542.6113490540702 16.415870671405365
608.5420911302324 16.444938752688827
682.483839165432 16.321112368640108
765.409981513187 16.7088585024692
858.4121794245275 16.629712980796636
962.7147379599098 16.788212044227055
1079.6907230586476 16.757632588148894
1210.8800369351466 16.822769906658984
1358.0096897511435 16.865612993084927
1523.016534425507 16.802725829891994
1708.0727638685307 16.5721736081702
1915.614506292927 16.886897035527504
2148.3738950376114 16.60015155994371
2409.4150350797645 17.927631684650137
2702.1743397076552 18.043188361803328
3030.5057683566656 18.0216230693398
3398.7315611311096 18.364193724455387
3811.6991378942685 18.419601573405817
4274.844910961014 18.419124281547063
4794.265851439867 18.455061568203696
5376.799751342384 18.539756787458224
6030.115238051091 18.585480436938123
6762.812726119786 18.578399485178927
7584.53763536189 18.804156416542156
8506.10736565915 18.80228492489081
9539.653700019979 18.672299535965664
10698.782510518282 18.708868023255572
11998.752869523156 19.112197514959828
13456.677924086125 19.118841540019975
15091.750177848555 19.37770931829519
16925.49414613857 19.58994955487942
18982.04971027488 19.56241816318683
21288.48990122694 19.38364578495554
23875.17729601809 20.009383902615866
26776.16371856628 20.19986226616103
30029.638506728097 20.160779496520384
33678.431246649554 20.639895906380804
37770.57559254925 20.644843042096443
42359.941594203614 20.713368968973455
47506.94485625746 20.810170139204608
53279.3418649169 21.996365420878845
59753.1219519115 22.354083957261242
67013.50763777076 22.7935783613224
75156.07652319325 22.983615980970526
84288.01949737754 22.991308564969923
94529.55182669559 23.56853850345417
106015.49569964623 24.34213499581992
118897.05506112092 24.943300467004658
133343.80610036044 25.961938605671733
149545.9295959024 26.805292139017094
167716.71450468776 27.81141529390822
188095.36575322266 32.25044747746082