21.941528487454665 14.259024298130289
24.739262957122435 14.258640525008925
27.89373274571944 14.258151254824934
31.450424688808976 14.257526989930732
35.460625586521296 14.256729663574589
39.982161749150876 14.255709937191005
45.08023284120757 14.25440349794
50.82835204778915 14.252725880003513
57.309406120289836 14.250565022603574
64.61685058709615 14.247770190515746
72.85605736397383 14.24413468455473
82.14583419642305 14.239367080526787
92.62013784406317 14.23303889572686
104.4300057108289 14.224475945433031
117.74573377470725 14.21248068143202
132.7593322223347 14.194302442761854
149.6872941982229 14.154809743298578
168.77371759343492 14.16069047206371
190.2938248892919 14.150024876868034
214.55793181156463 14.070909360714582
241.91592202236757 13.96283403223287
272.7622923739324 14.171079852724443
307.5418414758315 14.19109891210527
346.7560836036754 14.093067614068293
390.97048043658896 14.153014591279382
440.82259490370205 14.190508735792141
497.03128471652144 14.298076382783812
560.4070681561178 13.963999271694338
631.8638115877467 14.508010003211016
712.4319072345677 15.0943797047704
803.2731312313795 14.825443135246173
905.6973962085862 15.218580789011025
1021.1816399753727 15.521983091045193
1151.3911226731927 15.792399843429902
1298.2034395003486 15.916269749493939
1463.7355952664352 15.90506088288354
1650.3745311864197 16.11583544016272
1860.811544104732 16.171772278730714
2098.0810944678315 16.32660084660916
2365.604562648596 16.43846190036897
2667.2395845801557 16.39834005183765
3007.3356781093194 16.392020809389532
3390.7969621907264 16.446416992557715
3823.1528733201535 16.455659724527322
4310.637898924126 16.52440351638308
4860.2814774456365 17.113262887188704
5480.00936146758 17.235858331894278
6178.757905510253 17.40556751518701
6966.602926510593 17.539042351812096
7854.904995125871 17.520592884502
8856.47325293408 17.61839839887775
9985.750117742813 17.72669522391818
11259.019540420977 17.89767262321982
12694.641816276058 18.01208637020169
14313.318336910806 18.1410866701876
16138.390100229348 18.409154789398166
18196.17428304835 18.363120828781167
20516.343729624226 18.541261733861834
23132.35482824665 18.847365918825535
26081.92994579486 18.890689386085253
29407.601376868213 19.0788312016446
33157.3246511312 19.26971108858144
37385.17004264412 19.400977481199998
42152.10225260838 19.64023502518736
47526.85950839896 19.864082099549726
53586.94475531923 20.342964550055292
60419.7432338691 20.578815860113558
68123.78255777128 20.596962867409836
76810.15346283388 20.89753827487064
86604.11171356878 21.08776238073629
97646.88426674544 21.709072948504534
110097.70573640436 22.00899599814958
124136.11452575526 22.196283482884603
139964.54173573302 22.362435131363917
157811.23018176382 22.56042093144982
177933.5256103907 24.79678819166387
200621.58757445723 25.541397754575968
226202.57347694118 26.53230637343262
255045.35611652955 28.598903955785545
287565.8427610168 30.898157385561213