1.061961730982888524e-03 5.090910643586535222e+00 5.596251043212825493e+01
1.193563705161457787e-03 5.091531389650676864e+00 4.971390954115486949e+01
1.341474251581765888e-03 5.092320575010308659e+00 4.414385409828018680e+01
1.507714384975728655e-03 5.093325679400324546e+00 3.917590754603191527e+01
1.694555571217524169e-03 5.094608697776251027e+00 3.474170472970000390e+01
1.904550764096195250e-03 5.096251324203086241e+00 3.077993653745054203e+01
2.140569288272562657e-03 5.098362501053351536e+00 2.723538157937850457e+01
2.405836045052919033e-03 5.101089790175584504e+00 2.405793467838259048e+01
2.703975576677931057e-03 5.104637236193775962e+00 2.120154634936122662e+01
3.039061591210769596e-03 5.109294960811674002e+00 1.862290597520276947e+01
3.415672624720832162e-03 5.115491696093883434e+00 1.627949814812542684e+01
3.838954601317972302e-03 5.123897164551467931e+00 1.412608761672647617e+01
4.314691145842746572e-03 5.135650392001671172e+00 1.210674914886381792e+01
4.849382609948663797e-03 5.152992559534112615e+00 1.013088449654926748e+01
5.450334891370140281e-03 5.182021080208905062e+00 7.954015045987368637e+00
6.125759259981600202e-03 5.212114777117648146e+00 5.912759768888611767e+00
6.884884554647439925e-03 3.945626254546412248e+00 1.658873239520497123e+01
7.738083283894057335e-03 3.942750366887352698e+00 1.471346659931624679e+01
8.697013353413721864e-03 3.939019401167625389e+00 1.303833466991375012e+01
9.774777356931347444e-03 3.934140983833578353e+00 1.154000539726168206e+01
1.098610160694697170e-02 3.927694952722892374e+00 1.019731863611060696e+01
1.234753735158763271e-02 3.919055156095418990e+00 8.990830665169633917e+00
1.387768692694811914e-02 3.907242333419294056e+00 7.902234868143990454e+00
1.559745793501273597e-02 3.890620804822615852e+00 6.913463903943314115e+00
1.753034892018509594e-02 3.866190049724254507e+00 6.004933509378184375e+00
1.970277044784246590e-02 3.827596297056770958e+00 5.151055251565564319e+00
2.214440597205611511e-02 3.757511266797568972e+00 4.303745803283002047e+00
2.488861742328894733e-02 3.562224055425138758e+00 3.251556826051463567e+00
2.797290105792468035e-02 3.775800832967425968e+00 3.256379268079598877e+00
3.143939979824886266e-02 4.208439439557220219e+00 3.552122367724329433e+00
3.533547906337403122e-02 4.514636180382791686e+00 3.145353308615606025e+00
3.971437395912658791e-02 4.724061285793047738e+00 4.610621980890712734e+00
4.463591666994507628e-02 4.740052927657626647e+00 3.715939064224376587e+00
5.016735399170062920e-02 4.577469174172112076e+00 4.065027076973876774e+00
5.638426617601483698e-02 4.531799763772603740e+00 3.220742497541048799e+00
6.337159964094649101e-02 4.764395893608013743e+00 3.639504228966259802e+00
7.122482765876178568e-02 4.871322029347561866e+00 4.102420146243707322e+00
8.005125488015141233e-02 4.900299560255999332e+00 3.529542203414039570e+00
8.997148351960462809e-02 4.936166564814086222e+00 2.857417833852106348e+00
1.011210612355509242e-01 5.211549321928321987e+00 2.698594716975319496e+00
1.136523332215137461e-01 4.471422826775969916e+00 2.671362874955419908e+00
1.277365238148118753e-01 4.565456218844033742e+00 2.118251532963964401e+00
1.435660760654173251e-01 4.034293360344211266e+00 1.767759409811957783e+00
1.613572812322859873e-01 4.611236614072427464e+00 2.420601921786648347e+00
1.813532341359764266e-01 4.668004877454469792e+00 1.925663247255966937e+00
2.038271547487968682e-01 4.723207306997958987e+00 2.059474865532786581e+00
2.290861214079020214e-01 4.454632744347024165e+00 1.834375312299390659e+00
2.574752666610815588e-01 3.938757927406401738e+00 1.374316843383380116e+00
2.893824930762844971e-01 4.390648714273925890e+00 1.525237497583864510e+00
3.252437734505853051e-01 4.324270408748197347e+00 1.338485890150665103e+00
3.655491078393948712e-01 4.120857428141445844e+00 1.228512103580246428e+00
4.108492188013539992e-01 4.504488936025063950e+00 1.249034319379294100e+00
4.617630763411529893e-01 4.219848383559625660e+00 1.266644222062788927e+00
5.189863553693162546e-01 4.278540663054076099e+00 1.169271214846519857e+00
5.833009412396832349e-01 4.069687422145085165e+00 1.064064200607453881e+00
6.555856132460011754e-01 3.336171366180664233e+00 9.075211726263008316e-01
7.368280520544030487e-01 3.360180021939077832e+00 8.396076700708670071e-01
8.281383351384847824e-01 3.388629955352057799e+00 8.512838047371479311e-01
9.307641046154210285e-01 3.444808550056450702e+00 7.865775688172701452e-01
1.046107614732841196e+00 3.271992050370187144e+00 6.582955662555854959e-01
1.175744891939296544e+00 3.183290173615063168e+00 5.984430299378536988e-01
1.321447269336993191e+00 3.232707732674579226e+00 5.707588927241972199e-01
1.485205589758456401e+00 3.192844538517755737e+00 5.545632531783698527e-01
1.669257408172248658e+00 3.362898037025878750e+00 5.891472838327530548e-01
1.876117565104973739e+00 3.247479946370878778e+00 5.413945338930091777e-01
2.108612548827586863e+00 3.218655605721178148e+00 5.101041871003808570e-01
2.369919115822783695e+00 2.897508458939224152e+00 4.717068357572814508e-01
2.663607697234417149e+00 2.976979365649988107e+00 4.855867922892004862e-01
2.993691184394398519e+00 2.869516833500022734e+00 4.755656812224581809e-01
3.364679760020981014e+00 2.903353063101573373e+00 5.574922959657769850e-01
3.781642524288962637e+00 2.808466570444041910e+00 5.432156909289389546e-01
4.250276757815852235e+00 2.523108866439211617e+00 4.775324915744582621e-01
4.776985767957073747e+00 2.448588289926226125e+00 4.404075946948924902e-01
5.368966382083562472e+00 2.402375587778098343e+00 4.763672867410497780e-01
6.034307283329232163e+00 2.228371807935146887e+00 4.746379616298428972e-01
6.782099532444696877e+00 2.134956792937136694e+00 5.797313807010251452e-01
7.622560785901724145e+00 1.845358142756645004e+00 5.119270254173426959e-01
8.567174907535243022e+00 1.464836931301741085e+00 4.241179840509780585e-01
9.628848881343351707e+00 1.145759831729575851e+00 3.802907455105345447e-01
1.082208916946471966e+01 1.401683386294977796e+00 6.336255691232755005e-01