1.060012448900708639e-03 2.155931428669076499e+00 1.161232291847201559e+01
1.187240334748246046e-03 2.155686360755130426e+00 1.025883795291336575e+01
1.329738734592124123e-03 2.155370948985703805e+00 9.032667146681031767e+00
1.489340490314129163e-03 2.154961536399684352e+00 7.915452772982670027e+00
1.668098430455594800e-03 2.154423534532707407e+00 6.888380000330791120e+00
1.868311774093732577e-03 2.153703146368102672e+00 5.930000007304590426e+00
2.092555703840516534e-03 2.152707755148983271e+00 5.010760931528679407e+00
2.343714488337746756e-03 2.151243910971179396e+00 4.073854430439815211e+00
2.625018580276184538e-03 2.148588859787501359e+00 2.882793426349664845e+00
2.940086167100654235e-03 2.151437737767357916e+00 3.291475562243687314e+00
3.292969708834271418e-03 2.986141606209744559e+00 4.764370233372867602e+01
3.688208061600266666e-03 2.985624793250356124e+00 4.251600387457106933e+01
4.130884857264200197e-03 2.984974573605741366e+00 3.793509396710307158e+01
4.626693890086757202e-03 2.984155892767531792e+00 3.384202707410386068e+01
5.182012351402859665e-03 2.983124122559118963e+00 3.018412188149250142e+01
5.803982854285670914e-03 2.981822231904302178e+00 2.691427914073812744e+01
6.500605303212485080e-03 2.980176993665379026e+00 2.399036921494044350e+01
7.280839790377912311e-03 2.978093822989560380e+00 2.137468039818093857e+01
8.154721842126511078e-03 2.975449627325266189e+00 1.903341925155176995e+01
9.133491497826728284e-03 2.972082689925577892e+00 1.693625384585027760e+01
1.022973788142349238e-02 2.967777990906190322e+00 1.505588956993574534e+01
1.145756112517663100e-02 2.962245261510377592e+00 1.336766434579476304e+01
1.283275372827944252e-02 2.955084983756675499e+00 1.184914418444013151e+01
1.437300368302693587e-02 2.945733408509635609e+00 1.047968763263487446e+01
1.609812198118163590e-02 2.933368871788409216e+00 9.239920583618705052e+00
1.803029742676771213e-02 2.916741384042496943e+00 8.110999282029158763e+00
2.019438203274465451e-02 2.893835276354820962e+00 7.073373537875427886e+00
2.261821067238760016e-02 2.861119733997774084e+00 6.104263396847123602e+00
2.533295909679184055e-02 2.811575152868927674e+00 5.171209766702999922e+00
2.837354492339176290e-02 2.727747189757787627e+00 4.209254355834512573e+00
3.177907675308577762e-02 2.528550947902991730e+00 2.937923027777481266e+00
3.559335719259827668e-02 2.762217331484470240e+00 3.452887730656744925e+00
3.986544625204921366e-02 3.814901618910778502e+00 7.055397240414436055e+00
4.465029236425930442e-02 3.799598416216505736e+00 6.187207749366646858e+00
5.000943914208293151e-02 3.774185836977885788e+00 5.376514311237142962e+00
5.601181696421762141e-02 3.726314981246761970e+00 4.587709044122393109e+00
6.273462957101950954e-02 3.607957743810077389e+00 3.718601737768414850e+00
7.026434707389087042e-02 3.392241879300565088e+00 2.776808380766964568e+00
7.869781815051790641e-02 4.576809898084803763e+00 4.399637596119975846e+00
8.814351573122833350e-02 4.631246125109194978e+00 3.773165342680280254e+00
9.872293219872660397e-02 4.600724903863347315e+00 4.251864857745305315e+00
1.105721420465349825e-01 5.109565257869095767e+00 3.639512673103512341e+00
1.238435520953541646e-01 3.625851372495870084e+00 2.943527886538114924e+00
1.387078617789634927e-01 3.677294808116976732e+00 2.482141296780750128e+00
1.553562587132366613e-01 3.485345090685563640e+00 2.494255488397647991e+00
1.740028777881033606e-01 3.492038009140537191e+00 2.113591945870931355e+00
1.948875554117728837e-01 3.515433453323154822e+00 1.723109099649973608e+00
2.182789143328389136e-01 3.995968658450439470e+00 1.957567159549438385e+00
2.444778187178421325e-01 3.162923035703530505e+00 1.546783319319243954e+00
2.738212439241646257e-01 3.153071204283864226e+00 1.509970560416932006e+00
3.066866107420193055e-01 3.181060237774441468e+00 1.207828095687877745e+00
3.434966398533930709e-01 3.190965830033391626e+00 1.237877140484579641e+00
3.847247889469266879e-01 3.127496630117434506e+00 1.186195185510000583e+00
4.309013424219532706e-01 3.148748268004385231e+00 1.092390900170141288e+00
4.826202320086418474e-01 3.125501254157792896e+00 9.591625020547086544e-01
5.405466760323751618e-01 2.698340733925088664e+00 8.214587505344719265e-01
6.054257355800565232e-01 2.679182912643476300e+00 8.243271936363816277e-01
6.780918976194005854e-01 2.730163842125929996e+00 8.081133247064170577e-01
7.594798083311380399e-01 2.732617900279860290e+00 8.023782999400704830e-01
8.506362947083230264e-01 2.810724114189015133e+00 7.529952884879289599e-01
9.527338290468653215e-01 2.700480596621516849e+00 8.426899377417991222e-01
1.067085609510167954e+00 2.540557991084170464e+00 7.331630579085405275e-01
1.195162450736988458e+00 2.460420587985024721e+00 6.616528901647908967e-01
1.338611701742786764e+00 2.264804101372950740e+00 5.958932891258383879e-01
1.499278434440246111e+00 2.301043000762746260e+00 5.688734202496388281e-01
1.679229175309804756e+00 2.210519663774507482e+00 5.393274728043245814e-01
1.880778485461521932e+00 2.136001289388635094e+00 5.000638347304514619e-01
2.106518730966144837e+00 1.999239212507107011e+00 5.110695810553780305e-01
2.359353426367126971e+00 1.996941584560439242e+00 5.333557356359150958e-01
2.642534580244265463e+00 1.928838070213399369e+00 5.310626915214534671e-01
2.959704523174793156e+00 1.863192323244986515e+00 5.457406907603167268e-01
3.314942756091238785e+00 1.734109431394738499e+00 5.092901862427513526e-01
3.712818421608637287e+00 1.694190198425240323e+00 5.011577530468810382e-01
4.158449073217432179e+00 1.635539479901594095e+00 4.594804126592700322e-01
4.657566498242752928e+00 1.633590904581017300e+00 4.782780973478478748e-01
5.216590441197642924e+00 1.294405825140970245e+00 3.949750737146447421e-01
5.842711175774239152e+00 1.189422339329135880e+00 4.547248448587983827e-01
6.543981987529738475e+00 1.154304211180409823e+00 4.525130667092572834e-01
7.329422756797308480e+00 8.947029644817572347e-01 4.651103435786478335e-01
8.209135974125286950e+00 7.486812897079755391e-01 4.621123794248696015e-01