1.059158565300634142e-03 2.695425768795285837e+00 1.897497187324068477e+02
1.184475167598760112e-03 2.695422696092557580e+00 1.696727617307728337e+02
1.324618870697500707e-03 2.695418853015794092e+00 1.517197454214296215e+02
1.481343974618720347e-03 2.695414046335722347e+00 1.356659363160167402e+02
1.656612343129084189e-03 2.695408034338212744e+00 1.213103749290486775e+02
1.852617962086759631e-03 2.695400514607110498e+00 1.084733601882698792e+02
2.071814403461232686e-03 2.695391108681416625e+00 9.699419994364046715e+01
2.316945538817142321e-03 2.695379343016661267e+00 8.672919944147159299e+01
2.591079886729394377e-03 2.695364624847841561e+00 7.754986254305271132e+01
2.897649024085873024e-03 2.695346212154802856e+00 6.934128320727700157e+01
3.240490542105276418e-03 2.695323175746174638e+00 6.200070706795855102e+01
3.623896084787718228e-03 2.695294351757296702e+00 5.543624511786524067e+01
4.052665071136969145e-03 2.695258281772597631e+00 4.956572337604121969e+01
4.532164773641878842e-03 2.695213137400554793e+00 4.431565413857159541e+01
5.068397505071329037e-03 2.695156625018774843e+00 3.962031591778819717e+01
5.668075754617987738e-03 2.695085865210020692e+00 3.542093053688406457e+01
6.338706213935002033e-03 2.694997239697208613e+00 3.166492705102832161e+01
7.088683744892218357e-03 2.694886196348823759e+00 2.830528324516165029e+01
7.927396465327713609e-03 2.694746999647534835e+00 2.529993640996643833e+01
8.865343268243914415e-03 2.694572409643003930e+00 2.261125594176214193e+01
9.914265245537796922e-03 2.694353266170710359e+00 2.020557104757646982e+01
1.108729266140969991e-02 2.694077946069842522e+00 1.805274746953077880e+01
1.239910931524418683e-02 2.693731647775573723e+00 1.612580766667746701e+01
1.386613635143532641e-02 2.693295437491864064e+00 1.440058929400090015e+01
1.550673781706308693e-02 2.692744960030533541e+00 1.285543706470345349e+01
1.734145054056415031e-02 2.692048668221032059e+00 1.147092310710909402e+01
1.939324120898749948e-02 2.691165344955863681e+00 1.022959059816348315e+01
2.168779386189315789e-02 2.690040558708393537e+00 9.115714498944409883e+00
2.425383140070414001e-02 2.688601463752770648e+00 8.115071046540878186e+00
2.712347513812236877e-02 2.686748946394789783e+00 7.214702934657261757e+00
3.033264688839982376e-02 2.684345356499149737e+00 6.402656551516050065e+00
3.392151863177675364e-02 2.681194580121538440e+00 5.667642307835038196e+00
3.793501538192600719e-02 2.677008163974835320e+00 4.998501498392432296e+00
4.242337755123044146e-02 2.671344560200028528e+00 4.383153190274390987e+00
4.744278985350625089e-02 2.663492998131436362e+00 3.805877568350983342e+00
5.305608461669203413e-02 2.652232263000073420e+00 3.237151023879781597e+00
5.933352830947708628e-02 2.635055052960231237e+00 2.539135761872997499e+00
6.635370112750349492e-02 2.614543583457161979e+00 2.522666105698517125e+00
7.420448064968378221e-02 2.513380324102075569e+00 2.544443307096576401e+00
8.298414187791164354e-02 2.442929976643315015e+00 2.078233950865700397e+00
9.280258743031463697e-02 3.107126029478155527e+00 3.183587887028437979e+00
1.037827232874427158e-01 3.142565473899472828e+00 2.751332112146289699e+00
1.160619973127982874e-01 3.229384803431602169e+00 2.277607366756581708e+00
1.297941198067005808e-01 2.892728004695710453e+00 2.243114452144410187e+00
1.451509876311465330e-01 2.850218419752032606e+00 1.842958172972197772e+00
1.623248359916038552e-01 2.942806145014143837e+00 1.586294720672619230e+00
1.815306448114517579e-01 3.116302604875950788e+00 1.596738147957172060e+00
2.030088298217406773e-01 3.047350648329196332e+00 1.754452879081123129e+00
2.270282520529700587e-01 3.117310432321445557e+00 1.398715188393431896e+00
2.538895834012987462e-01 2.703642217291231109e+00 1.219817177145763321e+00
2.839290703988915920e-01 2.809731471136724501e+00 1.541406931321738005e+00
3.175227433027737467e-01 2.556090689191256260e+00 1.720066835580361220e+00
3.550911231910007237e-01 2.639525969531243632e+00 1.397453414873582656e+00
3.971044859889411027e-01 2.304704706927631186e+00 1.194609362130525376e+00
4.440887493200438296e-01 2.336755711260404933e+00 1.474605378921078014e+00
4.966320558718970157e-01 2.338507250082176192e+00 1.205608492459941505e+00
5.553921356872681958e-01 2.404280129419663847e+00 1.109001435866839635e+00
6.211045395402955416e-01 2.238537104994446025e+00 9.379004156403595305e-01
6.945918464621247956e-01 2.400439033083470619e+00 1.065321952301361730e+00
7.767739606745595049e-01 2.369462174720428749e+00 8.484109939311268445e-01
8.686796268273551114e-01 2.313986069238451737e+00 8.665634788394742660e-01
9.714593076853476061e-01 2.316646699833129208e+00 8.934847023892044104e-01
1.086399585466571782e+00 2.211952121860740306e+00 7.544274382508716625e-01
1.214939267105382914e+00 2.043004922025433601e+00 7.608887436002272908e-01
1.358687395044099411e+00 1.999534436692750994e+00 6.673752832134716151e-01
1.519443389009827783e+00 1.989114303494057268e+00 6.117807391171544706e-01
1.699219570908536037e+00 1.935444633290766880e+00 6.476696949651015167e-01
1.900266354799950985e+00 2.097851661896231512e+00 7.425283915820189984e-01
2.125100417278011022e+00 2.026378910623216179e+00 7.088224300592357308e-01
2.376536200889901362e+00 1.615026316935191941e+00 5.810679050251188471e-01
2.657721144949231729e+00 1.526847781863100773e+00 4.750661800440189597e-01
2.972175084757940233e+00 1.628719106307644271e+00 4.736484931981683189e-01
3.323834312431078963e+00 1.593377435877447734e+00 4.498247402789027349e-01
3.717100850871960738e+00 1.281638640838579812e+00 3.674834740245435105e-01
4.156897557702660784e+00 1.239525279779092992e+00 3.533892951239906988e-01
4.648729748933456030e+00 1.163276796043312133e+00 3.623288449440508763e-01
5.198754113768012886e+00 1.220966538539166368e+00 4.775542420530997645e-01
5.813855783210579276e+00 1.181873827331274107e+00 5.297877023166205346e-01
6.501734517209639463e+00 1.059721892754446726e+00 7.112202061692930455e-01
7.271001089217101310e+00 9.097944569909495183e-01 5.717812162950570709e-01
