1.061599524970286736e-03 4.760532543794846028e+00 1.062692578299386952e+02
1.192387577863990864e-03 4.760785748024298769e+00 9.459668227150257280e+01
1.339288594617776785e-03 4.761105784034364241e+00 8.420239147180848249e+01
1.504287677070932725e-03 4.761510491565958070e+00 7.494591758386408742e+01
1.689614489723383680e-03 4.762022592250538366e+00 6.670216499742539895e+01
1.897773389623132537e-03 4.762671097618770055e+00 5.935971847326059248e+01
2.131577268227205155e-03 4.763493166717191585e+00 5.281933551266254767e+01
2.394185562547719841e-03 4.764536582920429808e+00 4.699260229417328105e+01
2.689146949235037692e-03 4.765863098922845431e+00 4.180073457288500549e+01
3.020447298531387867e-03 4.767553024253490257e+00 3.717350666003346760e+01
3.392563536106026241e-03 4.769711633726541500e+00 3.304829295773465248e+01
3.810524140617323370e-03 4.772478317006626725e+00 2.936920741861979067e+01
4.279977094516999175e-03 4.776039982693236041e+00 2.608632656024281360e+01
4.807266206328909830e-03 4.780651300063513354e+00 2.315498090227180583e+01
5.399516835760060154e-03 4.786666379211826694e+00 2.053509710693580814e+01
6.064732180063833397e-03 4.794590500420710555e+00 1.819056689489254452e+01
6.811901422791720451e-03 4.805168988983438361e+00 1.608860470929091946e+01
7.651121206368502459e-03 4.819549713039990912e+00 1.419902300005423257e+01
8.593732069973280402e-03 4.839604406463806185e+00 1.249326948848359109e+01
9.652471696437830290e-03 4.868632824547698412e+00 1.094282492873261248e+01
1.084164703901724716e-02 4.913143749710311425e+00 9.515693660491026051e+00
1.217732765401520825e-02 4.988479728334412222e+00 8.165603532920354013e+00
1.367756285180496065e-02 5.146287876409294526e+00 6.773740514294178006e+00
1.536262560064981589e-02 5.357596945917934228e+00 5.314002845373170025e+00
1.725528647924260903e-02 1.982740266478788538e+00 3.053450581656691476e+00
1.938112137993772827e-02 1.779036975102160856e+00 1.865123290299636860e+00
2.176885712072899881e-02 3.563080480521099602e+00 1.039400093992098562e+01
2.445075963629490812e-02 3.558298171503161189e+00 9.211571395409595908e+00
2.746306999381177213e-02 3.551950273496254251e+00 8.151917683037078532e+00
3.084649412550086178e-02 3.543391109850248188e+00 7.199794967726081296e+00
3.464675289576005929e-02 3.531598255927895558e+00 6.340790463620580297e+00
3.891519993604351801e-02 3.514841749479896471e+00 5.560560032364858074e+00
4.370951559641157030e-02 3.489906157676069931e+00 4.843289263914297926e+00
4.909448639125216229e-02 3.449883821127980976e+00 4.167637274290240335e+00
5.514288047197486720e-02 3.375474288318829785e+00 3.491130734968331151e+00
6.193643095710878177e-02 3.143562935374046408e+00 2.584561116540879500e+00
6.956694040773453436e-02 3.453483238548579859e+00 2.824341009733530417e+00
7.813752137323995428e-02 3.504993582681522835e+00 2.513291248004825729e+00
8.776398977113439304e-02 4.406839309671987337e+00 3.583106460411423111e+00
9.857642992993238817e-02 4.483125882307919419e+00 2.983072113970709260e+00
1.107209524438335924e-01 4.604496770103806647e+00 2.958440617486023161e+00
1.243616685934293142e-01 4.043497860967070423e+00 2.807491846707409699e+00
1.396829080131643530e-01 4.033565116665427830e+00 2.449446624714233245e+00
1.568917095733227685e-01 4.093070338108004691e+00 2.079853403820222102e+00
1.762206191363085428e-01 4.078032377921353202e+00 1.767036838658493147e+00
1.979308319938414829e-01 4.280014867571180659e+00 1.739722645386098998e+00
2.223157224494301254e-01 3.706788489778271689e+00 1.367166026119707167e+00
2.497048082420521287e-01 3.697096639463377521e+00 1.300303173131609480e+00
2.804682033830662169e-01 3.519425875580468155e+00 1.197862986803540863e+00
3.150216195783996365e-01 3.497610371317085853e+00 1.285019214414942601e+00
3.538319838211992363e-01 3.449118796702443923e+00 1.127216755905118273e+00
3.974237480665593347e-01 3.026514745204795798e+00 9.164139745915041990e-01
4.463859762521815711e-01 3.101999935635037620e+00 9.465010736465531149e-01
5.013803044332458825e-01 3.232593220909889098e+00 8.848815276631409876e-01
5.631498815983373429e-01 3.212660104268934891e+00 9.260047198342508112e-01
6.325294119853992481e-01 3.135828548927618087e+00 8.171883705924789520e-01
7.104564346014703435e-01 3.069151952112010751e+00 7.501249749075916684e-01
7.979839923685387859e-01 3.050877542547346888e+00 7.748822328470752474e-01
8.962948620961290747e-01 2.749334136518545524e+00 6.339657137761964822e-01
1.006717537572989984e+00 2.604337945867001292e+00 6.874017174984851097e-01
1.130744181760495959e+00 2.627908147018169327e+00 6.242528292070639306e-01
1.270050790679220221e+00 2.591020917939440338e+00 5.858938954326049497e-01
1.426519841467174921e+00 2.528367384722058464e+00 5.908615014796639864e-01
1.602265730657309373e+00 2.737487668433761012e+00 6.407598004311138018e-01
1.799663346426628507e+00 2.658178181291208642e+00 6.062463588267336112e-01
2.021380160919263425e+00 2.603211794165747772e+00 5.323972124240996528e-01
2.270412276313241051e+00 2.512614508602544650e+00 5.063968598322354797e-01
2.550124911728447685e+00 2.438235540980689731e+00 4.855776203057147744e-01
2.864297878083180926e+00 2.234816188464164632e+00 4.313264714274145373e-01
3.217176655409831110e+00 2.178074276574746282e+00 4.072835860427450605e-01
3.613529762847315752e+00 2.306640650929061565e+00 4.810702504399256285e-01
4.058713196562091063e+00 2.091773411833024010e+00 4.528016555384137831e-01
4.558742806359811439e+00 2.001463098524369322e+00 4.349734237915912072e-01
5.120375589026766150e+00 1.785639895734176363e+00 4.094667135671386515e-01
5.751200996933768295e+00 1.533942847669154563e+00 3.741048051594753621e-01
6.459743495773290434e+00 1.486399078007684116e+00 3.988611436411742539e-01
7.255577757312362763e+00 1.343431932109380833e+00 4.249620162198861628e-01
8.149458043783202044e+00 1.127205292649419599e+00 5.123306868938466430e-01
9.153463532307856809e+00 9.520338586357861566e-01 5.371441905607071687e-01
1.028116154315387121e+01 9.590457286237540346e-01 8.069443422001860711e-01
