1.064235738959971953e-03 6.560450684421789802e+00 1.262011335890388892e+02
1.200959677199382649e-03 6.560664836366495223e+00 1.118303997340658782e+02
1.355248741851445594e-03 6.560937811072671266e+00 9.909528676433249927e+01
1.529359550666245775e-03 6.561285857963618184e+00 8.780953194416098029e+01
1.725838632411318997e-03 6.561729773025108514e+00 7.780807066069282030e+01
1.947559672168535424e-03 6.562296206936730769e+00 6.894462217541017424e+01
2.197765541589308952e-03 6.563019372485317859e+00 6.108955010106482320e+01
2.480115728838812404e-03 6.563943286997453441e+00 5.412796630123195740e+01
2.798739861935232564e-03 6.565124740800651004e+00 4.795805047643080599e+01
3.158298108311510290e-03 6.566637265050148109e+00 4.248956085136342153e+01
3.564049333998051995e-03 6.568576498925249751e+00 3.764251417253309739e+01
4.021928019316374156e-03 6.571067555532969173e+00 3.334601569893008133e+01
4.538631056045579204e-03 6.574275309261391698e+00 2.953722206469545242e+01
5.121715695549108535e-03 6.578419067674476040e+00 2.616042184172751561e+01
5.779710080442077014e-03 6.583794025888670021e+00 2.316622037402368051e+01
6.522237976425266336e-03 6.590803581407999268e+00 2.051081703511353993e+01
7.360159528602201739e-03 6.600009743107662530e+00 1.815536454672585265e+01
8.305730100968286567e-03 6.612215107840847317e+00 1.606540151655882198e+01
9.372779522243843142e-03 6.628602995453566571e+00 1.421035118825688848e+01
1.057691435968429253e-02 6.650992040470280919e+00 1.256308222971802913e+01
1.193574617930561084e-02 6.682335378665008818e+00 1.109953299516872605e+01
1.346914913103832573e-02 6.727801572624789728e+00 9.798413909093275365e+00
1.519955062622694100e-02 6.797458103953569974e+00 8.641035980614375944e+00
1.715225935889732461e-02 6.914457096984306439e+00 7.611378985046803436e+00
1.935583546840104890e-02 7.151214111664320860e+00 6.696005412781981470e+00
2.184250825740179786e-02 8.151701025943133061e+00 5.785304794078315105e+00
2.464864757470877285e-02 4.958302566882495377e+00 4.065069477017554611e+00
2.781529575735944976e-02 4.893960423964556661e+00 3.332001628430630191e+00
3.138876791208775746e-02 4.624430645588772926e+00 2.275566353398764452e+00
3.542132931583977240e-02 5.532897214822634524e+00 3.494306020888536146e+00
3.997195984293473725e-02 5.908211535825534710e+00 3.646967571292122567e+00
4.510721659931320182e-02 5.503012032115270458e+00 3.216314894496494770e+00
5.090220738068198386e-02 5.474384304554678948e+00 2.757467538719085010e+00
5.744168919226566583e-02 6.493302906910868089e+00 2.804314851884843307e+00
6.482130789701409657e-02 4.574107448367922046e+00 2.611347222387796041e+00
7.314899712324721137e-02 4.394423137625789622e+00 2.209279088061854690e+00
8.254655689203249658e-02 4.567795814158251311e+00 2.296019516382058256e+00
9.315143505315462424e-02 4.850747603738836844e+00 2.199805874893836055e+00
1.051187375847970618e-01 4.400401366754365107e+00 1.991420915740220066e+00
1.186234971593946447e-01 4.455055059826702468e+00 1.800274536823078586e+00
1.338632331554943100e-01 4.508879321497420989e+00 1.900664684479246302e+00
1.510608405581226887e-01 4.658832302390989888e+00 1.698894602919411412e+00
1.704678500004536690e-01 4.330725026371140096e+00 1.679361444889575505e+00
1.923681066278472018e-01 4.519733900923196934e+00 1.519138071071952201e+00
2.170819215909881028e-01 4.084983510285527863e+00 1.221066651356028210e+00
2.449707568874836539e-01 4.284731875818816427e+00 1.236976569150485483e+00
2.764425120719858353e-01 4.525159649755542191e+00 1.296198102707357469e+00
3.119574901577758519e-01 4.380369884767100430e+00 1.176845247633999003e+00
3.520351299665415157e-01 4.173216620617010264e+00 9.499562061301184412e-01
3.972616033930825297e-01 4.196864481207835951e+00 9.138507781839860789e-01
4.482983887018382463e-01 4.302162397389714066e+00 8.595649936846373462e-01
5.058919452474928136e-01 4.256720934373239729e+00 8.880968072761403764e-01
5.708846311212335545e-01 3.945048610624092067e+00 8.449016244760082506e-01
6.442270234031601817e-01 3.949777375082542008e+00 8.138388636612708948e-01
7.269918212157302495e-01 4.203865188848944889e+00 8.585446512885644976e-01
8.203895349230267975e-01 3.887430674889351234e+00 7.871945306128101949e-01
9.257861909446432058e-01 3.882918855832153238e+00 7.346802102084388775e-01
1.044723311133176402e+00 3.795036234384167262e+00 6.729685767078151803e-01
1.178940458931873270e+00 3.779870279696214475e+00 6.644130890525261623e-01
1.330400682070467244e+00 3.644384428073592641e+00 6.419112965194322395e-01
1.501319223921761203e+00 3.530242510532136446e+00 5.867028774829169402e-01
1.694195923448613250e+00 3.344791529652759277e+00 5.124847310453373161e-01
1.911851777619999915e+00 3.235217288409579783e+00 5.081720506289227890e-01
2.157470201054712433e+00 3.266261558363517281e+00 5.027231649049853646e-01
2.434643586352450484e+00 3.286226354368986247e+00 5.329829635391455378e-01
2.747425846099461388e+00 3.085701967158505088e+00 5.004965012614935871e-01
3.100391705023310518e+00 3.032290810266968339e+00 4.935996039580835548e-01
3.498703609498390321e+00 2.868429561211730316e+00 4.934159962224708984e-01
3.948187233014489372e+00 2.792126572913631311e+00 4.820073803224614317e-01
4.455416681944512902e+00 2.649622727565697389e+00 4.741889257267230540e-01
5.027810647823097945e+00 2.459420052350473895e+00 4.416015645884927565e-01
5.673740912450560003e+00 2.177702505066172911e+00 4.186698832718659946e-01
6.402654792807933148e+00 2.170762168802739200e+00 4.584815522544454791e-01
7.225213316651180939e+00 2.207127675113258913e+00 5.043084653639751114e-01
8.153447149728213716e+00 1.824800243216498696e+00 4.684421566258007430e-01
9.200932555195947771e+00 1.660585764371303341e+00 5.212643189485816064e-01
1.038298995880369446e+01 1.325214205209409357e+00 5.814303236753799453e-01
1.171690802403914589e+01 1.306686090663569999e+00 5.476517438261818693e-01
1.322219651453950462e+01 1.184979683959223484e+00 9.085319935838458427e-01
1.492087164211030625e+01 6.713547536307966634e-01 5.405433549666933679e-01