2.219085119441002973e+01 1.164450963727242794e+01
2.555684005058538588e+01 1.164298681183371897e+01
2.943339431412784535e+01 1.164094925113914769e+01
3.389795839924624232e+01 1.163821457083557931e+01
3.903972376999963956e+01 1.163452849181263815e+01
4.496141077545733111e+01 1.162952948916702489e+01
5.178132076008356677e+01 1.162268766795085995e+01
5.963569944567399261e+01 1.161318336236270454e+01
6.868145879964271217e+01 1.159957723966970633e+01
7.909931176617065773e+01 1.157626808749610881e+01
9.109738248475309774e+01 1.155865002666883967e+01
1.049153641198002731e+02 1.151999752446471703e+01
1.208293073649240341e+02 1.145264625169175332e+01
1.391571352849352081e+02 1.136838748923768350e+01
1.602649946690930562e+02 1.100532328750965760e+01
1.845745707806691485e+02 1.158536549574648689e+01
2.125715116342757938e+02 1.209772357991631075e+01
2.448151300981572547e+02 1.206294526641118381e+01
2.819495776465731183e+02 1.203846993471364435e+01
3.247167129875004434e+02 1.222248524476809273e+01
3.739709226504966182e+02 1.208092947636830772e+01
4.306961896151223073e+02 1.227083433922104128e+01
4.960257509708795851e+02 1.228930225686846178e+01
5.712647373223620662e+02 1.230566478603675407e+01
6.579162462215518872e+02 1.232353137811279709e+01
7.577113705129679602e+02 1.242445280345420855e+01
8.726437814872020908e+02 1.252675644772481789e+01
1.005009557732710505e+03 1.256810095046356146e+01
1.157453055372413019e+03 1.283337239725680945e+01
1.333019736064277367e+03 1.305237876708428857e+01
1.535217008144784586e+03 1.327545602338448916e+01
1.768084296377871851e+03 1.346152999742523093e+01
2.036273740137727827e+03 1.352087515754821823e+01
2.345143132184874503e+03 1.379437610449234519e+01
2.700862954733137485e+03 1.415043260220617327e+01
3.110539651135784425e+03 1.431166848971127159e+01
3.582357595868436874e+03 1.461719081563695255e+01
4.125742599034327213e+03 1.484720254641682757e+01
4.751550211826384839e+03 1.505700488259910230e+01
5.472282594845299172e+03 1.539036738976242447e+01
6.302338281791260670e+03 1.570730174889914110e+01
7.258299828219035589e+03 1.592362939636404739e+01
8.359265091900280822e+03 1.625870133009348351e+01
9.627228762993701821e+03 1.649627829243794253e+01
1.108752176609628987e+04 1.684644765814006817e+01
1.276931731239254987e+04 1.712950297245917142e+01
1.470621371163060758e+04 1.740806973103149957e+01
1.693690558713430801e+04 1.764969395142662023e+01
1.950595690314463718e+04 1.785721415989256400e+01
2.246469124775422824e+04 1.822388672400866128e+01
2.587221715718886844e+04 1.851193680934091290e+01
2.979660896499765659e+04 1.884629496620100753e+01
3.431626676673450856e+04 1.918640556916147233e+01
3.952148266901887837e+04 1.949691786368747159e+01
4.551624461293908826e+04 1.978443320012422646e+01
5.242031380793682183e+04 2.018315152390086809e+01
6.037161727840389358e+04 2.053491208187370276e+01
6.952900332043100207e+04 2.092595589251049049e+01
8.007541491623784532e+04 2.134552273173373749e+01
9.222154450362254283e+04 2.170124951870553787e+01
1.062100431141071313e+05 2.223894085157602518e+01
1.223203679684347444e+05 2.255128701503618416e+01
1.408743653729478829e+05 2.316600629236594244e+01
1.622427004499532341e+05 2.362813578382339585e+01
1.868522621529268508e+05 2.411291074542498336e+01
2.151946915013036341e+05 2.445729150804352514e+01
2.478362034088750952e+05 2.509982586459033627e+01
2.854288983227693243e+05 2.561266218336977118e+01
3.287237896528895944e+05 2.599215108564806442e+01
3.785858072491359781e+05 2.647561100549336999e+01
4.360110766605121316e+05 2.698838740810920100e+01
5.021468193749696948e+05 2.759356049374413899e+01
5.783142715998677304e+05 2.807471125044487792e+01
6.660350794462418417e+05 2.864951711548870961e+01
7.670616978304276709e+05 2.940894171263999013e+01
8.834124003914257046e+05 3.003185201373984725e+01
1.017411599839607021e+06 3.090460166893668514e+01
1.171736284242264461e+06 3.196658689319912483e+01
1.349469496933506802e+06 3.328585557974825093e+01
1.554161928451003041e+06 3.570902330183393047e+01
