22.190894821897388 10.366233297272844
25.556984168383288 10.365184675970376
29.433668404325612 10.363774895567236
33.8983985758207 10.361870059263712
39.0403741124001 10.359277742895308
44.96232491417213 10.355711864309304
51.78256375994804 10.350723571480513
59.637350040764794 10.343539106944059
68.68361204308746 10.332525285628769
79.10208216932458 10.311430496038898
91.10090773323438 10.288959373198594
104.91980946915888 10.28817771029306
120.83487083662422 10.277124276191833
139.16405380430697 10.125778343028138
160.2735513114659 10.313445611619297
184.58510332065427 10.42431347879803
212.58442262681132 10.404813797918996
244.8308987593038 10.373228539045384
281.968773848101 10.23867190380481
324.74001373317344 10.319223909922405
373.9991314649323 10.234774775782915
430.73025934972713 10.4652758213095
496.0668106173904 10.35372708678159
571.3141235250571 10.562475125732357
657.9755402966318 10.914515012386357
757.7824419207739 11.285275692000894
872.7288388631165 11.356707514888836
1005.1112087695935 11.504831655060622
1157.574377065734 11.885868505105307
1333.164357085875 12.060603709512947
1535.3892054084986 12.307994200525043
1768.2891082071503 12.53592420392544
2036.5170988499453 12.765253451254154
2345.4320193790054 12.9625342291469
2701.205583117772 13.18857734477347
3110.9456773761053 13.230509524695726
3582.838369678844 13.529308459191626
4126.311454615296 13.81526054522546
4752.222808760306 13.994607376435663
5473.077316750247 14.27493166394163
6303.276702411229 14.532253739754639
7259.407256236505 14.861373141473234
8360.571207629198 15.064566290875387
9628.768362291354 15.37670093832807
11089.335629371846 15.64301463584674
12771.453219546758 15.953731175828132
14708.72762720328 16.295971515582153
16939.86304394347 16.57016543480572
19509.43461736563 16.852819107887864
22468.77900381533 17.104261887900904
25877.02000717754 17.51927134380773
29802.249794622196 17.855883791296097
34322.88928843833 18.134025413136136
39529.254912794386 18.383915920590102
45525.36299696157 18.722699022989453
52431.007884600825 19.004085876571327
60384.15526700022 19.27029165708428
69543.69855590937 19.673193293218837
80092.6333646706 20.37659025520933
92241.7135195991 20.767304769088206
106233.66164390548 21.282884568648115
122348.01843608296 21.67890085047239
140906.72752495544 22.143569055913694
162280.5674794359 22.63572159904799
186896.55947608087 23.013260328723913
215246.49861988286 23.469188171571147
247896.7793628579 23.86855384232306
285499.71131935006 24.225105710776255
328806.5515531454 24.56727357142685
378682.51370432717 24.975666385687525
436124.0538184652 25.570744094022835
502278.77822624205 26.195232439046986
578468.3712067358 26.73944485638109
666215.0004988824 27.383442887895185
767271.7282084613 28.130152972019186
883657.5346804826 28.686531790981007
1017697.6550678235 29.35397069952739
1172070.0344676455 30.463134587373617
1349858.8297380279 32.12293797312348
1554616.0268906849 35.05758034808397