22.18840323909961 10.289553298131274
25.548754136207506 10.287280798098308
29.41801764095161 10.284214023314941
33.873266669268766 10.280047486067405
39.00324654269526 10.274331170899119
44.91014273065119 10.266371644154237
51.71161631069916 10.255022029572544
59.54314769166608 10.238144081230235
68.56073528488837 10.210713517693376
78.94400287914995 10.150272302784497
90.89977761596263 10.134598189262764
104.66620983585514 10.057262768307721
120.51751686001357 10.282974152568759
138.76944519995465 10.19662012429538
159.78555999847737 10.14564950113077
183.98448698298432 10.041798031306483
211.84825118561724 9.8419829013233
243.9318785314495 10.592541119596337
280.87445155139216 10.848711363820819
323.4118394415767 11.02806579945474
372.39135604274145 11.073537488487736
428.7886377159148 11.158208708672253
493.7270773094083 11.083856670448348
568.500201327613 11.440374581974298
654.5974360385314 11.59117092111647
753.7337757621763 11.950073728881327
867.8839443105702 12.05842073880272
999.321730050393 12.078099949761228
1150.6652781141302 12.229334612771563
1324.9292419476367 12.586775236811258
1525.5848330150309 12.766202851812555
1756.628964807378 12.986484015727479
2022.6638684535458 13.346189741334843
2328.9887658183284 13.417582906899561
2681.7054261492867 13.652868667556511
3087.8397088839797 13.821823613750977
3555.481513661939 14.120305665799004
4093.945925243871 14.417548725759982
4713.95876322773 14.564502442477302
5427.870232577101 14.724804008274816
6249.90093072507 14.953610335544456
7196.425111536276 15.193070586627677
8286.296848539285 15.424398972063038
9541.225594363776 15.802292329260215
10986.208617253447 15.98764241764754
12650.028928475636 16.259589514269663
14565.828618979587 16.533838792163106
16771.76902575282 16.821823924295003
19311.790877909392 16.96732195025137
22236.48956406758 17.397225074360378
25604.122955706673 17.68145713078291
29481.771861611505 18.04150837861317
33946.67622881358 18.29858464740569
39087.77370618005 18.551757572719897
45007.47121771863 18.941747264408317
51823.68483405076 19.20173430292335
59672.18857480962 19.57310305784402
68709.31892839921 19.93602269961613
79115.08896118177 20.36623139696455
91096.77404688447 20.60594863502829
104893.04064134831 21.153480633181662
120778.7003448103 21.625084318854043
139070.18394918338 22.11948735712407
160131.84450937618 22.549515638728668
184383.21499125048 23.059241048090804
212307.36506328738 23.42546554543552
244460.52349317633 23.819703016161526
281483.1578204717 24.23460048354098
324112.73200434016 24.798404537833385
373198.39616946795 25.2692279762733
429717.9010591848 25.614102405798576
494797.0741194158 26.209493582176336
569732.2451628916 26.917369363832016
656016.0683165448 27.39437057881087
755367.2546065112 27.855309570073892
869764.8074322141 28.692194441513912
1001487.4428752826 29.351850772501884
1153158.9800671954 29.40438132543584
1327800.605758782 32.211794284179746
1528891.0541638017 35.111957078722476