22.188413790714453 11.193961388900895
25.54878898706824 11.192853849176648
29.41808390913019 11.191363872026304
33.87337307152471 11.18934813604034
39.003403715446844 11.186598499331412
44.910363611498994 11.182799577567721
51.71191659148114 11.177438000699093
59.54354635595981 11.169556078597724
68.56125524514792 11.15667582743445
78.94467173132736 11.127807586877186
90.90062853258645 11.140415948604675
104.66728262219533 11.104341642038857
120.51885920224666 11.051624483290752
138.77111413926087 11.165587447529518
159.7876236708752 11.106874130774274
183.9870266715812 11.033704863078697
211.85136374000194 10.955447093699743
243.93567921835967 11.245962891968398
280.8790774117955 11.14254650087854
323.41745324217254 11.072349657361352
372.39815092492967 11.225483674606398
428.79684266286006 11.295680008955907
493.7369635723636 11.555547744836737
568.5120899766642 11.735495128610538
654.6117068309486 11.771439471497732
753.7508775542786 12.127064110410682
867.9044072772224 12.226676089580927
999.3461800208431 12.494284436735985
1150.6944533849487 12.634498267851454
1324.9640129942454 12.809756666806457
1525.6262255941606 12.96847421404864
1756.6781870254413 13.32965787332104
2022.7223424722993 13.645757744237294
2329.0581649815686 13.686824128063625
2681.7877184453946 14.065633870072123
3087.9372078118417 14.216067183648047
3555.5969377458196 14.329670248796617
4094.082467650289 14.611634335835937
4714.120173179123 14.796709465518513
5428.060910538704 14.95417586314305
6250.126039669523 15.227069258789463
7196.690706972588 15.523903220935676
8286.610030437745 15.712044341729907
9541.594684626623 15.953161876293986
10986.643366984365 16.325325666248236
12650.540760003483 16.5005756794994
14566.430908409147 16.703584553999914
16772.477432766984 16.924489719087852
19312.62373065424 17.148048348645034
22237.46830824017 17.43492262933825
25605.272678464476 17.729068610826506
29483.121902666113 17.938662195659496
33948.26089309975 18.25648828942915
39089.63309485038 18.520979781838978
45009.65219695833 18.98500130451872
51826.242164397336 19.28684628343968
59675.18622737256 19.609733507232956
68712.8316186882 20.001946281440713
79119.20393626697 20.34517303469951
91101.59316744092 20.746280316388155
104898.68280691278 21.076811881440342
120785.30431845356 21.449010812178233
139077.91164695186 22.1280860884833
160140.88483049153 22.425515234009303
184393.78827741262 22.845149398097817
212319.72828978236 23.457789269222207
244474.97631116802 23.91480415395071
281500.04958923283 24.238550975543486
324132.4699746814 24.915610056890948
373221.455005762 25.54959515089056
429744.8339177453 25.94579909334691
494828.5255362381 26.33575391964821
569768.9660447051 26.583116017208162
656058.9333766652 27.54492746372891
755417.2826421668 28.24395743951923
869823.1849040954 28.63567218851761
1001555.5513244644 29.45870571975338
1153238.4279909185 30.390874104140245
1327893.2656668078 31.25945174568048
1528999.1056534098 34.83763539080991