1.074382339835484217e-03 1.003192081733009999e+01 3.655608912987572978e+01
1.234212484465256263e-03 1.003082145011860682e+01 3.180720542946375673e+01
1.417819709362640960e-03 1.002935306321020725e+01 2.767094973081043818e+01
1.628741204257159753e-03 1.002738397233875389e+01 2.406756210046421174e+01
1.871040367775384395e-03 1.002472928920307105e+01 2.092750502408263458e+01
2.149385088738941726e-03 1.002112433987302786e+01 1.819009634151231936e+01
2.469137672954746336e-03 1.001618046775275594e+01 1.580229251361231135e+01
2.836458147935380994e-03 1.000930751786841100e+01 1.371758017133452512e+01
3.258422935713098118e-03 9.999568688077914658e+00 1.189491372385029422e+01
3.743161179976996038e-03 9.985385382318437308e+00 1.029757976335145031e+01
4.300011353873079561e-03 9.963868415139829793e+00 8.891695243666122295e+00
4.939701165513536371e-03 9.929054316271434644e+00 7.643421470353993996e+00
5.674554227071466721e-03 9.866015543571020174e+00 6.510998136419512861e+00
6.518727468937297181e-03 9.719616105769501857e+00 5.402797489202853853e+00
7.488483872716100546e-03 9.278645701887564101e+00 4.170962942856880851e+00
8.602505777261928305e-03 1.062776076256347402e+01 5.054335603064757265e+00
9.882254793583959002e-03 1.067324260546566883e+01 4.349168381242005665e+00
1.135238526237837033e-02 1.078647822659439370e+01 3.714680951979491219e+00
1.304121921943751650e-02 1.102047553035979277e+01 3.064561246607888645e+00
1.498129201913602285e-02 9.961621886336082810e+00 2.608889055156241810e+00
1.720997912742003311e-02 1.027150231900831301e+01 2.338543058986033429e+00
1.977021615945473432e-02 1.035192175874006715e+01 2.165639278639366339e+00
2.271132603344182960e-02 9.928074397655993977e+00 1.816866773274674163e+00
2.608996917570973600e-02 1.026182730361735373e+01 1.730360471817828927e+00
2.997123508275964521e-02 1.016456059300021941e+01 1.538871221811601853e+00
3.442989626918969981e-02 1.050208514500024570e+01 1.449270592182875905e+00
3.955184875878039324e-02 1.049543757338951622e+01 1.331941419695858997e+00
4.543576686977496282e-02 1.043287655729943708e+01 1.170041697109443835e+00
5.219500417376184143e-02 1.039518188234686313e+01 1.130318303607166897e+00
5.995977725009641462e-02 1.030072741581022910e+01 1.070963507273997140e+00
6.887967430584965300e-02 1.017362430089279535e+01 9.578125608075155339e-01
7.912653698980003092e-02 1.015367412553081650e+01 9.662304335873801442e-01
9.089777091856071634e-02 1.001204847170998491e+01 9.185328640515528775e-01
1.044201486920655203e-01 9.974670902156546504e+00 8.472301702120769162e-01
1.199541786634355650e-01 1.018751683104846251e+01 8.159529556041811293e-01
1.377991236274956899e-01 1.008187174278027953e+01 7.575227276623385242e-01
1.582987661128803514e-01 9.847164856745148853e+00 6.881053214487752312e-01
1.818480313459726327e-01 1.000070898342052672e+01 6.701714023995182234e-01
2.089005954779524776e-01 1.004721286218447140e+01 6.627928997859783289e-01
2.399776256473047376e-01 9.891303175768651812e+00 6.386130303422704602e-01
2.756778202549257650e-01 9.816905943758648334e+00 6.219111330714910402e-01
3.166889428775406246e-01 9.563381067958001580e+00 6.085275384474533311e-01
3.638010720200557380e-01 9.434285007248480071e+00 5.771260556548060139e-01
4.179218219630744802e-01 9.505183493284468099e+00 5.915138887049834482e-01
4.800938279349187265e-01 9.390409623509832215e+00 5.531877361937976856e-01
5.515148324596663709e-01 9.418316227559332177e+00 5.266743213608081620e-01
6.335607598443167010e-01 9.183478979129944264e+00 4.876295869681302464e-01
7.278122233346517866e-01 9.139955490175747599e+00 4.776314936560154267e-01
8.360849755996471178e-01 8.989040147471243358e+00 4.720562760690353854e-01
9.604648891724385518e-01 8.933298794355147621e+00 4.562810819768124415e-01
1.103348140745389117e+00 8.740474108989710444e+00 4.481719077178789590e-01
1.267487373468936251e+00 8.710546044103850249e+00 4.448047020298634968e-01
1.456044726570039582e+00 8.578112349644477774e+00 4.332211011204460949e-01
1.672652753904835476e+00 8.220894974865727178e+00 4.195741071228492047e-01
1.921484405040252419e+00 8.071687226085803246e+00 4.275073093183187622e-01
2.207333417048826796e+00 7.764526439809070979e+00 4.131892126777764740e-01
2.535706665763121315e+00 7.584116615434964181e+00 4.058888516133039026e-01
2.912930255634912591e+00 7.642325635075217782e+00 4.185733361005259390e-01
3.346271392018312696e+00 7.355384037506571993e+00 4.192613758506082422e-01
3.844078383744045091e+00 7.003761286830413546e+00 4.109902574445742918e-01
4.415941473131823614e+00 6.764697828335320295e+00 4.203719652740544044e-01
5.072877591828024002e+00 6.402178533900210411e+00 4.291657402982483327e-01
5.827542601786356968e+00 6.031469089628596514e+00 4.322874128366038793e-01
6.694475110210030167e+00 5.687692463419480760e+00 4.394832079049610929e-01
7.690376555545696213e+00 5.390525254527672061e+00 4.669088743850491885e-01
8.834432960380581790e+00 5.136461161216689497e+00 4.663121796500783733e-01
1.014868454980625501e+01 5.003022929115967798e+00 4.722690031944107858e-01
1.165845035593989465e+01 4.779498089100266967e+00 4.952451032108621809e-01
1.339281598860118194e+01 4.203904873996125779e+00 4.426113229885676459e-01
1.538519396903766179e+01 3.734114225836462797e+00 4.390530317766207502e-01
1.767396742151726485e+01 3.757116746343031721e+00 4.525995670520052694e-01
2.030322952349441223e+01 3.451171629590576106e+00 4.418366767351956659e-01
2.332363295984323415e+01 3.049343651807798761e+00 4.418834576376126089e-01
2.679336574587757980e+01 2.679354303444860808e+00 4.024494790775028363e-01
3.077927221837015637e+01 2.460042397082943477e+00 4.801639562782645809e-01
3.535814079044153146e+01 2.238082653079934925e+00 5.004216482270861244e-01
4.061818327889257318e+01 2.016344714391010928e+00 5.212314391662977719e-01
4.666073430319370630e+01 1.752110285312470817e+00 5.072853994337133132e-01
5.360220349502054660e+01 1.499833463765535946e+00 5.247652629233668931e-01
6.157631812761542278e+01 1.216199234728379874e+00 9.284198845713373949e-01