1.073993086973597244e-03 1.084190266999271657e+01 4.353001546718247994e+01
1.232929214760556356e-03 1.084168128357739214e+01 3.791237695669300933e+01
1.415385692000690815e-03 1.084138735734430448e+01 3.301796080010618795e+01
1.624843205219476125e-03 1.084099618345072891e+01 2.875338414736932080e+01
1.865297534424002583e-03 1.084047391427271556e+01 2.503727238775790198e+01
2.141335779816545826e-03 1.083977361309968046e+01 2.179870272248099283e+01
2.458223869007828636e-03 1.083882914346169812e+01 1.897584457482002307e+01
2.822007014087968280e-03 1.083754533861129943e+01 1.651476904725598516e+01
3.239625034954994945e-03 1.083578142771840014e+01 1.436840121084021327e+01
3.719044748901530542e-03 1.083332146380072203e+01 1.249558822175826656e+01
4.269411952029872337e-03 1.082981776451108225e+01 1.086025035735212896e+01
4.901225891815196717e-03 1.082467287900964870e+01 9.430562949321656063e+00
5.626539559195857000e-03 1.081676358294499884e+01 8.178057607853174815e+00
6.459189621123789284e-03 1.080368563787729030e+01 7.076320188536829647e+00
7.415060379953328576e-03 1.077913097219572336e+01 6.098000242062443732e+00
8.512386795170051590e-03 1.071877072458076796e+01 5.201699282001457370e+00
9.772102348145891848e-03 1.040195728941299080e+01 4.186435165631163358e+00
1.121823838606839790e-02 1.124915235357550714e+01 4.165167486433899668e+00
1.287838256325021455e-02 1.146589589512985796e+01 3.612558310224958991e+00
1.478420512541388059e-02 1.069824255702330440e+01 3.095499113185442575e+00
1.697206307677438797e-02 1.051948020577918719e+01 2.494343895057358207e+00
1.948369375549668242e-02 1.087566782793865983e+01 2.297308901296558403e+00
2.236701104873148327e-02 1.108927099436020391e+01 2.179147726139039953e+00
2.567701943646789192e-02 1.109746531274216075e+01 1.938428665237210469e+00
2.947686330123852616e-02 1.151219463396078169e+01 1.704979554545317244e+00
3.383903152115329271e-02 1.063865032390550702e+01 1.439524439682910772e+00
3.884674032604729793e-02 1.065754498978913212e+01 1.297172238046711445e+00
4.459552079721922774e-02 1.087715012075724275e+01 1.170957513646439851e+00
5.119504129518225033e-02 1.119575688405910618e+01 1.128896321094687183e+00
5.877119958152491469e-02 1.101861861653424057e+01 1.024342436031237868e+00
6.746852454588175840e-02 1.079345471477293472e+01 9.265956104014392292e-01
7.745293335528920242e-02 1.093298648046659416e+01 8.706967639347504839e-01
8.891489662352550227e-02 1.101968008364501195e+01 8.132042175132900841e-01
1.020730719817513898e-01 1.091700105538520482e+01 7.626322219520181855e-01
1.171784753673673629e-01 1.109280621947322665e+01 7.224155341243386763e-01
1.345192696059496484e-01 1.123378108101613648e+01 7.012806860576864532e-01
1.544262616371053498e-01 1.109008628499286964e+01 6.860772802574729434e-01
1.772792132537490684e-01 1.093054908179853513e+01 6.667444803480431226e-01
2.035140857435401851e-01 1.091111594521683870e+01 6.145959157663165584e-01
2.336313566370879502e-01 1.086914717366699179e+01 5.898019702911726503e-01
2.682055672199030738e-01 1.057102350816103709e+01 5.636540120552656630e-01
3.078962829441138083e-01 1.067596366478147907e+01 5.674935972928183414e-01
3.534606758295761875e-01 1.056744104589143696e+01 5.545687775689638332e-01
4.057679688863848333e-01 1.042996688814813311e+01 5.437799100742999325e-01
4.658160181122051879e-01 1.052100026527387833e+01 5.412400084348686358e-01
5.347503483959474835e-01 1.018772759821219331e+01 5.134648545425779531e-01
6.138860064719933174e-01 1.006315725876292433e+01 5.080209407829289203e-01
7.047326478095066182e-01 9.965416100696904422e+00 5.152823349135517983e-01
8.090233360145113739e-01 9.931155652641287190e+00 4.991752361150396111e-01
9.287476041452943365e-01 9.880281453740471065e+00 4.975323056729380466e-01
1.066189408645380032e+00 9.622408373001727355e+00 4.901862900463913042e-01
1.223970699933832229e+00 9.263843322942522107e+00 4.697666271568302632e-01
1.405101440840510474e+00 9.225389992943977546e+00 4.638971595988118368e-01
1.613037027078187968e+00 8.898928281757905623e+00 4.619073331044241115e-01
1.851744205150646083e+00 8.524101576630902954e+00 4.533449742581617814e-01
2.125776745199778883e+00 8.492047464813010649e+00 4.510009762257618515e-01
2.440362312387815535e+00 8.429248551027239245e+00 4.632383815751552336e-01
2.801502194043018257e+00 7.920495859442315378e+00 4.450113000559358101e-01
3.216085785044115575e+00 7.602683136340145253e+00 4.629430448949402588e-01
3.692022015458753081e+00 7.555817805390930175e+00 4.657899058758362965e-01
4.238390227655304265e+00 7.146145992277798342e+00 4.684604758126983959e-01
4.865613381141193905e+00 6.676098220627910251e+00 4.810544480670355116e-01
5.585656889322554441e+00 6.577662959785530283e+00 5.048542894759817656e-01
6.412256881355187232e+00 6.111430920497265440e+00 5.135591857047078213e-01
7.361182243593511032e+00 5.651516440136413522e+00 5.215218308669865577e-01
8.450535439550939998e+00 5.103533454873915076e+00 4.983873390849543616e-01
9.701097847055262235e+00 4.860631064961445702e+00 5.207166015691784278e-01
1.113672620052834183e+01 4.623282289381492660e+00 5.248910498688764692e-01
1.278480770124200738e+01 4.328417915658422821e+00 5.104899000485579874e-01
1.467678247759943844e+01 4.203569883872767754e+00 5.141691923642126572e-01
1.684874336231460390e+01 3.686100943784753170e+00 4.728652615587130570e-01
1.934212442832173195e+01 3.353771333089464513e+00 4.466788698959612280e-01
2.220449141847963404e+01 3.036341050101630579e+00 4.770813476723856916e-01
2.549044914794377448e+01 2.842810269432588743e+00 4.810872423008178411e-01
2.926268318954352310e+01 2.658230778965326113e+00 4.993528335791583284e-01
3.359315571419296020e+01 1.988376890793170260e+00 4.481849735120460587e-01
3.856447829914871051e+01 1.649626776668525308e+00 3.867846829841322664e-01
4.427148789290933451e+01 1.705736238061587473e+00 5.103183042449709328e-01
5.082305600113053146e+01 1.432339368353707121e+00 5.067486453938557789e-01
5.834416560704184462e+01 1.375524036508100956e+00 8.183281446443514406e-01