22.202992279656833 14.419064228119574
25.596960806955142 14.408802893802413
29.509734287171682 14.393993503745596
34.020617692349546 14.371828567737833
39.22103862087797 14.336627276197026
45.21640037259897 14.274300526650858
52.12821828657125 14.131004642598823
60.09658264126502 13.920311312776889
69.28299803580245 14.87641015553447
79.87365680146041 14.872387134673165
92.08321278967574 14.866680098269782
106.15913202453586 14.858351044825032
122.38670839975717 14.845630634495906
141.09484607942449 14.82459641938494
162.662725801489 14.783573042723322
187.52749019816162 14.636838081328204
216.1931039010026 14.844741974518023
249.24056800930776 15.012544582613838
287.33969595093214 14.998229458516814
331.26268941134333 14.969385374360728
381.89978949088584 14.946983890965432
440.2773203114275 14.914392357627953
507.5784907842623 14.954465212750925
585.1673761541755 14.969819231514746
674.6165653829933 14.997214726545732
777.739034736 14.943074600265103
896.6248935922346 14.88305890948631
1033.6837472510024 14.791184007510873
1191.6935353534868 15.176607284215542
1373.8568357875622 15.279798733744627
1583.8657752559993 15.209483595643725
1825.9768621300464 15.229438788335479
2105.0972583174776 15.301895358891038
2426.88423872271 15.199480014735066
2797.859854165679 15.664441965005622
3225.5431217732703 16.046327411988578
3718.6024221078646 16.379604168710785
4287.031191852247 16.359394654133332
4942.350473029673 16.512484400719675
5697.8424240722225 16.91725929726981
6568.819525592213 17.082480010925234
7572.934937179748 17.271408575822083
8730.540295607729 17.33740936229852
10065.098206378676 17.445209957573233
11603.65778908479 17.665257045046268
13377.402915041403 17.90017475916784
15422.284248997388 18.075817723800142
17779.747905285913 18.25650133685528
20497.57548698209 18.70111565031004
23630.852534169964 18.867491386450876
27243.085010045954 19.255484179705878
31407.48645404976 19.52064576676741
36208.46189033182 19.779368411467935
41743.31856774745 19.970242236885618
48124.23820504021 20.14513881379303
55480.550715123085 20.536355519139704
63961.35549281207 21.067321906008427
73738.54339486083 21.363427258146505
85010.2806624669 21.680427699654416
98005.02539917352 22.019460898820775
112986.15801104356 22.47008402252498
130257.31945990762 22.87054880795655
150168.5655266022 23.167857169062973
173123.46182018856 23.468347847137117
199587.26333639264 24.072342852950385
230096.34435039485 24.46980234813088
265269.0697711552 24.948257119028913
305818.32830032654 25.337889481455875
352565.9814206352 25.67203997397601
406459.5210690744 26.074098817733073
468591.2736163712 26.537284575001333
540220.5393832993 26.844853772593535
622799.1164225276 27.190482619393613
718000.7258877505 27.720161048839586
827754.9353900938 28.520633768878238
954286.2679080026 29.119172443048175
1100159.2889187892 29.58052294429351
1268330.58558795 30.712532437781807
1462208.6915421386 32.43319301765049
1685723.1717945612 35.09709129898261