22.20456698261075 14.810005634557356
25.60216657715436 14.809888443178611
29.519644943208487 14.80973226898482
34.036550576570406 14.80952397633097
39.24460397068445 14.809245870182167
45.24956009719858 14.808874005980364
52.17335587128046 14.808375784300173
60.1565862082226 14.807706451604103
69.36135895025575 14.806803861196151
79.97458663584577 14.80558032686154
92.21178195429255 14.803909308494482
106.32143395630655 14.801602162788225
122.5900538840962 14.798363756388714
141.34799308182383 14.793696491964608
162.9761511251873 14.786650339098543
187.91371038571506 14.774913729325144
216.66705408819251 14.750794765633916
249.82004895170445 14.725600782067897
288.0459012140743 14.742598793813112
332.12082678867876 14.793054554987993
382.9398131404687 14.79104380427905
441.5347929425781 14.812135503369609
509.09559854862437 14.786475927710981
586.994122783181 14.755663630570385
676.8121766605425 14.681701783329217
780.3736097119005 14.699166422371432
899.78134515777 14.676693266398548
1037.4600819635843 14.79286360781278
1196.2055308883535 14.821980577055168
1379.2411843158643 14.783706037492738
1590.2837726392167 14.47282868710375
1833.6187363590536 15.427971891987951
2114.187246435379 15.540696410233615
2437.686539932231 15.719661627063712
2810.6856083754183 15.904915581776446
3240.7585879964345 15.836020481637686
3736.6385604909847 15.892880207251295
4308.394887377368 16.090653225659306
4967.637678914389 16.467973649106426
5727.753549534019 16.731223117504694
6604.177447049466 16.901459810220096
7614.706075415044 16.923720457005516
8779.859275414849 16.9883746233703
10123.29670149304 17.137291797055443
11672.298255784703 17.603897241339407
13458.318035062708 18.085326443996372
15517.62303907282 18.25523159928099
17892.029609897796 18.613137368762445
20629.75255652215 18.836517926703984
23786.384206959923 18.757967976340602
27426.023268623052 19.334796612785567
31622.576419620862 19.545177219745757
36461.259061163444 19.83823503696574
42040.32570541611 20.061609760587203
48473.06513614057 20.50277614493366
55890.10085594603 20.748022059692737
64442.04353313831 21.100232243314913
74302.5493088744 21.300366428917677
85671.8460667482 21.691939769703257
98780.79926939974 22.102424071370006
113895.59992321304 22.44431004729386
131323.1698651291 22.63297797306518
151417.394131577 23.070077755257582
174586.30696429225 23.535790826431757
201300.377372388 23.992522750720028
232102.06249768296 24.378485824618643
267616.8227743611 24.54816676185091
308565.8225573017 25.1930596871033
355780.57411862386 25.81329250032261
410219.8223741104 26.26620699723075
472989.01320154406 26.640075991570686
545362.7406755214 27.0844365678033
628810.6290333283 27.65116082757065
725027.1749322634 27.983699076926374
835966.1559766629 28.40823661612447
963880.3042157535 28.923480697343876
1111367.050224207 30.13950876738584
1281421.266646802 31.252989773948237
1477496.0822200272 32.90119553364681
1703573.0011629574 35.08596432106125