22.204925291700725 13.2069723901413
25.603351169163773 13.206521979388281
29.521900320760363 13.205921880798712
34.04017672493518 13.205121782360155
39.24996761302575 13.204054017507184
45.25710809530191 13.202627225580525
52.18363116483464 13.200717410679978
60.17024675578388 13.198155095457565
69.37920021732154 13.194706414044102
79.99756827210437 13.190044398808716
92.24105941556016 13.183703557629801
106.35839595979114 13.175004054642498
122.63636674180991 13.162915697867513
141.40565314013813 13.14578809383836
163.04754675329164 13.120727533743585
188.0016952074795 13.0817237971162
216.77503344693815 13.008890355379318
249.95208194299116 12.929753489087354
288.2068210264101 12.863753664156365
332.31638256605584 12.707196799468619
383.1768371355425 13.40066816630863
441.82139737878595 13.573265976395085
509.44140736954887 13.588971817027803
587.4105443566007 13.446181187667156
677.3127245446259 13.241641614460534
780.9742798072216 13.338372975632764
900.5010589908428 14.732659291717962
1038.3212075099266 14.896880966341623
1197.2344942859584 14.875339991263939
1380.4691880902865 15.02432049953822
1591.747638714026 15.245611629965993
1835.3618952239653 15.44929397962579
2116.2608974633463 15.514413093264146
2440.15101206286 15.632821165064929
2813.611955316358 15.757928891100715
3244.230457854636 15.757188362003198
3740.754386469146 16.167115159217094
4313.270454017527 16.269771192724818
4973.409127526535 16.326074796040018
5734.580897130021 16.44705348244713
6612.248705564207 16.87313827694066
7624.242072531741 16.952405140449542
8791.119295262975 17.075219780207885
10136.58508325429 17.41365273082958
11687.972111289571 17.53451103169689
13476.796273328917 17.84485661504518
15539.396917056214 18.05294662433951
17917.67506523044 18.325573298586622
20659.944620553473 18.46054164837659
23821.913845988525 18.775942245880618
27467.817058964458 19.146493589200894
31671.719529444486 19.42022110809211
36519.022090414815 19.7409171856812
42108.19602643774 19.990552883453987
48552.78348393381 20.373229290585662
55983.7040408398 20.609186782317437
64551.91429281179 20.905519925128562
74431.47448455269 21.180058377828708
85823.08448382505 21.436379727251108
98958.16093024478 21.86787883502167
114103.53838473186 21.941584302734434
131566.88998185258 22.578965797422846
151702.97770374085 23.051401944411136
174920.859247764 23.413473405373566
201692.1978929722 23.739381119542635
232560.84417740986 24.278461223947602
268153.88403476763 24.72706752750711
309194.3778294745 25.257757822193113
356516.049079344 25.599371623355403
411080.2212621239 26.031051217045874
473995.346771354 26.348108437248765
546539.524745549 26.695480052336993
630186.4652126635 27.296708250792086
726635.4270025115 27.971855028526114
837845.737605525 28.366972139620454
966076.5962369175 28.604935541175223
1113932.968691818 29.654084813516874
1284418.5063295611 30.448644133874797
1480996.5642181074 32.95032559451949
1707660.558001225 35.343060130831006