1.074797639411063542e-03 3.550745967470816833e+00 2.254965424501904181e+01
1.235582291956126202e-03 3.549410050966065100e+00 1.958219090974364107e+01
1.420419569428986190e-03 3.547617295946832172e+00 1.699553272038730967e+01
1.632907630962122025e-03 3.545198956130017898e+00 1.473910559139877030e+01
1.877182903306680566e-03 3.541913567159944876e+00 1.276863179955433658e+01
2.158000603126974341e-03 3.537406536951949843e+00 1.104517877152046346e+01
2.480827305050073428e-03 3.531138704502867487e+00 9.534238873951379034e+00
2.851947357458586678e-03 3.522250552312084171e+00 8.204744535444426390e+00
3.278585217583633929e-03 3.509278759449979024e+00 7.027808244893655854e+00
3.769046087350161681e-03 3.489484093078915272e+00 5.974620621564464606e+00
4.332877587680758827e-03 3.456928912846890078e+00 5.011573173920541358e+00
4.981055618512012298e-03 3.394918013956759406e+00 4.083142089007930409e+00
5.726198022591841644e-03 3.208029799154366479e+00 2.967698884591778441e+00
6.582810212372180309e-03 3.513858598165418901e+00 3.008690970112190666e+00
7.567567541525146643e-03 4.103210717920617867e+00 3.582400814091595276e+00
8.699639917904882641e-03 4.191692892122967251e+00 4.609598788944722081e+00
1.000106497707597270e-02 4.216268563409680148e+00 3.865885761625700301e+00
1.149717708083986684e-02 4.263198484380785303e+00 3.036795863955433994e+00
1.321710049191548303e-02 4.316716448399600559e+00 2.889746737077586669e+00
1.519431632522365988e-02 3.789036055401776792e+00 2.976684593683013080e+00
1.746731431240709786e-02 3.763754623193858784e+00 2.461223857283440175e+00
2.008034206724538043e-02 3.688429222955635023e+00 1.802755222857814976e+00
2.308426643763865013e-02 3.790809443290877656e+00 1.782822635851875503e+00
2.653756371178148804e-02 3.801996657594167051e+00 1.879065966391378018e+00
3.050745795450541392e-02 3.868252341597509414e+00 1.660292091767517908e+00
3.507122963336398863e-02 4.430035100163985717e+00 1.932040852086710503e+00
4.031772000900192554e-02 4.531964212396077940e+00 1.848201458961847399e+00
4.634906057522102801e-02 4.145904855366840280e+00 1.530837722152445401e+00
5.328266121511490011e-02 3.935454549822566594e+00 1.391708379294857911e+00
6.125349577597498374e-02 4.223343036591380439e+00 1.402669979803538247e+00
7.041672955541197765e-02 4.462732917430849433e+00 1.380145982552083428e+00
8.095073984699618919e-02 4.118561717638598019e+00 1.182600174838057905e+00
9.306058834526509393e-02 4.055272868653228002e+00 1.222159527045124650e+00
1.069820130061262253e-01 4.406298873163033925e+00 1.172346328400018178e+00
1.229860170707301747e-01 4.218828103026080356e+00 1.002799952144926232e+00
1.413841445856489909e-01 4.133757673377072450e+00 9.465315749263814027e-01
1.625345451159671550e-01 4.068321876466857390e+00 9.414840910869316515e-01
1.868489457108179486e-01 4.114906167890813649e+00 8.836076735512325975e-01
2.148006658420483772e-01 3.949551219566165283e+00 7.837584727956316000e-01
2.469338313398682372e-01 3.845193008295833881e+00 7.158373936733978260e-01
2.838739666897720504e-01 3.843169680987346570e+00 7.058418337482406102e-01
3.263401718870718726e-01 3.793456372346056149e+00 6.107421679505683487e-01
3.751591208913792608e-01 3.794132237247945572e+00 5.846809269187984714e-01
4.312811541837894280e-01 3.718905195220205240e+00 5.185366101986426113e-01
4.957987786946423947e-01 3.821991755988906281e+00 5.452219598880843066e-01
5.699679352331377125e-01 3.544403374081087854e+00 5.027086102145110758e-01
6.552324474240114327e-01 3.601921371078532275e+00 5.025657860630653451e-01
7.532521280897115368e-01 3.525809293137136091e+00 4.787746209918441465e-01
8.659350902146527584e-01 3.484698194003835958e+00 4.533071450245470535e-01
9.954748914771780477e-01 3.428710634992942374e+00 4.379022552728721318e-01
1.144393235428133870e+00 3.561226268159706443e+00 4.439253973097680994e-01
1.315589060564162249e+00 3.473831179678977144e+00 4.186102689639589758e-01
1.512394972894598677e+00 3.220529204658041600e+00 4.065063637733432045e-01
1.738642120553949511e+00 3.338414179473685461e+00 4.376799842439982324e-01
1.998734773350113070e+00 3.144830759256293184e+00 4.338166573218632527e-01
2.297736059060905056e+00 3.243973926588114232e+00 4.261144731588099588e-01
2.641466525475777871e+00 3.059294844949345116e+00 3.887997298597795082e-01
3.036617446853643543e+00 3.099567778873126844e+00 3.794013049580334807e-01
3.490881080491851307e+00 3.038314810437785951e+00 3.820064676336105691e-01
4.013100409062920093e+00 3.025306445320044446e+00 3.728554928209155128e-01
4.613441283697882866e+00 2.812753403186594614e+00 3.539844052578907663e-01
5.303590318862180908e+00 2.632170509055986596e+00 3.340951903259321010e-01
6.096982391370705301e+00 2.648272522080662217e+00 3.631944707966188735e-01
7.009062172181408812e+00 2.540150855257436557e+00 3.401707963695969617e-01
8.057584782110509991e+00 2.467294170627992944e+00 3.456240313380713469e-01
9.262961424223263407e+00 2.371673191313239393e+00 3.334339034777866750e-01
1.064865672119856121e+01 2.226649175888696153e+00 3.706527642791384580e-01
1.224164549248737544e+01 2.033161775791830994e+00 3.774623396888063809e-01
1.407293786317766049e+01 1.811211243560487238e+00 3.197474791309820596e-01
1.617818292666620650e+01 1.521847657749174632e+00 3.135004608823471761e-01
1.859836271241623251e+01 1.425968035477102269e+00 2.805812889723132142e-01
2.138058996801518674e+01 1.414312239930982429e+00 2.791132328679082897e-01
2.457902528566199507e+01 1.307439501823147943e+00 2.966771203570935933e-01
2.825593142644673961e+01 1.264220986512113454e+00 3.228573739556691025e-01
3.248288536656493619e+01 9.608283039026951355e-01 2.780973023120762444e-01
3.734217165992340881e+01 8.925672912054036789e-01 2.440406108885127823e-01
4.292838424121342911e+01 8.817298344921180586e-01 2.740463157235484282e-01
4.935026785116120607e+01 8.054128277749220688e-01 2.604422625948876746e-01
5.673283493030231739e+01 5.644059984914436834e-01 2.897961546780095099e-01
6.521979919007061710e+01 6.695398050696889092e-01 5.111947788709119145e-01