1.075579371316603017e-03 4.273562925257722966e+00 4.107271555507313110e+01
1.238162596687035402e-03 4.273944900736897701e+00 3.566573626438646727e+01
1.425321697977713613e-03 4.274454464197538606e+00 3.096659634323829735e+01
1.640771533691850765e-03 4.275135738190165569e+00 2.688198157164735846e+01
1.888788495673068965e-03 4.276049292304807459e+00 2.333075113933094968e+01
2.174295389779075469e-03 4.277279230463284954e+00 2.024231254025809790e+01
2.502959147011256814e-03 4.278944119046479422e+00 1.755519597334611959e+01
2.881303304535761615e-03 4.281214507238918721e+00 1.521579201840061835e+01
3.316837489194290108e-03 4.284342390159686431e+00 1.317721158686148009e+01
3.818206473579580703e-03 4.288713765256170873e+00 1.139821108977406361e+01
4.395361763239839792e-03 4.294949611062206074e+00 9.842080004653935177e+00
5.059759120789244537e-03 4.304119657092398299e+00 8.475251234012375789e+00
5.824585947514645048e-03 4.318259907078545012e+00 7.264920862840808624e+00
6.705023035700002909e-03 4.341909726445705608e+00 6.172850409170133723e+00
7.718545887103096109e-03 4.388779343753404838e+00 5.127419747263529892e+00
8.885271578354309030e-03 4.526677845990869642e+00 3.784715458520428566e+00
1.022835805809291232e-02 3.939727638569488821e+00 4.726453692493175041e+00
1.177446380135645579e-02 3.937078436396908465e+00 4.025566667884218575e+00
1.355427694474969913e-02 3.934352704948958390e+00 3.383872561043810290e+00
1.560312440502032230e-02 3.939589220398214131e+00 2.731177734327447482e+00
1.796167307123269080e-02 3.872781026933787007e+00 2.298353499825766644e+00
2.067673698826894002e-02 3.785731261675447712e+00 2.022479804583344087e+00
2.380220655317318718e-02 3.998543485623892391e+00 2.112564075796048879e+00
2.740011816764670663e-02 4.216276384878423933e+00 2.666997175157382216e+00
3.154188557786945235e-02 4.386727502993912786e+00 2.221249695287832449e+00
3.630971734210067248e-02 3.908173122009805045e+00 1.920222855634537318e+00
4.179824856089973950e-02 3.767274128570965441e+00 1.500390422015004610e+00
4.811641925763556621e-02 3.962423635590560433e+00 1.386424082469184693e+00
5.538963669263195083e-02 4.124316518230525475e+00 1.201127745187234197e+00
6.376226453000030658e-02 4.328635202929989489e+00 1.178527654054232432e+00
7.340048826380105029e-02 4.626189233320743277e+00 1.232518285243162426e+00
8.449561377842061682e-02 4.175412844239884791e+00 1.083153764366494798e+00
9.726786451518767973e-02 3.824434189360812475e+00 1.001508244488360511e+00
1.119707526139205461e-01 4.176372946257702168e+00 9.874002090313995783e-01
1.288961107907345971e-01 4.314623216366602065e+00 9.397091543863860252e-01
1.483798848281724370e-01 4.185924240568904331e+00 8.694319952641325067e-01
1.708088016508589879e-01 3.904712554732090002e+00 7.698574063334064910e-01
1.966280453390875926e-01 4.010455223336042430e+00 7.587993809554968161e-01
2.263500934389690578e-01 4.178205824028990101e+00 7.930100924266759721e-01
2.605648889581124727e-01 4.104427933519448679e+00 7.101274417056286925e-01
2.999515499473818236e-01 4.285604278196244010e+00 7.368058876618265307e-01
3.452918490883092884e-01 4.203219713465371044e+00 7.050644295768973002e-01
3.974857308379929899e-01 4.054889099841124001e+00 6.353127991570621802e-01
4.575691741261052048e-01 3.911134043144970818e+00 6.154957239918017464e-01
5.267347551547216788e-01 3.691799596083371604e+00 5.690103005785317469e-01
6.063553184451193623e-01 3.543002432395128576e+00 5.039167150969263709e-01
6.980112259702411226e-01 3.508320362512453272e+00 4.811333891773802995e-01
8.035217252317652381e-01 3.481772861441232880e+00 4.747824321701131778e-01
9.249810588962638080e-01 3.352162127303498274e+00 4.613305763508904755e-01
1.064800032718554945e+00 3.477442896897079638e+00 4.439151350820272901e-01
1.225753866820088911e+00 3.325418613212427488e+00 4.428905403971664101e-01
1.411037280106404390e+00 3.366889742268663444e+00 4.196068628707344539e-01
1.624327901175867339e+00 3.300509608807871587e+00 4.025719318344362363e-01
1.869859264341646732e+00 3.242272420188637039e+00 3.935385684033531062e-01
2.152504839640582368e+00 3.274363743542393124e+00 3.848289117330477294e-01
2.477874764712542976e+00 3.270537319024092948e+00 3.648569716193031942e-01
2.852427198549043474e+00 3.242863077029221053e+00 3.680840832161499931e-01
3.283596507334476833e+00 3.165093523628657923e+00 3.723649493796451493e-01
3.779940826697942846e+00 3.098061835797630614e+00 3.703344225531332579e-01
4.351311929289527924e+00 3.002510885941597873e+00 3.450017653558166697e-01
5.009050769325804175e+00 3.066166330403856222e+00 3.763657367065716963e-01
5.766212585402985091e+00 2.817560932331589996e+00 3.655502026326303278e-01
6.637826029568271835e+00 2.745559883191444062e+00 3.605843470382018578e-01
7.641191466015779810e+00 2.650719827476688994e+00 3.710034668089493559e-01
8.796224360238309004e+00 2.514824074091287276e+00 3.600463643724068907e-01
1.012585057445150838e+01 2.294885725053444681e+00 3.816654314748898491e-01
1.165646141537732916e+01 2.023979328055494520e+00 3.514888583265023403e-01
1.341843746647825952e+01 1.864454511808319781e+00 3.339441798445055287e-01
1.544675160201341413e+01 1.717272672193442373e+00 3.469640610618682230e-01
1.778166315194122404e+01 1.787345227588469809e+00 3.468442195478360635e-01
2.046951699591588891e+01 1.774059607854851839e+00 3.938521278747496024e-01
2.356366344732757057e+01 1.718234608529520369e+00 3.931394497104716002e-01
2.712551718585763894e+01 1.468842961678500592e+00 3.549046166906687505e-01
3.122577625694733428e+01 1.199028753201386355e+00 3.464399462837919885e-01
3.594582533369330690e+01 1.095028824383843968e+00 4.148243024096293086e-01
4.137935109404722311e+01 1.098684437433844918e+00 3.768123893503941835e-01
4.763420177640142583e+01 8.214682171497067475e-01 3.137693703560061054e-01
5.483452782325868924e+01 6.752346440143828232e-01 3.251355627017016303e-01
6.312324610190802332e+01 6.111419929813689533e-01 3.351364115140266775e-01
7.266487661359889216e+01 5.535917906334280048e-01 4.939495659031859498e-01
