1.075318269588089936e-03 3.566685729291201312e+00 5.177140559339393633e+01
1.237300492231757513e-03 3.566579769670718658e+00 4.498465314388965908e+01
1.423683156302532789e-03 3.566439138232865957e+00 3.908501261296187579e+01
1.638141859851365532e-03 3.566252339854381503e+00 3.395612974775813342e+01
1.884905880299005002e-03 3.566003953433402263e+00 2.949684526025019338e+01
2.168841578780076728e-03 3.565673202126624197e+00 2.561919718624679376e+01
2.495548368228908513e-03 3.565231933795133479e+00 2.224668195056654696e+01
2.871469137765672759e-03 3.564641714025423180e+00 1.931273887704830727e+01
3.304017311029901292e-03 3.563849541861526138e+00 1.675942661283360380e+01
3.801723044141633399e-03 3.562781347036225732e+00 1.453626247496294610e+01
4.374401446417458539e-03 3.561331753920210286e+00 1.259919654941805156e+01
5.033346141273054193e-03 3.559347229714635130e+00 1.090969017589727130e+01
5.791551984470203959e-03 3.556596761951475560e+00 9.433859963901484846e+00
6.663971331869731653e-03 3.552717190417563842e+00 8.141624863685763103e+00
7.667808910471862749e-03 3.547101906146531203e+00 7.005728418416206971e+00
8.822861107809613218e-03 3.538646182928017581e+00 6.000307933207169597e+00
1.015190637072216698e-02 3.525059731158056486e+00 5.097943803609116920e+00
1.168115441244836107e-02 3.500452676406442976e+00 4.260416533601940614e+00
1.344076308672213782e-02 3.440509425581328884e+00 3.382597969397695525e+00
1.546543312199290254e-02 3.420441329402138742e+00 2.799895139190610838e+00
1.779509244435056869e-02 3.823757791148437946e+00 3.632538368500995318e+00
2.047568358448771317e-02 3.864588855889661723e+00 3.017974405042395780e+00
2.356006969692144709e-02 3.931518307368248699e+00 2.389721988934746744e+00
2.710907705881526741e-02 3.247897374136706983e+00 1.806130114028600797e+00
3.119269460721555559e-02 3.434529589127919724e+00 2.198812817814643328e+00
3.589145417042598207e-02 4.172934245976049006e+00 2.491029511814878195e+00
4.129801861265940816e-02 3.956758724775518044e+00 2.453241435086041200e+00
4.751900921130387118e-02 3.938209483231866148e+00 1.918656748811575108e+00
5.467710830397566613e-02 3.984660556976869383e+00 1.756005066502909440e+00
6.291347867104769842e-02 4.001960045650636566e+00 1.589687238927268043e+00
7.239054736558869774e-02 4.082266130515865399e+00 1.642011952377299577e+00
8.329520888981026272e-02 4.155636486721125067e+00 1.573165883891687100e+00
9.584251088692820331e-02 3.772621245562755465e+00 1.607971186574146394e+00
1.102798950328903738e-01 3.898306084228637225e+00 1.500873765203834420e+00
1.268920767613573031e-01 3.922131081469179215e+00 1.181144560382074271e+00
1.460066600535662729e-01 3.924025154246483016e+00 1.108466596918543212e+00
1.680005980207083804e-01 4.105819848023426921e+00 1.134877668402809014e+00
1.933076266860763726e-01 4.329523583729532277e+00 1.005512228986030543e+00
2.224268185664277642e-01 3.874947468621983138e+00 9.079309482637654138e-01
2.559324247352423587e-01 3.725191526831281408e+00 8.018273112319230789e-01
2.944851994603272516e-01 3.570758555382701260e+00 6.899836104289299721e-01
3.388454307456378323e-01 3.560105948654295638e+00 6.706915480466103530e-01
3.898879337488226349e-01 3.486495134284732789e+00 6.149484761216106321e-01
4.486193027552967116e-01 3.465353249087292475e+00 5.575477936136813417e-01
5.161977619299852327e-01 3.429137868139694234e+00 5.408928814177917932e-01
5.939560063176074767e-01 3.510327943392109074e+00 5.005229316613705182e-01
6.834274835321967334e-01 3.354631990960200927e+00 5.008294367701421335e-01
7.863766344293721122e-01 3.311914630181373553e+00 4.494473009909059624e-01
9.048336891288243367e-01 3.260584157946000872e+00 4.371571883746886433e-01
1.041134704589205207e+00 3.247050113462071508e+00 4.108406197270785820e-01
1.197967633304736879e+00 3.270877088405075739e+00 3.987620393274113328e-01
1.378425331630840578e+00 3.322134845874067821e+00 4.080856544161712285e-01
1.586066553100487830e+00 3.266251909219876737e+00 4.044677889937404736e-01
1.824986129562637949e+00 3.079168045644117946e+00 3.698146093819535407e-01
2.099895724164484001e+00 3.057445681993877340e+00 3.765225069749684739e-01
2.416216748683479132e+00 2.971270966974957961e+00 3.703714855187179023e-01
2.780187277604678098e+00 2.938229174945434785e+00 3.507026261130535838e-01
3.198985067364690682e+00 2.847816440447901609e+00 3.363104230891184598e-01
3.680869106788784428e+00 2.701187990148180340e+00 3.083376244768776253e-01
4.235342490195961318e+00 2.663744213040924347e+00 3.168829344268344061e-01
4.873339825144901383e+00 2.578544017309227332e+00 3.261647025152343282e-01
5.607442870634177012e+00 2.697342362234697255e+00 3.480331027139695887e-01
6.452128658294649100e+00 2.648651840403516644e+00 3.457415622249214726e-01
7.424054989699599538e+00 2.441850913278058144e+00 3.167860044936914865e-01
8.542388940001597319e+00 2.203673735537103440e+00 3.321731009897142539e-01
9.829184846220307747e+00 2.200270241287425765e+00 3.550553331571092430e-01
1.130981923437788339e+01 1.982002252414575505e+00 3.461563446682260348e-01
1.301349126255275834e+01 1.752086784302165023e+00 3.287758135575859497e-01
1.497379854894314377e+01 1.645929676129076480e+00 3.109657906014826056e-01
1.722939974067723057e+01 1.491677488782369831e+00 2.943968998019129701e-01
1.982477688969581919e+01 1.306489674841397441e+00 2.972188766175099528e-01
2.281111267029950795e+01 1.391334306884113303e+00 2.618548067303646532e-01
2.624729973771130176e+01 1.243987590814978450e+00 2.711785796038737040e-01
3.020110213291995649e+01 1.118415529777798678e+00 2.744054403366259498e-01
3.475049163752936465e+01 9.940372454746349007e-01 2.682552307866538643e-01
3.998518543247756440e+01 8.223859840530882703e-01 2.501904875756522650e-01
4.600841538434379174e+01 8.226033568439825583e-01 2.543399028357764546e-01
5.293896385082139489e+01 9.025830442308390156e-01 3.464185566473356737e-01
6.091350615288196479e+01 6.847702902118184554e-01 4.502536069087668125e-01
7.008930590883906575e+01 4.661166925293788177e-01 4.686238753655068145e-01
