1.075568221109348983e-03 3.691424201327206500e+00 5.375765288850522694e+01
1.238125775411310107e-03 3.691329270616225955e+00 4.669375408631674418e+01
1.425251700126242346e-03 3.691203289400179166e+00 4.055640186211258680e+01
1.640659171349473497e-03 3.691036020309605092e+00 3.522380801786215443e+01
1.888622561400710165e-03 3.690813788735369805e+00 3.059015145346451447e+01
2.174062256024778244e-03 3.690518281294247860e+00 2.656347732347590096e+01
2.502642290562319665e-03 3.690124887779504981e+00 2.306387078194362772e+01
2.880882742503962368e-03 3.689600385229805823e+00 2.002186875087235407e+01
3.316289110655256701e-03 3.688899652727801737e+00 1.737707766488885142e+01
3.817501248208302490e-03 3.687960919769823320e+00 1.507696888119584955e+01
4.394464805027944315e-03 3.686698724943968664e+00 1.307582634907538832e+01
5.058628581115153303e-03 3.684993164142413846e+00 1.133382301713233353e+01
5.823171707370717806e-03 3.682672858489361101e+00 9.816202827523296648e+00
6.703265161651306842e-03 3.679486733149954780e+00 8.492542805730966649e+00
7.716372809431827975e-03 3.675054602063751563e+00 7.336061692479185936e+00
8.882597942682455422e-03 3.668774475518620015e+00 6.322919606484913579e+00
1.022508219339860955e-02 3.659632621474222525e+00 5.431392473214226690e+00
1.177046473750263667e-02 3.645765099147464827e+00 4.640616404595773403e+00
1.354941090118942648e-02 3.623253135275199099e+00 3.927879366458530086e+00
1.559722065895444154e-02 3.581678303960379672e+00 3.259526930668167566e+00
1.795452909784879536e-02 3.468151621054480493e+00 2.516080195648443318e+00
2.066811274740975451e-02 3.458263493177535342e+00 2.143264537981062645e+00
2.379181777542818677e-02 4.007019925764893742e+00 2.637145666611586670e+00
2.738762846792198308e-02 4.192934580777650133e+00 2.493086221465870000e+00
3.152689719537124513e-02 4.208966071549704147e+00 2.255542111916015280e+00
3.629176027167430041e-02 3.975865926575005815e+00 1.886671071922975562e+00
4.177676780098904530e-02 4.036177114640545405e+00 1.912883340809360622e+00
4.809075985382717244e-02 4.062024323833329120e+00 1.583631137409976963e+00
5.535902620172841737e-02 3.729873177603165946e+00 1.518046391428993225e+00
6.372579246654933027e-02 3.924775948286843619e+00 1.480246218889372356e+00
7.335708201751071911e-02 4.138345260532148906e+00 1.347531473000406876e+00
8.444401040518252632e-02 4.047676887186795192e+00 1.306165977624831553e+00
9.720657770450050195e-02 4.155394955900643339e+00 1.128791522394356539e+00
1.118980340190141032e-01 3.918358992575126987e+00 1.096743979248617773e+00
1.288099047719147572e-01 3.678089470549256390e+00 9.858221021739942413e-01
1.482777755016712606e-01 3.795320819556766256e+00 9.697694796441014287e-01
1.706879509510966786e-01 4.149487163070062934e+00 9.094081240983983294e-01
1.964851205874451057e-01 3.910862318785900182e+00 7.435240735690331615e-01
2.261811826619434251e-01 3.795800892255487113e+00 7.041185849067834734e-01
2.603654019062870417e-01 3.826267775373593416e+00 6.845567400574237293e-01
2.997161024272446683e-01 3.722960503185178904e+00 6.650304962198968495e-01
3.450141278237534026e-01 3.814065744097558941e+00 6.360014189833075315e-01
3.971583356182225577e-01 3.844669817737706996e+00 6.055183783570583511e-01
4.571834334610603845e-01 3.818029977345243076e+00 6.166677464532550612e-01
5.262805110356939542e-01 3.865962723320204297e+00 5.763662424734677936e-01
6.058206750826670151e-01 3.705903628609533929e+00 5.919052549493415416e-01
6.973822565371912141e-01 3.726532501406794040e+00 5.041106244887485488e-01
8.027821296566697296e-01 3.685575741706229813e+00 4.927804276185227539e-01
9.241117646097284366e-01 3.384746227331930868e+00 4.712426205141047042e-01
1.063778728925285799e+00 3.459524245657329189e+00 4.923042140418427692e-01
1.224554461322982402e+00 3.488924229616397366e+00 4.621546437507831340e-01
1.409629265910372409e+00 3.442875945275579053e+00 4.433221408532106445e-01
1.622675618007421328e+00 3.379505625697653226e+00 4.100822604754214562e-01
1.867921037788089045e+00 3.255299873090163665e+00 3.985036135661822465e-01
2.150231977784838211e+00 3.057062712417073502e+00 3.573004862038954288e-01
2.475210388852113308e+00 3.052191182845102713e+00 3.436936995600777256e-01
2.849304880765981984e+00 2.871269972880875709e+00 3.465096979674315292e-01
3.279938683241324426e+00 2.991330614988870096e+00 3.845383476956736879e-01
3.775656946521899648e+00 2.902824321211320502e+00 3.808607439086389990e-01
4.346296304457533566e+00 2.824625114474550447e+00 3.457523390922211948e-01
5.003180064741520106e+00 2.816777055576893396e+00 3.627958257738234660e-01
5.759342899506068925e+00 2.425524463595555957e+00 3.592359560483501246e-01
6.629789494854937182e+00 2.442265583645558902e+00 3.497070224923489179e-01
7.631792291766211989e+00 2.317883647440284189e+00 3.287590462777579270e-01
8.785234226495841625e+00 2.249630660891113632e+00 3.310607171796013937e-01
1.011300327154635426e+01 2.018190736098423699e+00 3.295499753485621186e-01
1.164144660615392013e+01 1.902906660535597982e+00 2.777757624184565843e-01
1.340089342848695964e+01 1.809380610108167309e+00 3.111617281503681332e-01
1.542625678382040988e+01 1.778339200088564720e+00 3.306325055151871917e-01
1.775772635087908213e+01 1.718570439916865755e+00 3.418304997650392640e-01
2.044156593344417416e+01 1.505277695368779201e+00 3.339014887146805055e-01
2.353103148200386840e+01 1.344097763025752901e+00 3.046240990028898921e-01
2.708742786193010943e+01 1.166042122259009162e+00 3.180136280220149936e-01
3.118132533783786897e+01 1.076864450574917864e+00 2.878771567164494227e-01
3.589395991306243161e+01 1.073532878738942653e+00 3.432591836454939038e-01
4.131884531146324946e+01 1.041103838036661511e+00 3.070399387618238940e-01
4.756362858842254582e+01 8.205920456310684674e-01 2.658914564548076065e-01
5.475222619228828336e+01 7.073175428764413297e-01 2.826545084241546824e-01
6.302728286254415480e+01 7.259447896134491041e-01 4.586809539550849579e-01
7.255300215710063583e+01 3.140799687312658683e-01 3.155581228080713285e-01
