22.016241440581386 8.23087304438122
24.982996158620928 8.230028982618522
28.349529993398637 8.228939987339512
32.16971438268728 8.227534179506437
36.50468010244465 8.225718044104564
41.423795484456555 8.223369546254757
47.00577645174791 8.220328797132447
53.33994613460239 8.216385209492199
60.52766422362731 8.211259479157444
68.68394893244074 8.204577652292842
77.9393175247069 8.195832454672463
88.4418748577219 8.184322496909122
100.35968336352653 8.169047737148329
113.8834523920984 8.148492815721536
129.22958995162398 8.11986985425195
146.64366567994554 8.079565988091293
166.40434046182162 8.041526352231966
188.82782557392576 7.968057486557624
214.2729427130389 7.855831448207993
243.14686587825184 7.659782197606113
275.9116369890552 7.16209788569264
313.0915595025537 7.722404866525939
355.2815883428275 11.966960479513947
403.1568503984944 11.81965870966139
457.4834479359398 12.15637724635982
519.1307178049564 12.551645871775548
589.0851426091946 12.709377307324292
668.466136448653 12.706797903092646
758.5439578384213 12.820179408634877
860.760036447073 12.83142809183205
976.7500389241626 12.875431365047609
1108.3700429173168 13.015777401942257
1257.7262381168096 13.310063334075574
1427.2086296051832 13.419223512874169
1619.5292828345434 13.560657260947417
1837.7657222295184 13.820732884065107
2085.410177882426 14.020645691056957
2366.4254683886593 14.205154188517493
2685.308414062133 14.49001156449546
3047.161795272133 14.636096516176796
3457.776007382387 14.637428455496842
3923.7217189386247 14.903926215432032
4452.455015825468 15.153942952225968
5052.43671391454 15.436352929651072
5733.267749450564 15.58403047627849
6505.842813699007 15.684293976063872
7382.524690324333 16.063389934337458
8377.342085254062 16.442579518586186
9506.21411471171 16.66208914864228
10787.20504368702 16.779014030042386
12240.81335118082 16.991979853231978
13890.299747860621 17.196339830421955
15762.059395081349 17.40992140476287
17886.04428153806 17.612710809077402
20296.242516442406 17.978220493941077
23031.222208895313 18.20486974646483
26134.748636640237 18.40876360336937
29656.484580161137 18.57161834480494
33652.78502890552 18.87192507609753
38187.59897655994 19.06624417184463
43333.49273594994 19.273647963103883
49172.811148698805 19.590121460612053
55798.9952713788 19.85724291253923
63318.077623832214 20.36561362058732
71850.37892669877 20.736253419058503
81532.43347942553 21.095457719963715
92519.17398875122 21.481156526123243
104986.41080939723 21.783700334649065
119133.6452698943 22.335524084379614
135187.26210252178 22.661293138564798
153404.15206277798 22.955075018560578
174075.82270771457 23.258935763250324
197533.06311400843 23.748029666004232
224151.23718081732 24.235784363496858
254356.2902211071 25.04131575441203
288631.5649592176 25.969721764449016
327525.53600459 26.414737338146193
371660.5865690787 27.019011744325528
421742.96787330706 27.66615658108358
478574.10061296896 31.72214128601192