1.066720174153923222e-03 6.208232677274601485e+00 3.846260690801342719e+01
1.209063685740028368e-03 6.205110870101524512e+00 3.386345346429983749e+01
1.370401565091545430e-03 6.201030704767070745e+00 2.979491886715637960e+01
1.553268427258979074e-03 6.195669710108824724e+00 2.619238261861675809e+01
1.760537107207998074e-03 6.188575827071170821e+00 2.299814764770643905e+01
1.995463792002720189e-03 6.179098534658709951e+00 2.016027004675131451e+01
2.261739175443258035e-03 6.166268559003247773e+00 1.763125769059524828e+01
2.563546438795907476e-03 6.148571933662073441e+00 1.536636796979093056e+01
2.905626968492170704e-03 6.123483110429967624e+00 1.332083694826862086e+01
3.293354843220436257e-03 6.086363136178384536e+00 1.144406604000877081e+01
3.732821260601103513e-03 6.027273058901037039e+00 9.663279476389316613e+00
4.230930229786646242e-03 5.917505195682396746e+00 7.812236938859254742e+00
4.795507033315569989e-03 5.638001749677258090e+00 5.240905584780550797e+00
5.435421162153926747e-03 6.969993267702879081e+00 1.136308280048867836e+01
6.160725655231583109e-03 6.966806057672950914e+00 1.000283493175887983e+01
6.982815032494766282e-03 6.962440382998813959e+00 8.798528465846533919e+00
7.914604302600132882e-03 6.956317778661199824e+00 7.730448963123365047e+00
8.970731857457872951e-03 6.947422964457782513e+00 6.780318092682141362e+00
1.016778944109334240e-02 6.933752634457736264e+00 5.930056063153317680e+00
1.152458280563367285e-02 6.910524123518581696e+00 5.158327722942361859e+00
1.306242714932004390e-02 6.861011628644507532e+00 4.423476540538813673e+00
1.480548197787117520e-02 6.707599436840386176e+00 3.583039748676494884e+00
1.678113064986383463e-02 7.080472020331640692e+00 3.783818293440493807e+00
1.902041056878113826e-02 7.049760751951160920e+00 3.261908803355343611e+00
2.155850078003752890e-02 6.925403271962566443e+00 2.696101166471888355e+00
2.443527463312070852e-02 7.461697098645221793e+00 2.595398937694649355e+00
2.769592619116220678e-02 6.924137648711162107e+00 2.123845077928268044e+00
3.139168022881928116e-02 7.329649186545815986e+00 2.050912906893520127e+00
3.558059697252144438e-02 6.913518950657534745e+00 1.797360411396734969e+00
4.032848422553580309e-02 7.107444833520752958e+00 1.644283313907495048e+00
4.570993120731877551e-02 7.168470595533089629e+00 1.443609196792515759e+00
5.180948034875107466e-02 7.266530342278561427e+00 1.368928906377709920e+00
5.872295545213690460e-02 7.360605123786720938e+00 1.241524310428467448e+00
6.655896708133618445e-02 7.481514935660571908e+00 1.120900033480903391e+00
7.544061883168012850e-02 7.333136314987541482e+00 1.018581440946648264e+00
8.550744128513898534e-02 7.142647513013031357e+00 9.437954386623559344e-01
9.691758403314060244e-02 7.351738273523456435e+00 8.989653423764730755e-01
1.098503002036778364e-01 7.299538951692476019e+00 8.189729573913298033e-01
1.245087625245780150e-01 7.254859421609778813e+00 7.322319259814770165e-01
1.411232551632365384e-01 7.087261508832371604e+00 6.912071944838642512e-01
1.599547914865558917e-01 7.099193471725672389e+00 6.101423457221636371e-01
1.812992145760308760e-01 6.996048585411572596e+00 5.631588172636755596e-01
2.054918449169952921e-01 7.048346149510960501e+00 5.684177927433974320e-01
2.329127482771409519e-01 6.990134112288578727e+00 5.418465330498134502e-01
2.639927065325803901e-01 7.030923768262595352e+00 5.082518037405184819e-01
2.992199852430187934e-01 7.006246101731519182e+00 5.004572147665634629e-01
3.391480042945156925e-01 7.000493364487626380e+00 4.800966946112666944e-01
3.844040321154867934e-01 6.878865285492611115e+00 4.800386689018064090e-01
4.356990400519176743e-01 6.977071923648850316e+00 4.842638967747439072e-01
4.938388717138395556e-01 7.100767515821861053e+00 4.750097881947555334e-01
5.597369027632881355e-01 6.918978912214973853e+00 4.600901528162072429e-01
6.344283900287763789e-01 6.797999304342916105e+00 4.495188128995818433e-01
7.190867353706020815e-01 6.721107921668481033e+00 4.336886683779596074e-01
8.150419198020070199e-01 6.882932012694032764e+00 4.542840435224188012e-01
9.238013974658825234e-01 6.863672965443099905e+00 4.494821405759584221e-01
1.047073777711004627e+00 6.718896564428787244e+00 4.401973740756575659e-01
1.186795667312772862e+00 6.605620909863541890e+00 4.316613270986588424e-01
1.345162094529232188e+00 6.530419251685827042e+00 4.181621496988114361e-01
1.524660992953724037e+00 6.552603619126609935e+00 4.391912697644299035e-01
1.728112286904855077e+00 6.438600486326020444e+00 4.482905099706655516e-01
1.958712192384507667e+00 6.395708649267238144e+00 4.529740421497002734e-01
2.220083429571121592e+00 6.178239003679993679e+00 4.501686877095941175e-01
2.516332135685568794e+00 6.213147846953327225e+00 4.606588009988768495e-01
2.852112372329676404e+00 5.967054860542180705e+00 4.471254084811773777e-01
3.232699240706466526e+00 5.593671579718551001e+00 4.425767052372520660e-01
3.664071753360845562e+00 5.576942878991766328e+00 4.623128445788433627e-01
4.153006764354255864e+00 5.280119431683460540e+00 4.704770388404113657e-01
4.707185433514530004e+00 4.915789330700262028e+00 4.422797019054022227e-01
5.335313897312328635e+00 4.587324959388413781e+00 4.366333248540993361e-01
6.047260042101376243e+00 4.486699138535507281e+00 4.417528717493978685e-01
6.854208528427500724e+00 4.217469098054949406e+00 4.753988175171207642e-01
7.768836501835477470e+00 3.747313714124215878e+00 4.723162321166790578e-01
8.805512750587109139e+00 3.607702720203185276e+00 4.842134829847821176e-01
9.980523439054628909e+00 3.263426432177832126e+00 4.956373009495173010e-01
1.131232796305669730e+01 3.258243736074063257e+00 5.933440529742460834e-01
1.282184894661957486e+01 2.766775445430651459e+00 5.235587332385627235e-01
1.453280093600708156e+01 2.566267953404003599e+00 5.727363378171361763e-01
1.647206295479644567e+01 2.181766665272712125e+00 6.295150345130929859e-01
1.867010077283325487e+01 1.893363498767967501e+00 9.043752310487571666e-01
2.116144552290271363e+01 1.492536788082470700e+00 1.033691219590586075e+00