2.228607079860189444e+01 1.526983188591469265e+01
2.587226451182846887e+01 1.526977937492196169e+01
3.003553551539518907e+01 1.526970846545306060e+01
3.486874499463013422e+01 1.526961264493511550e+01
4.047969702012975546e+01 1.526948304008542046e+01
4.699354310267982271e+01 1.526930751430416322e+01
5.455557368043626099e+01 1.526906937944202269e+01
6.333445880210264534e+01 1.526874552132447604e+01
7.352601028909499803e+01 1.526830360198342262e+01
8.535754929120238899e+01 1.526769774044351813e+01
9.909297665346952044e+01 1.526686154149917485e+01
1.150386591881348579e+02 1.526569616298144183e+01
1.335502631441083281e+02 1.526404822683322848e+01
1.550406872935820672e+02 1.526166433476478801e+01
1.799892725821764259e+02 1.525808181634267768e+01
2.089524937625972996e+02 1.525231030647771036e+01
2.425763714872186085e+02 1.524130505307901373e+01
2.816108817096015855e+02 1.520750564028832130e+01
3.269266837946656779e+02 1.524001905068333151e+01
3.795345404556969697e+02 1.527919254385798098e+01
4.406078626772140296e+02 1.526590546194838538e+01
5.115088824850823812e+02 1.524944370735598476e+01
5.938190373439027780e+02 1.523345186125603234e+01
6.893742439014695265e+02 1.520870382893804518e+01
8.003058478562979872e+02 1.518748465566320860e+01
9.290881633293680579e+02 1.530561868257991165e+01
1.078593662099211087e+03 1.530742087410565588e+01
1.252157043688615431e+03 1.529807601325560995e+01
1.453649615377393957e+03 1.528906127161537576e+01
1.687565641177136740e+03 1.528017823660789176e+01
1.959122585769913030e+03 1.528984241524364762e+01
2.274377489338155101e+03 1.530982131229548848e+01
2.640362069010236610e+03 1.526631531340448333e+01
3.065239560340850403e+03 1.540669955552004033e+01
3.558486797153781481e+03 1.540627783556514352e+01
4.131105591012825244e+03 1.547278932559780884e+01
4.795868125110794608e+03 1.552850628368679509e+01
5.567601836053466286e+03 1.577325647398241060e+01
6.463520137787310887e+03 1.587969586966070068e+01
7.503606364422666957e+03 1.601113272938749432e+01
8.711059495743946172e+03 1.622294198702844525e+01
1.011281160725296104e+04 1.632453932753226766e+01
1.174012858639719343e+04 1.660024839061144775e+01
1.362930751387554665e+04 1.677638348458295070e+01
1.582248626501540639e+04 1.695266627945527205e+01
1.836858338926809301e+04 1.727248586222597737e+01
2.132438923170505950e+04 1.764176051871053374e+01
2.475583263382934820e+04 1.789840376069786743e+01
2.873945146728911641e+04 1.826620399269458872e+01
3.336409980054480548e+04 1.859909005896433953e+01
3.873292977660699398e+04 1.902098871108131917e+01
4.496569240735428320e+04 1.939297498836147327e+01
5.220140860333128512e+04 1.973905087140558479e+01
6.060147001597758208e+04 2.024421390532821619e+01
7.035323885614573373e+04 2.071707931365487809e+01
8.167422698236427095e+04 2.117231394876107942e+01
9.481694747283184552e+04 2.167491949806915841e+01
1.100745468947871559e+05 2.216964446946279566e+01
1.277873438982461084e+05 2.259506320608240770e+01
1.483504199765364174e+05 2.311604369671953663e+01
1.722224317044966738e+05 2.359430858231746342e+01
1.999358410100976762e+05 2.419805110957695859e+01
2.321087916642821801e+05 2.475972641103208716e+01
2.694588968924899236e+05 2.531562398840402039e+01
3.128192456386422273e+05 2.576626000128922556e+01
3.631569844990948914e+05 2.620755521321065373e+01
4.215948897940323805e+05 2.677989306918813384e+01
4.894364109383812174e+05 2.694602844071587100e+01
5.681947437011722941e+05 2.788065049934695594e+01
6.596265818283923436e+05 2.862644879475817561e+01
7.657712998546191957e+05 2.912644126432384795e+01
8.889964410706406925e+05 2.960359472504947220e+01
1.032050525249908329e+06 3.015939057221306285e+01
1.198124354002871551e+06 3.085952216746843746e+01
1.390922181166658411e+06 3.131805985994306241e+01
1.614744335675842129e+06 3.218062304018928899e+01
1.874583139806009131e+06 3.315911832350939648e+01
2.176234262233321555e+06 3.419098065699819244e+01
2.526425989624719135e+06 3.539494442917880690e+01
2.932969300143719651e+06 3.698334244060134068e+01
