22.283957560166723 13.882765543469848
25.865245120201916 13.882570643611256
30.022086665790773 13.882307426257892
34.8469803235801 13.881951611161389
40.44728973005227 13.881469969246178
46.94763308945198 13.880816669665432
54.49265618072252 13.879927625348346
63.25025101846086 13.878710650428655
73.41529178960394 13.877022925676142
85.21397119798884 13.874565309997985
98.90883370921817 13.871358046609899
114.80461769570324 13.868784693640084
133.25503648142015 13.863159237926006
154.6706491783317 13.85523902003941
179.52799645649546 13.843881412429106
208.3802045372076 13.827132353284341
241.86929336946545 13.801275085971467
280.7404628715532 13.758296560817637
325.85867513550113 13.673363653914842
378.22790158198984 13.286615508037944
439.01346335379486 14.051129986343605
509.56796206668605 14.152057731446112
591.4613779294045 14.085248213991907
686.5160049767197 13.93981315670296
796.847000795121 14.3531392461128
924.9094530545017 14.349822676196958
1073.5530101713034 14.327028697934644
1246.0852917457999 14.345875745484808
1446.34548978392 14.302265811997263
1678.7897984795695 14.305430889358949
1948.5905735427884 14.228512332554711
2261.7514275692224 14.377490511507283
2625.2408225555255 14.439733574817168
3047.1471322642 14.481969501822533
3536.8586248888982 14.453145700598297
4105.272370998321 14.509436017634787
4765.036725382707 14.582385746394651
5530.832778514132 14.770030465427507
6419.70104048453 14.810453297436386
7451.420626799349 14.974178724268572
8648.949383677234 15.259978479282161
10038.934746533292 15.508606889597214
11652.30669927972 15.609022080562745
13524.966028986897 15.964209320305766
15698.58319096227 16.2503096522113
18221.52556060974 16.48419010394327
21149.933705297786 16.885521244352418
24548.970625460774 17.225290947393756
28494.271763073146 17.541269542013264
33073.62804311591 17.877539360769887
38388.93939910988 18.315759117688238
44558.48225260778 18.64841500125995
51719.541402646784 19.055164093616778
60031.46489002204 19.4109463802047
69679.20981328588 19.7446985556581
80877.4579980457 20.03761127694407
93875.39310152209 20.513303498373368
108962.24545259876 20.963933065082653
126473.72801126384 21.56176466537549
146799.50666054894 22.10504740175053
170391.87106006153 22.43698512066447
197775.7990051278 23.126602289717454
229560.63824388036 23.70514197714814
266453.66569633404 24.51199287713573
309275.82579548087 24.928150455736343
358979.9981603054 25.3692788471528
416672.2010933711 26.145000384035292
483636.20272365474 26.763431071117168
561362.0874423077 27.08931333168111
651579.41329228 27.682890172616084
756295.6981307439 28.20616714124081
877841.0909592301 28.73972888779761
1018920.2224488563 29.230129602383144
1182672.3884396565 29.711767569203044
1372741.4056185035 30.37707373505368
1593356.6938056692 31.218359741220006
1849427.3890947842 31.66406450716969
2146651.5820538006 31.91894275234762
2491643.1117577213 31.79272777589842
2892078.7370766243 35.97079229216297