2.228374024549596299e+01 1.492030807835926609e+01
2.586452333084866240e+01 1.489092397062651685e+01
3.002070387475592383e+01 1.473039648486141928e+01
3.484474272374744430e+01 1.502710005739353250e+01
4.044395829456620817e+01 1.506381925663091792e+01
4.694291404303687898e+01 1.506340145046147505e+01
5.448618957625656378e+01 1.506282168013736111e+01
6.324159705590599145e+01 1.506200623463767485e+01
7.340391444668833287e+01 1.506083406577752193e+01
8.519921866194479776e+01 1.505908380156641613e+01
9.888991500416331348e+01 1.505626533232019071e+01
1.147805747882831184e+02 1.505076500105051451e+01
1.332247110150109961e+02 1.503071543281368960e+01
1.546326428297779216e+02 1.506596582876217560e+01
1.794806237247343574e+02 1.506192324262568505e+01
2.083214365551559126e+02 1.505589546438315907e+01
2.417966910732503152e+02 1.504589635609312204e+01
2.806510975575634461e+02 1.502997861764439946e+01
3.257490340775747200e+02 1.500828592787550875e+01
3.780937759586296352e+02 1.501280155054409349e+01
4.388498152372441723e+02 1.499708791190196067e+01
5.093687666385604871e+02 1.490473349456403440e+01
5.912194363956264169e+02 1.506139410373379839e+01
6.862227228392081315e+02 1.509089545903243668e+01
7.964921251772639152e+02 1.510042472128183633e+01
9.244807616463074282e+02 1.506968529513991406e+01
1.073035943028220345e+03 1.501936886929211568e+01
1.245462515607191335e+03 1.522912047955212778e+01
1.445596382731605900e+03 1.527588275269659945e+01
1.677889840584968624e+03 1.522594716731887488e+01
1.947510626595799067e+03 1.517926532363905423e+01
2.260456883975926758e+03 1.533823826837162585e+01
2.623690599956175447e+03 1.538506075325739886e+01
3.045292486265224397e+03 1.541041430762248510e+01
3.534641747414248130e+03 1.534061435850269284e+01
4.102624736018717158e+03 1.545819301455791539e+01
4.761877137026879609e+03 1.562941069381889392e+01
5.527065068628266090e+03 1.570963260813103624e+01
6.415211353379011598e+03 1.579123942761064114e+01
7.446074217964109266e+03 1.600300064571548830e+01
8.642586846375128516e+03 1.606544837198887166e+01
1.003136756506291749e+04 1.627073842651460467e+01
1.164331200994547362e+04 1.652331960040116599e+01
1.351428044896789652e+04 1.683032336349173974e+01
1.568589555079794991e+04 1.706067197310479244e+01
1.820646834729063994e+04 1.729091395627191829e+01
2.113207298922972768e+04 1.754283595150523212e+01
2.452779420499678963e+04 1.787815242739007005e+01
2.846917521387014494e+04 1.828705539322229612e+01
3.304389830508789601e+04 1.859577419557343703e+01
3.835373546982910193e+04 1.902478242415594067e+01
4.451681248102406971e+04 1.935457763622815719e+01
5.167023678905012639e+04 1.975660220544666856e+01
5.997314769503219577e+04 1.987236987700936908e+01
6.961025665770450723e+04 2.052937469354104039e+01
8.079595649359046365e+04 2.107459925117363042e+01
9.377909088619398244e+04 2.158161331427800889e+01
1.088484903095206246e+05 2.214740411925208718e+01
1.263393975213514204e+05 2.255837621225770917e+01
1.466409255715873442e+05 2.304609581700018950e+01
1.702047142409215739e+05 2.368970793427109101e+01
1.975549774860860489e+05 2.427743516260598966e+01
2.293001654130720999e+05 2.464789799979684304e+01
2.661465002174669062e+05 2.511314697877794089e+01
3.089136872204277315e+05 2.570129517740301139e+01
3.585531505172782345e+05 2.626575106037294205e+01
4.161691989197313669e+05 2.684422367531045595e+01
4.830435930617901613e+05 2.750784640841801831e+01
5.606640602036680793e+05 2.801064125171450314e+01
6.507573910908945836e+05 2.822294713287543289e+01
7.553278551608800190e+05 2.869084533815204452e+01
8.767017887043068185e+05 2.941859018285763128e+01
1.017579347915910534e+06 3.022969271286923387e+01
1.181094578163580736e+06 3.057015847529674346e+01
1.370885135812212015e+06 3.117209044927947303e+01
1.591173213675172534e+06 3.174206673329798534e+01
1.846859470408756984e+06 3.252252273333790811e+01
2.143632053458401468e+06 3.409736103430877563e+01
2.488093140945506282e+06 3.561935323931840713e+01
2.887905817620397545e+06 3.743779599941326097e+01
