1.076928907603747366e-03 1.008464712963633048e+01 1.234091896586806740e+02
1.242622836461453788e-03 1.008491592349241905e+01 1.069528835233766131e+02
1.433810071206352219e-03 1.008527429482550986e+01 9.269079340330021921e+01
1.654412956184662768e-03 1.008575231909151704e+01 8.033032236422475592e+01
1.908957319074207565e-03 1.008639034361683962e+01 6.961788664832317863e+01
2.202665321511320089e-03 1.008724263172265978e+01 6.033371326792045863e+01
2.541562595512364495e-03 1.008838240675388676e+01 5.228733128131801777e+01
2.932601863670986249e-03 1.008990891692926262e+01 4.531366427053900736e+01
3.383805579288831460e-03 1.009195748221007527e+01 3.926964388309573195e+01
3.904430512805141633e-03 1.009471405977071790e+01 3.403127502347394540e+01
4.505157661134816249e-03 1.009843687556612757e+01 2.949109258606693018e+01
5.198311376042322879e-03 1.010348952560616276e+01 2.555595775057389218e+01
5.998112207128459238e-03 1.011039352641691735e+01 2.214514901712572126e+01
6.920968646686643903e-03 1.011991558498326427e+01 1.918870962226614907e+01
7.985813761785417325e-03 1.013322075821746893e+01 1.662601918957786751e+01
9.214493619827665571e-03 1.015216033337426538e+01 1.440456441238642604e+01
1.063221547641774942e-02 1.017986232120469303e+01 1.247889389612156741e+01
1.226806492043469241e-02 1.022209169701929454e+01 1.080976453563885187e+01
1.415560258591647483e-02 1.029094556539089567e+01 9.363552932078167856e+00
1.633355267273113934e-02 1.041791045045359709e+01 8.112254924565066361e+00
1.884659740153408689e-02 1.073371265831129051e+01 7.035213858581919943e+00
2.174629370182935839e-02 1.101485307312834294e+01 6.061552975495215989e+00
2.509213093965331418e-02 9.054798889802341932e+00 4.840726241314497358e+00
2.895275138492874739e-02 8.868686883645285235e+00 3.883613974379763079e+00
3.340735845725964492e-02 9.035690275395404925e+00 3.613298426781953676e+00
3.854734164134722418e-02 9.400974354184540971e+00 3.521651752458556217e+00
4.447815140834176367e-02 9.403946553464500369e+00 3.004715930830119675e+00
5.132146260849736186e-02 9.397415004904745572e+00 2.624148172163242254e+00
5.921767071869389609e-02 9.385986017828486183e+00 2.290011528637421190e+00
6.832877215714894259e-02 9.351871535187497031e+00 1.931253726996064124e+00
7.884168775705853449e-02 9.411412212293889468e+00 1.674607630623529797e+00
9.097209758263102852e-02 9.626531466646124358e+00 1.461025152192041654e+00
1.049688657615376330e-01 9.417840613439816266e+00 1.250443158142006128e+00
1.211191461124165869e-01 9.429663391969119957e+00 1.096386437151465554e+00
1.397542733130702486e-01 9.156127127799640775e+00 9.374272535489863722e-01
1.612565604709302325e-01 9.164861358904540012e+00 8.126530438416778024e-01
1.860671425528628020e-01 9.416520767031295591e+00 7.298171148895252758e-01
2.146950265879475905e-01 9.515999325694146194e+00 6.623202217068817621e-01
2.477275343146840836e-01 9.351378471328215980e+00 5.914201379638186484e-01
2.858423515110810609e-01 9.436022067522937817e+00 5.470414986040017524e-01
3.298214312083486144e-01 9.471931389994143302e+00 5.141414127124261935e-01
3.805670360226741655e-01 9.529906021952440298e+00 4.682794214475256012e-01
4.391202487251144593e-01 9.373838449431778130e+00 4.307588885839212511e-01
5.066823308073320486e-01 9.380898498128514618e+00 4.015276820010547643e-01
5.846393672295890909e-01 9.361206795619734677e+00 3.807626670649179590e-01
6.745907029558254608e-01 9.369803817583424177e+00 3.638376880095848254e-01
7.783817546718962976e-01 9.334625429121757634e+00 3.548374978556899650e-01
8.981418708430903841e-01 9.219810218126182733e+00 3.476688646757424284e-01
1.036328016837380073e+00 9.156717531802849308e+00 3.454591805286605366e-01
1.195775181346295124e+00 8.972274300528326307e+00 3.423686318243050475e-01
1.379754538227580873e+00 9.134882460009990268e+00 3.554791468222388562e-01
1.592040557001901391e+00 8.913710136911182857e+00 3.599943366370432218e-01
1.836988438823936809e+00 8.759387025472069155e+00 3.809477881850209524e-01
2.119623466582813087e+00 8.630975439142828165e+00 3.856618178978278855e-01
2.445744102213779136e+00 8.350610639107170385e+00 3.904195743749147574e-01
2.822040946337006861e+00 8.021154588529380902e+00 3.934252724099092102e-01
3.256234000766509595e+00 7.654056023508599260e+00 3.947805264728767582e-01
3.757231049928803746e+00 7.633885405178958194e+00 4.205399362074115910e-01
4.335310410500608391e+00 7.207285638731959487e+00 4.200581570664087550e-01
5.002331798506536309e+00 6.914461162232386826e+00 4.197188166276900612e-01
5.771979639967728559e+00 6.438617323037719942e+00 4.291459513169617601e-01
6.660043816795301552e+00 6.043898804211795373e+00 4.529099763796198275e-01
7.684743607633606644e+00 5.765409900792688447e+00 4.505865224926372536e-01
8.867101469533874791e+00 5.403111666344656783e+00 4.787498636972894461e-01
1.023137432885951625e+01 4.971571617864445791e+00 4.615833656224181403e-01
1.180555122966788772e+01 4.451764689042418510e+00 4.682992411946070299e-01
1.362192754918473980e+01 4.058927122185563618e+00 4.597385726822227348e-01
1.571776756081708726e+01 3.754550410582211839e+00 4.429708746752262227e-01
1.813606893766363370e+01 3.676751895319105845e+00 4.804039958821073597e-01
2.092644488086504850e+01 2.923032831016758593e+00 4.504290887984600533e-01
2.414614197029500531e+01 2.800218655421844449e+00 4.515780015652982593e-01
2.786121461953458223e+01 2.999822879242659557e+00 4.762043152753434594e-01
3.214788022992324557e+01 2.839962983657092987e+00 5.274366892021596920e-01
3.709408284565145664e+01 2.576923670749277751e+00 4.846321142350299982e-01
4.280129738940918571e+01 2.384093458713192337e+00 5.279228565557116948e-01
4.938661149378987147e+01 2.239312445395853501e+00 5.337700497453486959e-01
5.698512763872572862e+01 2.157321286205224897e+00 5.944884399256952223e-01
6.575273487654028770e+01 1.632941261866236671e+00 6.061361078273229674e-01
7.586930700856240151e+01 1.654338158763742461e+00 7.236062525298679882e-01
8.754239282620652318e+01 9.000192841181791081e-01 7.295566652731469981e-01