1.080074411791211251e-03 1.045908950708904683e+01 1.245925527032224664e+02
1.253047058221050999e-03 1.045913620493755225e+01 1.073926141422405038e+02
1.453721070488567940e-03 1.045919907643344615e+01 9.256682548954307777e+01
1.686532789744292233e-03 1.045928373213105900e+01 7.978742978817203380e+01
1.956629031955022056e-03 1.045939773584248478e+01 6.877190996702975667e+01
2.269980869609833363e-03 1.045955129069828615e+01 5.927674310745251773e+01
2.633515635432453084e-03 1.045975817050856627e+01 5.109201670996059619e+01
3.055270066332876813e-03 1.046003698867933807e+01 4.403678792705578360e+01
3.544567973182677877e-03 1.046041293366641867e+01 3.795508312166682430e+01
4.112226364195815942e-03 1.046092015553877985e+01 3.271244924757628070e+01
4.770794578726401947e-03 1.046160507162744402e+01 2.819298070175307203e+01
5.534831718062837094e-03 1.046253098873186360e+01 2.429675573750404283e+01
6.421228506437280312e-03 1.046378464716815415e+01 2.093762544968504002e+01
7.449580697697128287e-03 1.046548563728964254e+01 1.804130590364118092e+01
8.642622282615647009e-03 1.046780023660107162e+01 1.554373022974292340e+01
1.002672807384377522e-02 1.047096229760239261e+01 1.338962235473850626e+01
1.163249677925070648e-02 1.047530587846531169e+01 1.153125702433630195e+01
1.349542745377402958e-02 1.048131847715500875e+01 9.927370468291618621e+00
1.565670428423786981e-02 1.048973276281817846e+01 8.542178111796815188e+00
1.816410705653644098e-02 1.050169596573780240e+01 7.344425276159203264e+00
2.107306743306594163e-02 1.051911129544749812e+01 6.306282630581261373e+00
2.444789439174452350e-02 1.054540349827526846e+01 5.401360115690394537e+00
2.836319591764971740e-02 1.058733765347397693e+01 4.596811546884050692e+00
3.290552837689909166e-02 1.066206528344831383e+01 3.833765085026428654e+00
3.817531003581750570e-02 1.118266061421665114e+01 3.430278114456397187e+00
4.428904102794793685e-02 1.018397674631971128e+01 2.920236607084767400e+00
5.138187884616745443e-02 1.049277559141991212e+01 2.721289934049805126e+00
5.961062629683576419e-02 1.071463061556801755e+01 2.333121938653783367e+00
6.915719797128544455e-02 9.951264625455623403e+00 1.954982934236221714e+00
8.023264186864352554e-02 9.771872865953422860e+00 1.617244196815790902e+00
9.308180507681662608e-02 9.775673741375653591e+00 1.373720000611235337e+00
1.079887466567971827e-01 9.896545712916987370e+00 1.216117449110343474e+00
1.252830173940235325e-01 9.505180899242160919e+00 1.020183453598471290e+00
1.453469452445326215e-01 9.425174949049500484e+00 9.160932532089746116e-01
1.686240875367432945e-01 9.608713196003858314e+00 8.107226227049356693e-01
1.956290367834122024e-01 9.751888289962622025e+00 7.330788999576964837e-01
2.269587968828381819e-01 9.676723781790684598e+00 6.529408271246740503e-01
2.633059812053067383e-01 9.683710127545710478e+00 5.817000841147128565e-01
3.054741243375521664e-01 9.615627319773354387e+00 5.194996297793228468e-01
3.543954459850818250e-01 9.614337432438780695e+00 4.720985268994213335e-01
4.111514597425609541e-01 9.542401798453722606e+00 4.307968901509477422e-01
4.769968823345280828e-01 9.552614560841547586e+00 4.071687872294462718e-01
5.533873718928861152e-01 9.476701691849038767e+00 3.817209698833214371e-01
6.420117084869003676e-01 9.353392065384509735e+00 3.709724671180482658e-01
7.448291283272188146e-01 9.399622727052365789e+00 3.650654270836992121e-01
8.641126369987442990e-01 9.361784403926129983e+00 3.495769111883212932e-01
1.002499259256798281e+00 9.282893142458368274e+00 3.438748155632145864e-01
1.163048336269024707e+00 9.213281430336056843e+00 3.432700171544337819e-01
1.349309159092002997e+00 9.143497823593458307e+00 3.488616861848214956e-01
1.565399433569575116e+00 8.991009582062099881e+00 3.476894334467214298e-01
1.816096311292333620e+00 8.837656146333838336e+00 3.536490046084541095e-01
2.106941999058178361e+00 8.614743581148651685e+00 3.591295699925330376e-01
2.444366281563743470e+00 8.494157954415408440e+00 3.690006963074828894e-01
2.835828665960717920e+00 8.405216057629349535e+00 3.947133838615501933e-01
3.289983290695637663e+00 8.165688624932883499e+00 4.064070685113556070e-01
3.816870244306374005e+00 7.690099730943727785e+00 4.161704999364231883e-01
4.428137523698795874e+00 7.367461588053172861e+00 4.267564853356236032e-01
5.137298538780340706e+00 7.001836571922303243e+00 4.419388883978145333e-01
5.960030856157711554e+00 6.609421296696307735e+00 4.346050138304699550e-01
6.914522786286308786e+00 6.207877537645279276e+00 4.703639507824523558e-01
8.021875476143916828e+00 5.716302189966882885e+00 4.780792288296494275e-01
9.306569396573053154e+00 5.141767294810692057e+00 4.780138693923353665e-01
1.079700553702240384e+01 4.979831390841431116e+00 5.089158928130184112e-01
1.252613327198944582e+01 4.212143091195392763e+00 4.871285638868698142e-01
1.453217877953519910e+01 3.835868392951726324e+00 4.623593196538578476e-01
1.685949011516720830e+01 3.641265972913802162e+00 4.854383231274269073e-01
1.955951762331072175e+01 3.551997307714761298e+00 5.154724094616991437e-01
2.269195136052359629e+01 3.323230622387919109e+00 5.375929169269363372e-01
2.632604067570100881e+01 2.972342658669212767e+00 4.853119785227452687e-01
3.054212511949753406e+01 2.695400089002313759e+00 4.911627478384926748e-01
3.543341052709222083e+01 2.383514754344529862e+00 4.762983425313151442e-01
4.110802953851907660e+01 2.421032278284932726e+00 5.290315112482395499e-01
4.769143210890439377e+01 2.398972932888415954e+00 5.883125895975721553e-01
5.532915885610640316e+01 2.002245267476052248e+00 5.294630486018209181e-01
6.419005855671683491e+01 1.427669611603475497e+00 5.660314888360021834e-01
7.447002092026185949e+01 1.386922692241223221e+00 5.375070955805023587e-01
8.639630716280021261e+01 1.701587331056591657e+00 6.951410085707037112e-01
1.002325741167882995e+02 1.374687295223019357e+00 6.493162996500421169e-01
1.162847029462299417e+02 6.436702691423841216e-01 1.129617546226734826e+00
1.349075613237002074e+02 6.436702691423841216e-01 6.392245519794682584e-01
