1.078189983888800090e-03 9.791560511877323236e+00 1.147569020914834965e+02
1.246797298827462134e-03 9.791600595721151379e+00 9.923733688337055980e+01
1.441771420243299039e-03 9.791654218404820753e+00 8.581640574833799917e+01
1.667235588483610351e-03 9.791725962758192736e+00 7.421028765619617218e+01
1.927957836088345801e-03 9.791821970801750652e+00 6.417354048218436446e+01
2.229451820372413146e-03 9.791950480239890453e+00 5.549391043807265333e+01
2.578093424203963674e-03 9.792122550810800519e+00 4.798784333196796581e+01
2.981255590808622440e-03 9.792353050917022017e+00 4.149660271295478964e+01
3.447464244036065571e-03 9.792662005223661481e+00 3.588291278452985722e+01
3.986578591432852516e-03 9.793076447444068577e+00 3.102805504829572669e+01
4.609999623103991188e-03 9.793632990603848398e+00 2.682935721562732212e+01
5.330911215619743224e-03 9.794381433161337469e+00 2.319802116602547670e+01
6.164558939743606386e-03 9.795389892982578672e+00 2.005724382534636874e+01
7.128572468103829690e-03 9.796752252225918056e+00 1.734059087576360625e+01
8.243338400966195370e-03 9.798599204329578427e+00 1.499058826225957297e+01
9.532431394489140203e-03 9.801115114498456293e+00 1.295750045854272514e+01
1.102311270880153640e-02 9.804564641742018694e+00 1.119826707045277736e+01
1.274690671901277175e-02 9.809336486786532916e+00 9.675569514858809228e+00
1.474026758099606163e-02 9.816018607988196365e+00 8.356993810547239221e+00
1.704535015034543133e-02 9.825533693018471126e+00 7.214231921796258717e+00
1.971090145761435902e-02 9.839390392325469747e+00 6.222171612996968193e+00
2.279329159242354103e-02 9.860103239108989115e+00 5.357276929056464354e+00
2.635770579719218590e-02 9.890755267613663193e+00 4.591204231807099134e+00
3.047952298044856109e-02 9.876063034432963406e+00 3.784022942836342107e+00
3.524590980200772994e-02 1.084477114151643740e+01 3.733522532223222168e+00
4.075766404113789765e-02 9.417199393591275225e+00 2.954839917110050784e+00
4.713134623058130857e-02 9.412649184099018740e+00 2.512436843549277654e+00
5.450174463543451531e-02 9.390144954439191949e+00 2.091171719337693968e+00
6.302472570534675689e-02 9.462512433629413522e+00 1.868652653861306634e+00
7.288053028034097158e-02 9.523969317103407661e+00 1.624803392859876405e+00
8.427758525719508675e-02 9.246193832742378049e+00 1.368343923128839013e+00
9.745691132408920709e-02 9.555946104020673459e+00 1.244112059434117956e+00
1.126972199766547167e-01 9.463602109032311915e+00 1.101769112102966464e+00
1.303208076052291275e-01 9.267331304073433529e+00 9.405009368519079427e-01
1.507003712992857070e-01 9.410866705409365096e+00 8.224805067495880584e-01
1.742668905071402818e-01 9.453142434598538202e+00 7.374258179868216079e-01
2.015187412293494018e-01 9.418178582515411179e+00 6.766098454964792897e-01
2.330322354893776260e-01 9.370489837725394011e+00 5.929126692689083988e-01
2.694738089663486491e-01 9.479623283092781350e+00 5.399845795379244473e-01
3.116141145294135106e-01 9.468422325930461625e+00 4.987102558217604287e-01
3.603443197185686175e-01 9.434817913517850485e+00 4.726079782371996885e-01
4.166949528249994650e-01 9.397738546878986909e+00 4.403464812502968506e-01
4.818576961208612675e-01 9.381746682098718537e+00 4.181247033799072588e-01
5.572105871136303623e-01 9.403437233681001928e+00 4.024953730764765369e-01
6.443471607717976557e-01 9.338339847338021471e+00 3.807405804059643128e-01
7.451101490108795744e-01 9.318145978787297778e+00 3.738168093751441101e-01
8.616304501039638852e-01 9.171834182910110655e+00 3.609544519873847945e-01
9.963721921274204529e-01 9.128036509231311157e+00 3.613076254098774309e-01
1.152184843426802718e+00 9.076623877418269259e+00 3.666807856890913486e-01
1.332363472115725589e+00 9.165449797269083376e+00 3.758577381231940628e-01
1.540718428953234520e+00 9.069502528864727964e+00 3.795438043858030963e-01
1.781655927227296266e+00 8.903102793515838442e+00 3.814895285089767163e-01
2.060271223717871525e+00 8.632084453336331009e+00 3.818145077503657392e-01
2.382456371295989417e+00 8.375398388408571648e+00 3.900412774401373905e-01
2.755024821870793339e+00 8.002561563452369242e+00 3.907001191526468520e-01
3.185855514741435357e+00 7.654449001216442561e+00 3.841750554684975616e-01
3.684059497480791201e+00 7.567875795035327258e+00 3.959735139668888459e-01
4.260172602987600143e+00 7.450193239134741852e+00 4.152776873340242036e-01
4.926378257369815827e+00 6.980437770472558867e+00 4.162213703785756502e-01
5.696765130517578157e+00 6.665279297862887198e+00 4.325163460550198735e-01
6.587625078064471396e+00 6.159990067420320514e+00 4.364058594787105227e-01
7.617797675503100940e+00 5.821213676757978739e+00 4.376392097826314886e-01
8.809068630534554245e+00 5.465885380828360951e+00 4.616300039456062709e-01
1.018663049912821705e+01 4.905057167017915276e+00 4.579962200503301939e-01
1.177961544834420238e+01 4.804879672261002099e+00 4.801192247665259649e-01
1.362171133258879330e+01 4.287003884298011158e+00 4.564777095731266110e-01
1.575187411185480002e+01 3.824780282322550296e+00 4.646195008222074319e-01
1.821515167790347078e+01 3.768202113272943521e+00 5.028804467270290290e-01
2.106363651035811557e+01 3.377678621422286476e+00 4.808355818571420914e-01
2.435756730912700618e+01 2.922552346293074255e+00 4.635777683400356675e-01
2.816660290006901590e+01 2.764778467263098616e+00 4.716589930702252409e-01
3.257129535398623688e+01 2.694939002945884177e+00 4.541476493801623882e-01
3.766479347191730653e+01 2.742279438781133116e+00 4.993704628563948034e-01
4.355481266140570540e+01 2.435714181133445511e+00 5.317623060289513592e-01
5.036591286195574924e+01 1.878743494882691545e+00 4.473861644695764084e-01
5.824213269239781710e+01 1.709147885279312717e+00 4.648975897787649969e-01
6.735003552613363809e+01 1.404006294094493734e+00 4.082837647075359122e-01
7.788223191153065272e+01 1.355289020262376853e+00 4.331379610728400276e-01
9.006145282830340193e+01 1.247087900818607098e+00 4.941121513876762794e-01
1.041452599195973079e+02 1.189983464929901480e+00 6.301092777457518723e-01