1.079471843016043073e-03 1.061851770509825066e+01 1.300955206879110904e+02
1.251047076712863415e-03 1.061872289380477419e+01 1.122521027491715842e+02
1.449893110485273116e-03 1.061899883220630691e+01 9.685559673880605658e+01
1.680344465818330805e-03 1.061937007262250532e+01 8.357038258196749325e+01
1.947424609019114336e-03 1.061986981545629938e+01 7.210686227124443803e+01
2.256955454646207126e-03 1.062054306009141058e+01 6.221514672206921404e+01
2.615684273817900276e-03 1.062145098890128914e+01 5.367960797682758312e+01
3.031430773794680129e-03 1.062267713830469695e+01 4.631417787714875089e+01
3.513257554932708825e-03 1.062433621622448676e+01 3.995829047663937672e+01
4.071667660693790644e-03 1.062658694752431110e+01 3.447337932116591475e+01
4.718833526982106792e-03 1.062965125983617298e+01 2.973985249268471875e+01
5.468862321532435775e-03 1.063384386366840495e+01 2.565447807171333494e+01
6.338103457318795125e-03 1.063961972977087456e+01 2.212812028277878795e+01
7.345504983277758790e-03 1.064765426547266358e+01 1.908377126436060678e+01
8.513026621086990792e-03 1.065898773621492346e+01 1.645482272635442911e+01
9.866118451531836336e-03 1.067530799078103598e+01 1.418350797046209522e+01
1.143427568504749511e-02 1.069956878903311548e+01 1.221939021269082026e+01
1.325168160953600974e-02 1.073757031061352230e+01 1.051755812456848638e+01
1.535795273067927860e-02 1.080310604656882845e+01 9.035109283706692196e+00
1.779900234759999866e-02 1.094468806905439706e+01 7.715152276372433171e+00
2.062804138842131221e-02 1.128802498243748076e+01 6.447953319375999470e+00
2.390673832231944573e-02 1.025070026869572004e+01 5.951655211746492924e+00
2.770656343227344970e-02 1.029114088641623148e+01 5.126135942427345604e+00
3.211034675148082690e-02 1.036893214969485477e+01 4.409629094717133491e+00
3.721408362392962521e-02 1.064007057833867975e+01 3.761933482984444410e+00
4.312902724742331828e-02 1.030490727732417788e+01 3.308345073422799487e+00
4.998411381310709917e-02 1.086145867596311376e+01 2.911469287005150619e+00
5.792877310560970439e-02 9.633815266948566602e+00 2.260961642941530236e+00
6.713618583033173493e-02 9.405306822241097819e+00 1.895600314193282232e+00
7.780705867233980721e-02 9.292699644984717011e+00 1.664345284182474405e+00
9.017399937703635127e-02 9.425170251437441138e+00 1.466992191345499963e+00
1.045065872222776249e-01 9.625116567469685691e+00 1.309914699004365302e+00
1.211172494100201946e-01 9.900931823025796774e+00 1.148023788165401848e+00
1.403680714733164248e-01 9.755222938145745815e+00 9.917330320392947485e-01
1.626786901545008157e-01 9.651685029771915225e+00 8.531311203265231624e-01
1.885354408065289533e-01 9.707863244548562420e+00 7.769752378230559975e-01
2.185019587160029753e-01 9.822100348038729223e+00 7.066608672081605702e-01
2.532314654395552700e-01 9.791882337135527692e+00 6.324734644966691910e-01
2.934810079758252699e-01 9.486373475213229156e+00 5.387989567025369686e-01
3.401279611639153044e-01 9.653959424504014564e+00 4.846302234385530538e-01
3.941891530338865746e-01 9.544007370525466882e+00 4.483408912792739009e-01
4.568430300109588837e-01 9.490132241434000804e+00 4.211511227240144484e-01
5.294553451389677479e-01 9.422778530211521897e+00 3.948401555352919479e-01
6.136089292847461962e-01 9.402346797523861710e+00 3.697772688221994120e-01
7.111381942874659412e-01 9.483277164227580158e+00 3.521391153592466905e-01
8.241691201657181942e-01 9.362617888906848762e+00 3.428332934817504007e-01
9.551655980386795086e-01 9.166507916637076647e+00 3.265203468575017531e-01
1.106983138961990187e+00 9.136162322279137271e+00 3.325912122517600267e-01
1.282931119443978751e+00 9.001885011462281483e+00 3.325701433232833848e-01
1.486844920493675781e+00 8.927295400362615041e+00 3.377506754598504357e-01
1.723169532715026042e+00 8.849768617814929073e+00 3.425769794720964767e-01
1.997056449902941289e+00 8.625174841406538562e+00 3.527450385682806555e-01
2.314475963264668756e+00 8.485270982936434336e+00 3.570659021171574410e-01
2.682347304098620100e+00 8.369509199379869813e+00 3.761824272345406506e-01
3.108689471830285100e+00 8.203194963314468069e+00 3.980498033505537880e-01
3.602796035212132431e+00 7.845473526589975322e+00 4.001243369037558173e-01
4.175437717070537680e+00 7.552388321206242594e+00 4.120906465841092658e-01
4.839097178619130801e+00 7.182315698082352817e+00 4.257862979935345127e-01
5.608241121256329009e+00 6.641918936209025404e+00 4.419091159855746964e-01
6.499635637225530616e+00 6.344057443891904846e+00 4.657848632029301661e-01
7.532711683271669401e+00 5.943446526737607094e+00 4.501198713738740476e-01
8.729988644027836031e+00 5.426531590665856442e+00 4.663496819671053562e-01
1.011756521812787568e+01 5.071324342382396821e+00 4.985880664643749793e-01
1.172568832756715906e+01 4.920105185794605873e+00 5.481044019065997031e-01
1.358941245161410727e+01 4.125585378669944348e+00 5.352448462240534388e-01
1.574936375768398378e+01 3.845254318985276143e+00 5.082139663040805555e-01
1.825262568599043078e+01 3.609143871249578694e+00 4.895797293431373709e-01
2.115376529228571201e+01 3.640170337787960619e+00 5.289371048920602503e-01
2.451602272129924387e+01 3.326579849012339718e+00 5.719984739274780461e-01
2.841268973946892373e+01 2.864146514341362249e+00 5.351993819344941228e-01
3.292870737674616066e+01 2.491751128470289789e+00 5.220385774364791898e-01
3.816251750347819183e+01 2.527656949686933885e+00 5.812179413435000219e-01
4.422820870374502533e+01 2.292357125064482748e+00 6.552557333099879866e-01
5.125800322171467371e+01 2.067607335219797005e+00 5.744951488554401742e-01
5.940513919241863050e+01 1.961311914098451181e+00 5.817055550557528321e-01
6.884721098491080227e+01 1.696122258570651020e+00 5.764734364773459463e-01
7.979004047188128368e+01 1.086253940227147385e+00 4.830343543040769294e-01
9.247216361313155630e+01 9.867583063078442240e-01 5.382846479251937044e-01
1.071700301531649728e+02 9.005285764078061472e-01 7.745938688853223342e-01
1.242040297778788585e+02 6.994214567718481934e-01 5.025523174010998462e-01
