2.205345584506007839e+01 1.729543122920843956e+01
2.510480316252865407e+01 1.729540196595937118e+01
2.857833920711721731e+01 1.729536403239612952e+01
3.253247860776254896e+01 1.729531485492342568e+01
3.703371832401480646e+01 1.729525109273858519e+01
4.215775592872345356e+01 1.729516840700343394e+01
4.799076261789592479e+01 1.729506115885208217e+01
5.463083235599956566e+01 1.729492201353927427e+01
6.218963152705530462e+01 1.729474141954928967e+01
7.079427683378830238e+01 1.729450692003247880e+01
8.058947302555864667e+01 1.729420223722908290e+01
9.173994640534989742e+01 1.729380604524390108e+01
1.044332150402237147e+02 1.729329030806054490e+01
1.188827422620077243e+02 1.729261799753592399e+01
1.353315264907952837e+02 1.729173990215588574e+01
1.540561877514980438e+02 1.729059005261332516e+01
1.753716196066040993e+02 1.728907893986540856e+01
1.996362847369263704e+02 1.728708297767315472e+01
2.272582432263874921e+02 1.728442699777180636e+01
2.587020149288070456e+02 1.728085214949065218e+01
2.944963913214553486e+02 1.727594720923546134e+01
3.352433282177053684e+02 1.726895674259599645e+01
3.816280688879740524e+02 1.725779839699925589e+01
4.344306678299840314e+02 1.724267908880583278e+01
4.945391089841642724e+02 1.722304741355157987e+01
5.629642390038723079e+02 1.724158403483526314e+01
6.408567667139905097e+02 1.721559225698116435e+01
7.295266146386343280e+02 1.715779356854102033e+01
8.304649480335863245e+02 1.713486307420114940e+01
9.453692518867886747e+02 1.707029940805460555e+01
1.076171877608062459e+03 1.713473528697084092e+01
1.225072539479160241e+03 1.728234514247314024e+01
1.394575307358575628e+03 1.728798228063066134e+01
1.587530717749264568e+03 1.733569196072892638e+01
1.807183711413214724e+03 1.728794311033073328e+01
2.057228203702110477e+03 1.737179516962011050e+01
2.341869205316070747e+03 1.727604571170359549e+01
2.665893538178356266e+03 1.732638362486956041e+01
3.034750335658442054e+03 1.769034142545664068e+01
3.454642680919716895e+03 1.771370011348435014e+01
3.932631924478479050e+03 1.808939462266920728e+01
4.476756435287819841e+03 1.837690731176856573e+01
5.096166782389292166e+03 1.854615545553224365e+01
5.801279620488960063e+03 1.872434503058976674e+01
6.603952867359212178e+03 1.901645721220073781e+01
7.517685119033465526e+03 1.912703285179880908e+01
8.557842656369026372e+03 1.950069443216490583e+01
9.741917860558804023e+03 1.958950096905455496e+01
1.108982338337843430e+04 1.987302463470311764e+01
1.262422701924450848e+04 1.997947058813657151e+01
1.437093291064404548e+04 2.023515179601097458e+01
1.635931549768593140e+04 2.037701899648052617e+01
1.862281350952554203e+04 2.076192123300301873e+01
2.119949230514102237e+04 2.105878526049968613e+01
2.413268402037406850e+04 2.123877929831041200e+01
2.747171628661998693e+04 2.149792176353189888e+01
3.127274177606555168e+04 2.166186993808850758e+01
3.559968252397830656e+04 2.211341825590201182e+01
4.052530490876233671e+04 2.222596863096056197e+01
4.613244336777382705e+04 2.266952466989934578e+01
5.251539342818618752e+04 2.285605252253975905e+01
5.978149747957444197e+04 2.325533024379193847e+01
6.805294995623533032e+04 2.339930192788490615e+01
7.746885228708457726e+04 2.380704501053230970e+01
8.818755217132583493e+04 2.412436770233718164e+01
1.003893065196073003e+05 2.431278065341156847e+01
1.142793128434801038e+05 2.444341372726188411e+01
1.300911600721861905e+05 2.497584753203682340e+01
1.480907568293337827e+05 2.519324389678951803e+01
1.685808032314852171e+05 2.584827930316620836e+01
1.919058814111172978e+05 2.633715534090104526e+01
2.184582503715323692e+05 2.667628463982035925e+01
2.486844426260842592e+05 2.726303126170353508e+01
2.830927735577302519e+05 2.742378260146374913e+01
3.222618897841838188e+05 2.833078532395393268e+01
3.668505002869494492e+05 2.901309839560509118e+01
4.176084539531241171e+05 2.993006256468675019e+01
4.753893498215372674e+05 3.091680474142526336e+01
5.411648921003681608e+05 3.264200590479604358e+01
6.160412313652873272e+05 3.593999775252504492e+01
