22.037857332168233 15.550720648260477
25.053714751607608 15.5505950857398
28.482289062589395 15.550432646070917
32.38006013430981 15.55022243769655
36.811237046205335 15.549950310878486
41.848815822182345 15.549597854675405
47.57578191465514 15.549141065549591
54.08647724725014 15.548548566361404
61.48815433585528 15.547779200105502
69.90274308948787 15.546778736987825
79.46885939598884 15.545475293139184
90.34408858054033 15.543772819869986
102.70758135306127 15.541541592500153
116.76300500825316 15.538603808403881
132.741898494244 15.534710722452122
150.90748661881997 15.529503960199019
171.5590162257384 15.52244400062575
195.03668577217283 15.512659681923147
221.7272495136072 15.498559013613615
252.07038861549307 15.47634740674253
286.5659541447853 15.420010304221638
325.78220125719196 15.423752553017632
370.36515022422424 15.440424319779776
421.04922850687507 15.344938382709596
478.6693691858033 15.112732673510276
544.1747650488655 15.6488074532251
618.6445049109501 15.587894199269737
703.3053497476074 15.641945068225766
799.5519414737297 15.73268808792853
908.9697772721731 15.70271513971679
1033.3613279349038 15.671094431199105
1174.7757304714494 15.576357389067589
1335.5425441193468 15.326810844732464
1518.3101258288423 15.414050039227355
1726.0892573920075 17.070147245695267
1962.3027428982284 17.096664445895353
2230.8417935489206 17.148664289098093
2536.1301286743756 17.064159636572985
2883.196848906829 17.092309424532264
3277.7592819700258 17.63561081118515
3726.317165827283 17.57217395662093
4236.259720693567 17.403133596594714
4815.987373738904 17.84243062898125
5475.050141688486 18.211332686009953
6224.304950934921 18.607167277715988
7076.094486741097 18.62830266414232
8044.450517766939 18.747696754995555
9145.325045342139 18.9415526114791
10396.853085271883 19.11730776621068
11819.651411054188 19.216304478022103
13437.158179789938 19.16781334962346
15276.019035538699 19.808399170531345
17366.526050509638 20.0749941861986
19743.116734889198 20.129839494617542
22444.94133563477 20.317990323305793
25516.507769507105 20.465992921506423
29008.414814504726 20.457310281335193
32978.18563776887 20.315733687073823
37491.21539089907 21.302639934925658
42621.848482683345 21.513629123418525
48454.6032754595 21.95473722878961
55085.56437987591 22.216903869978196
62623.96548371449 22.514350146877508
71193.9887891605 22.80472376142458
80936.81070115569 22.923358672654537
92012.92746603474 23.080443181417518
104604.79907134364 23.325219751565317
118919.8549605469 23.88587072291262
135193.91107660643 24.38533823037792
153695.05452435272 24.70905947667511
174728.0598447843 25.028553775853887
198639.40965182538 25.37943779969217
225823.00233790145 26.001025218111845
256726.64087297436 26.41375847209195
291859.4095888488 26.841742662050233
331800.0604685921 27.346489330538972
377206.5470907737 28.16642149291332
428826.86328386795 29.30505427908992
487511.36503902666 30.388453005833483
554226.7786635554 33.11909461601385