22.06271678846428 14.946214881006764
25.1351570231842 14.945905688353111
28.635463376407774 14.945503591169677
32.62322021800968 14.94498036072816
37.16630960019986 14.944298970304969
42.34206678761103 14.943410694891444
48.2385967057884 14.942251138716884
54.956273717478325 14.940734706564593
62.60945025683119 14.93874674737045
71.328403406942 14.93613208231092
81.2615525565702 14.93267764280979
92.57798588635652 14.928084910164774
105.47033869194101 14.921923236608261
120.1580725405707 14.913543276548193
136.8912110810188 14.901893602362822
155.95459610007362 14.885041472992139
177.6727362748092 14.858337228307738
202.415331159086 14.789540975307986
230.6035644369796 14.819356095168608
262.71727357077305 14.779780348543076
299.30311788967424 14.758180047178861
340.98388416149476 14.659074695729704
388.46908805246017 14.485255252769281
442.56705193972687 15.02101025596835
504.19866467256844 15.142839930063232
574.4130575093576 15.136624703131588
654.4054630757929 15.161406757535236
745.5375613505558 15.364032549252823
849.3606590202902 15.654633723849805
967.6420967771588 15.510292943437076
1102.3953340802527 15.748415204506752
1255.9142235021857 16.06177754590019
1430.812058099904 16.054421902074527
1630.066056498102 16.275053589886976
1857.0680429377148 16.381787167096668
2115.6821849964895 16.294296534068128
2410.310771828648 16.30652692998128
2745.969152641351 16.829325457860726
3128.3711110568397 16.89924760058143
3564.0261286552195 17.18425600588128
4060.3501933777834 17.210945681456415
4625.7920390397585 17.364158454022565
5269.976964879172 17.580087053210974
6003.8706833267515 17.51018809284127
6839.965985114488 18.1854690491136
7792.49539925126 18.553175010008186
8877.673467894541 18.675973964369163
10113.972760270279 18.75244279388271
11522.438324119754 18.764763259462743
13127.045927459632 18.758927571629826
14955.110188866971 19.123638013540745
17037.74954373415 19.329715730270394
19410.415961435712 19.456541355647637
22113.498430578726 19.762159628779173
25193.010485234223 20.003556947409386
28701.37347564462 20.038164847211032
32698.308916723257 20.422018592814627
37251.85510445159 20.535132117401286
42439.52530564445 21.05665407064238
48349.62723650244 21.09226352940935
55082.766290928026 21.31868308463022
62753.55810748297 21.691066373403597
71492.57962735652 21.943457562790893
81448.59185545423 22.144695472470755
92791.07216181533 22.575597832512514
105713.09922975217 22.774121901816372
120434.63976007584 23.402225870455048
137206.29287971015 23.748043313004942
156313.55599432363 24.118599255521033
178081.68470094848 24.510930070195634
202881.22948901285 24.755299124074156
231134.3434789187 24.925909812234032
263321.96857237536 25.36218240854869
299992.02234156645 26.31641209780135
341768.7250194138 26.306681611763864
389363.225360714 27.244611296424594
443585.70625409466 28.68303205262327
505359.1761539726 30.193152104097297
575735.1810987586 31.588393247712602
655911.7047749574 33.265627807873635