1.068034943743738797e-03 3.066823059135274310e+00 4.807520236971463135e+01
1.213362338371643803e-03 3.066938784119454642e+00 4.231377446233791062e+01
1.378464415235416182e-03 3.067088379629582029e+00 3.724194985174357697e+01
1.566031913121990627e-03 3.067281847627398861e+00 3.277706978154869688e+01
1.779121699342299176e-03 3.067532203327972606e+00 2.884636662241759097e+01
2.021206588798335826e-03 3.067856423319613057e+00 2.538577770607889761e+01
2.296231941925073669e-03 3.068276719274739772e+00 2.233890090982352561e+01
2.608679963907970401e-03 3.068822267512404611e+00 1.965607491200625745e+01
2.963642753087764731e-03 3.069531588932810529e+00 1.729356903757417996e+01
3.366905289053495447e-03 3.070455877871433703e+00 1.521286934828985871e+01
3.825039712915997633e-03 3.071663752206923448e+00 1.338004911790481088e+01
4.345512436287611233e-03 3.073248197688291938e+00 1.176521306813225820e+01
4.936805824568703087e-03 3.075337020536653032e+00 1.034200570130713004e+01
5.608556437665290079e-03 3.078109141013044781e+00 9.087174671592901376e+00
6.371712081105575243e-03 3.081821081736172196e+00 7.980180197343563542e+00
7.238710227084211440e-03 3.086852273871052432e+00 7.002840567144743567e+00
8.223680713238014361e-03 3.093787540314376194e+00 6.139000630309936923e+00
9.342676022621249771e-03 3.103579559908907992e+00 5.374201351118102821e+00
1.061393289785127550e-02 3.117903700680434209e+00 4.695302625533123830e+00
1.205816955306153807e-02 3.140053075748106881e+00 4.089921835064178168e+00
1.369892332745154852e-02 3.177755959099863858e+00 3.545134418813354671e+00
1.556293428331746199e-02 3.256622795382908553e+00 3.041535692213343189e+00
1.768058100022347479e-02 3.490707723156067477e+00 2.498716058674481655e+00
2.008637566763712273e-02 2.671317153506423736e+00 2.107093868721189089e+00
2.281952654476371994e-02 2.681157889561989194e+00 1.700395131579546693e+00
2.592457695422722627e-02 2.381037892557678948e+00 1.413255802044055098e+00
2.945213122354937985e-02 2.390026329928125026e+00 1.546811933302078890e+00
3.345967940540416768e-02 2.511931172003155854e+00 1.679938100018447455e+00
3.801253421746458860e-02 3.004443679689998259e+00 2.063508259073612017e+00
4.318489547154888419e-02 2.961223425977893342e+00 1.726648854979166314e+00
4.906105933952101955e-02 2.599025142813308431e+00 1.462296223174688548e+00
5.573679216386610152e-02 2.566120163443403435e+00 1.258822213648762123e+00
6.332089120251628567e-02 2.468737142595881728e+00 1.065097231210322182e+00
7.193695774404948451e-02 2.406204178667270543e+00 1.165877194340232403e+00
8.172541149047371500e-02 2.510583959153263933e+00 1.179169376773175459e+00
9.284577903685028999e-02 2.496527878562386338e+00 1.042581275466480717e+00
1.054792937440817147e-01 2.590172131934806554e+00 8.865397006325310691e-01
1.198318493760975045e-01 2.760539663490164664e+00 1.035465654954275116e+00
1.361373556381194616e-01 2.847951885724745669e+00 9.997299387451412667e-01
1.546615503026410876e-01 2.376862542325939298e+00 8.330802114604295427e-01
1.757063300509603132e-01 2.341141278691301064e+00 6.737327664480251554e-01
1.996146706118320791e-01 2.605434207303632732e+00 8.170771541198661447e-01
2.267762163828339617e-01 2.645922992596385637e+00 7.603358637888828486e-01
2.576336306308820712e-01 2.427832922594729492e+00 8.126331579740984079e-01
2.926898097638165330e-01 2.520402898058664132e+00 8.926021731612892030e-01
3.325160792471102411e-01 2.410164214531111071e+00 7.036194365684651508e-01
3.777615047380417090e-01 2.518653308565185878e+00 7.220164624961776800e-01
4.291634701848475175e-01 2.710231672132739078e+00 7.100909184816405206e-01
4.875596952866353972e-01 2.340399304086984600e+00 6.403930444393892696e-01
5.539018881677166828e-01 2.480500624004841281e+00 6.663332103583258226e-01
6.292712557697992537e-01 2.234838823125580909e+00 5.549657283220545967e-01
7.148961247414995501e-01 2.225080711537216427e+00 4.920118840142740924e-01
8.121719600003092232e-01 2.123626190412958081e+00 5.316443178148697601e-01
9.226841072180353986e-01 2.153294020630571293e+00 5.013956924836042717e-01
1.048233629873677186e+00 2.081947081241698694e+00 4.647125213885575090e-01
1.190866661951178518e+00 2.108682348345647384e+00 4.334829285727022086e-01
1.352907754655463535e+00 2.064247041097329927e+00 4.292986306162280830e-01
1.536997760612368147e+00 2.104654788230408968e+00 4.129807629955599690e-01
1.746136872967398279e+00 1.853694354774324760e+00 3.705081373555934587e-01
1.983733520809808137e+00 1.802296734780192144e+00 3.623481326148333403e-01
2.253659917791536405e+00 1.844331373987358580e+00 3.663010275445106601e-01
2.560315169240468869e+00 1.834719306737615740e+00 3.725624244534183616e-01
2.908696966251500982e+00 1.777101091907095531e+00 3.758408011949191940e-01
3.304483035184510253e+00 1.744095776306173962e+00 3.843058876326369555e-01
3.754123669986344947e+00 1.602344771045656202e+00 3.578315009003990577e-01
4.264946855375463031e+00 1.482425545619808327e+00 3.023551923934227337e-01
4.845277694126473911e+00 1.590363682986721816e+00 3.627388461403349140e-01
5.504574084811848067e+00 1.371878936091833534e+00 3.486322313846903498e-01
6.253580861198680729e+00 1.397005939503226601e+00 3.517067529947633941e-01
7.104504905375828017e+00 1.417435874555341480e+00 3.606324366077661714e-01
8.071214088504550688e+00 1.205296203106671182e+00 2.895728082619096755e-01
9.169463281414707012e+00 1.235856718005424515e+00 3.209621690314910514e-01
1.041715111843737063e+01 1.165799646933656453e+00 3.692490980727137218e-01
1.183461169906319199e+01 1.107669343733886258e+00 3.481868188039745071e-01
1.344494598141270814e+01 8.535476634322953782e-01 3.037173601650740573e-01
1.527439826837874826e+01 8.149607175243822610e-01 3.003188346512499218e-01
1.735278392219596810e+01 9.511728031920441140e-01 4.814266256178844072e-01
1.971397527808368011e+01 6.843972551065067300e-01 3.886148232324802554e-01
2.239645367610344451e+01 5.454409008202281139e-01 4.844846178237599554e-01
2.544393660792934853e+01 5.743665835353716220e-01 5.895658622648686231e-01