1.067064349897608230e-03 2.877490319508402727e+00 5.732033283262592960e+01
1.210188303747203016e-03 2.877488073385795264e+00 5.053756120132795360e+01
1.372509287436194693e-03 2.877485184089492165e+00 4.455645699796242099e+01
1.556602173616870258e-03 2.877481467371404200e+00 3.928214193055075754e+01
1.765387199262509043e-03 2.877476686160502783e+00 3.463094894981689009e+01
2.002176288934709100e-03 2.877470535393998663e+00 3.052909484465832790e+01
2.270725591330334872e-03 2.877462622476276710e+00 2.691150952632886373e+01
2.575295062487196422e-03 2.877452442144791789e+00 2.372080338330957971e+01
2.920716040807646609e-03 2.877439344095026552e+00 2.090635625491319516e+01
3.312467885832210031e-03 2.877422491381106173e+00 1.842351346577118321e+01
3.756764896472294078e-03 2.877400807053126286e+00 1.623287600354927562e+01
4.260654887472436689e-03 2.877372906038443645e+00 1.429967332598562813e+01
4.832130987805251243e-03 2.877337008969701682e+00 1.259320844712597420e+01
5.480258434439744600e-03 2.877290835118852197e+00 1.108636585559113108e+01
6.215318372792918988e-03 2.877231474195260486e+00 9.755173396636759975e+00
7.048970944948957512e-03 2.877155245187732024e+00 8.578409364147660199e+00
7.994440252689218734e-03 2.877057574355935454e+00 7.537245391650027493e+00
9.066724129372965429e-03 2.876932990565181925e+00 6.614913620538215078e+00
1.028283204824768059e-02 2.876775521846679950e+00 5.796381456693918466e+00
1.166205494109173041e-02 2.876580325150047912e+00 5.068004937296382018e+00
1.322627120728074937e-02 2.876349134646392081e+00 4.417100873728736943e+00
1.500029376745222812e-02 2.876108435580411182e+00 3.831291548735033192e+00
1.701226366702689174e-02 2.875976518217428168e+00 3.297189187965565260e+00
1.929409647325861649e-02 2.876472229346174192e+00 2.796742231835026793e+00
2.188198854694027237e-02 2.880872951397940973e+00 2.290449142375031499e+00
2.481699121967519475e-02 2.867394814852572971e+00 1.700455411940386741e+00
2.814566198479953943e-02 2.718365797841796994e+00 1.822540744899558085e+00
3.192080303169637229e-02 3.019992936281243434e+00 2.656588958293399028e+00
3.620229883875701604e-02 2.979152623900855001e+00 2.638287110422080417e+00
4.105806611159738134e-02 2.987198724498591140e+00 2.278990959812318362e+00
4.656513113525198588e-02 3.001164052790278092e+00 1.941475891246535079e+00
5.281085163021710660e-02 3.053549936334291726e+00 1.553861776084943136e+00
5.989430249445625021e-02 2.979277888388190298e+00 1.388590965066169636e+00
6.792784741317907382e-02 3.070790761937365332e+00 1.376654324991362977e+00
7.703892126659667161e-02 2.757707349321922408e+00 1.185552967967553384e+00
8.737205160971134310e-02 2.763765642415953572e+00 1.152497191575020397e+00
9.909115129056250693e-02 2.820105936722940410e+00 1.128675860913105566e+00
1.123821185743767714e-01 2.646842765601617131e+00 9.553644046369681453e-01
1.274557860189898528e-01 2.613406604091407903e+00 9.246467280180127313e-01
1.445512648790943655e-01 2.574609295671129505e+00 9.872965106104507615e-01
1.639397380910811997e-01 2.803339727551182214e+00 9.888340090195456566e-01
1.859287620060062762e-01 3.026682522521689567e+00 1.075121065108902041e+00
2.108671451084062620e-01 2.799626282247859255e+00 9.782591177573045638e-01
2.391504811113261408e-01 2.575517249020280452e+00 8.509079749704488993e-01
2.712274241981887934e-01 2.658434463131758463e+00 8.326308907368576984e-01
3.076068059546976929e-01 2.173836491536019100e+00 7.017578571845216606e-01
3.488657068855608445e-01 2.252689243898757798e+00 6.087575701089305014e-01
3.956586105532602371e-01 2.238837673426926855e+00 5.883308007156226038e-01
4.487277855495511725e-01 2.152836631335310447e+00 5.772075711107044205e-01
5.089150599872994674e-01 2.140868996791135181e+00 5.444130055645094446e-01
5.771751752896006060e-01 2.322802805605509224e+00 5.660051538769387269e-01
6.545909311052708901e-01 2.177088901221723383e+00 4.953870526707708222e-01
7.423903615921614296e-01 2.176320069584461336e+00 5.140187396461206593e-01
8.419662155330189801e-01 2.215326174266918802e+00 5.085940337514474052e-01
9.548980492939618259e-01 2.075420033633266659e+00 4.658004310643290569e-01
1.082977283082750208e+00 2.251468090454909365e+00 5.026408246407397806e-01
1.228235617970395932e+00 2.291353253351864350e+00 5.054743528237795047e-01
1.392977264450939501e+00 2.203009323834716149e+00 4.645322645006469409e-01
1.579815493776042246e+00 1.906830561775392896e+00 4.268619163503441505e-01
1.791714091872561365e+00 2.011799453062230292e+00 4.255412884588372080e-01
2.032034373420195106e+00 1.942038300848186516e+00 3.979359651834284417e-01
2.304588501866233763e+00 1.980934748360163589e+00 3.822526763574747299e-01
2.613699961184559051e+00 1.890001975283097879e+00 3.841180967906513422e-01
2.964272138633052833e+00 1.770305392468164651e+00 3.470237025117879348e-01
3.361866106427089829e+00 1.803805998049644366e+00 3.460166310220427199e-01
3.812788836167764206e+00 1.766362444340733973e+00 3.393263919170296794e-01
4.324193245356664939e+00 1.475682010387828758e+00 2.918075174172934938e-01
4.904191663019611624e+00 1.552338112680318405e+00 3.176561128449657545e-01
5.561984514326972828e+00 1.615094269281251327e+00 3.359975988741740194e-01
6.308006265514782385e+00 1.577732667530929112e+00 3.058636234443103397e-01
7.154090944208363112e+00 1.471046673097204494e+00 3.129982851528541055e-01
8.113659860771763377e+00 1.412978799237224470e+00 3.472991846207043043e-01
9.201934508477721764e+00 1.228410508046817284e+00 3.222412297449274710e-01
1.043617801970057712e+01 1.174539217753334919e+00 3.036818682962380000e-01
1.183596900831443932e+01 9.543980380065428815e-01 2.773495732496621402e-01
1.342351214221613276e+01 8.737503503455880116e-01 3.019532556639080711e-01
1.522399037253688547e+01 8.932820269850039185e-01 3.314904584884611483e-01
1.726596440690016721e+01 6.613139614083370921e-01 2.902142727717488824e-01
1.958182576350817072e+01 6.279553706837281979e-01 4.409822726341754429e-01
2.220831059278399522e+01 5.121410285378570348e-01 2.952571038095188061e-01