1.067273036911250842e-03 2.825965828316325812e+00 5.532741949634193190e+01
1.210870433724278239e-03 2.826027696069456141e+00 4.876211066275639183e+01
1.373788296489630509e-03 2.826107454031501209e+00 4.297483897586029400e+01
1.558626118045614104e-03 2.826210320964118949e+00 3.787326186898854274e+01
1.768333142785859279e-03 2.826343068169610895e+00 3.337597680550918255e+01
2.006255424357901874e-03 2.826514501413490255e+00 2.941122204825741449e+01
2.276189214790356151e-03 2.826736105839333657e+00 2.591573107096884954e+01
2.582441536917522585e-03 2.827022917803210245e+00 2.283372223673142187e+01
2.929898906585923744e-03 2.827394718496154535e+00 2.011600747778300757e+01
3.324105301163902786e-03 2.827877693569536444e+00 1.771920552403049243e+01
3.771350618408070114e-03 2.828506784610673286e+00 1.560504675863596269e+01
4.278771037122942530e-03 2.829329097368853407e+00 1.373975800385876944e+01
4.854462880953270762e-03 2.830408977739431453e+00 1.209351639828180680e+01
5.507611802102606487e-03 2.831835820241923152e+00 1.063996185974905373e+01
6.248639346213988310e-03 2.833736551220796152e+00 9.355757072848009059e+00
7.089369236979884380e-03 2.836296524370210292e+00 8.220181632901470081e+00
8.043216033693557226e-03 2.839796497279549747e+00 7.214740737311066354e+00
9.125399171933223919e-03 2.844682718223041640e+00 6.322752590557117358e+00
1.035318580257995127e-02 2.851711959072281477e+00 5.528833495144571231e+00
1.174616630387195423e-02 2.862289174520137536e+00 4.818055031956302692e+00
1.332656686252410051e-02 2.879400123038205805e+00 4.173972552817764914e+00
1.511960411140978074e-02 2.911035773497173906e+00 3.571429047204314866e+00
1.715388748235053065e-02 2.995705585280607153e+00 2.914373604126758277e+00
1.946187569389376537e-02 2.908934719096508026e+00 2.666114843353860842e+00
2.208039465772874965e-02 2.480433370737020304e+00 2.546964540068290539e+00
2.505122506737750276e-02 2.446363941870337566e+00 2.069991974733949913e+00
2.842176904463699499e-02 2.368009745222751761e+00 1.564282939808647521e+00
3.224580648068283567e-02 2.637693482343471008e+00 2.132356674782169836e+00
3.658435313989891191e-02 2.842484946117927347e+00 2.194437690838527466e+00
4.150663421820822985e-02 2.930702969890163434e+00 1.835159308560660119e+00
4.709118888985486945e-02 2.819939489580655767e+00 1.481718802321586814e+00
5.342712346661868117e-02 2.572992450128431585e+00 1.413274500674886802e+00
6.061553316468230868e-02 2.578656413075347764e+00 1.311426438192026422e+00
6.877111516464798346e-02 2.412766979648202970e+00 1.154909872080990496e+00
7.802399870244650093e-02 2.509112721867067908e+00 1.073295877012809152e+00
8.852182139179266829e-02 2.579725368940491315e+00 1.064481322362012428e+00
1.004320849076751621e-01 2.404392638231616086e+00 1.127993923576801505e+00
1.139448276178110231e-01 2.549894555280515895e+00 1.144411767887109077e+00
1.292756568061693423e-01 2.644731949609200328e+00 1.332721038324671037e+00
1.466691888702646440e-01 2.649479751746280698e+00 1.080267689559925692e+00
1.664029523834898161e-01 2.686862485601663852e+00 8.984848054938883166e-01
1.887918162991611692e-01 2.663633664278932667e+00 1.046012560346145870e+00
2.141930139520322740e-01 2.286536662459659475e+00 9.078072553164450165e-01
2.430118430194866952e-01 2.340607001710910406e+00 8.050685614992757477e-01
2.757081323901289238e-01 2.486035649938906467e+00 8.673699656068228903e-01
3.128035791241554620e-01 2.617418753705019530e+00 7.582510342592170272e-01
3.548900725729369765e-01 2.493175983806055651e+00 6.727894631508050116e-01
4.026391384762085801e-01 2.518901762883765549e+00 6.762881538788794167e-01
4.568126537254572073e-01 2.483664743381574613e+00 6.837468888272785206e-01
5.182750027566555007e-01 2.360434841876659640e+00 5.751584978792871894e-01
5.880068695379101484e-01 2.272520606136693377e+00 6.019334176208933629e-01
6.671208852148962087e-01 2.332318201734492114e+00 5.273227347868456594e-01
7.568793810855527493e-01 2.392432879420914649e+00 5.436988901602344271e-01
8.587145301678194009e-01 2.323978070363752479e+00 5.779571509077929825e-01
9.742511987362336701e-01 2.046890288071828934e+00 5.280646506855908306e-01
1.105332872443060221e+00 1.887497821468047787e+00 4.493607102346672821e-01
1.254051070697222769e+00 1.767399176781710324e+00 4.256071822885242883e-01
1.422778718632439432e+00 1.830185926583092648e+00 3.995573119220945379e-01
1.614208009142644951e+00 1.710501049370865445e+00 3.544043666226009970e-01
1.831393359105624619e+00 1.665106443129613645e+00 3.322035171916619123e-01
2.077800145197890913e+00 1.717974470215450022e+00 3.876675845308324986e-01
2.357359996922092193e+00 1.600353847563814380e+00 3.809036783063725062e-01
2.674533529094185624e+00 1.621827924998862747e+00 3.675139439863457369e-01
3.034381514740449148e+00 1.633686733996215334e+00 3.600010272236336406e-01
3.442645634028352220e+00 1.667734184646812778e+00 3.344304388229683567e-01
3.905840087649046666e+00 1.476710887828617924e+00 3.025770904642096082e-01
4.431355536420763741e+00 1.466297958511732391e+00 3.239319758749250600e-01
5.027577025557786072e+00 1.509610379198329966e+00 3.346196615439975264e-01
5.704017775186800421e+00 1.320501824599547458e+00 3.228706168163619217e-01
6.471470971851946530e+00 1.288082192288973804e+00 3.087048623963754568e-01
7.342181982970918952e+00 1.345387136466249745e+00 3.372500146281015021e-01
8.330043742069969781e+00 1.168333814089237865e+00 3.071760010513667205e-01
9.450818422335188984e+00 1.186116352505607319e+00 3.143269710487542890e-01
1.072238893546976612e+01 1.186050845462348180e+00 3.493594643454682180e-01
1.216504426873505551e+01 1.197122115453361335e+00 3.857157362922477017e-01
1.380180321297028456e+01 1.007062352587156040e+00 3.899305047304721383e-01
1.565878164694624175e+01 8.136551794784354641e-01 3.817918474220510783e-01
1.776560923838672323e+01 6.050926138471570681e-01 3.029147338957657309e-01
2.015590221047642316e+01 5.540539003882897218e-01 2.939730490154668918e-01
2.286779971724631366e+01 5.147054903514524105e-01 2.416982458927253441e-01