1.066922992585645500e-03 1.963710287611462046e+00 7.722953019070891401e+01
1.209726351630172406e-03 1.963699113483348135e+00 6.811171546650592745e+01
1.371643366951783927e-03 1.963684745820073685e+00 6.007006457381211817e+01
1.555232324705111248e-03 1.963666271179573375e+00 5.297751949876003863e+01
1.763393927375503031e-03 1.963642514260948824e+00 4.672201805088914028e+01
1.999417124830148249e-03 1.963611962655842591e+00 4.120472327419593483e+01
2.267031079671388491e-03 1.963572669492460898e+00 3.633846180067575204e+01
2.570464087943939626e-03 1.963522127783074112e+00 3.204634648659123997e+01
2.914510386142218825e-03 1.963457107748045383e+00 2.826056155216775423e+01
3.304605900067382127e-03 1.963373445925841843e+00 2.492129103194393380e+01
3.746914132364760272e-03 1.963265771125560111e+00 2.197577359193734026e+01
4.248423545763352349e-03 1.963127147193642008e+00 1.937746876712793309e+01
4.817057980670954621e-03 1.962948605601742003e+00 1.708532142564187239e+01
5.461801851721088258e-03 1.962718530853560628e+00 1.506311280725459056e+01
6.192842101375075486e-03 1.962421847408437170e+00 1.327888783719639321e+01
7.021729153443863509e-03 1.962038935630932679e+00 1.170444959697553244e+01
7.961559409592528294e-03 1.961544172383966167e+00 1.031491285857194562e+01
9.027182172269202290e-03 1.960903942358490193e+00 9.088309462080006895e+00
1.023543426343728399e-02 1.960073887271712723e+00 8.005239040135380790e+00
1.160540604608302495e-02 1.958995029964861301e+00 7.048559148431155386e+00
1.315874305163385743e-02 1.957588188461126144e+00 6.203109207761752231e+00
1.491998797899566492e-02 1.955745700973068768e+00 5.455462702733212765e+00
1.691696846878815164e-02 1.953318750709677865e+00 4.793701604348175493e+00
1.918123677960476003e-02 1.950097144533216698e+00 4.207205512137642600e+00
2.174856831317475633e-02 1.945775401526055548e+00 3.686444410977345765e+00
2.465952686511674319e-02 1.939892228046820488e+00 3.222755265071274522e+00
2.796010553223619161e-02 1.931713503555426481e+00 2.808060415827514866e+00
3.170245340269159384e-02 1.919980472635357760e+00 2.434421440031342421e+00
3.594569951072178193e-02 1.902277988741083892e+00 2.093099039819509510e+00
4.075688707440550812e-02 1.873008166342355896e+00 1.771753569148547536e+00
4.621203277739434345e-02 1.812660371796798620e+00 1.439854915711146655e+00
5.239732783125265747e-02 1.710385405406615877e+00 1.099779964132679977e+00
5.941049979516974111e-02 1.875361681920441503e+00 1.138186417249011706e+00
6.736235666977298531e-02 2.102656637559454200e+00 1.248602055534036692e+00
7.637853766169859504e-02 2.180161834011051347e+00 1.209856565794788175e+00
8.660149828097116198e-02 2.353580130455415365e+00 1.270172984843950248e+00
9.819276113569758158e-02 2.449730809357739680e+00 1.241859865658559769e+00
1.113354679865942165e-01 2.441406907816006111e+00 9.201959045337988474e-01
1.262372733837665850e-01 2.166243499340437140e+00 9.715619133488022641e-01
1.431336256051543576e-01 2.535332909132847590e+00 1.242784961929316756e+00
1.622914867354148805e-01 2.511948782842716277e+00 9.969531508723858959e-01
1.840135506624298867e-01 2.664284270770377105e+00 9.085054767282521038e-01
2.086430256357099666e-01 2.491647659158088057e+00 8.405848086113152373e-01
2.365690569510403574e-01 2.506098486608187681e+00 7.352823440480275030e-01
2.682328754396954840e-01 2.511356577580458715e+00 6.735874467153447620e-01
3.041347689082495309e-01 2.380649348043245794e+00 7.265081031335463013e-01
3.448419866776170073e-01 2.362593787176570981e+00 6.630945001935933947e-01
3.909977021129078523e-01 2.171143575272194148e+00 6.510383981924616759e-01
4.433311747519207424e-01 2.174532587384151672e+00 5.098676885868994590e-01
5.026692725937370598e-01 2.255286956843616686e+00 5.159124053986541281e-01
5.699495365993817453e-01 2.243080489230951713e+00 4.994276590534637572e-01
6.462349938234464020e-01 2.282921502760365762e+00 5.510172044570542660e-01
7.327309532239083545e-01 2.230568729318811450e+00 5.512061593044105257e-01
8.308040495236612699e-01 1.960657536936844192e+00 4.549040491909497330e-01
9.420038360164532110e-01 2.043695889576418789e+00 4.567289969260301952e-01
1.068087267483210034e+00 2.064440246811973356e+00 4.850681398616065731e-01
1.211046460048411877e+00 1.888494029392343343e+00 4.199508639511427277e-01
1.373140166581795274e+00 1.831074132533492271e+00 4.015712196553421487e-01
1.556929464956205766e+00 1.747705543935119454e+00 3.730560006739526147e-01
1.765318223035479139e+00 1.819860546472155782e+00 4.003945296651204022e-01
2.001598979738494766e+00 1.760102960512723635e+00 3.936087006347676609e-01
2.269504967099443604e+00 1.850757530153476216e+00 3.932720392716151925e-01
2.573269095272005202e+00 1.609618537655030046e+00 3.285667200690365330e-01
2.917690832439522097e+00 1.543827170807946958e+00 3.178093641117858414e-01
3.308212036332633943e+00 1.489540209318258146e+00 2.884925243018113816e-01
3.751002935491095869e+00 1.422347415749430466e+00 3.009522649504442482e-01
4.253059618772303985e+00 1.439240830106427227e+00 3.022310728721014361e-01
4.822314573439116181e+00 1.498358707482199792e+00 3.325296119007364326e-01
5.467762018326945750e+00 1.443413909867107048e+00 3.218477093680574552e-01
6.199600012352078693e+00 1.395076743789540608e+00 3.047736750432187836e-01
7.029391583673287869e+00 1.254815536112618757e+00 3.158206699173145560e-01
7.970247425344815895e+00 1.374008895615149717e+00 3.684772434444725797e-01
9.037033044049033848e+00 1.168886762558682291e+00 3.276572123701304018e-01
1.024660363485528691e+01 1.180330975260243331e+00 3.077814503456274275e-01
1.161807039302221156e+01 1.138497953884112901e+00 3.513775927627097451e-01
1.317310247056566652e+01 1.039227381339444811e+00 3.346658568602601247e-01
1.493626934850089683e+01 9.052324612052371489e-01 3.683450517869681917e-01
1.693542903423475465e+01 8.087907887013869868e-01 3.810009721331493182e-01
1.920216821762036830e+01 6.907587440453401006e-01 2.869534648233609819e-01
2.177230134013259288e+01 6.606128408273047592e-01 5.342800483550160795e-01