1.065816901457577884e-03 3.245113740801396141e+00 5.632529520688733982e+01
1.206114433407685926e-03 3.245108893009922557e+00 4.976617714610956966e+01
1.364879863027997639e-03 3.245102656888230630e+00 4.396906565995964655e+01
1.544544189920689977e-03 3.245094624753922297e+00 3.884519240661329320e+01
1.747858415410458123e-03 3.245084262701977362e+00 3.431609596589095190e+01
1.977935665588194045e-03 3.245070867428391015e+00 3.031241969399891900e+01
2.238298859171088118e-03 3.245053505660290494e+00 2.677284863288345207e+01
2.532934650064432979e-03 3.245030927710200075e+00 2.364316902155020017e+01
2.866354470587981988e-03 3.245001441543513110e+00 2.087543573974671673e+01
3.243663610054335102e-03 3.244962725113005764e+00 1.842723451819783875e+01
3.670639386423289914e-03 3.244911539589632632e+00 1.626102695873593618e+01
4.153819607988339796e-03 3.244843278812953535e+00 1.434356726986460373e+01
4.700602679611384435e-03 3.244751239179104907e+00 1.264538002022139018e+01
5.319360886321802817e-03 3.244625394390231232e+00 1.114028788845241458e+01
6.019568588866474994e-03 3.244450254206682427e+00 9.804976790196754166e+00
6.811947294127583888e-03 3.244200937007523322e+00 8.618581652720493480e+00
7.708629821711199780e-03 3.243835523387395892e+00 7.562266517992464188e+00
8.723346080408225095e-03 3.243278991247992238e+00 6.618749847695826638e+00
9.871633299117374416e-03 3.242385882776916528e+00 5.771667278812371293e+00
1.117107393126407465e-02 3.240840585744515945e+00 5.004492915222096272e+00
1.264156487548272201e-02 3.237830813528850715e+00 4.298134502503633492e+00
1.430562213484116649e-02 3.230560607453698552e+00 3.623391277173403591e+00
1.618872557951753222e-02 3.200656183310926828e+00 2.897277344632595231e+00
1.831970909189927985e-02 3.536559977451959380e+00 2.338922965514744323e+00
2.073120206796533194e-02 2.616485984272075793e+00 2.222558564833434946e+00
2.346012903517414455e-02 3.374140279644693763e+00 4.355396583956548717e+00
2.654827503695438018e-02 3.391000232466485631e+00 3.818075493146428023e+00
3.004292544090616385e-02 3.417690207197783714e+00 3.335233221382844615e+00
3.399758996738912187e-02 3.466530326574014609e+00 2.894521859993866908e+00
3.847282202474669455e-02 3.613899937275021124e+00 2.458490866955829190e+00
4.353714589674205493e-02 3.413076954441932376e+00 2.118165383235794952e+00
4.926810597920217027e-02 3.194683297165416214e+00 1.639652449726243910e+00
5.575345413167144548e-02 3.100467298642943792e+00 1.837866767307492211e+00
6.309249332467904703e-02 2.912223395442489871e+00 1.665042907383366577e+00
7.139759815640561724e-02 2.966985475698904473e+00 1.392368677044977465e+00
8.079593552074139373e-02 2.934809379493518833e+00 1.071894776293282447e+00
9.143141177342427317e-02 2.730699637389156997e+00 9.398934226160963190e-01
1.034668762110616258e-01 2.765977523938539129e+00 1.393237162559060938e+00
1.170866146024752835e-01 2.493683526122687955e+00 1.181418143730365244e+00
1.324991709530602413e-01 2.605485572846504727e+00 1.051044892962547994e+00
1.499405407087169295e-01 2.630704425117185163e+00 9.593430839888988926e-01
1.696777842933600566e-01 2.611125333941416660e+00 9.429276324859459102e-01
1.920131163101124472e-01 2.451982314797995777e+00 8.088670563803511682e-01
2.172885330196026032e-01 2.183013367002271554e+00 6.422667897190388331e-01
2.458910489508282782e-01 2.504869045942017536e+00 7.525145923661277214e-01
2.782586228270224060e-01 2.493219888220479241e+00 8.235641698044995351e-01
3.148868635436771757e-01 2.456422047412613718e+00 7.271276145130781687e-01
3.563366188799571566e-01 2.381737221074144539e+00 6.204845979334132622e-01
4.032425631410542222e-01 2.333028332223689993e+00 5.884891478402346499e-01
4.563229152245658060e-01 2.357227898999178173e+00 5.738616099412302551e-01
5.163904359129056765e-01 2.143097243193819335e+00 6.018789545223298676e-01
5.843648727811364685e-01 2.080144928053596853e+00 4.994883279229410111e-01
6.612870432753483740e-01 2.065467708475598130e+00 4.666489394289963788e-01
7.483347716002013428e-01 1.990627132275566868e+00 4.270749451362348958e-01
8.468409234395803953e-01 2.142637111121851845e+00 4.655971744297392467e-01
9.583138146561140935e-01 1.976137022673141175e+00 4.192575789246940632e-01
1.084460306465427681e+00 1.954451764238891665e+00 4.181472702061450053e-01
1.227211940716007366e+00 1.797726501034585755e+00 3.680899934957362896e-01
1.388754515455343341e+00 1.843543037394608675e+00 3.718921720230826677e-01
1.571561553640324016e+00 1.921683415970161457e+00 4.196402667587373903e-01
1.778432177461250596e+00 1.818756798306556677e+00 3.964543902307420264e-01
2.012533968207156132e+00 1.867501646462095044e+00 3.936765274922582325e-01
2.277451467938192309e+00 1.894645942466401056e+00 3.825773740529556100e-01
2.577241065617599247e+00 1.626626634036703489e+00 3.388192575486823066e-01
2.916493108113952459e+00 1.649418452693200754e+00 3.210661251056195487e-01
3.300402187110832664e+00 1.575241066059725581e+00 3.114009354117909800e-01
3.734846678149727595e+00 1.589459501699199251e+00 3.273733882920901728e-01
4.226478749699613680e+00 1.695484351703640868e+00 3.678578997694297859e-01
4.782826220462666811e+00 1.559842434920784449e+00 3.665203860163230298e-01
5.412407824544485990e+00 1.586209689432270142e+00 3.997838792313822553e-01
6.124863649417019218e+00 1.482685787394779187e+00 3.638618431108249784e-01
6.931102743926580878e+00 1.351877056011494771e+00 3.322954739163906379e-01
7.843470156505303770e+00 1.369784254329118101e+00 3.501166670146809712e-01
8.875935961257624740e+00 1.189253484430246699e+00 3.339067350435650505e-01
1.004430916626935577e+01 1.120008331454495965e+00 3.357228654258698763e-01
1.136647977948094912e+01 1.171054264000179090e+00 3.616934597804860041e-01
1.286269273861224782e+01 1.121255756346110521e+00 3.753228737324728614e-01
1.455585789952492348e+01 9.623873314680615465e-01 3.193345290203085662e-01
1.647190082953198242e+01 8.194750693685678433e-01 3.471400079563337071e-01
1.864015977696459458e+01 1.025574972838400933e+00 8.111321982033272704e-01
