1.075307115866641757e-03 7.195481083947946388e+00 8.947531209869260920e+02
1.237263671000228202e-03 7.195479932845374016e+00 7.776303322590457583e+02
1.423613188259428451e-03 7.195478411506490701e+00 6.758387200429225459e+02
1.638029594894491788e-03 7.195476393913970092e+00 5.873714360089269348e+02
1.884740163885907432e-03 7.195473724339181310e+00 5.104843268652934398e+02
2.168608855686445132e-03 7.195470189946766126e+00 4.436615436284945986e+02
2.495232212415651914e-03 7.195465509678903970e+00 3.855856582829288186e+02
2.871049695084775411e-03 7.195459313985101524e+00 3.351116905168221365e+02
3.303470639178047053e-03 7.195451109531095568e+00 2.912445331420854018e+02
3.801020331551305947e-03 7.195440246670241180e+00 2.531193343276899270e+02
4.373508088590492490e-03 7.195425862287341268e+00 2.199844460841929958e+02
5.032220649332848350e-03 7.195406813909278831e+00 1.911866056809452914e+02
5.790144696344480882e-03 7.195381587640058640e+00 1.661580563216020039e+02
6.662222891408947287e-03 7.195348175874556773e+00 1.444053535452292749e+02
7.665648473834394197e-03 7.195303916541385902e+00 1.254996368879407385e+02
8.820204229458374068e-03 7.195245277165092546e+00 1.090681746578901965e+02
1.014865251320890352e-02 7.195167566790537705e+00 9.478701529693228167e+01
1.167718401461391442e-02 7.195064549705175061e+00 8.237460037891445097e+01
1.343593411378316352e-02 7.194927926401027740e+00 7.158621329508177666e+01
1.545957700794962225e-02 7.194746631193497777e+00 6.220915408957640125e+01
1.778800932192348139e-02 7.194505876533114908e+00 5.405854524188711707e+01
2.046713668000946229e-02 7.194185841603936815e+00 4.697368554802324070e+01
2.354977874684918010e-02 7.193759853094714884e+00 4.081487996028796772e+01
2.709671058029466950e-02 7.193191826595903393e+00 3.546068248810693291e+01
3.117786082684487203e-02 7.192432605655080025e+00 3.080549714282945928e+01
3.587369038236733199e-02 7.191414609142986691e+00 2.675748850904139786e+01
4.127677869874524924e-02 7.190043793897316071e+00 2.323675881220339789e+01
4.749364901088150293e-02 7.188187186130430284e+00 2.017375205741701549e+01
5.464686846886561422e-02 7.185652755723110019e+00 1.750784722533157733e+01
6.287746457993358129e-02 7.182155325926771638e+00 1.518609978969660013e+01
7.234770560097698866e-02 7.177255311487941825e+00 1.316207914074699481e+01
8.324429969773387838e-02 7.170240181725859863e+00 1.139471515782592981e+01
9.578207594288326576e-02 7.159872087615284819e+00 9.846966276812063157e+00
1.102082197248395734e-01 7.143775707583285950e+00 8.483787596224157568e+00
1.268071460693890873e-01 7.116636951221734009e+00 7.267505244818112331e+00
1.459061069529203336e-01 7.062806547021052594e+00 6.140419346142120816e+00
1.678816431568287137e-01 6.877604042020881714e+00 4.837228812892855778e+00
1.931670078630156329e-01 7.158025688529876085e+00 4.826812240702421875e+00
2.222607083485206581e-01 7.471932800998434487e+00 4.802038115790517203e+00
2.557363341809283930e-01 7.477287517629402913e+00 4.151824288708893640e+00
2.942538656798752150e-01 7.485406978929036725e+00 3.579427324767492369e+00
3.385726855937982172e-01 7.498985803256067229e+00 3.067182863012727800e+00
3.895665505203823042e-01 7.529253338987483168e+00 2.548305294565702095e+00
4.482408172359948484e-01 7.554174128221912810e+00 2.230294302094654402e+00
5.157522635554934176e-01 7.354076108187136640e+00 2.001801745459247606e+00
5.934318944956057384e-01 7.529921305741534177e+00 1.812300497663102306e+00
6.828111833710877043e-01 7.463725358520569841e+00 1.546913330662239572e+00
7.856522651734179075e-01 7.716011881223679758e+00 1.429226367530650244e+00
9.039826775020263216e-01 7.456937153955687236e+00 1.230783555530123863e+00
1.040135333974190113e+00 7.183114750708497809e+00 1.057261264922568333e+00
1.196794518199353785e+00 7.414083936890597748e+00 9.555849940215174199e-01
1.377048805100554052e+00 7.331338483569859399e+00 8.838041378578770368e-01
1.584451952940010289e+00 7.338071216083954518e+00 7.455522041833292368e-01
1.823092966550369898e+00 7.377715442000328139e+00 6.535853265350033414e-01
2.097676713085704581e+00 6.977407880322298972e+00 5.462930881290406493e-01
2.413616679651906516e+00 6.890264818269891123e+00 4.942755221204305771e-01
2.777141701556316900e+00 6.877797192200888254e+00 4.497809585568650625e-01
3.195418765350683366e+00 6.610300771440281942e+00 4.031791500831551356e-01
3.676694307760090652e+00 6.559094799001544018e+00 3.746014314865735995e-01
4.230456796241512052e+00 6.343408890696794700e+00 3.335822693028306363e-01
4.867623796488275367e+00 6.187375017936751043e+00 3.127386115960195667e-01
5.600757214963003605e+00 5.922583389704072054e+00 2.987034921395356757e-01
6.444310960019294043e+00 5.630179218902964244e+00 2.845656379313117323e-01
7.414915904312975314e+00 5.389758377054497451e+00 2.824999110577946504e-01
8.531707766607979693e+00 5.170195856030457726e+00 2.821849813204424517e-01
9.816704377248530733e+00 4.793138947977432451e+00 2.791559344501774453e-01
1.129523976518056827e+01 4.410973050147778629e+00 2.775435765791152698e-01
1.299646362465646021e+01 4.184759164704749068e+00 2.846932545158709638e-01
1.495391600873366045e+01 3.950647143547321605e+00 2.991555495143863874e-01
1.720618857979311045e+01 3.563578524401574743e+00 2.985097286506212533e-01
1.979768545379663180e+01 3.249467855973846575e+00 3.237085062660953749e-01
2.277949863851741341e+01 2.829344409032593877e+00 3.169874945141811229e-01
2.621041532522709261e+01 2.594365136456895815e+00 3.394988928468389844e-01
3.015807689284645221e+01 2.608789078886905699e+00 3.849636741048807487e-01
3.470031247461577095e+01 2.408368436969937409e+00 4.071024776969245362e-01
3.992667337888487111e+01 1.934891646314449209e+00 4.232472821540237407e-01
4.594019861551136330e+01 1.790329474537174947e+00 5.014902137572978535e-01
5.285944633566100492e+01 1.331199363084328846e+00 4.545575221162977408e-01
6.082083123535326052e+01 1.054265992483313319e+00 5.447009745858002461e-01
6.998131400524567880e+01 5.513696863550872074e-01 5.543520102458866505e-01
