2.193866889582270829e+01 1.486169975703371016e+01
2.472995572983249346e+01 1.485963790185410005e+01
2.787638180345221528e+01 1.485699630603002674e+01
3.142313196761655902e+01 1.485360407193705434e+01
3.542114000361281256e+01 1.484923471819904250e+01
3.992782006734847755e+01 1.484358455762651374e+01
4.500789119627292223e+01 1.483624015907460603e+01
5.073430671944183246e+01 1.482662750097913928e+01
5.718930191769457849e+01 1.481392879333891344e+01
6.446557497906830747e+01 1.479693853767027178e+01
7.266761820878342348e+01 1.477379623709514078e+01
8.191321861089571144e+01 1.474144261046952842e+01
9.233514939100309959e+01 1.469436725175586389e+01
1.040830766711540889e+02 1.462114956937344168e+01
1.173257087987004468e+02 1.449147925484661492e+01
1.322532191146538594e+02 1.415005668061073152e+01
1.490799769741717284e+02 1.443925496825491095e+01
1.680476262385134874e+02 1.562978903915918316e+01
1.894285554477362439e+02 1.559178790506804191e+01
2.135298095082065686e+02 1.555634074970234870e+01
2.406974990694616281e+02 1.556405069829778220e+01
2.713217709121165626e+02 1.547622407385699361e+01
3.058424107250185671e+02 1.535742331443258735e+01
3.447551587313986943e+02 1.529187990377331552e+01
3.886188288607719414e+02 1.510203809035570011e+01
4.380633337028100982e+02 1.574615034034711769e+01
4.937987304870661092e+02 1.604134385590461065e+01
5.566254179950647085e+02 1.606422473868093093e+01
6.274456308394574080e+02 1.625369762014383923e+01
7.072763961760281290e+02 1.618023797249062667e+01
7.972641389158781067e+02 1.694067837618461425e+01
8.987011451787227543e+02 1.705056271343129737e+01
1.013044120413858195e+03 1.731556298977006492e+01
1.141935108696226052e+03 1.724278217036875915e+01
1.287225073613114546e+03 1.753931243971842591e+01
1.451000479379309809e+03 1.759342635961861845e+01
1.635613253903864006e+03 1.766560220325682451e+01
1.843714564098808523e+03 1.767008271945197961e+01
2.078292888466564818e+03 1.777640036713480853e+01
2.342716933714701554e+03 1.805078883278333635e+01
2.640784011710246432e+03 1.842290523634670762e+01
2.976774571500038292e+03 1.848553680636616647e+01
3.355513669514565208e+03 1.843913996753159168e+01
3.782440260709862287e+03 1.831812198005918901e+01
4.263685305716139737e+03 1.820765078563378125e+01
4.806159815665671886e+03 1.854609212651696026e+01
5.417654099084522386e+03 1.962858265769765964e+01
6.106949636101957367e+03 1.973274049453677748e+01
6.883945186568467761e+03 1.958792289136928488e+01
7.759798943082033475e+03 1.992789123286089392e+01
8.747088770338243194e+03 1.991787283095594319e+01
9.859992831951978587e+03 1.993154848778353383e+01
1.111449319867654776e+04 2.002463516391188847e+01
1.252860536197486726e+04 1.985602888756628204e+01
1.412263694891602427e+04 2.136392069735940424e+01
1.591947935372188294e+04 2.132117894618350462e+01
1.794493647399391193e+04 2.161785666136881900e+01
2.022809527249963139e+04 2.162620621546159327e+01
2.280174348604164697e+04 2.232090258577071040e+01
2.570284047999716131e+04 2.243274336942500113e+01
2.897304801032414980e+04 2.235609311629825413e+01
3.265932851514320282e+04 2.238530414717356010e+01
3.681461952777513943e+04 2.285606641770705849e+01
4.149859389627134806e+04 2.314050201635199144e+01
4.677851672671423876e+04 2.344179153031070229e+01
5.273021135658516869e+04 2.347841711060748082e+01
5.943914823024459474e+04 2.364952613064005504e+01
6.700167231352791714e+04 2.362860151673213949e+01
7.552638667397844256e+04 2.547686893322850921e+01
8.513571209588448983e+04 2.540973624768722061e+01
9.596764512726993416e+04 2.528737359497892356e+01
1.081777398056064994e+05 2.578727832827526711e+01
1.219413415211973916e+05 2.680920061566024160e+01
1.374561050980532018e+05 2.694551551449034221e+01
1.549448332536396047e+05 2.875182171926510932e+01
1.746586761997391877e+05 2.938820545392941597e+01
1.968807383329045551e+05 3.038176898352610777e+01
2.219301438090680749e+05 3.097637560912705723e+01
2.501666193867682887e+05 3.250924571085596426e+01
2.819956603517828626e+05 3.205926001703977590e+01
