2.192762560387266291e+01 1.301446035884396935e+01
2.469402757273140736e+01 1.301213065229439536e+01
2.780944041908131226e+01 1.300914474653452402e+01
3.131789555772702016e+01 1.300530566928067699e+01
3.526897943231249144e+01 1.300034856556162843e+01
3.971853434098240854e+01 1.299391036891422146e+01
4.472944767861579152e+01 1.298547967603066944e+01
5.037254075031766831e+01 1.297430709920864622e+01
5.672756971813648619e+01 1.295922648669930410e+01
6.388435282780015712e+01 1.293823699572299901e+01
7.194403984703130561e+01 1.290723623617085636e+01
8.102054165693677135e+01 1.285307361289098793e+01
9.124214020147623216e+01 1.277477543378929070e+01
1.027533015490901533e+02 1.270955365821025751e+01
1.157167176912344360e+02 1.292131639192541037e+01
1.303156059354027718e+02 1.293103883422257638e+01
1.467562983909072898e+02 1.282750008591268198e+01
1.652711581456874228e+02 1.264812673277542032e+01
1.861218633496766302e+02 1.232537571385181785e+01
2.096031056200329772e+02 1.225699633895375484e+01
2.360467550393188390e+02 1.519219454226100297e+01
2.658265506122677948e+02 1.535342806822299444e+01
2.993633824732983157e+02 1.550906990386065232e+01
3.371312405003928347e+02 1.556658411923382879e+01
3.796639134095545955e+02 1.532164409261824645e+01
4.275625330109085667e+02 1.592366689655982093e+01
4.815040702525290044e+02 1.592350897155166756e+01
5.422509031300860443e+02 1.603165183047811837e+01
6.106615916895243572e+02 1.605168792005730793e+01
6.877030124103323487e+02 1.637633074808488942e+01
7.744640234696433936e+02 1.650064618139487038e+01
8.721708540239875447e+02 1.647178695833598994e+01
9.822044350117552085e+02 1.685270031063291540e+01
1.106119916419756919e+03 1.694127675057843163e+01
1.245668646859456658e+03 1.693676719314620982e+01
1.402822926099293454e+03 1.692728836916116109e+01
1.579803880390845961e+03 1.695600919898200232e+01
1.779112854562315533e+03 1.679267797647015925e+01
2.003566764556740281e+03 1.695102919460416402e+01
2.256337910066941276e+03 1.673426750045411993e+01
2.540998809955592151e+03 1.747985190708761749e+01
2.861572694137899816e+03 1.770304411569272673e+01
3.222590365549501257e+03 1.791937599118686109e+01
3.629154235853216960e+03 1.785038302866232129e+01
4.087010439927734751e+03 1.786013998202532704e+01
4.602630048362016169e+03 1.788073065274799944e+01
5.183300525765112980e+03 1.860738386411182077e+01
5.837228727509433156e+03 1.846868897126331888e+01
6.573656890602884232e+03 1.850595248032302109e+01
7.402993258036751286e+03 1.965913491514664457e+01
8.336959182777090973e+03 1.988062764659974846e+01
9.388754790481023520e+03 1.993393366840485470e+01
1.057324554231743969e+04 1.985941269745235971e+01
1.190717233466142898e+04 1.946751101527686600e+01
1.340938810508803908e+04 1.979276367662440705e+01
1.510112428871546217e+04 2.092816676122860997e+01
1.700629089083516737e+04 2.158781021223817120e+01
1.915181441687903862e+04 2.174980888170604487e+01
2.156801843582736183e+04 2.179495608010358154e+01
2.428905215571707231e+04 2.193065329501496663e+01
2.735337306848481967e+04 2.210039971354985866e+01
3.080429048556347334e+04 2.230793554264424472e+01
3.469057764624487027e+04 2.310386630075346659e+01
3.906716104998877563e+04 2.316100586468031608e+01
4.399589675529576198e+04 2.328718436086902699e+01
4.954644461689646414e+04 2.352739418342824607e+01
5.579725281721183273e+04 2.421731665505191700e+01
6.283666660687366675e+04 2.432404228762779752e+01
7.076417692459249520e+04 2.457340240337023118e+01
7.969182654363231268e+04 2.526133386438890227e+01
8.974579361854065792e+04 2.589142898050997132e+01
1.010681750130530127e+05 2.638013795226687819e+01
1.138189946136800281e+05 2.665891714672448387e+01
1.281784650133022369e+05 2.743881103756665141e+01
1.443495345300795452e+05 2.934550075245730838e+01
1.625607555597439932e+05 2.967732287997641549e+01
1.830695148008820252e+05 3.048144085278191540e+01
2.061656710073127470e+05 3.112168678144323408e+01
2.321756516814166098e+05 3.078772190863158187e+01
2.614670666086715646e+05 3.269928818243192836e+01
