1.069686690707482126e-03 4.947370562121162330e+00 4.005196310734196885e+01
1.218772541845966444e-03 4.947319768228929604e+00 3.514863136643590025e+01
1.388636992178749266e-03 4.947253688726215515e+00 3.084453487498112167e+01
1.582176025336606753e-03 4.947167668659078643e+00 2.706629086176144128e+01
1.802689247981456881e-03 4.947055597188469989e+00 2.374948017088509289e+01
2.053936144113030667e-03 4.946909425390401793e+00 2.083754822382688943e+01
2.340200169728477112e-03 4.946718505380844455e+00 1.828083966197360510e+01
2.666361780571406895e-03 4.946468671199962586e+00 1.603574998725803979e+01
3.037981638005267469e-03 4.946140936982821756e+00 1.406397937296573986e+01
3.461395411570631665e-03 4.945709611086319235e+00 1.233187531652322200e+01
3.943821794495471281e-03 4.945139487653800181e+00 1.080985188541989572e+01
4.493485573692336879e-03 4.944381520854213008e+00 9.471873797137178030e+00
5.119757852437199774e-03 4.943365882215988272e+00 8.294993066702993190e+00
5.833315816357184484e-03 4.941990241487316915e+00 7.258923456831858800e+00
6.646324766544274565e-03 4.940098706304143938e+00 6.345630889102923611e+00
7.572645523239569972e-03 4.937440839525646830e+00 5.538898894081929924e+00
8.628070736070355545e-03 4.933583086925502847e+00 4.823772710947437758e+00
9.830594129643981105e-03 4.927687194326651365e+00 4.185597359415712759e+00
1.120071727481055865e-02 4.917816710815803738e+00 3.607540321517809456e+00
1.276179911567390350e-02 4.897643089099170233e+00 3.059687377260865926e+00
1.454045421136387212e-02 4.832683107722477445e+00 2.422803300809752258e+00
1.656700648211111015e-02 4.977316722147131500e+00 2.501910103388115925e+00
1.887600619544655550e-02 5.041026523925944858e+00 2.312188499382775930e+00
2.150681900651575662e-02 5.042949525138399558e+00 1.894481572824979088e+00
2.450429709493347208e-02 4.823849616091374415e+00 1.640649651663386832e+00
2.791954384025122082e-02 4.905294488293091781e+00 1.525065343602125090e+00
3.181078507283036094e-02 5.400450850176182982e+00 1.521517249403188998e+00
3.624436175389538634e-02 5.012332758947608546e+00 1.317138049352664542e+00
4.129586100876297960e-02 5.015913296695595491e+00 1.165509117212193857e+00
4.705140479599663472e-02 5.287883010931449412e+00 1.113237276412590404e+00
5.360911818273893931e-02 5.000974795946381057e+00 1.076780822403767379e+00
6.108080225854169848e-02 5.196547554889900944e+00 9.486090273446742271e-01
6.959384020885341082e-02 5.182778674273554209e+00 8.880225937171468686e-01
7.929336904441400269e-02 4.988588706420477692e+00 7.862180276874243257e-01
9.034475401191860433e-02 5.033285931313371542e+00 8.214997954807604641e-01
1.029364078716628328e-01 5.002277082870270952e+00 7.716928888184383384e-01
1.172830031074463819e-01 4.798280634879837692e+00 7.255099598503518266e-01
1.336291318330328770e-01 4.971187517009309609e+00 7.053620255271393358e-01
1.522534757921487070e-01 4.777520117881912221e+00 6.851938307114465720e-01
1.734735575454817991e-01 4.667384084953285495e+00 6.307484900232362968e-01
1.976511538466789175e-01 4.651763385574916754e+00 6.018907474949777292e-01
2.251984634988598855e-01 4.693663496634165710e+00 6.247259080697797895e-01
2.565851348461502535e-01 4.483533172618467511e+00 6.341163642503876430e-01
2.923462727104726433e-01 4.595811562147328111e+00 6.553137311173156121e-01
3.330915612821925276e-01 4.553067234788439777e+00 5.830094291003344864e-01
3.795156584988813031e-01 4.521618493286823082e+00 5.881258004586803478e-01
4.324100391237970520e-01 4.466208880642597023e+00 5.832929884360897876e-01
4.926764884342575979e-01 4.188633057271971438e+00 5.677519110657133217e-01
5.613424765709903452e-01 4.284409098840888497e+00 5.573533230778481284e-01
6.395786756625393421e-01 4.267111663470753768e+00 5.438803735074723145e-01
7.287189183705318207e-01 4.039861080289369077e+00 4.948344062208799299e-01
8.302829381248877372e-01 3.897855851534032912e+00 4.714589942625651009e-01
9.460022787425050872e-01 3.876081219093203245e+00 4.648958906324834328e-01
1.077849815157108981e+00 3.815600755803934874e+00 4.715855448875149181e-01
1.228073388553048817e+00 3.870804331064844561e+00 4.756098995843344168e-01
1.399234129341420552e+00 3.853176211745211521e+00 4.781178465747812356e-01
1.594250121338957049e+00 3.845794859475136551e+00 4.567480372700238878e-01
1.816446151571183609e+00 3.836781023461542262e+00 4.368600568455888733e-01
2.069610393873858367e+00 3.753505149665232743e+00 4.260359203005827933e-01
2.358058992679612942e+00 3.545005579441659727e+00 4.009383643853551837e-01
2.686709648065333855e+00 3.533425394820788767e+00 4.113850604372213948e-01
3.061165456596408152e+00 3.474000876996640841e+00 4.235653258346044892e-01
3.487810437352930837e+00 3.370185247490304459e+00 4.434050488216456087e-01
3.973918371741212319e+00 3.146762879612902797e+00 4.239349442578505545e-01
4.527776812677833718e+00 3.018340389016905601e+00 3.870010721387581176e-01
5.158828377353010808e+00 2.908471730877841388e+00 3.694691375989307414e-01
5.877831732444169788e+00 2.859561227845251796e+00 4.023175955734900056e-01
6.697045016383092353e+00 2.798178772062936304e+00 4.048190721555812166e-01
7.630434825804634613e+00 2.591250485910764123e+00 4.066339722749610641e-01
8.693914329143527908e+00 2.211041922019358452e+00 3.562543323033061649e-01
9.905614566928271358e+00 2.068400558231678232e+00 3.996766815932282224e-01
1.128619356411439156e+01 1.951220679407569714e+00 3.541642564782609970e-01
1.285918852444880756e+01 1.931259182915076034e+00 3.848246377247501737e-01
1.465141711135373015e+01 1.908096699032390875e+00 4.204583277580574152e-01
1.669343465668416826e+01 1.467168748930993694e+00 3.670366291190553243e-01
1.902005509221599411e+01 1.397488431319338531e+00 3.453863900200994652e-01
2.167094448511704741e+01 1.252391684943216399e+00 4.343789773758027772e-01
2.469129729646378379e+01 1.035351569544840977e+00 3.586980982535588613e-01
2.813260689219407595e+01 9.625266685368781827e-01 4.049760696945574057e-01
3.205354344277706247e+01 9.500467817756151900e-01 4.368225506578534700e-01
