1.076217939030562048e-03 3.754308659819284522e+00 1.805508314603980580e+02
1.240272165551817860e-03 3.754309826504003134e+00 1.566687354199927142e+02
1.429334142142480064e-03 3.754311376116758137e+00 1.359455690805818904e+02
1.647215947142711967e-03 3.754313434240295955e+00 1.179634888472189118e+02
1.898310756401695894e-03 3.754316167911663893e+00 1.023599199788642551e+02
2.187681423386663316e-03 3.754319798958033694e+00 8.882024592046508360e+01
2.521162562078618427e-03 3.754324622108923926e+00 7.707146466255170481e+01
2.905478190963903511e-03 3.754331029073223469e+00 6.687668417247697050e+01
3.348377310190929837e-03 3.754339540527543040e+00 5.803034590987687835e+01
3.858790145549828229e-03 3.754350848720095168e+00 5.035408012154621815e+01
4.447008209640324755e-03 3.754365874391291769e+00 4.369310935137677632e+01
5.124891810821870924e-03 3.754385842776887472e+00 3.791312763837208877e+01
5.906109193972766333e-03 3.754412385305269773e+00 3.289759248214505050e+01
6.806412134880880302e-03 3.754447676162084413e+00 2.854537497119932254e+01
7.843953545107331532e-03 3.754494616070564117e+00 2.476872069005965571e+01
9.039653491226429249e-03 3.754557080892704235e+00 2.149148028859453063e+01
1.041762100852982806e-02 3.754640259718251549e+00 1.864757402909675932e+01
1.200564021427307643e-02 3.754751118158812684e+00 1.617965934442504761e+01
1.383573052202172714e-02 3.754899039330626298e+00 1.403797452628839437e+01
1.594479225276319509e-02 3.755096721784343394e+00 1.217933520762402821e+01
1.837535066031534617e-02 3.755361457425680172e+00 1.056626336930171206e+01
2.117641337290156189e-02 3.755716987032909238e+00 9.166231251541949732e+00
2.440445853958513045e-02 3.756196262821733800e+00 7.951004827602655922e+00
2.812457360567306372e-02 3.756845691435312773e+00 6.896073434212631525e+00
3.241176767834853811e-02 3.757731905445868659e+00 5.980153757637184597e+00
3.735248394391073312e-02 3.758953091751654707e+00 5.184757609294146086e+00
4.304634263166477043e-02 3.760659079463817278e+00 4.493813647543220213e+00
4.960814966804256293e-02 3.763089657472285854e+00 3.893332974651952494e+00
5.717021152167825471e-02 3.766654883040739588e+00 3.371105970434914667e+00
6.588500291392541952e-02 3.772126257685442408e+00 2.916407728605374672e+00
7.592824118416932611e-02 3.781184598045991496e+00 2.519648429178540816e+00
8.750242929871493436e-02 3.798557620520708777e+00 2.171670497258565202e+00
1.008409389413458951e-01 3.849393877863633850e+00 1.859198518086940144e+00
1.162127160133780979e-01 3.821199448951578592e+00 1.601224718174536266e+00
1.339277034207453920e-01 3.668583680438360695e+00 1.378775925593390017e+00
1.543430904883963950e-01 3.681416520725825148e+00 1.162943871122551931e+00
1.778705150096624998e-01 3.732850420808972558e+00 1.030501050892740578e+00
2.049843631463447169e-01 3.615466280014562717e+00 8.712738468266462144e-01
2.362313345313578894e-01 3.522275449492544119e+00 7.298372303040303599e-01
2.722414654361963726e-01 3.670008718350750598e+00 7.140776783712756703e-01
3.137408322646100256e-01 3.729802595401192633e+00 6.301760509367759777e-01
3.615661915144934291e-01 3.643810084896948354e+00 5.395122313679170389e-01
4.166818513952214587e-01 3.852159280630651050e+00 5.055260928188038960e-01
4.801991152847867594e-01 3.593957059940136034e+00 4.348508778451818380e-01
5.533986890673976422e-01 3.642254192194007700e+00 4.106152132220532991e-01
6.377565041532609058e-01 3.645234136823372051e+00 3.788164975039546301e-01
7.349734768530560292e-01 3.707467722717566083e+00 3.523599856357796933e-01
8.470098041487881257e-01 3.538697569473259197e+00 3.234467359637142048e-01
9.761244873705887670e-01 3.516283106267444669e+00 2.925178137494049979e-01
1.124920880699888714e+00 3.485380674766033859e+00 2.796611819189379067e-01
1.296399182898668290e+00 3.438143157553913198e+00 2.766044265853668804e-01
1.494016930661549392e+00 3.503565830023789296e+00 2.724781974530362527e-01
1.721758713325127532e+00 3.467956356631677117e+00 2.718962578007375619e-01
1.984216514600233072e+00 3.526124510813180013e+00 2.676954205566647871e-01
2.286682301266701245e+00 3.495173289184521526e+00 2.783031498389487157e-01
2.635254725707121715e+00 3.477082279941923648e+00 2.798601747810544049e-01
3.036962093735010804e+00 3.452548472372871213e+00 2.804770377769320033e-01
3.499904077131854585e+00 3.402066787712120455e+00 2.994435599732343523e-01
4.033415028259155655e+00 3.376063582124159357e+00 3.089418171088888498e-01
4.648252189676769675e+00 3.355614828905749025e+00 3.226062929653529254e-01
5.356812593659686428e+00 3.277895271091923135e+00 3.342805195833759013e-01
6.173383024983086997e+00 3.209913164504166971e+00 3.366724140906769969e-01
7.114428087004016632e+00 3.120785150630605465e+00 3.571096818970062037e-01
8.198922179349191097e+00 2.918727061634168507e+00 3.373436341768184521e-01
9.448732080913101683e+00 2.656079382771676656e+00 3.277929700886351161e-01
1.088905785223139411e+01 2.610674471732589375e+00 3.685989041697123048e-01
1.254894094719466224e+01 2.372355351199132656e+00 3.712700204948627958e-01
1.446184977921747006e+01 2.230259508050939310e+00 3.979905733495789910e-01
1.666635454870055355e+01 2.047309620240652439e+00 4.431653190679247234e-01
1.920690493840972835e+01 1.812056634993893578e+00 4.259742440167395006e-01
2.213472635753272399e+01 1.599865566651529125e+00 4.236874212029752007e-01
2.550885280548590117e+01 1.418107328097286013e+00 3.623863239007453219e-01
2.939731718122209969e+01 1.275905390015996677e+00 3.351094160306050673e-01
3.387852303838305090e+01 1.271511801105139838e+00 4.020927068104598323e-01
3.904282544515298525e+01 9.898064107477562157e-01 4.288292273139243660e-01
4.499435282387206314e+01 7.235716038392675520e-01 4.798164013528043448e-01
5.185310650437094893e+01 7.511790486715713699e-01 4.668401642761843551e-01
5.975738032456164461e+01 5.172790789314942739e-01 3.157219139000714270e-01
6.886654906496872286e+01 3.722762073747813427e-01 6.559764495935404005e-01
7.936428194072669839e+01 3.722762073747813427e-01 3.733828045012959618e-01
