1.066680982491111877e-03 4.612906899636709745e+00 4.512405114113140598e+02
1.208935654325296160e-03 4.612907050823267241e+00 3.981432866836540825e+02
1.370161688723188454e-03 4.612907243520762535e+00 3.512939711639950815e+02
1.552889143874675634e-03 4.612907491767747281e+00 3.099573771078547111e+02
1.759985491501366234e-03 4.612907810605610059e+00 2.734848249924341985e+02
1.994700614988193042e-03 4.612908219895862416e+00 2.413039650798649234e+02
2.260717808554269740e-03 4.612908745780019082e+00 2.129097955768917529e+02
2.562211577773375153e-03 4.612909421412319411e+00 1.878567376697550912e+02
2.903913148485437641e-03 4.612910289073285597e+00 1.657516433165536114e+02
3.291184712105172522e-03 4.612911403693459533e+00 1.462476258052118396e+02
3.730103572430974387e-03 4.612912835323583316e+00 1.290386160568372702e+02
4.227557514437583520e-03 4.612914674418981065e+00 1.138545597175609743e+02
4.791352891638345213e-03 4.612917036721917441e+00 1.004571792100172303e+02
5.430337128190496770e-03 4.612920071182978532e+00 8.863623459029108176e+01
6.154537558121909654e-03 4.612923968988393852e+00 7.820622430665342506e+01
6.975318780429948413e-03 4.612928975894487138e+00 6.900347421120090985e+01
7.905560999365499053e-03 4.612935407488611972e+00 6.088356906733114471e+01
8.959862148527716896e-03 4.612943669191165164e+00 5.371908630144600494e+01
1.015476697062522686e-02 4.612954281906896270e+00 4.739759640928113527e+01
1.150902664776439280e-02 4.612967914793882684e+00 4.181989863209754787e+01
1.304389305654303326e-02 4.612985427613823575e+00 3.689846423538678977e+01
1.478345226558160433e-02 4.613007925057877934e+00 3.255606294219522567e+01
1.675500250894047805e-02 4.613036826625762643e+00 2.872455097455720718e+01
1.898948256681486785e-02 4.613073956518726426e+00 2.534380167778017423e+01
2.152195727592099220e-02 4.613121659319652679e+00 2.236076194582766163e+01
2.439216778850129483e-02 4.613182948909439141e+00 1.972861963388235296e+01
2.764515521495194278e-02 4.613261700239687180e+00 1.740606888629171678e+01
3.133196743665651873e-02 4.613362896493232057e+00 1.535666184061950723e+01
3.551046018076808863e-02 4.613492947739108452e+00 1.354823651732288603e+01
4.024620492789833526e-02 4.613660101974272010e+00 1.195241189193437492e+01
4.561351790016013319e-02 4.613874975386464961e+00 1.054414218589275087e+01
5.169662627707734964e-02 4.614151235969382370e+00 9.301323317111350519e+00
5.859098994034006580e-02 4.614506482778801377e+00 8.204445227754916914e+00
6.640479948903754703e-02 4.614963370276104371e+00 7.236284452189623906e+00
7.526067403314620763e-02 4.615551027273251172e+00 6.381631781406958304e+00
8.529758540809320722e-02 4.616306795224920378e+00 5.627050161798155870e+00
9.667303900635562663e-02 4.617278209731632721e+00 4.960657885168884285e+00
1.095655454490464253e-01 4.618524819110068513e+00 4.371931291639440609e+00
1.241774218844803879e-01 4.620118389928533631e+00 3.851518529361882326e+00
1.407379668734213274e-01 4.622136604432645512e+00 3.391048004618828493e+00
1.595070586832639803e-01 4.624632781401187387e+00 2.982889651117074159e+00
1.807792334577990601e-01 4.627509587703169558e+00 2.619727611182903537e+00
2.048883072597113553e-01 4.629904177524621467e+00 2.293261424631511058e+00
2.322126145177482170e-01 4.624925471007277800e+00 1.985222316833696210e+00
2.631809450834948771e-01 4.641987680691092244e+00 1.739836510084435517e+00
2.982792730657084501e-01 4.752353785509040307e+00 1.623168749783492126e+00
3.380583830352207331e-01 4.906865810220246260e+00 1.418488092433288772e+00
3.831425132755111873e-01 4.699779037632595191e+00 1.197454859806077465e+00
4.342391517141613311e-01 4.703781627886119310e+00 1.104691287965856583e+00
4.921501382589760221e-01 4.615300033656921208e+00 9.760103599256289009e-01
5.577842477634664675e-01 4.425519484253266356e+00 8.235847494180134065e-01
6.321714510813341015e-01 4.516074138700761686e+00 7.412025309426892861e-01
7.164790780032045392e-01 4.294037183725934348e+00 6.134477751144465918e-01
8.120301357143642207e-01 4.251878406591743875e+00 5.379217764237995691e-01
9.203240702380139915e-01 4.421258329039475576e+00 5.013102600946440779e-01
1.043060296665394127e+00 4.489067298711062470e+00 4.681478770479166607e-01
1.182164867423632693e+00 4.354566129494465976e+00 4.210564669500471147e-01
1.339820697076198552e+00 4.300636034520260331e+00 3.871166757824130999e-01
1.518501817962133682e+00 4.267852386427097855e+00 3.474889633143873890e-01
1.721012204234643628e+00 4.175074075446391753e+00 3.136502761423797248e-01
1.950529773549764645e+00 4.100072347019732000e+00 2.845406626240931658e-01
2.210656256906694317e+00 4.137035340371940428e+00 2.651370872744275853e-01
2.505473719228019647e+00 4.091084688044394291e+00 2.475940620860647978e-01
2.839608617635589916e+00 4.060615525237405876e+00 2.312715066031269251e-01
3.218304402663927810e+00 4.010545689974597039e+00 2.246280091434573467e-01
3.647503801714132798e+00 3.933388113911354012e+00 2.089467221892447879e-01
4.133942075990862719e+00 3.900856799646260864e+00 2.065174142453372885e-01
4.685252714367699411e+00 3.843730149444970934e+00 1.978262893624465057e-01
5.310087222794075856e+00 3.821800424236292404e+00 2.044523668887806844e-01
6.018250889052895403e+00 3.814796138746958665e+00 2.091611409671938759e-01
6.820856653373008172e+00 3.737187158788085384e+00 2.128948984698768032e-01
7.730499499528905361e+00 3.631531202397775715e+00 2.193423583314514924e-01
8.761454103080183131e+00 3.592405143286894198e+00 2.304634956485355490e-01
9.929898838368531599e+00 3.338679536300534600e+00 2.519785940414271952e-01
1.125416965952805803e+01 3.083330446112325873e+00 2.814765569758891917e-01
1.275504783956604271e+01 2.787893128311262902e+00 2.838903091694648384e-01
1.445608608289285257e+01 2.473861803117672675e+00 3.367515834081990511e-01
1.638397812885961713e+01 2.178300418572241881e+00 4.032729875605098324e-01
1.856897764635011328e+01 1.816472857388617523e+00 5.081688275906083296e-01
2.104537299297837905e+01 1.159637672215924287e+00 7.437174909714027171e-01