22.193625958801235 17.75270759918244
25.56600686297424 17.752698944910918
29.450830077562994 17.752687434854263
33.925962584075805 17.752672117434365
39.08110346040719 17.752651713328266
45.0195817995729 17.75262449744684
51.860427827011996 17.752588131029214
59.74075872970981 17.752539416902735
68.81852701844615 17.752473937311876
79.27568651104754 17.75238549110145
91.32183939527427 17.75226517107169
105.19843747268064 17.75209973600121
121.18362179273166 17.751868426544526
139.59779768228543 17.75153578423101
160.81005691573677 17.751031740765523
185.24557575111413 17.750174488210945
213.394137117575 17.748025378016965
245.81994777211563 17.748318282319556
283.1729471995363 17.75239939030095
326.20183493004265 17.751437132298555
375.769077392648 17.750102445953875
432.86819510014175 17.748218383947233
498.64367666811205 17.745487260698802
574.4139188224947 17.7413529802743
661.6976522027073 17.73449784840375
762.244382636343 17.72337706961104
878.0694580470847 17.69710613961682
1011.4944638731937 17.655893110002626
1165.1937566780243 17.79090195837491
1342.2480686672866 17.80621296334865
1546.2062575562718 17.801526352718458
1781.1564394947823 17.791898675419432
2051.807930830516 17.772846625175347
2363.5856411428567 17.810175977414147
2722.7388095509555 17.80870716472358
3136.466263795047 17.797795458327897
3613.060712770639 17.779641065708343
4162.074964699737 17.769243924584668
4794.513402598333 17.775506405273855
5523.05255495402 17.76782208943794
6362.295182708794 17.747645656648686
7329.062975439405 17.670507051322744
8442.73372350622 17.75371260082433
9725.629724413135 17.702206292046306
11203.465208554095 17.708907083276728
12905.861752500143 17.864774106323605
14866.942010715831 17.902189609921923
17126.01366640006 17.897156893502387
19728.357310488995 17.86659226769991
22726.134040983598 18.133699982474727
26179.43097442571 18.20954833082938
30157.465625643083 18.23900220256571
34739.973296222306 18.275324139740174
40018.80528037585 18.356032317844907
46099.7699224711 18.45292338819171
53104.75342818162 18.559769168654714
61174.16293857286 18.78292687685628
70469.7408358384 18.990999318075886
81177.80669033021 19.222843091115806
93512.99183012269 19.473632724923075
107722.54138842416 19.755471137936777
124091.27005861451 20.041188533575585
142947.27088953293 20.408339285977615
164668.4915475 20.881169445185805
189690.30985896615 21.207490364096792
218514.26047715504 21.70276947756049
251718.08758907468 22.239970811447154
289967.32515828335 22.850480047070793
334028.6368165582 23.498252553584976
384785.1827878299 24.121783843563378
443254.3218573652 24.83007836516971
510608.00320257776 25.618180222087904
588196.2568171436 26.311524071088904
677574.2533679751 27.047442573484233
780533.475869933 28.47280319995294
899137.6279799991 29.326210435971504
1035763.998652913 30.03541709575358
1193151.1122670255 30.60974442155723
1374453.6193143888 32.85283150223946
1583305.527878215 33.540560042418676