22.193396368361526 16.29764027661888
25.565248323001775 16.297625505118674
29.44938714961532 16.297605903186252
33.923644806048046 16.297579890338735
39.07767829192137 16.297545369505805
45.01476623215473 16.297499555973747
51.85387841617105 16.297438753358957
59.73205976305574 16.297358052655767
68.8071764835353 16.297250933888588
79.26107946748915 16.297108734386338
91.30324828624397 16.296919939640908
105.17498882965428 16.296669236263444
121.15426869193331 16.296336243354062
139.56128719966725 16.295893808959075
160.76489169650566 16.295305713013473
185.18996865665778 16.294523554271795
213.3259577333409 16.293482501997055
245.73665935015578 16.292095446219463
283.07153236390536 16.29024484581403
326.07870818603084 16.287771187319827
375.619982144939 16.284456297571577
432.68808249225214 16.279998520998568
498.4265630963702 16.27397432342507
574.1527184412538 16.265775466027986
661.3839801105141 16.254496847584225
761.868323700329 16.23870326149989
877.6192954673013 16.215760473706762
1010.9563605895195 16.176575669299964
1164.5513815557238 16.148307502828953
1341.4821580355006 16.098326270779832
1545.2941010842592 15.989123619217574
1780.0712775358547 15.763414706559995
2050.5182481993793 15.341989194757502
2362.054339767279 17.530947934172396
2720.922239493741 17.517973690713216
3134.3130887077964 17.5004207805877
3610.5105818359807 17.485143668456907
4159.056958449527 17.508177480858574
4790.9442145524345 17.47106576681115
5518.834364680171 17.4794852864926
6357.313168510791 17.577886694879822
7323.182406265764 17.598795046845684
8435.796559634184 17.669100769487663
9717.450644770048 17.661306980735482
11193.82696891836 17.726415263467782
12894.509762961507 17.74666860514414
14853.578002302802 17.74315885051393
17110.28829527378 17.749566281017405
19709.86152306165 17.782669947237995
22704.388994168607 17.88715278403587
26153.876271295627 17.930769209768762
30127.445587279413 17.998047833707904
34704.72094458363 18.108993171709365
39977.42365353263 18.18189238367038
46051.2102813338 18.32932465890786
53047.78984146033 18.481891525373513
61107.36264849881 18.64720803880246
70391.42970922978 18.81366268843741
81086.02894566522 19.067746893575126
93405.46309880032 19.334588796770475
107596.59401433489 19.698123538714473
123943.78936101326 20.068475920337747
142774.62090594214 20.375253689434725
164466.42853125077 20.750648712865786
189453.88152453682 21.22705909635553
218237.68865931896 21.72994348813197
251394.63160164072 22.23210014451584
289589.1226963194 22.75535628586117
333586.51873247325 23.443458534441625
384268.45747499156 24.148937331067778
442650.52428161894 24.96539892869434
509902.6028165322 25.709953586738305
587372.3176563077 26.623569385578413
676612.038540778 27.409678517380755
779409.987390969 28.40534428546981
897826.0714292318 29.103614346853895
1034233.160440238 29.799646153458927
1191364.6353034356 30.494388160057756
1372369.1605938445 32.77589221639342
1580873.778806906 35.17680803184056