2.219490405681829159e+01 1.869733011953231383e+01
2.557022973625072026e+01 1.869722217300958889e+01
2.945886348915221475e+01 1.869707864781417683e+01
3.393886746516777464e+01 1.869688770766575914e+01
3.910017524071742656e+01 1.869663349598958391e+01
4.504639718528845549e+01 1.869629470061336818e+01
5.189690038170611786e+01 1.869584256390163191e+01
5.978920485361968673e+01 1.869523806827312740e+01
6.888174420313190183e+01 1.869442789434344121e+01
7.935704607682950495e+01 1.869333847695191508e+01
9.142539630629309499e+01 1.869186701611425505e+01
1.053290602786596963e+02 1.868986739693391641e+01
1.213471462788932485e+02 1.868712716149249076e+01
1.398012084326409763e+02 1.868332779008658306e+01
1.610617017256236352e+02 1.867797149408531965e+01
1.855554186804657490e+02 1.867023440395280076e+01
2.137740569780982298e+02 1.865863733765305454e+01
2.462840900139457005e+02 1.864018177961121836e+01
2.837381385347973719e+02 1.860745153576830546e+01
3.268880716356187577e+02 1.853291952428977751e+01
3.766001001114931341e+02 1.834389621089736977e+01
4.338721651552999106e+02 1.890030121335932378e+01
4.998539714695178304e+02 1.889537542316045560e+01
5.758700669456796959e+02 1.888680337272740317e+01
6.634464322231458482e+02 1.890399798726902247e+01
7.643411138977295423e+02 1.889974933672408497e+01
8.805795163247248638e+02 1.889299615460865667e+01
1.014495060479553445e+03 1.888065459921446276e+01
1.168776026079946178e+03 1.884485105577735453e+01
1.346519517299081144e+03 1.887303092033825536e+01
1.551293635401220399e+03 1.888485695740392600e+01
1.787209106380752928e+03 1.887177529122412878e+01
2.059001801489488116e+03 1.896422007187663894e+01
2.372127807205657064e+03 1.894920811594428045e+01
2.732872953121137016e+03 1.896189467597768541e+01
3.148478996458026813e+03 1.894877913160513927e+01
3.627288996298227175e+03 1.894392620614653211e+01
4.178914795832465643e+03 1.896100305194467239e+01
4.814429974741306978e+03 1.894608448470127016e+01
5.546592145119398083e+03 1.894877094610224333e+01
6.390099053409386215e+03 1.895128918699337106e+01
7.361883629448752799e+03 1.893968980067418073e+01
8.481453905574278906e+03 1.892535392462365706e+01
9.771284629470241271e+03 1.888523850506880919e+01
1.125726843216942143e+04 1.894509309786305451e+01
1.296923560815245037e+04 1.901781266769966550e+01
1.494155294184052400e+04 1.901701940750520947e+01
1.721381360158871394e+04 1.903213637698088334e+01
1.983163195041626022e+04 1.912594520037406554e+01
2.284755922885516702e+04 1.914664313744767909e+01
2.632213849173860945e+04 1.915358219267680795e+01
3.032511997619556496e+04 1.933190197123266074e+01
3.493686129868521675e+04 1.946571059843138585e+01
4.024994058924404817e+04 1.948699786814593438e+01
4.637101494571416697e+04 1.965512612097679934e+01
5.342296151538324921e+04 1.981432448616569886e+01
6.154734418505329086e+04 1.993804024429536881e+01
7.090725539696312626e+04 2.013714186479042922e+01
8.169059013843137654e+04 2.035168543028318311e+01
9.411381782873232441e+04 2.051888030015328468e+01
1.084263278217258921e+05 2.085660652691648664e+01
1.249154357577794872e+05 2.110814452831042942e+01
1.439121512646978372e+05 2.156921903748310143e+01
1.657978227910352580e+05 2.201357314789387232e+01
1.910117929631051666e+05 2.238000540965103013e+01
2.200602181427012547e+05 2.292955383073545761e+01
2.535262292332238576e+05 2.343243629289950647e+01
2.920816377067148569e+05 2.400325934758954105e+01
3.365004218437562813e+05 2.446543463509908278e+01
3.876742639149572351e+05 2.509638538760393089e+01
4.466304502042707754e+05 2.602785906870202481e+01
5.145524932071027579e+05 2.693388449721446065e+01
5.928038899823178072e+05 2.758067015471678474e+01
6.829554935937816044e+05 2.838473753404477051e+01
7.868170471078362316e+05 2.912572650518862361e+01
9.064735131740828510e+05 2.986648394785952476e+01
1.044326928485508426e+06 3.075893494298184550e+01
1.203144623322854284e+06 3.221787133314113305e+01
1.386114774163634516e+06 3.389352398582936132e+01
1.596910404543389799e+06 3.618479192349289519e+01
