1.074500892207851371e-03 7.129329208899933157e+00 3.840806916754598888e+02
1.234603442503085955e-03 7.129331259707996971e+00 3.342731769199181713e+02
1.418561558481815305e-03 7.129333967386195070e+00 2.909246394828696793e+02
1.629929761999126137e-03 7.129337541638319564e+00 2.531974794045479200e+02
1.872792205009258561e-03 7.129342260532407494e+00 2.203627154102572945e+02
2.151841585395456759e-03 7.129348491092536655e+00 1.917858994059896247e+02
2.472469821399294644e-03 7.129356717395161525e+00 1.669148572284832142e+02
2.840872236701765322e-03 7.129367578780311021e+00 1.452690193201935642e+02
3.264167269267356786e-03 7.129381920024281172e+00 1.264301350310209671e+02
3.750534017019524491e-03 7.129400856651922247e+00 1.100341908910411917e+02
4.309370278067227097e-03 7.129425862651334711e+00 9.576437703557462555e+01
4.951474139207237730e-03 7.129458885907670407e+00 8.334496563635509858e+01
5.689252621437322285e-03 7.129502501031174333e+00 7.253598314766507826e+01
6.536961414023198524e-03 7.129560112751131662e+00 6.312857343082395545e+01
7.510980329369249323e-03 7.129636225812217454e+00 5.494096212092680531e+01
8.630129801156516400e-03 7.129736804548055140e+00 4.781494427412109616e+01
9.916034541267972069e-03 7.129869753074922656e+00 4.161282742230116583e+01
1.139354138224464227e-02 7.130045559001751521e+00 3.621477095743534846e+01
1.309119937901325262e-02 7.130278160242684571e+00 3.151647042630505524e+01
1.504181144662796940e-02 7.130586119724267924e+00 2.742714197403413579e+01
1.728306819302008121e-02 7.130994229859424216e+00 2.386776796222838470e+01
1.985827619395835048e-02 7.131535726976707679e+00 2.076956982362164794e+01
2.281719478227801218e-02 7.132255388177192401e+00 1.807267857473115669e+01
2.621699752019809870e-02 7.133213936029780378e+00 1.572497718888563867e+01
3.012337693272967853e-02 7.134494438894840584e+00 1.368109227902557734e+01
3.461181384833322827e-02 7.136211864463946064e+00 1.190151529413502374e+01
3.976903587359901376e-02 7.138527828115419638e+00 1.035183569710165585e+01
4.569469318325736218e-02 7.141674337443771670e+00 9.002070285210765022e+00
5.250328400589075739e-02 7.145994085659393313e+00 7.826073692725359798e+00
6.032636701045292205e-02 7.152013545477024614e+00 6.801014458807007834e+00
6.931510334232701687e-02 7.160587586132686866e+00 5.906896683542219861e+00
7.964317742729258576e-02 7.173221409822386541e+00 5.126091685871402071e+00
9.151015298049559876e-02 7.192921830726098698e+00 4.442784515629852216e+00
1.051453290667433982e-01 7.227190096731477276e+00 3.841932783343911417e+00
1.208121707206644135e-01 7.307963188498931117e+00 3.304004413856677314e+00
1.388133997371779338e-01 7.348077114980148039e+00 2.837132369597637371e+00
1.594968439988276865e-01 7.166462077752516535e+00 2.442217786245969968e+00
1.832621583633260998e-01 7.232346076261483070e+00 2.120510550966537622e+00
2.105685469753348915e-01 6.707142505625902196e+00 1.790255961261274065e+00
2.419436362164815169e-01 6.736105929368206624e+00 1.563217195246872526e+00
2.779936697407608959e-01 6.952805300756153883e+00 1.493693848968045579e+00
3.194152225884038798e-01 7.083411537789316981e+00 1.316808230257763501e+00
3.670086607236149323e-01 6.734802184903691646e+00 1.172790628975901805e+00
4.216936060674507658e-01 6.827563506748275834e+00 1.062599174554680337e+00
4.845267058481934064e-01 6.601556954507545427e+00 9.403005510891236929e-01
5.567220496166365162e-01 6.540154136886015657e+00 8.114717421689415788e-01
6.396746284330827592e-01 6.554783942430232102e+00 6.872737643483971537e-01
7.349872895150637575e-01 6.678743962856813710e+00 6.355868539282093499e-01
8.445017071756695248e-01 6.734703242405053025e+00 5.772114319092122026e-01
9.703339684869520809e-01 6.721725839575234396e+00 5.185411462180264941e-01
1.114915461270678199e+00 6.615122251721103019e+00 4.552887653138312229e-01
1.281039854472665773e+00 6.656096261416047710e+00 4.037706100779596130e-01
1.471917078696725056e+00 6.626955080427223699e+00 3.744285293392372038e-01
1.691235349934485432e+00 6.547502041338065126e+00 3.291936811520615458e-01
1.943232434941639220e+00 6.476930105404336224e+00 3.017726149274558844e-01
2.232777535282414405e+00 6.471755796582175257e+00 2.808962417693848801e-01
2.565465372242789144e+00 6.350872805840664270e+00 2.550030214787359362e-01
2.947724290563660254e+00 6.281182581725674119e+00 2.352950435521126704e-01
3.386940469823158661e+00 6.258830605257244883e+00 2.220156258542435868e-01
3.891600643536570203e+00 6.201585094279089105e+00 2.112016147714176895e-01
4.471456083656816460e+00 6.113095226766271040e+00 2.074188456875479536e-01
5.137711019058131434e+00 6.051965308319217307e+00 2.027870862075623892e-01
5.903239128710012551e+00 5.995867417626878471e+00 2.046620892996616481e-01
6.782832292720402556e+00 5.995627991536220058e+00 2.078319387813533647e-01
7.793486407728194010e+00 5.853738444491106918e+00 2.125097178988764601e-01
8.954729789299221920e+00 5.667939867587376668e+00 2.173386225384754677e-01
1.028900050686526058e+01 5.532794373286107792e+00 2.262486321633424280e-01
1.182207994224225445e+01 5.225124824698966997e+00 2.374221027064969958e-01
1.358359094914143839e+01 4.837076310080924202e+00 2.495185246264829126e-01
1.560757023933650345e+01 4.418747085507335193e+00 2.621571895841410815e-01
1.793312605539106386e+01 4.092895611502135544e+00 2.884927598884190481e-01
2.060519383779606173e+01 3.812032920110866474e+00 3.150821482530943851e-01
2.367540448785911877e+01 3.397697843856037014e+00 3.382581244753144478e-01
2.720308200331366066e+01 3.054458840972056333e+00 3.947357046463142449e-01
3.125638976341409148e+01 2.838303708851273921e+00 4.675162443291886460e-01
3.591364761255553617e+01 2.586880325808567083e+00 5.463315552580709777e-01
4.126484519170304566e+01 2.013981745095959397e+00 5.398662158344401663e-01
4.741338075890453752e+01 1.794816623146292978e+00 5.990598079190063707e-01
5.447805909716245765e+01 1.513815519110524477e+00 8.171557404711586869e-01
6.259538711414380430e+01 9.609053533294018568e-01 5.714398341281563543e-01