1.074076022951776961e-03 7.408192432563717844e+00 4.609600230335641413e+02
1.233202583208035984e-03 7.408194038287699179e+00 4.014798537756798282e+02
1.415904068923854852e-03 7.408196156017448075e+00 3.496747071157828941e+02
1.625673153538090884e-03 7.408198946292773535e+00 3.045542326167499141e+02
1.866519957205242447e-03 7.408202625390233997e+00 2.652558699802805222e+02
2.143048707585014281e-03 7.408207475355343519e+00 2.310283589910139597e+02
2.460545758084701530e-03 7.408213869194332446e+00 2.012173781360312148e+02
2.825080646184262127e-03 7.408222298227274294e+00 1.752530358723244888e+02
3.243622123758996799e-03 7.408233410283924236e+00 1.526389762623283843e+02
3.724171377531925071e-03 7.408248060047995409e+00 1.329428901582384128e+02
4.275914986408738995e-03 7.408267374113138182e+00 1.157882507796755220e+02
4.909400539754860127e-03 7.408292838280356563e+00 1.008471157613826534e+02
5.636738273879558433e-03 7.408326412506159642e+00 8.783385792102228606e+01
6.471832581377685856e-03 7.408370682095012150e+00 7.649970494754460049e+01
7.430647819054067918e-03 7.408429058511203813e+00 6.662798367607828709e+01
8.531513495835713751e-03 7.408506044610914110e+00 5.802997795888305888e+01
9.795474674897563377e-03 7.408607585958154829e+00 5.054132098842758580e+01
1.124669428858008670e-02 7.408741537485754591e+00 4.401885309712393024e+01
1.291291505708504553e-02 7.408918283679854611e+00 3.833788494497439814e+01
1.482598984137100881e-02 7.409151565906247683e+00 3.338981378139544631e+01
1.702249056891543683e-02 7.409459589467209284e+00 2.908004718699853797e+01
1.954440737307421710e-02 7.409866512366873437e+00 2.532619458766083298e+01
2.243995131136768129e-02 7.410404459551696021e+00 2.205649193039430145e+01
2.576447600812294819e-02 7.411116270082384716e+00 1.920842934883045316e+01
2.958153584035939920e-02 7.412059282848851183e+00 1.672755548900186540e+01
3.396410089607797278e-02 7.413310623856279591e+00 1.456643548080093176e+01
3.899595193110667879e-02 7.414974718598672077e+00 1.268374236061890947e+01
4.477328199165678257e-02 7.417194203794432283e+00 1.104346408802230783e+01
5.140653532053750252e-02 7.420166229526942381e+00 9.614210083674358032e+00
5.902251870108847498e-02 7.424167709492246026e+00 8.368602231719366458e+00
6.776682560103552966e-02 7.429596296380218234e+00 7.282734914574690244e+00
7.780661945821829018e-02 7.437041081327856240e+00 6.335685083404361428e+00
8.933382931579264552e-02 7.447415232303131738e+00 5.509040883672305711e+00
1.025688188973262749e-01 7.462237016475810947e+00 4.786374524162118504e+00
1.177645992628763016e-01 7.484353707248486032e+00 4.152409857954357797e+00
1.352116655786835819e-01 7.520647772662043096e+00 3.590591436549666948e+00
1.552435504641928032e-01 7.615911312399954447e+00 3.056928991122163985e+00
1.782432000787946558e-01 7.498884788674770263e+00 2.650677413924352521e+00
2.046502948388645993e-01 7.907492470859769362e+00 2.483942132553655480e+00
2.349696547140080471e-01 7.546750587546880773e+00 2.154847835113455901e+00
2.697808897851401433e-01 7.791017258254567146e+00 1.865711132727761123e+00
3.097494805524898531e-01 6.918525387925916093e+00 1.545196235316473654e+00
3.556394998139045249e-01 6.818546522833866419e+00 1.331674525612343674e+00
4.083282193154512685e-01 6.821184555985964515e+00 1.146570600716985355e+00
4.688228804071905009e-01 6.783440267802937740e+00 9.963094886896342040e-01
5.382799493059132745e-01 6.735872234546733672e+00 8.683971079582292196e-01
6.180272250644458509e-01 6.617284982923265169e+00 7.712152914277242699e-01
7.095892228818397873e-01 6.716362953490786936e+00 6.835236865733149703e-01
8.147163180028977880e-01 6.786532716826825684e+00 6.037499754499439097e-01
9.354182073460379776e-01 6.788428501887151079e+00 5.177451259542332762e-01
1.074002328539789053e+00 6.727105070404397757e+00 4.705888900052602741e-01
1.233117970818140341e+00 6.653748261341418058e+00 4.226439278101776775e-01
1.415806921035286825e+00 6.685966608826928059e+00 3.845811867837714004e-01
1.625561612991076821e+00 6.608875196659819373e+00 3.332493433153002060e-01
1.866391891697987138e+00 6.465957110560116128e+00 3.017507362826895023e-01
2.142901668910848212e+00 6.376686177076178907e+00 2.734026555393465063e-01
2.460376935330131687e+00 6.326548180340468619e+00 2.544888443967114333e-01
2.824886811993208457e+00 6.313724551603747237e+00 2.337704325332258803e-01
3.243399572635970785e+00 6.243596300014288225e+00 2.211787621630953715e-01
3.723915855004704234e+00 6.132577571823344620e+00 2.104055513774312214e-01
4.275621607696336035e+00 6.115729645388920943e+00 2.037806800851262867e-01
4.909063696385990383e+00 6.097357481142486435e+00 2.013326272436215814e-01
5.636351526476441443e+00 6.112812293908576500e+00 2.038685852861641112e-01
6.471388536555548576e+00 6.048569385653360442e+00 2.095064311934366763e-01
7.430137988083059142e+00 5.918534604573512325e+00 2.106261828085344567e-01
8.530928132363285954e+00 5.777365515297682386e+00 2.134853758306214655e-01
9.794802588629096363e+00 5.488151730116411109e+00 2.179234553934358831e-01
1.124592263135592773e+01 5.165842245192145299e+00 2.272379981396708271e-01
1.291202907726438909e+01 4.916565114815888649e+00 2.495483194670790883e-01
1.482497260182728738e+01 4.654978387891517855e+00 2.606498737085037321e-01
1.702132262325214995e+01 4.248706334410672802e+00 2.732539282160439398e-01
1.954306639387140265e+01 3.850569395325917021e+00 3.012266276414173327e-01
2.243841166335244353e+01 3.548404266054898226e+00 3.431916490820199894e-01
2.576270825810430409e+01 3.256997782523660234e+00 3.842036498716005499e-01
2.957950619455883867e+01 3.004448904723354463e+00 4.274265319836631494e-01
3.396177055409958712e+01 2.461181843903995858e+00 4.600566296883892292e-01
3.899327634419655197e+01 2.420402664551584593e+00 7.082131238233103643e-01
4.477021001107192433e+01 1.799936288504852211e+00 6.428166241651471768e-01
5.140300821974400947e+01 1.654337307379902144e+00 6.811168290827537275e-01
5.901846905309637492e+01 1.199467173238495166e+00 6.723552386756181942e-01
