1.073054547044899765e-03 7.796905628977635949e+00 4.381376138028114156e+02
1.229837574822569869e-03 7.796910265608959278e+00 3.822824811577567630e+02
1.409528028757491350e-03 7.796916355651044128e+00 3.335478884201411915e+02
1.615472892133428939e-03 7.796924355381229077e+00 2.910260865335579297e+02
1.851508172929673159e-03 7.796934864435233870e+00 2.539250480963847281e+02
2.122030354776286917e-03 7.796948669890330308e+00 2.215537149775448142e+02
2.432078287543705704e-03 7.796966805295674874e+00 1.933091262298712820e+02
2.787427042892188372e-03 7.796990630617728790e+00 1.686651873886187616e+02
3.194695482970574124e-03 7.797021931369314096e+00 1.471628709465221618e+02
3.661469545880178394e-03 7.797063055385029529e+00 1.284016665142110014e+02
4.196443544266120242e-03 7.797117088736650103e+00 1.120321206721504694e+02
4.809582108917829363e-03 7.797188090093116308e+00 9.774932795967353627e+01
5.512305793802320213e-03 7.797281397777148015e+00 8.528725153925884683e+01
6.317703799680728788e-03 7.797404037626944451e+00 7.441376792206246193e+01
7.240777778579763485e-03 7.797565260994444358e+00 6.492634330934117770e+01
8.298721260313605963e-03 7.797777259461740051e+00 5.664826110715834773e+01
9.511239905761786212e-03 7.798056115574276248e+00 4.942533030516207759e+01
1.090091855206338708e-02 7.798423072771365483e+00 4.312301340293299035e+01
1.249364188645205737e-02 7.798906240866664064e+00 3.762392039522307385e+01
1.431907658436394268e-02 7.799542901006111251e+00 3.282562210691747850e+01
1.641122389230781353e-02 7.800382648124490004e+00 2.863874214246434491e+01
1.880905294811777845e-02 7.801491721806510959e+00 2.498529187111379102e+01
2.155722663505433428e-02 7.802959058599822306e+00 2.179721738991734981e+01
2.470693348979061815e-02 7.804904899784779637e+00 1.901513132429449726e+01
2.831684115972085691e-02 7.807493305888632662e+00 1.658720572503296253e+01
3.245418916905241924e-02 7.810950856376599916e+00 1.446820524833233002e+01
3.719604134796164474e-02 7.815595554662788658e+00 1.261864229624049116e+01
4.263072125303903753e-02 7.821883415820837904e+00 1.100403786045742116e+01
4.885945731571532391e-02 7.830487538272516979e+00 9.594273431835762977e+00
5.599826836183371959e-02 7.842441260350835108e+00 8.363020472484137713e+00
6.418012462277872254e-02 7.859419585169081124e+00 7.287234680203034110e+00
7.355742448998334182e-02 7.884356015319242239e+00 6.346703880273075526e+00
8.430483314579363674e-02 7.923016710064326062e+00 5.523651028916015449e+00
9.662253594411722435e-02 7.989074877265868402e+00 4.802505452927261942e+00
1.107399671395712659e-01 8.129349084322733177e+00 4.171336272844246018e+00
1.269200834178681458e-01 8.751515604162376505e+00 3.653721350741908402e+00
1.454642618278546295e-01 7.194026114364589830e+00 2.745300743039293057e+00
1.667179133459639195e-01 7.410577376188613563e+00 2.704559770570692301e+00
1.910769166334844726e-01 7.383572069482577938e+00 2.420282576266141294e+00
2.189949918242750093e-01 7.572827911366491804e+00 2.217044670415138086e+00
2.509921516899228378e-01 7.304875138732017881e+00 1.845714657296736227e+00
2.876643875969869257e-01 7.246900734338369787e+00 1.600625959506079443e+00
3.296947706706795378e-01 7.248309835333352602e+00 1.449041114643861095e+00
3.778661749395166858e-01 7.361282616730114192e+00 1.283719527690602824e+00
4.330758594471070810e-01 7.141594451654664333e+00 1.085819620661651053e+00
4.963521809430851972e-01 7.068714300939404005e+00 9.706115568249894521e-01
5.688737484501754649e-01 6.977422594888388119e+00 8.457725031301146501e-01
6.519913764876990037e-01 6.973653083981202094e+00 7.523655582163704114e-01
7.472532458606783168e-01 6.834261712782041087e+00 6.506541360189648238e-01
8.564337406690445409e-01 6.745929097836062205e+00 5.640069888556175082e-01
9.815664986661367664e-01 6.754935917910620979e+00 4.998950510953344417e-01
1.124982290575142097e+00 6.786690174460058067e+00 4.436850037063422292e-01
1.289352433918143248e+00 6.711859120976578552e+00 3.974193785144743418e-01
1.477738550000401219e+00 6.715411430004635029e+00 3.599127385162703141e-01
1.693649590842533303e+00 6.673937036917904742e+00 3.302542023361820234e-01
1.941107198266095013e+00 6.627875121908021860e+00 2.982793493608194568e-01
2.224720612535942443e+00 6.517509527290072491e+00 2.720156050695172190e-01
2.549772525836472958e+00 6.369284746049844514e+00 2.519861633436044079e-01
2.922317479721500355e+00 6.391843445174065330e+00 2.364367999128020592e-01
3.349294639326395817e+00 6.273967846506935508e+00 2.241363861394824186e-01
3.838657044918196704e+00 6.179720576902591134e+00 2.094141613818991110e-01
4.399519748272620490e+00 6.208638630640703759e+00 2.071040854594331793e-01
5.042329593122914844e+00 6.208141051187613613e+00 2.036798958354784639e-01
5.779059802076289998e+00 6.112645574934218118e+00 2.024134491906751099e-01
6.623432994448431366e+00 6.103892162564291901e+00 2.077859268925960623e-01
7.591176789031777616e+00 5.912648208735502564e+00 2.091268682941432866e-01
8.700316752752723204e+00 5.814159155700686199e+00 2.209054113825186239e-01
9.971512151791728229e+00 5.640819662685658820e+00 2.259065529402064787e-01
1.142844075899544976e+01 5.446126353966437073e+00 2.466975239123143371e-01
1.309823988515121052e+01 4.935703147995821993e+00 2.561313677782844911e-01
1.501201184894152973e+01 4.611279014769600337e+00 2.739021675034450376e-01
1.720540330065571055e+01 4.263516344497939592e+00 2.979191936274738217e-01
1.971926919036415882e+01 3.870718413643293054e+00 3.127630661148592117e-01
2.260043374788115500e+01 3.442219074390447719e+00 3.291366306763761629e-01
2.590256264882059867e+01 3.150608136854799124e+00 3.853961142977710419e-01
2.968716261204408013e+01 2.847917394051866502e+00 4.209726847881608558e-01
3.402472704738639919e+01 2.508008136361093321e+00 4.619051505611828645e-01
3.899604909293272215e+01 2.304838869596540718e+00 4.833167292145101879e-01
4.469372649898245697e+01 2.240265258747380361e+00 6.412615940330069764e-01
5.122388638924601167e+01 1.716767445504427281e+00 5.636458873509017087e-01