1.074173293682198233e-03 7.493508360149097491e+00 4.136711908987131778e+02
1.233523236037925574e-03 7.493510353597697460e+00 3.602315998279038354e+02
1.416512198538838127e-03 7.493512981707088016e+00 3.136954229900609334e+02
1.626646949152113063e-03 7.493516447688877591e+00 2.731708495055881940e+02
1.867954472905535490e-03 7.493521018013082013e+00 2.378812735632004376e+02
2.145059144313131265e-03 7.493527044917139612e+00 2.071504120217717855e+02
2.463271348066774571e-03 7.493534993188979421e+00 1.803893440978074523e+02
2.828689246304974796e-03 7.493545474486833946e+00 1.570852253366961975e+02
3.248315642708683899e-03 7.493559296988663299e+00 1.367914597122696705e+02
3.730192182986902336e-03 7.493577525566624153e+00 1.191191409586274688e+02
4.283553463546356521e-03 7.493601565284751409e+00 1.037295997280187407e+02
4.919004001656398367e-03 7.493633269368324967e+00 9.032791331091723919e+01
5.648721458533933690e-03 7.493675082608059590e+00 7.865725375240620565e+01
6.486690009879477262e-03 7.493730230409497928e+00 6.849396597151346100e+01
7.448968336135818220e-03 7.493802968983247936e+00 5.964328156786982049e+01
8.553997368187012812e-03 7.493898915513091730e+00 5.193558613488190190e+01
9.822953686081579289e-03 7.494025485452482371e+00 4.522316854135466713e+01
1.128015534325029455e-02 7.494192471264656596e+00 3.937738981482432621e+01
1.295352789336173469e-02 7.494412809543212539e+00 3.428621730091774111e+01
1.487513955067146405e-02 7.494703599114011183e+00 2.985207671714628930e+01
1.708181573958273552e-02 7.495087453660502774e+00 2.598998073064330683e+01
1.961584481053726264e-02 7.495594300638111385e+00 2.262589785688691890e+01
2.252578844645005546e-02 7.496263773967778654e+00 1.969532984408110110e+01
2.586741229017325977e-02 7.497148389149521641e+00 1.714206926575248247e+01
2.970475462736830649e-02 7.498317723704895243e+00 1.491711166597138671e+01
3.411135360483515122e-02 7.499863804445547011e+00 1.297769787661391661e+01
3.917165650249263692e-02 7.501907661831369367e+00 1.128646097992159270e+01
4.498263806604778370e-02 7.504605987252058519e+00 9.810645874589333459e+00
5.165565891379374219e-02 7.508152977277493534e+00 8.521348726329216916e+00
5.931859963171427774e-02 7.512757527132147395e+00 7.392658729716879762e+00
6.811831145431401779e-02 7.518510722924150791e+00 6.400351288475194522e+00
7.822343049558655448e-02 7.524699854010824751e+00 5.518690516597518858e+00
8.982760946154286219e-02 7.524981792285141857e+00 4.705423593815027949e+00
1.031532287762644690e-01 7.470937274207281931e+00 3.813946609237131913e+00
1.184556582408420877e-01 7.868548902941855161e+00 3.903240444291139255e+00
1.360281508948742446e-01 8.050642856495851873e+00 3.360291630922880746e+00
1.562074628656179853e-01 7.501274206638593789e+00 2.805056983597111753e+00
1.793803069025830532e-01 7.153338257091967023e+00 2.474298133819488044e+00
2.059907632719592541e-01 7.386651332729932129e+00 2.237334340099293328e+00
2.365487900319416248e-01 7.343663919317550359e+00 1.929917046490177812e+00
2.716399957783572905e-01 7.430293951318915902e+00 1.775257751943221773e+00
3.119368621437556000e-01 7.311131718931859425e+00 1.487689047018638799e+00
3.582116311159397881e-01 7.221091305325521681e+00 1.314182831250810590e+00
4.113511041462234452e-01 7.013810680419940269e+00 1.121971701769159280e+00
4.723736366548917376e-01 6.788038805798241704e+00 9.576327720364748997e-01
5.424486536135538772e-01 6.969761326596291440e+00 8.646038177288598581e-01
6.229190601975360675e-01 7.027127059020723543e+00 7.731134686732944461e-01
7.153269769820773671e-01 6.805601140577167030e+00 6.711656952863426229e-01
8.214432928670585277e-01 6.718776884320685205e+00 5.873900502754111352e-01
9.433016020772588828e-01 6.706720347482830746e+00 5.170005245131110705e-01
1.083237175600787916e+00 6.571904241666016944e+00 4.539800447164332176e-01
1.243931713907411973e+00 6.599527836081017895e+00 4.114081229731522127e-01
1.428464738579920956e+00 6.536929263598438844e+00 3.613824502233686231e-01
1.640372607718626696e+00 6.572725236134469462e+00 3.344780477672264496e-01
1.883716286079720081e+00 6.529859939337034014e+00 2.978364700155187728e-01
2.163159168682381228e+00 6.473002361338029864e+00 2.763941463905139617e-01
2.484056449282416867e+00 6.441722073719950536e+00 2.500982772257905329e-01
2.852557746353981294e+00 6.378768361007240983e+00 2.345151835026726417e-01
3.275724953285465535e+00 6.387101559318042021e+00 2.259374281224547920e-01
3.761667571249760478e+00 6.345857138293127697e+00 2.171141969084564860e-01
4.319698118243978868e+00 6.192487950661779372e+00 2.062940701691958756e-01
4.960510592529876917e+00 6.101507811719880436e+00 2.041850072494292845e-01
5.696385410516623615e+00 6.070053358530836718e+00 2.041093186562243089e-01
6.541424746479099994e+00 6.033500839282280204e+00 2.042666139328057628e-01
7.511822784120283814e+00 5.886736421769714234e+00 2.075049622805345551e-01
8.626176059030644439e+00 5.689441911425242360e+00 2.133911245132401324e-01
9.905839839392298174e+00 5.541964232959336378e+00 2.258261707618295921e-01
1.137533737454441862e+01 5.286105685106158525e+00 2.393216555643029320e-01
1.306282985417675491e+01 4.984968550178714430e+00 2.591864641789090595e-01
1.500065608436562670e+01 4.796897639786791956e+00 2.705810195415530028e-01
1.722595222270823712e+01 4.249576776917683318e+00 2.850356097273924472e-01
1.978136344904913813e+01 3.820335398866149035e+00 3.054711615681932058e-01
2.271586121013037740e+01 3.471095839417940532e+00 3.667866916869689242e-01
2.608568169969647954e+01 3.119045365857428198e+00 3.773865036495872571e-01
2.995540355892033801e+01 2.626180069721890220e+00 3.570239469836672397e-01
3.439918545000945471e+01 2.521308627706305927e+00 4.537149425574363848e-01
3.950218721963331348e+01 2.316033923254010585e+00 5.092747467612716017e-01
4.536220188709538093e+01 1.751622849929909354e+00 5.186514386472133031e-01
5.209152973238074935e+01 1.647751598181331323e+00 7.010734088769859929e-01
5.981913039877041172e+01 1.427870040394205509e+00 8.805918319023481322e-01