2.219262668024719432e+01 1.514248126397032834e+01
2.556270543802974515e+01 1.514239741046565868e+01
2.944455015291578093e+01 1.514228592888555625e+01
3.391587544633522100e+01 1.514213761652865209e+01
3.906619735460333942e+01 1.514194012780808229e+01
4.499862544204877679e+01 1.514167684043130180e+01
5.183192705688820467e+01 1.514132526433516190e+01
5.970290505629857591e+01 1.514085477081755293e+01
6.876913660279791429e+01 1.514022327945481194e+01
7.921212786270199047e+01 1.513937228753047393e+01
9.124094776379328664e+01 1.513821914318134532e+01
1.050964135601152236e+02 1.513664448126142048e+01
1.210559119989962653e+02 1.513447059252034421e+01
1.394389526101793990e+02 1.513142134985123555e+01
1.606135642940352568e+02 1.512704046032379956e+01
1.850036632687023541e+02 1.512050118767286122e+01
2.130975398826293201e+02 1.511006837836962546e+01
2.454576341987011006e+02 1.509098182491686302e+01
2.827317960573723781e+02 1.503542607460280678e+01
3.256662550455341147e+02 1.505401748767944525e+01
3.751205600301896084e+02 1.515308184637056677e+01
4.320847873467531599e+02 1.516197024217078848e+01
4.976993621503006580e+02 1.518630124668517922e+01
5.732778897536843488e+02 1.514984753437429532e+01
6.603334540364326131e+02 1.518893772855428992e+01
7.606089094191917184e+02 1.520111401410584051e+01
8.761117728497414419e+02 1.516134302402329581e+01
1.009154414338957054e+03 1.515354306111963822e+01
1.162400350662179335e+03 1.517689679225329158e+01
1.338917569026975116e+03 1.513824490871472683e+01
1.542239948248351311e+03 1.513299738926320082e+01
1.776438007084779656e+03 1.509855142955039042e+01
2.046200396118365461e+03 1.510582180245807926e+01
2.356927764648494758e+03 1.540496194368508220e+01
2.714840881816350702e+03 1.537089485380051812e+01
3.127105176547730935e+03 1.543109169098139510e+01
3.601974189606709842e+03 1.547911986035453680e+01
4.148954809673596174e+03 1.546739463974668105e+01
4.778997601477316493e+03 1.564519539429666750e+01
5.504716036355845063e+03 1.579836748959678516e+01
6.340639014245596627e+03 1.587160192852952534e+01
7.303501732595903377e+03 1.596308465799095977e+01
8.412580725410976811e+03 1.617382279131973988e+01
9.690079779908777709e+03 1.634966106959929633e+01
1.116157445685726634e+04 1.652048810162451886e+01
1.285652411389551889e+04 1.677977864796728014e+01
1.480886168255847042e+04 1.708717675167013539e+01
1.705767300635506035e+04 1.735114791777474608e+01
1.964797934026386065e+04 1.762300120967010031e+01
2.263163867730434504e+04 1.784715332986705505e+01
2.606838394676264215e+04 1.814658149429605771e+01
3.002701886882432154e+04 1.853108742989455848e+01
3.458679540665203967e+04 1.893855826017116328e+01
3.983900039253029536e+04 1.928257152449359069e+01
4.588878309236984205e+04 1.960892311190286819e+01
5.285726029645554081e+04 2.003162268443923111e+01
6.088394108040335414e+04 2.037431683937591131e+01
7.012951978009722370e+04 2.085513640082694309e+01
8.077909309602898429e+04 2.119160262081842916e+01
9.304586573354504071e+04 2.160943326452991187e+01
1.071754187660035968e+05 2.201621149122440357e+01
1.234506261735719454e+05 2.262379951193015160e+01
1.421973179868852603e+05 2.316779845825412210e+01
1.637908034118342912e+05 2.365418032121727165e+01
1.886633845285915595e+05 2.410045450352549068e+01
2.173130109893059707e+05 2.456440382681392620e+01
2.503132489817140740e+05 2.507236087130856461e+01
2.883247640375521150e+05 2.556791665604530550e+01
3.321085475718586240e+05 2.626064538083870659e+01
3.825411519487943733e+05 2.686062736727820521e+01
4.406322390803488088e+05 2.739238387262181718e+01
5.075447938812889042e+05 2.780000030983772064e+01
5.846184072541878559e+05 2.824096694406663488e+01
6.733960947304348228e+05 2.893545797308840761e+01
7.756551876770424424e+05 2.976391256288316001e+01
8.934429155119297793e+05 3.072309105152660891e+01
1.029117391284462647e+06 3.116930892505447304e+01
1.185394821153513389e+06 3.178011086867360646e+01
1.365403882897907402e+06 3.221961494349056210e+01
1.572748362118282821e+06 3.655098750183064737e+01
