2.219288905010519031e+01 2.003333552824694053e+01
2.556357223904022646e+01 2.003333319100465104e+01
2.944619892188081778e+01 2.003333008163023976e+01
3.391852370392849991e+01 2.003332595563042773e+01
3.907011065523552418e+01 2.003332047211008771e+01
4.500412694658492541e+01 2.003331318278385709e+01
5.183940890510181987e+01 2.003330348693176433e+01
5.971284186492314205e+01 2.003329058066132617e+01
6.878210147250355533e+01 2.003327338018355519e+01
7.922881134473141174e+01 2.003325042260242128e+01
9.126218031602927283e+01 2.003321971658232314e+01
1.051231921150017996e+02 2.003317852742331340e+01
1.210894313743083046e+02 2.003312304848389402e+01
1.394806426208291441e+02 2.003304787920595231e+01
1.606651335720717384e+02 2.003294513253376508e+01
1.850671509730832156e+02 2.003280276827440076e+01
2.131753766845129121e+02 2.003260105216640596e+01
2.455527141669427635e+02 2.003230351784988272e+01
2.828475613484529276e+02 2.003182633231367760e+01
3.258067956291282030e+02 2.003085843834927715e+01
3.752907310639645857e+02 2.002895508123398471e+01
4.322903472610476570e+02 2.003303475820672830e+01
4.979471350259012752e+02 2.003238455747585078e+01
5.735759561866238982e+02 2.003147460066106689e+01
6.606913753972842187e+02 2.003016844376428551e+01
7.610379912478888400e+02 2.002821055339274992e+01
8.766253741005051552e+02 2.002501714368408159e+01
1.009768310326757614e+03 2.001856139802896806e+01
1.163133158889437254e+03 1.999976866282324650e+01
1.339791248618540976e+03 2.003526367553477883e+01
1.543280385531041020e+03 2.003020374747878662e+01
1.777675701957768524e+03 2.001727741878739053e+01
2.047671266322513475e+03 2.001184391147117125e+01
2.358674087914409938e+03 2.003211805464760431e+01
2.716912399220349926e+03 2.000333051438223464e+01
3.129560384310769678e+03 2.003177753792418159e+01
3.604881851125536741e+03 2.000008369723165913e+01
4.152395724882692775e+03 2.002961999290224782e+01
4.783066676828960226e+03 2.002448369918595006e+01
5.509524705918522159e+03 2.003853601835779585e+01
6.346318070826268922e+03 1.999351353636769346e+01
7.310204637585239652e+03 2.002920615238183899e+01
8.420487477460326772e+03 2.013252372961946435e+01
9.699401435838310135e+03 2.011868371505869391e+01
1.117255841367475296e+04 2.009457501912971367e+01
1.286946027883275747e+04 2.013993083141973273e+01
1.482408967902448785e+04 2.016512024104613232e+01
1.707559058814637683e+04 2.018555940834468032e+01
1.966905221482582419e+04 2.021957348062077031e+01
2.265641197195868517e+04 2.016395744382796451e+01
2.609749559036688152e+04 2.019031268443442428e+01
3.006121520619305011e+04 2.022279073745792388e+01
3.462694941527713672e+04 2.022110717725899676e+01
3.988613293188311218e+04 2.024935378613197656e+01
4.594408768674136809e+04 2.032217215561924561e+01
5.292213203450606670e+04 2.032995476547085190e+01
6.096001031022630923e+04 2.036015306869522590e+01
7.021869138983149605e+04 2.043821341402475511e+01
8.088359229941357626e+04 2.054226118303492399e+01
9.316829143023793586e+04 2.069947642056723680e+01
1.073188057214006985e+05 2.082060708361206380e+01
1.236185174662307109e+05 2.096742693421667880e+01
1.423938494080862438e+05 2.118873667386057846e+01
1.640208017766562407e+05 2.141811182001644909e+01
1.889324821773473523e+05 2.170742524392823114e+01
2.176277791295002680e+05 2.204220280705422752e+01
2.506813529522198369e+05 2.244808791504967616e+01
2.887551440781901474e+05 2.303649310620196289e+01
3.326116292642976623e+05 2.357344557840759336e+01
3.831290911717702984e+05 2.418057037584267732e+01
4.413192071088623488e+05 2.474037635780021560e+01
5.083473091733352048e+05 2.533494272593359042e+01
5.855557215302116238e+05 2.627965679472531946e+01
6.744906421838729875e+05 2.691883061773877017e+01
7.769331075866543688e+05 2.737214488239964538e+01
8.949346601901433896e+05 2.821558213912371826e+01
1.030858433227881207e+06 2.891080953395229614e+01
1.187426475505217910e+06 3.026026942455361990e+01
1.367774263936254196e+06 3.214662134882238576e+01
1.575513495511698769e+06 3.492374124404579305e+01
