22.19321612673305 18.982243154141756
25.564652832894986 18.982240007821243
29.44825440055098 18.982235828735355
33.92182529948977 18.98223028110477
39.07498950523788 18.982222918400026
45.01098603492356 18.982213143476873
51.84873724827247 18.98220016726728
59.725231350288105 18.982182936320015
68.79826682691848 18.982160048853324
79.24961379601322 18.982129640172527
91.28865560839826 18.982089220219105
105.15658365527551 18.98203546182965
121.13122942114683 18.981963908599113
139.53263058810302 18.981868571018758
160.72944270337857 18.9817413666898
185.14632486217417 18.9815713252132
213.27244737126915 18.98134344084436
245.67129183682482 18.981036970654777
282.9919400123363 18.98062282246782
325.98207756866407 18.98005936186248
375.50297330500024 18.979285273227145
432.5467338958084 18.978206393331643
498.25617985709806 18.976668443561955
573.9477409291671 18.97438771837907
661.1378295642459 18.970454832557966
761.5732208881824 18.965478298763898
877.2660477714193 18.951268750392114
1010.5341121040832 18.940594105871106
1164.04731987538 18.989491271074236
1340.881170342414 18.98317328283265
1544.5783708958902 18.971761839602017
1779.2198120212045 18.94721594458162
2049.5063242745246 18.908975400977454
2360.852855201465 19.03372154378202
2719.4969529483337 19.027261268623324
3132.6237299376958 19.019516398654105
3608.509810143257 19.010105749396082
4156.689143818464 18.996586175237685
4788.144011627987 18.970564698173717
5515.525044778338 18.905557789834702
6353.404669053346 18.713003929553317
7318.569050278167 19.078870485883684
8430.354390076984 19.178896860465585
9711.03430930791 19.20504347034001
11186.266080054342 19.24618381579437
12885.604646029959 19.238906237378902
14843.094729334573 19.224481522137673
17097.952885888008 19.186276795061627
19695.353173909978 19.17395756190459
22687.33217560854 19.220097195110707
26133.83150337384 19.3099303834241
30103.898676152527 19.309849226260766
34677.07042448265 19.34163859877638
39944.966137463 19.362822789874297
46013.12337493604 19.391637906508194
53003.11221772271 19.35799548623732
61054.970815017194 19.414716522472787
70330.01092294657 19.479403005058302
81014.04964074085 19.582928734182353
93321.13208944522 19.763164588090934
107497.81961369983 19.875622205316624
123828.1294168582 20.020543307615764
142639.22459059858 20.151607788467086
164307.96853366095 20.406266818720205
189268.47507160323 20.76224290549053
218020.8055374458 21.133093955479158
251140.98705140562 21.57358236529474
289292.5527069549 22.068903637224395
333239.8348604712 22.626888033230642
383863.2778436005 23.187409354206554
442177.07687476696 23.86514202767071
509349.4965495908 24.319362547582973
586726.2759729155 25.01147428456996
675857.5894332489 26.04715728618165
778529.1027525221 26.868959429329443
896797.7474972326 27.63104045605255
1033032.9297551811 28.243462891254033
1189963.9990586238 29.47631031416173
1370734.928451093 31.208637381627476
1578967.301163924 34.34198895758541