22.19352789823174 19.197127016202685
25.56568288106583 19.197125857325233
29.450213781797977 19.197124316071598
33.924972621636655 19.197122272312626
39.07964050468543 19.197119560933665
45.01752496629639 19.1971159616522
51.85763041623024 19.197111184361397
59.73704317151338 19.197104845050962
68.81367887874782 19.197096430986306
79.26944738847641 19.197085262701464
91.31389851059174 19.197070438335693
105.18842171737901 19.197050757919627
121.1710839627525 19.19702462728246
139.5822025750827 19.19698992581984
160.79076491302553 19.196943830412238
185.22182344420952 19.19688257911991
213.36501445562013 19.196801151802102
245.78437112384546 19.196692836748298
283.12962761432226 19.19654863776374
326.1492407612553 19.19635645587944
375.7053903028633 19.19609994301188
432.7912582999187 19.195756868938577
498.55093404391727 19.195296734909846
574.3023433800926 19.194677163332425
661.5636619844579 19.19383814719552
762.0837419578903 19.192692098118492
877.8771615333739 19.191103738364042
1011.2646003468699 19.188831212550625
1164.919349454835 19.18493540461516
1341.920888231234 19.182099588739376
1545.8166019081314 19.176169725692933
1780.6928766750411 19.164673609071073
2051.2569971930466 19.14399574070056
2362.931487876835 19.108413098333507
2721.962788690181 19.159336994696776
3135.5464434863097 19.18528183556787
3611.971309861543 19.18949382601046
4160.785680711246 19.19109312833926
4792.988646821604 19.1512599244883
5521.250535700228 19.144557643072673
6360.166844581445 19.29006423907087
7326.550756817417 19.280894617250958
8439.770104137011 19.207055316038797
9722.135528018418 19.27124966120156
11199.34761953126 19.40546361969226
12901.011999023733 19.394644667092273
14861.232658650202 19.39344674054225
17119.29545924337 19.37100407983028
19720.455479867942 19.390924616112194
22716.843999761295 19.42092833077026
26168.513289985458 19.42849243314596
30144.64015403465 19.425703741832308
34724.912338218004 19.416956570550866
40001.12559763083 19.426834405727917
46079.02342539215 19.482874218631082
53080.41631617471 19.479059828725237
61145.623037353915 19.501709171565345
70436.28283463363 19.642035736850126
81138.59493311009 19.708119116049424
93467.05025839631 19.83674916101311
107668.73016728395 19.97575614482107
124028.25834116894 20.131987720162932
142873.505085862 20.265206945110535
164582.15836079483 20.476961572931998
189589.29323123425 20.828674415263894
218396.09144706157 21.213564461656656
251579.88590199273 21.622370136795798
289805.73127977207 22.0764055778605
333839.7327810304 22.51113697652399
384564.4000591535 23.151402365542474
442996.33408183744 23.73487770063845
510306.60139045754 24.428851558493378
587844.2040889935 24.98311273476606
677163.1159374692 25.96641557046889
780053.4263951373 26.882253283272586
898577.216788315 27.522571154119355
1035109.8876168818 28.2620437899468
1192387.7652627423 29.1488893080479
1373562.9422124848 30.981747280265154
1582266.4498773096 33.1089618399233