1.074687943232156394e-03 6.449065405834746301e+00 8.598297526638671116e+02
1.235220407424969177e-03 6.449065308280662379e+00 7.480838200667220690e+02
1.419732550762883589e-03 6.449065183030288750e+00 6.508606478425183468e+02
1.631806359075329768e-03 6.449065013352704767e+00 5.662728143063459356e+02
1.875558880500310509e-03 6.449064789887024141e+00 4.926781938671494459e+02
2.155722150891058869e-03 6.449064495468800118e+00 4.286480727605417655e+02
2.477735058151166615e-03 6.449064105265485125e+00 3.729394164465032304e+02
2.847848928886203678e-03 6.449063591346344104e+00 3.244707375233370499e+02
3.273248887155025093e-03 6.449062911418879551e+00 2.823010995687928926e+02
3.762193341292131323e-03 6.449062013415561623e+00 2.456118517938996320e+02
4.324174306697780093e-03 6.449060826485962572e+00 2.136907355010596063e+02
4.970101676986969294e-03 6.449059258346156120e+00 1.859180571282196581e+02
5.712515020804666624e-03 6.449057186199108394e+00 1.617546578591313562e+02
6.565827015978064132e-03 6.449054447268157020e+00 1.407314467584360500e+02
7.546603246861124242e-03 6.449050827058069757e+00 1.224402942842244073e+02
8.673883796655467576e-03 6.449046040882739916e+00 1.065261089992896615e+02
9.969552877869318486e-03 6.449039711816965337e+00 9.267994413511972596e+01
1.145876367665388945e-02 6.449031339651211781e+00 8.063299983998653886e+01
1.317042665863913699e-02 6.449020260357554157e+00 7.015140484997414205e+01
1.513777081588657883e-02 6.449005590275978861e+00 6.103167615754345121e+01
1.739898875060324340e-02 6.448986151485211593e+00 5.309676859804429938e+01
1.999797811880721365e-02 6.448960368676450727e+00 4.619263756852832614e+01
2.298519382779798045e-02 6.448926127570190125e+00 4.018524815625951874e+01
2.641862753137936420e-02 6.448880576032158807e+00 3.495797250263057521e+01
3.036493343804966272e-02 6.448819841961141996e+00 3.040932478754222146e+01
3.490072228778819119e-02 6.448738624354156457e+00 2.645098966272105656e+01
4.011404861777135428e-02 6.448629587774014738e+00 2.300610556131879747e+01
4.610612018972349430e-02 6.448482441225320549e+00 2.000776904074896123e+01
5.299326276449360662e-02 6.448282493234657409e+00 1.739773023632835347e+01
6.090917836657611106e-02 6.448008303225825522e+00 1.512525250770091567e+01
7.000754087889637933e-02 6.447627704371273083e+00 1.314611115821968923e+01
8.046497935686816594e-02 6.447090738902804041e+00 1.142170588591998914e+01
9.248450697763299644e-02 6.446316372824672847e+00 9.918257231531365292e+00
1.062994621916318466e-01 6.445165690326120078e+00 8.606042546807044502e+00
1.221780385871865937e-01 6.443382651119129889e+00 7.458582069475173881e+00
1.404284914076186497e-01 6.440445707978739165e+00 6.451535085955010906e+00
1.614051217964778684e-01 6.435119673982265809e+00 5.560443129900191295e+00
1.855151549447071613e-01 6.423582918225114291e+00 4.752684428690316487e+00
2.132266456671371990e-01 6.380144136095727170e+00 3.904840207344773440e+00
2.450775648814778052e-01 6.446598994776245206e+00 3.627243352696327694e+00
2.816862433881637262e-01 6.538534563756667417e+00 3.411324482388419455e+00
3.237633756990729861e-01 6.551893339700571417e+00 2.929739647428292404e+00
3.721258169488002032e-01 6.581138479448819467e+00 2.479956603949583283e+00
4.277124407317839938e-01 6.650665688204028925e+00 2.057164001902983763e+00
4.916023657179091622e-01 6.375490906877684161e+00 1.862552161974629694e+00
5.650359048849753485e-01 6.583616446583009818e+00 1.809840068327680962e+00
6.494386440613337808e-01 6.508951562268960878e+00 1.559820355413970683e+00
7.464491172221771054e-01 6.619148850601890288e+00 1.420387432699239616e+00
8.579506158077436773e-01 6.495145963177477277e+00 1.218177867110394885e+00
9.861077495866288345e-01 6.399153133175660813e+00 1.059475558612495982e+00
1.133408468830460425e+00 6.374872503759642761e+00 9.060224964529518532e-01
1.302712363588170108e+00 6.374004790476781146e+00 8.151030465139279535e-01
1.497306177707173447e+00 6.465167283170266899e+00 7.487585614370251275e-01
1.720967615310674104e+00 6.375943256562426775e+00 6.421319096867007525e-01
1.978038678424081098e+00 6.141105058690222052e+00 5.500915032336489707e-01
2.273509959474376174e+00 6.182126612640775676e+00 4.928095347313720120e-01
2.613117525056305901e+00 6.234586561028671703e+00 4.386481167265360304e-01
3.003454271797023623e+00 6.210916137616410815e+00 3.804558948842741706e-01
3.452097916101732444e+00 6.041189388118995751e+00 3.283888607929191794e-01
3.967758102481035998e+00 5.905246281718607548e+00 2.884571722228357893e-01
4.560445486315101604e+00 5.851977155238843764e+00 2.618754894318849336e-01
5.241666073505595769e+00 5.680805838344481273e+00 2.407593962124219000e-01
6.024644589785410176e+00 5.510939578076881062e+00 2.192965583113479777e-01
6.924581216017033469e+00 5.320140875273798642e+00 1.991410965281305567e-01
7.958946673553704443e+00 5.179140971969090401e+00 1.855913945790083064e-01
9.147821388237986184e+00 4.957840933010344564e+00 1.766317917056021980e-01
1.051428531732323712e+01 4.840455102923558073e+00 1.757006254587777927e-01
1.208486600713710146e+01 4.653021634705583054e+00 1.767785454821249325e-01
1.389005357975565857e+01 4.262009450360566554e+00 1.780040167681720131e-01
1.596489264626847060e+01 3.910217059164014408e+00 1.799801479509512692e-01
1.834966263761240768e+01 3.682865773397566489e+00 1.917096673619149982e-01
2.109065976042683843e+01 3.296572836854060995e+00 2.118212809576457967e-01
2.424109575825782770e+01 3.031929460906053198e+00 2.182773904724366887e-01
2.786213092601390429e+01 2.798515234296041765e+00 2.387955510375939505e-01
3.202406143187196363e+01 2.444994354065765929e+00 2.537288530718982971e-01
3.680768399644544075e+01 2.129222711436769000e+00 2.734172024600299289e-01
4.230586442211276932e+01 2.013090610981905115e+00 3.079429054638131436e-01
4.862534042280493907e+01 1.705205576039214188e+00 3.651793464691473479e-01
5.588879375309044661e+01 1.379912500971301137e+00 4.866605429389517234e-01
6.423723186337943503e+01 9.488563132328187155e-01 5.197334617256620382e-01