1.075275142114793777e-03 7.990632039207826942e+00 7.076110279709341739e+02
1.237158120385185248e-03 7.990653738899898606e+00 6.150123000083765419e+02
1.423412627046116621e-03 7.990682461780584056e+00 5.345290703121065690e+02
1.637707802623893094e-03 7.990720492411011122e+00 4.645758520206465505e+02
1.884265177793932339e-03 7.990770842748424307e+00 4.037745926692724652e+02
2.167941835874722355e-03 7.990837508857620897e+00 3.509275302719640877e+02
2.494326095458875014e-03 7.990925785212843024e+00 3.049935966118376882e+02
2.869847598091484348e-03 7.991042685025124825e+00 2.650679080874557485e+02
3.301903969679755024e-03 7.991197510519650216e+00 2.303639399794745657e+02
3.799006550813843058e-03 7.991402598914071120e+00 2.001980308215476327e+02
4.370948066828929911e-03 7.991674324333685853e+00 1.739759134299580978e+02
5.028995540642790599e-03 7.992034441866972649e+00 1.511810063108161160e+02
5.786112248675891884e-03 7.992511884508525455e+00 1.313642340056252920e+02
6.657213092298341212e-03 7.993145193811009186e+00 1.141351760171165779e+02
7.659458415520783645e-03 7.993985812944380598e+00 9.915436845790858911e+01
8.812592057022138048e-03 7.995102592622971294e+00 8.612660565041755945e+01
1.013933029600622149e-02 7.996588012190405159e+00 7.479510716923049074e+01
1.166580935396762525e-02 7.998566883363565694e+00 6.493643156851693732e+01
1.342210026797562711e-02 8.001208731541542107e+00 5.635602995937313153e+01
1.544280127827737242e-02 8.004745786114320083e+00 4.888434025332789190e+01
1.776771940002306455e-02 8.009499837593137883e+00 4.237332419505339942e+01
2.044265460580808880e-02 8.015923730554217030e+00 3.669333928506874543e+01
2.352030206711976795e-02 8.024668312695656169e+00 3.173020429208996163e+01
2.706129022849039500e-02 8.036696612678820628e+00 2.738222867371677083e+01
3.113537516400897640e-02 8.053493084054553108e+00 2.355674057712656477e+01
3.582281474454535042e-02 8.077485946902713820e+00 2.016495619951230722e+01
4.121594968624048283e-02 8.113025544054881522e+00 1.711162360209482713e+01
4.742102262629635523e-02 8.169206680160169043e+00 1.426476543541195241e+01
5.456027106114295921e-02 8.272643476725564327e+00 1.130100479988290374e+01
6.277433537704132926e-02 8.383701222410307352e+00 8.593010043379084806e+00
7.222502941037833857e-02 6.617889062987686977e+00 1.431027439952320712e+01
8.309852811660109473e-02 6.618193276682970527e+00 1.243589124211365160e+01
9.560903514361572542e-02 6.618599880535717794e+00 1.080647722377480591e+01
1.100030025594036232e-01 6.619145163402182952e+00 9.389926344831387439e+00
1.265639858608298418e-01 6.619879822513757617e+00 8.158321764071649440e+00
1.456182299054072371e-01 6.620876079653037927e+00 7.087383210137867984e+00
1.675410958066756439e-01 6.622239679498353127e+00 6.155984085598201538e+00
1.927644554005071009e-01 6.624131627697922298e+00 5.345726950595921956e+00
2.217851989504150967e-01 6.626811424104001702e+00 4.640564997490040255e+00
2.551750236903155278e-01 6.630734314996645118e+00 4.026451948317532725e+00
2.935916960351841465e-01 6.636810432599469678e+00 3.490983495013947113e+00
3.377920093207277819e-01 6.647294537306305706e+00 3.022907673326431066e+00
3.886466923344465973e-01 6.670641426455209633e+00 2.610755802093995381e+00
4.471575623302863622e-01 6.761724159904055398e+00 2.233582257948055538e+00
5.144772604345204670e-01 6.523707104980668525e+00 1.947974264790234500e+00
5.919319582225966991e-01 6.437731675464413605e+00 1.620711338831768655e+00
6.810474827775845341e-01 6.683160842668462998e+00 1.530676945900819597e+00
7.835793748835950812e-01 6.692822375590790962e+00 1.286507386128683095e+00
9.015474724887622138e-01 6.884388414601558814e+00 1.152990739767438599e+00
1.037275700718411020e+00 6.807515608090074721e+00 1.004622030312043890e+00
1.193437852286011847e+00 6.670377008225810478e+00 8.672146508942459864e-01
1.373110260158018736e+00 6.586174332543562215e+00 7.390100064032805172e-01
1.579832400103371226e+00 6.503833315784627089e+00 6.494517452800755430e-01
1.817676616974044146e+00 6.357656846226455549e+00 5.579377839351600255e-01
2.091328348296960460e+00 6.249685927308631150e+00 4.833136840580404270e-01
2.406178425550461242e+00 6.263196758783491802e+00 4.296934096949374671e-01
2.768429271424182936e+00 6.256094969641594616e+00 3.891952846269361443e-01
3.185217085106602397e+00 6.143353639176745595e+00 3.363689824762328695e-01
3.664752422602339799e+00 6.176613876775909340e+00 3.012398016260549038e-01
4.216481941456188487e+00 5.978055836569961201e+00 2.711020561443995835e-01
4.851274496191338770e+00 5.862395853614042807e+00 2.376205564171212370e-01
5.581635250468693243e+00 5.763998435413758337e+00 2.228239120177907540e-01
6.421952023892636419e+00 5.608687488526402198e+00 2.067472229909624315e-01
7.388778726398443908e+00 5.465987612080986047e+00 1.959062258855555350e-01
8.501161463767259008e+00 5.268235871283480698e+00 1.860152106319055421e-01
9.781013738419035874e+00 5.007607377870924026e+00 1.802605838638788316e-01
1.125354813679150823e+01 4.836907977771394584e+00 1.815920344369215123e-01
1.294777300737680292e+01 4.589095434778099225e+00 1.885398916798209090e-01
1.489706391377756134e+01 4.168976329500149625e+00 1.947539077248088002e-01
1.713982112018310389e+01 3.878513042898690699e+00 1.996370184163759887e-01
1.972022606147096013e+01 3.498127075054850099e+00 2.105422792655436137e-01
2.268911170009712919e+01 3.186675418430967799e+00 2.162026799188573323e-01
2.610496391546358197e+01 2.865639397126836574e+00 2.279453576025263495e-01
3.003507365273971885e+01 2.614216531932337606e+00 2.485524587345895597e-01
3.455686252801628200e+01 2.214372734497745299e+00 2.668521259085326336e-01
3.975940800369190953e+01 1.990182185240040758e+00 2.919715335551574253e-01
4.574519817944786837e+01 1.848141525796321849e+00 3.410943788750813721e-01
5.263215076750255150e+01 1.351916910615424294e+00 3.652665970038192489e-01
6.055593602516449181e+01 1.174384490349487331e+00 4.173898816024871339e-01
6.967264940554164809e+01 9.848210689044756272e-01 5.467559280463244464e-01