1.075610212534177171e-03 6.876454760399613342e+00 9.152437255560945459e+02
1.238264446081458435e-03 6.876454185809706132e+00 7.950198164262184264e+02
1.425515321964926970e-03 6.876453441337660344e+00 6.905880298017029872e+02
1.641082354893915341e-03 6.876452438826388125e+00 5.998739446022606217e+02
1.889247526173148169e-03 6.876451119197126260e+00 5.210756395948640147e+02
2.174940340140387417e-03 6.876449365623032328e+00 4.526278782749642460e+02
2.503835742874728140e-03 6.876447043387689639e+00 3.931710287077418684e+02
2.882466848213583333e-03 6.876443965450016016e+00 3.415240512780050040e+02
3.318354710245881127e-03 6.876439883431546995e+00 2.966610403216187137e+02
3.820157720056839481e-03 6.876434474365267668e+00 2.576908460728733417e+02
4.397843594311987882e-03 6.876427302790523832e+00 2.238393718702507158e+02
5.062887372027983363e-03 6.876417794785726123e+00 1.944341985277683875e+02
5.828499352499258088e-03 6.876405186930099056e+00 1.688912271172426074e+02
6.709887502094825235e-03 6.876388466131635013e+00 1.467030766134829776e+02
7.724559542322442796e-03 6.876366285810240342e+00 1.274290052338576800e+02
8.892670719778256183e-03 6.876336854451333025e+00 1.106861555238526620e+02
1.023742416601603269e-02 6.876297786130140643e+00 9.614194913671801146e+01
1.178553180000601990e-02 6.876245898513700716e+00 8.350748029157772123e+01
1.356774492845953459e-02 6.876176937331578642e+00 7.253177650024343848e+01
1.561946508376018880e-02 6.876085200307382905e+00 6.299681259681229051e+01
1.798144723306672327e-02 6.875963016639589753e+00 5.471317881264317862e+01
2.070060932699525208e-02 6.875800017945736364e+00 4.751631662748310703e+01
2.383096426859741129e-02 6.875582102775604554e+00 4.126324729663600976e+01
2.743469281508347651e-02 6.875289936710784033e+00 3.582972744621932293e+01
3.158337872420012571e-02 6.874896730904024977e+00 3.110777426778601296e+01
3.635943067996849631e-02 6.874364861671102389e+00 2.700350945851662487e+01
4.185771924263668314e-02 6.873640560865099225e+00 2.343527611190046045e+01
4.818746133890002697e-02 6.872645260579416160e+00 2.033198569940431710e+01
5.547438972553338232e-02 6.871260858981441011e+00 1.763165182137361953e+01
6.386325052023607285e-02 6.869303317856938484e+00 1.528006016996415362e+01
7.352067841015295924e-02 6.866472319228412502e+00 1.322950109322253454e+01
8.463850665065006385e-02 6.862247469583253157e+00 1.143742523321664883e+01
9.743757760351211272e-02 6.855650946211647501e+00 9.864681064055217163e+00
1.121721295063459745e-01 6.844618506444008155e+00 8.472266560937788071e+00
1.291348466111181259e-01 6.823892335076959803e+00 7.212063044986373406e+00
1.486626730067881486e-01 6.773716898677382581e+00 5.978264056264070980e+00
1.711435056106723196e-01 6.678975670875805903e+00 4.733295246499276132e+00
1.970238992768063857e-01 7.107428092070037451e+00 5.685597795307417712e+00
2.268179370740696921e-01 7.126200252135036273e+00 4.934515182751026074e+00
2.611174419315377415e-01 7.154366294814104243e+00 4.280629586574981715e+00
3.006037324931862265e-01 7.199771997377331978e+00 3.709783859853909682e+00
3.460611566979397424e-01 7.286534333778416084e+00 3.205725526252317881e+00
3.983926719134486261e-01 7.451199803546030509e+00 2.748817168755296247e+00
4.586377811043175212e-01 7.549212690798403180e+00 2.440102963161404404e+00
5.279931813153190268e-01 7.152036372290723421e+00 2.178047966296740245e+00
6.078365346270142577e-01 6.540111428278938099e+00 1.788068752417408591e+00
6.997538337653868012e-01 6.571525933023697696e+00 1.538393497502299700e+00
8.055709059505992142e-01 6.636783095703102653e+00 1.317584828401477948e+00
9.273896807711481394e-01 6.650150819179142303e+00 1.138917828216325479e+00
1.067629942501366669e+00 6.633905546457322444e+00 9.995569221886717592e-01
1.229077396222125973e+00 6.407988163312335672e+00 8.695749166490928106e-01
1.414939002520742228e+00 6.333547947129904543e+00 7.399247558501618194e-01
1.628906679927721202e+00 6.366276403275051621e+00 6.480221724399364280e-01
1.875230640463072085e+00 6.455595112990096140e+00 5.722272662883212124e-01
2.158803815015100547e+00 6.242828811547102674e+00 4.919111381067102218e-01
2.485259045560868962e+00 6.176798220457763833e+00 4.435706356141145834e-01
2.861080974835556567e+00 6.127760092107553902e+00 3.822855581097662769e-01
3.293734856005170908e+00 6.092832009778991420e+00 3.326199578229417364e-01
3.791814840992727920e+00 5.921866292659109909e+00 2.936184945373631061e-01
4.365214693028139692e+00 5.859540744755021180e+00 2.674657054413797641e-01
5.025324314422478622e+00 5.756260313978796894e+00 2.384951650113695254e-01
5.785255993355782778e+00 5.664532134517877182e+00 2.187924489787322624e-01
6.660104863800289543e+00 5.498977694164279839e+00 1.999292627662025978e-01
7.667248752303983395e+00 5.319499609878636903e+00 1.894761432915402777e-01
8.826693367732200812e+00 5.156957598632869733e+00 1.829156729002544279e-01
1.016146969074868878e+01 4.921136579673517808e+00 1.788046923494714668e-01
1.169809145670290462e+01 4.645195234855904687e+00 1.762720319984676098e-01
1.346708181927400361e+01 4.373676150747337843e+00 1.803787593409943713e-01
1.550357965641492619e+01 4.040768936246123211e+00 1.900623775102996127e-01
1.784803756213908343e+01 3.783682953741914989e+00 2.014691473425614665e-01
2.054702538892171049e+01 3.466547224757060341e+00 2.027493222744588819e-01
2.365415530212472106e+01 3.145104127717855746e+00 2.269627868758500033e-01
2.723114672154486016e+01 2.786315427078300377e+00 2.462790557867655106e-01
3.134905230387556685e+01 2.495591835101211853e+00 2.720292876939388038e-01
3.608966931875770712e+01 2.202568255504369965e+00 3.008854378183916656e-01
4.154716445371659006e+01 2.109170168180517724e+00 3.615379873167772762e-01
4.782994432279244279e+01 1.637590644476502488e+00 3.023576422916922080e-01
5.506280883428082973e+01 1.587455983106486501e+00 4.262589387656828266e-01
6.338943019165832027e+01 1.013850954009364314e+00 4.538455479589810215e-01
7.297520677008165535e+01 8.545104875489628604e-01 5.707563813333483838e-01