1.075123689007768252e-03 6.121922943581650678e+00 8.239845187866206970e+02
1.236658204323577443e-03 6.121920948863743384e+00 7.163536409630065691e+02
1.422462857024597545e-03 6.121918311627426057e+00 6.227816207229777774e+02
1.636184171617032380e-03 6.121914819612449321e+00 5.414320519351319945e+02
1.882016553353015563e-03 6.121910198396749436e+00 4.707084020090464946e+02
2.164784605876144720e-03 6.121904087244704584e+00 4.092226792495361565e+02
2.490037816877432517e-03 6.121895999373842656e+00 3.557681895320740750e+02
2.864159470022799130e-03 6.121885297916802138e+00 3.092958575925143805e+02
3.294491920612095757e-03 6.121871138868519857e+00 2.688936369554874091e+02
3.789480693577434653e-03 6.121852401852986070e+00 2.337686102229561982e+02
4.358840231827944105e-03 6.121827608374111662e+00 2.032314283604713978e+02
5.013744547848726987e-03 6.121794797970249391e+00 1.766827812181503248e+02
5.767046520202689583e-03 6.121751375564236319e+00 1.536016358994815505e+02
6.633530138756772894e-03 6.121693903887818422e+00 1.335350111561953952e+02
7.630200649092021628e-03 6.121617827993196315e+00 1.160890872741728401e+02
8.776618290350549079e-03 6.121517110276643692e+00 1.009214770777736732e+02
1.009528217631892530e-02 6.121383741074378548e+00 8.773450619448072985e+01
1.161207185363782521e-02 6.121207087008402326e+00 7.626937083758609504e+01
1.335675520297492473e-02 6.120973015118622129e+00 6.630105829579051147e+01
1.536357265101729111e-02 6.120662713657607057e+00 5.763393041742691025e+01
1.767190915878385366e-02 6.120251094791321123e+00 5.009788333003638172e+01
2.032706717441987859e-02 6.119704614436805912e+00 4.354500784372054056e+01
2.338115572012216398e-02 6.118978269612981080e+00 3.784668478334502595e+01
2.689411306204349261e-02 6.118011412603400423e+00 3.289105784408307187e+01
3.093488303366893205e-02 6.116721826172615728e+00 2.858083374337059723e+01
3.558276809869501817e-02 6.114997175232592674e+00 2.483136544186591266e+01
4.092898570805884872e-02 6.112682375399288937e+00 2.156897901047030075e+01
4.707845849553007889e-02 6.109560369634788657e+00 1.872950811500971113e+01
5.415187344549675375e-02 6.105321797222133640e+00 1.625700148779603182e+01
6.228805044531184054e-02 6.099514978963125778e+00 1.410256667398749997e+01
7.164666670641944846e-02 6.091458864251490191e+00 1.222330405784667029e+01
8.241139052261203801e-02 6.080080993840714321e+00 1.058125858659511742e+01
9.479348586724897774e-02 6.063588958558896458e+00 9.142242352165668606e+00
1.090359585717560198e-01 6.038724030661092534e+00 7.874153650892499634e+00
1.254183254565731098e-01 5.998768221058200290e+00 6.743586648833541197e+00
1.442621000115224539e-01 5.926664289039950795e+00 5.705451838385933172e+00
1.659371022852689226e-01 5.754809393543808049e+00 4.644196668350178747e+00
1.908687168191265937e-01 5.528353805572068680e+00 3.688052675584685414e+00
2.195462410663903130e-01 6.594019308185501416e+00 4.714824579667038051e+00
2.525324881397825738e-01 6.596087825201698784e+00 4.093673077693958717e+00
2.904748323465246584e-01 6.598895731851595947e+00 3.552531895391198180e+00
3.341179142860926099e-01 6.602727157900714516e+00 3.080512351390620740e+00
3.843182548555980071e-01 6.607947389911084102e+00 2.667763658544192396e+00
4.420610649711586571e-01 6.614739648097360813e+00 2.304602757502851595e+00
5.084795809058310079e-01 6.619093953492685145e+00 1.976970371361843837e+00
5.848773047113713375e-01 6.674688686709975727e+00 1.686877679003683239e+00
6.727535862050493254e-01 6.843171931218283710e+00 1.526288329505260277e+00
7.738330485829074679e-01 6.515098017411037112e+00 1.299569881624921930e+00
8.900994351542591554e-01 6.591655542290631331e+00 1.133552293584157100e+00
1.023834541459297309e+00 6.688037969066095378e+00 9.952798792810838568e-01
1.177662996835296738e+00 6.606550138534712069e+00 8.636275119180168991e-01
1.354603774295719987e+00 6.410820361068068074e+00 7.443230159275957547e-01
1.558129439633601621e+00 6.436786692087884454e+00 6.661556031984192661e-01
1.792234302547368818e+00 6.433558983380970098e+00 5.813366850065768698e-01
2.061512807294616056e+00 6.482332691135566982e+00 5.042500453226573809e-01
2.371249701336080484e+00 6.422056598151655749e+00 4.387403787381329856e-01
2.727523751581952816e+00 6.417446171454553649e+00 3.915463828098384447e-01
3.137327043732242693e+00 6.214804848718892494e+00 3.476329263146590298e-01
3.608702206030247162e+00 6.138640390288707671e+00 3.088946362146881564e-01
4.150900250525177526e+00 6.138424169725839263e+00 2.785274534976478478e-01
4.774562129570622204e+00 5.956431744433295705e+00 2.412544142377554823e-01
5.491927570710885220e+00 5.761792286945409458e+00 2.206852162901310477e-01
6.317075288461435179e+00 5.651305079692770406e+00 2.062949153381512801e-01
7.266199287279508923e+00 5.464732744377482021e+00 1.907129241247391138e-01
8.357926678331615733e+00 5.299181215968866709e+00 1.839093697852116904e-01
9.613683247397045051e+00 5.095787003867726206e+00 1.788482201834723784e-01
1.105811394839035344e+01 4.833104669655149621e+00 1.780319236665845462e-01
1.271956657493305087e+01 4.546378378190927272e+00 1.802895793642170508e-01
1.463064810231080060e+01 4.203398629408231280e+00 1.841686562748985900e-01
1.682886461835098757e+01 3.963670894100023823e+00 1.971151746275238148e-01
1.935735740223665857e+01 3.573584542943812892e+00 2.071042470118318324e-01
2.226574959723235736e+01 3.268422098415804111e+00 2.235559240782810375e-01
2.561112009376704179e+01 2.849621856110729823e+00 2.284265620224857352e-01
2.945912373589658984e+01 2.643797545995466347e+00 2.503257159845534985e-01
3.388527983585031222e+01 2.468648453342458193e+00 2.974690977919426382e-01
3.897645428450955762e+01 2.118400139736023924e+00 3.309806464271062287e-01
4.483256434509955568e+01 1.782303132826128733e+00 3.741732921199759643e-01
5.156853958766360080e+01 1.687775421710154378e+00 4.218930215473740697e-01
5.931657744880052974e+01 1.309215380953283381e+00 6.021385947178902187e-01
6.822873768333838029e+01 8.534029893015923074e-01 5.840011671847779029e-01
