22.19043090005028 16.46227496755606
25.55545168108624 16.462268850518853
29.430753894141542 16.462260729254403
33.89371808358939 16.462249944485777
39.03345900216677 16.462235617126908
44.9526050200888 16.462216573196294
51.76934736888012 16.462191240890913
59.61980013843655 16.462157511017118
68.66071815083058 16.462112541252747
79.07262698031954 16.462052480495963
91.06342761859274 16.46197207422777
104.87254776182685 16.461864084034975
120.77572261085307 16.461718408767936
139.09050064561555 16.46152070280425
160.18258431110812 16.461250096402892
184.47313222316782 16.46087519998238
212.44716870176308 16.460346535641246
244.66326855010212 16.45958067463506
281.76471046150766 16.45842208100875
324.49232176099815 16.456530841350403
373.6992709604341 16.452918969664825
430.3681034992831 16.44137312766699
495.6303608341257 16.45158062631154
570.7891746233346 16.471077335815764
657.34528715892 16.46882952799155
757.027017611518 16.469082362752996
871.8247724429782 16.46619886427948
1004.0307890771988 16.460850697579083
1156.2849064155448 16.45861742377719
1331.6272761249004 16.456182473520634
1533.5590672170888 16.442376704629226
1766.112376045352 16.45937723663296
2033.930737653821 16.43604190330918
2342.361846099642 16.456285217798108
2697.5643351514977 16.455221654353025
3106.6307515204417 16.423036486400974
3577.729176105246 16.385526907047222
4120.266321090812 16.479091636517897
4745.075359559809 16.49308682468878
5464.63223812697 16.487843878568235
6293.304791843566 16.488760779049077
7247.639635602676 16.47258113788064
8346.692560582498 16.490829709049756
9612.409032956846 16.466376921101368
11070.062392524746 16.437975465952313
12748.758501040873 16.357859792940445
14682.016916870658 16.4044051149008
16908.440200642013 16.684465855344175
19472.48471633166 16.664203997722815
22425.34831884568 16.759756675991746
25825.992653098547 16.637907882074114
29742.32047746548 16.974971329978093
34252.53151995029 17.220489496334075
39446.683940282994 17.31914841776979
45428.49257662224 17.42702303384816
52317.3998835608 17.697168093820697
60250.96091312836 17.92836046517658
69387.58996117461 18.208979556628382
79909.72372311182 18.459745078837873
92027.46411969438 18.900256160602236
105982.77353137918 19.33142770644247
122054.3062100939 19.693750786701827
140562.97234018525 20.183578748004493
161878.34584957638 20.567089656237346
186426.0439198431 21.25677414827043
214696.22554642762 21.723768634592645
247253.3788449728 22.2761362028084
284747.5925329461 22.795179397924088
327927.53665116295 23.26174513629106
377655.41171926697 23.95907591091378
434924.1648241536 24.408972292696582
500877.3164055712 24.8575150746369
576831.7936325299 25.229316639242246
664304.2262985993 25.723423985664986
765041.2303024167 26.192551778762954
881054.2834023049 26.881462614888463
1014659.8896306539 27.192005600338376
1168525.834355642 28.8765021891654
1345724.4535935954 29.146356018648085
1549793.981233117 30.62645131879563