22.19204158710887 16.293110986847523
25.560772492252113 16.293105069325946
29.440873559835012 16.293097215585778
33.909970296434615 16.293086791821672
39.0574716870433 16.29307295490291
44.986358915937565 16.29305458348557
51.8152456136814 16.293030185379354
59.680750847674446 16.29299777169363
68.7402323304192 16.292954689230932
79.17493452621558 16.29289739051299
91.1936146374718 16.292821120800337
105.03671901230446 16.29271948520997
120.98119352685922 16.292583843082753
139.34602417911387 16.292402446645145
160.49861873957562 16.29215918809462
184.8621571305132 16.29183172499806
212.92405758579872 16.29138856831861
245.2457279657985 16.290784333148004
282.47379731263374 16.289951474828364
325.3530523448972 16.288784595857543
374.7413377000225 16.287106735357096
431.6267180193396 16.284582057147738
497.1472452213945 16.280401987308075
572.613726428648 16.270579047015865
659.5359480438935 16.269973399924098
759.6528806166513 16.268597719224857
874.9674687796866 16.236481757381235
1007.7867022649586 16.31582352430028
1160.7677696618607 16.311435054258165
1336.9712182722658 16.30475673274878
1539.9221835812473 16.29359057562575
1773.680913303493 16.27438004519162
2042.923996913205 16.231566314221194
2353.037925739744 16.296413881074415
2710.2268553972217 16.269831242499837
3121.636726448895 16.259251372865993
3595.4982264709192 16.202279847470116
4141.291453622054 16.231514285956383
4769.9355759873515 16.314502783260327
5494.0072810307 16.311856283522037
6327.992385467468 16.335144871159933
7288.575639277624 16.469174770392332
8394.974521693719 16.493412851157803
9669.323707103847 16.454494675714187
11137.117892514729 16.356696632356762
12827.721845804548 16.46838502078508
14774.957878817619 16.473086609355317
17017.78249831883 16.608572361326075
19601.065771922364 16.699489298147803
22576.48900103062 16.769707293587917
26003.578659675528 17.02251394709637
29950.897284297156 17.130761579429716
34497.41513946342 17.286666707054195
39734.09010114759 17.412689827346988
45765.68736479172 17.537761091461338
52712.875383331404 17.738032700529097
60714.6399666289 17.93024952201751
69931.06483891454 18.231892847884787
80546.53428221594 18.551306096321248
92773.42193802763 19.04400229746923
106856.33956558254 19.401979504024652
123077.03075760712 19.717169559637
141760.0075174949 20.222570562310985
163279.04246355986 20.669843700101467
188064.64654374978 21.07566517017683
216612.68186037365 21.76551832515335
249494.2819134702 22.219542377989736
287367.2777277288 22.748034141065116
330989.35845466057 23.159511285616396
381233.22974171943 23.618245873653436
439104.0731275089 24.037280782863128
505759.655756652 24.888410411514982
582533.4927303417 25.252648783569466
670961.5254797789 25.835056500955986
772812.849891444 26.397838820910827
890125.1089326957 26.740202090419576
1025245.2578444317 27.020603356343962
1180876.517451405 29.621985610175212
1360132.4549406029 30.824174506291854
1566599.2740505831 32.79171164911262