22.191049222767692 16.50541770946117
25.557494214780963 16.505414862716986
29.434638442800782 16.505411086069195
33.899956426766266 16.505406076280657
39.04267579062885 16.505399429711385
44.965560241505095 16.505390611632308
51.78696303181473 16.505378911457385
59.643191937438566 16.50536338548836
68.69123300975852 16.50534278017586
79.11188752859326 16.505315428583945
91.11338483977505 16.505279113087866
104.93554327041564 16.505230880310542
120.85456226679742 16.505166791414716
139.1885415131502 16.50508158398957
160.3038373163711 16.504968209723582
184.62238327230227 16.50481719643261
212.63012149780826 16.504615755360803
244.88671290462912 16.50434650769858
282.0367205492681 16.5039856182026
324.8224895287175 16.5034999507941
374.0989807928314 16.502842470626796
430.8508552880304 16.50194408059804
496.2121498139735 16.500696578611688
571.4889377633917 16.498903948028545
658.1854275603082 16.49597378641959
758.0340203052239 16.493155007421933
873.0299272501741 16.490595451219505
1005.4710388427562 16.482976933142293
1158.0038420170088 16.473939484333442
1333.6763032673143 16.433217823513974
1535.9987742343294 16.488437821658078
1769.014136840729 16.47622972864161
2037.3785896426318 16.424437682893966
2346.45468969925 16.51362334845193
2702.4185091575755 16.507450255318034
3112.383047794331 16.489262544195586
3584.54036758993 16.456631026954753
4128.325289519705 16.37325020094529
4754.603923611798 16.518008521388097
5475.890799548583 16.442792995108253
6306.598936595054 16.442196915569056
7263.327849843287 16.605042180002485
8365.195247819607 16.615091377975872
9634.219049557774 16.38535257824328
11095.757354743755 16.791157012166288
12779.015158577007 16.883753550029763
14717.627936710789 16.86823904533064
16950.33376168011 16.78978518557417
19521.74738129464 16.9901188793683
22483.251726915252 17.038691850938765
25894.02466606011 16.99329062003441
29822.221516287904 17.43539456681767
34346.33694978503 17.47097130425
39556.77350273425 17.494237971551453
45557.64803199521 17.85841801368263
52468.872216377655 18.118349112407646
60428.54867584786 18.320884998003486
69595.73058880231 18.59143426598438
80153.59995109455 18.84490898702383
92313.12798595434 19.332939651260954
106317.29084845449 19.642012411569894
122445.92486428036 20.13295402702332
141021.31832196645 20.44080551029243
162414.651555846 20.99582274741259
187053.41400781652 21.545635744555412
215429.9464783736 22.06313475724912
248111.27926131064 22.465888559202288
285750.46275130473 22.83843043879815
329099.6169367519 23.432071187796836
379024.96053760906 23.842885026942234
436524.1201059966 24.399510952942506
502746.0649663644 25.138672319185964
579014.0663425205 25.55899860534387
666852.1394492281 26.30857361158615
768015.4969239585 26.984373534606377
884525.6221304573 27.337950814802433
1018710.6631817572 28.124101127138115
1173251.954850841 28.91575743357405
1351237.5979868616 29.15162707744006
1556224.167080487 29.954070676951762