2.219143735176685439e+01 1.762043503741330852e+01
2.555877637692131543e+01 1.762043000478766075e+01
2.943707699192635374e+01 1.762042332709670234e+01
3.390387274607779489e+01 1.762041446621111618e+01
3.904846216550306792e+01 1.762040270695295163e+01
4.497369397621752540e+01 1.762038709938412495e+01
5.179802321775779461e+01 1.762036638019980472e+01
5.965787935245406004e+01 1.762033886823845563e+01
6.871039371270484253e+01 1.762030232443283850e+01
7.913654081236970228e+01 1.762025376208234562e+01
9.114475632221385126e+01 1.762018919008390583e+01
1.049751040386292544e+02 1.762010326193502863e+01
1.209040751501278663e+02 1.761998879139165197e+01
1.392501157467644362e+02 1.761983607558090981e+01
1.603799930764103578e+02 1.761963193214528189e+01
1.847161278197149556e+02 1.761935829769064199e+01
2.127450389678800207e+02 1.761899012253327257e+01
2.450270701301161296e+02 1.761849207293147401e+01
2.822075917155152069e+02 1.761781306218646392e+01
3.250299029392111265e+02 1.761687644763331662e+01
3.743500915849560897e+02 1.761556045674770132e+01
4.311541485949813932e+02 1.761365258229741926e+01
4.965776796356840350e+02 1.761071511394523981e+01
5.719286077054582620e+02 1.760548135207697840e+01
6.587133206467993887e+02 1.758245542901503100e+01
7.586667862940548730e+02 1.761380803617343815e+01
8.737872373077018437e+02 1.760372016368540926e+01
1.006376119101510426e+03 1.761053167425551891e+01
1.159084099486755349e+03 1.759754939327113021e+01
1.334964059841239305e+03 1.757806436574279019e+01
1.537532127182948898e+03 1.756595258167422102e+01
1.770837967278956739e+03 1.756916266173912078e+01
2.039545744063359280e+03 1.761324523627577676e+01
2.349027363874949970e+03 1.759056948719146973e+01
2.705469868618881719e+03 1.754702823309148840e+01
3.115999124816634321e+03 1.745789333436377788e+01
3.588822281289947568e+03 1.747996500757984606e+01
4.133391843439978402e+03 1.774788414933612302e+01
4.760594644233879990e+03 1.778514661613258951e+01
5.482969489736789001e+03 1.774899860802776885e+01
6.314957830278051915e+03 1.774236127215969461e+01
7.273192468576817191e+03 1.785664552056117316e+01
8.376830076572869075e+03 1.780983301441164812e+01
9.647934168516045247e+03 1.789320910144893517e+01
1.111191618657034633e+04 1.789685033643632650e+01
1.279804351695278820e+04 1.792169143855480939e+01
1.474002459267742779e+04 1.796444929877289098e+01
1.697668278006190303e+04 1.794466005940633124e+01
1.955273252108594170e+04 1.801893074789540350e+01
2.251967324795225431e+04 1.814079513919734055e+01
2.593681894065876986e+04 1.825883778465290774e+01
2.987248391011564672e+04 1.833101868280047597e+01
3.440534851254402747e+04 1.846613283436052200e+01
3.962603209801287448e+04 1.857066015524552682e+01
4.563890463891830586e+04 1.870418609661252773e+01
5.256417325581105251e+04 1.891747769614254793e+01
6.054028535362342518e+04 1.912698216311443034e+01
6.972669641090503137e+04 1.944463796351546137e+01
8.030705775468451611e+04 1.971812014064174789e+01
9.249288804977135442e+04 2.013645328851163185e+01
1.065278019015520986e+05 2.050326092047007620e+01
1.226923801089416229e+05 2.098664130569084207e+01
1.413097789317821735e+05 2.143937372889091009e+01
1.627521905110868101e+05 2.198554590915332341e+01
1.874482835964551778e+05 2.236782634158181082e+01
2.158917733329281327e+05 2.296379388561863522e+01
2.486512914312854409e+05 2.347611360729452556e+01
2.863817540425754851e+05 2.397057003796524555e+01
3.298374545992127387e+05 2.443809073967080892e+01
3.798871433698729379e+05 2.500407200328945123e+01
4.375313951930640033e+05 2.536035504809423458e+01
5.039226125986633124e+05 2.579320837601396832e+01
5.803880642124216538e+05 2.636304373339065066e+01
6.684564190186832566e+05 2.711299886944802395e+01
7.698883069444734138e+05 2.760314199264183799e+01
8.867115167208252242e+05 2.792638553039525462e+01
1.021261534683957347e+06 2.913810813218524842e+01
1.176228234952996019e+06 2.982567124358174482e+01
1.354709654396987753e+06 3.154777121636977100e+01
1.560273927440406056e+06 3.473049918215350118e+01
