22.190632111090544 16.81889122006598
25.556116342574672 16.818885138914556
29.432017945482272 16.818877066437317
33.89574803664868 16.818866346384254
39.03645808765653 16.818852105229478
44.95682049505904 16.81883317569513
51.77507919613341 16.818807996482565
59.62741128591388 16.818774471201383
68.67064680270059 16.818729773977104
79.08540100273076 16.818670073525364
91.07968168310246 16.818590133170474
104.89304359990334 16.818482712990182
120.80137295530817 16.81833763587075
139.12239751141053 16.81814023434506
160.2220323810686 16.817868528345556
184.52168823653784 16.817487370348143
212.50668789846858 16.816933526508702
244.7359594048794 16.81606101759079
281.85319915410724 16.814005489474987
324.599728076662 16.813051858101968
373.82929760479 16.815112736052654
430.52514115072137 16.8144495376138
495.8196116528069 16.811330089848312
571.0167973987743 16.805107585817137
657.6185678187201 16.790367387746777
757.354569445233 16.802238558324774
872.2167711324262 16.82329915844109
1004.4992484853404 16.8256553192879
1156.844002090871 16.820367751830524
1332.2937246509596 16.812150697480803
1534.3525709051464 16.79076884579599
1767.0561440646325 16.794322192713373
2035.0520965559742 16.79283779007455
2343.6929548659473 16.770441776878158
2699.1430224239443 16.752800559186937
3108.501495630671 16.74673767601271
3579.9442519576232 16.871449465792345
4122.887141968139 16.878623708849503
4748.174046596136 16.8524821542747
5468.293455640592 16.83571372722776
6297.627893071443 16.891242894293647
7252.741170772705 16.845126875758336
8352.709207873912 16.879851318833907
9619.501022930977 16.927174251295664
11078.417508290562 16.90585599233614
12758.596750021825 16.903483198524377
14693.59598587518 16.869435133687077
16922.06182437405 17.099862616287105
19488.502110933852 17.141871739923868
22444.17485703886 17.242691189986665
25848.111986539796 17.376792972106536
29768.298345758398 17.396558624114242
34283.02952507864 17.59804974775421
39482.4756110012 17.735114156369733
45470.48210056718 17.771813731746686
52366.64394676162 18.055513950643256
60308.6941585935 18.363283797726417
69455.25466196486 18.525388735120625
79989.00436266547 18.934828595274684
92120.32768536269 19.297150197373178
106091.51645872314 19.701775716788532
122181.60906846108 20.05299471658047
140711.96352788867 20.627266575483986
162052.67577364744 21.054376031932918
186629.9713754904 21.419497010358285
214934.71829041187 21.94965897293074
247532.230681388 22.22791056296686
285073.55960666673 22.786796620563212
328308.4960819458 23.50851871108827
378100.5462179956 23.76117575179347
435444.17752339796 24.283316856271618
501484.6808227223 24.74267608928333
577541.04448062 25.187527326410432
665132.2977853412 25.47281483787602
766007.8496326727 26.927231628272075
882182.4284470987 27.774047308715158
1015976.3211747978 28.52983337663418
1170061.7150183623 29.62767225239539
1347516.067469616 30.981312168787213
1551883.5705689953 33.310803928838006