1.075394366904864262e-03 8.382346207881409939e+00 5.670724836274267773e+02
1.237551721836562674e-03 8.382346216948709738e+00 4.927681307020904455e+02
1.424160578996346580e-03 8.382346228885072748e+00 4.281998727484972278e+02
1.638907949444935426e-03 8.382346244719757422e+00 3.720919724123359629e+02
1.886036803972434856e-03 8.382346265592547141e+00 3.233358517862916983e+02
2.170429905561984535e-03 8.382346292986477820e+00 2.809681892036129511e+02
2.497706282844444625e-03 8.382346329531742413e+00 2.441518859222123012e+02
2.874332250663161944e-03 8.382346377540331517e+00 2.121595266988635160e+02
3.307749171289125698e-03 8.382346441098457390e+00 1.843590076405133402e+02
3.806520480587989412e-03 8.382346524849040748e+00 1.602010470196288736e+02
4.380500884076651141e-03 8.382346635210421226e+00 1.392083326435472088e+02
5.041031065838964126e-03 8.382346780196288094e+00 1.209660910753006391e+02
5.801161757352324075e-03 8.382346970405377462e+00 1.051138925607564403e+02
6.675911593368900540e-03 8.382347218918676290e+00 9.133852961213385413e+01
7.682563849558684578e-03 8.382347542223438808e+00 7.936782861959370905e+01
8.841007924846027571e-03 8.382347960115266616e+00 6.896527216208629341e+01
1.017413231543532956e-02 8.382348495506043662e+00 5.992532576800698507e+01
1.170827684489246165e-02 8.382349172704516960e+00 5.206937676415450511e+01
1.347375308542755543e-02 8.382350013360808205e+00 4.524220493125177711e+01
1.550544325284409358e-02 8.382351027307338498e+00 3.930891517035660598e+01
1.784348940809904818e-02 8.382352193817109054e+00 3.415227147725396861e+01
2.053408658269360171e-02 8.382353424756665561e+00 2.967037939165070881e+01
2.363039549843728993e-02 8.382354493139795082e+00 2.577467087026713699e+01
2.719359291506975168e-02 8.382354895928893157e+00 2.238815134244156013e+01
3.129408035847031089e-02 8.382353589693327223e+00 1.944387358411651334e+01
3.601287511146393505e-02 8.382348475968960599e+00 1.688360698303745977e+01
4.144321095036945790e-02 8.382335379386841367e+00 1.465667358157705991e+01
4.769238025458512331e-02 8.382305957297655041e+00 1.271892347008364155e+01
5.488385388554609806e-02 8.382243237862773810e+00 1.103182030714241968e+01
6.315972071954571720e-02 8.382111514252240880e+00 9.561599267699728344e+00
7.268349503462206984e-02 8.381831482758855145e+00 8.278433468790931116e+00
8.364334721975841269e-02 8.381211439523742257e+00 7.155462469602613673e+00
9.625582163863319329e-02 8.379720329997862649e+00 6.167233885258442960e+00
1.107701151053377409e-01 8.375488503306547372e+00 5.285615668970168102e+00
1.274730005060294991e-01 8.357199692391345636e+00 4.457344076635370023e+00
1.466944928472604937e-01 8.378923217500510390e+00 3.722918551474449611e+00
1.688143696805591010e-01 8.482859556080015295e+00 3.385223027032487675e+00
1.942696747335780350e-01 8.412966300895556415e+00 3.341911268723863238e+00
2.235633530042819284e-01 8.447244770747477816e+00 2.855797404815369589e+00
2.572741879300548540e-01 8.479058496272005030e+00 2.405433398371135123e+00
2.960682369699539351e-01 8.266731969313374506e+00 2.096608380109722169e+00
3.407119915439319469e-01 8.051362773249229221e+00 1.754523466202210891e+00
3.920875213426321393e-01 8.363060451921143112e+00 1.611281154718783970e+00
4.512099022284823402e-01 8.477262123709980557e+00 1.524456834019555673e+00
5.192472720679266462e-01 8.528001526257961373e+00 1.336338020454837849e+00
5.975439107572044772e-01 8.531287308477430997e+00 1.176155754044822643e+00
6.876468004559964653e-01 8.558615143108591283e+00 1.022173491035630599e+00
7.913361908050671190e-01 8.412195118036162711e+00 8.935262962304117984e-01
9.106607730343765361e-01 8.583994639354335376e+00 8.028563470193970097e-01
1.047978157930418153e+00 8.225914821953800526e+00 7.068954500425398413e-01
1.206001457424997536e+00 8.237689750814226386e+00 6.352193755619218729e-01
1.387852890162800001e+00 8.202963825001148734e+00 5.747334695914532166e-01
1.597125470184620255e+00 7.978558846908452296e+00 5.162316163887024079e-01
1.837953997569025333e+00 7.819550943763621476e+00 4.653910813739636221e-01
2.115096753662987439e+00 7.672375309249894748e+00 4.288205190260394040e-01
2.434029515032895219e+00 7.679076954975037950e+00 4.215962446493392024e-01
2.801053743660211648e+00 7.423180882070493425e+00 3.934356034354474230e-01
3.223421090999734950e+00 7.188292083550428480e+00 3.722778524020966540e-01
3.709476675847156457e+00 7.121625215363799555e+00 3.653587510027836438e-01
4.268823966894867539e+00 6.871959720936315463e+00 3.570268888909463034e-01
4.912514527719567425e+00 6.596504444821756685e+00 3.585687719268907947e-01
5.653266373176297321e+00 6.098954640633588831e+00 3.573568429566205129e-01
6.505715251476663852e+00 5.654767139349194949e+00 3.588139855282390100e-01
7.486703816773465192e+00 5.317859660937496180e+00 3.602072062730565793e-01
8.615614405713198920e+00 5.109061203625804737e+00 3.687563182958242258e-01
9.914751992943543257e+00 4.506894985758745698e+00 3.590119736859287980e-01
1.140978489199697599e+01 4.279228390917600322e+00 3.856516419088812930e-01
1.313025190890256866e+01 4.070392196521996908e+00 4.111077449759309999e-01
1.511014596884875871e+01 3.787416681997905155e+00 4.119303630864517007e-01
1.738858574717163918e+01 3.632331418473540907e+00 4.277354296992814664e-01
2.001058857472951757e+01 3.168913707709928751e+00 4.269015158056282400e-01
2.302795988870038002e+01 2.858917257358222219e+00 3.881946605414896556e-01
2.650031680253872679e+01 2.702972007512717489e+00 3.967825778582438345e-01
3.049626601875021237e+01 2.391487946769302653e+00 4.181370875601789772e-01
3.509475935764220367e+01 2.040867016769821518e+00 4.267036491290884803e-01
4.038665368453819582e+01 1.837064085259824564e+00 4.553856417198656747e-01
4.647650605644171407e+01 1.728955012852214645e+00 5.497262650846161947e-01
5.348463955659268265e+01 1.475581560094807454e+00 5.943837056908167771e-01
6.154952063360094883e+01 1.246548182737468924e+00 5.736495798828228354e-01
7.083049491653738983e+01 6.783399751878691486e-01 5.483311516998089497e-01