1.075554047257024949e-03 8.466373847061978708e+00 6.494984159292929462e+02
1.238078969884908592e-03 8.466373939469420407e+00 5.642374011615158906e+02
1.425162723882135440e-03 8.466374061992754108e+00 4.901687348634893056e+02
1.640516347460418793e-03 8.466374223644377750e+00 4.258231730295666466e+02
1.888411646744312181e-03 8.466374438148998038e+00 3.699243418007811783e+02
2.173765932341984244e-03 8.466374722436563971e+00 3.213634185591952246e+02
2.502239560297739480e-03 8.466375099313294683e+00 2.791771371391982939e+02
2.880348212272005552e-03 8.466375598342816389e+00 2.425286803551972810e+02
3.315592142165379747e-03 8.466376259690221673e+00 2.106910806241507714e+02
3.816604952953748381e-03 8.466377135904744833e+00 1.830327996675874829e+02
4.393324854907476075e-03 8.466378296700430184e+00 1.590052011814561865e+02
5.057191802313761378e-03 8.466379834553789507e+00 1.381316679390592412e+02
5.821374419153466095e-03 8.466381871854958163e+00 1.199981474982501481e+02
6.701031215084583478e-03 8.466384570461150005e+00 1.042449389467997776e+02
7.713611273275185892e-03 8.466388144688378858e+00 9.055955778759573604e+01
8.879200374601891460e-03 8.466392878052502624e+00 7.867053740591015298e+01
1.022091942401642459e-02 8.466399145231486401e+00 6.834204416692344353e+01
1.176538308236119504e-02 8.466407441212453477e+00 5.936919933634113278e+01
1.354322770116463473e-02 8.466418419093461267e+00 5.157401500575795694e+01
1.558971903265752093e-02 8.466432939411131287e+00 4.480186340738068651e+01
1.794545176969182185e-02 8.466452133844406092e+00 3.891840956597447132e+01
2.065715479180374459e-02 8.466477486637675298e+00 3.380694641926030641e+01
2.377861809047498998e-02 8.466510937310911089e+00 2.936607951407262007e+01
2.737175976030399235e-02 8.466555007135955435e+00 2.550771529227971968e+01
3.150785422117988177e-02 8.466612949222843909e+00 2.215531297336223560e+01
3.626894603476883694e-02 8.466688914789132880e+00 1.924236520906630332e+01
4.174947736011568045e-02 8.466788111814310014e+00 1.671107712407182433e+01
4.805816133096024734e-02 8.466916895982530278e+00 1.451121711246840462e+01
5.532013851553045647e-02 8.467082653687489469e+00 1.259911583079284192e+01
6.367945923486557913e-02 8.467293156511717100e+00 1.093679210734087448e+01
7.330194097953124377e-02 8.467554644533372255e+00 9.491185621327790756e+00
8.437845760512957538e-02 8.467866848374564270e+00 8.233475193054943020e+00
9.712872555187526680e-02 8.468210338866047238e+00 7.138455425416483813e+00
1.118056621925972854e-01 8.468513086023664371e+00 6.183923557816418004e+00
1.287004027624022440e-01 8.468553008601245935e+00 5.349954668783585277e+00
1.481480753870196843e-01 8.467617664093923580e+00 4.617621345625890328e+00
1.705344487646761054e-01 8.462805905135844853e+00 3.964549091492409083e+00
1.963035843665101310e-01 8.406807309930499628e+00 3.264595731405034673e+00
2.259666449464116100e-01 8.544102462059541381e+00 3.059663897101364327e+00
2.601120340879967685e-01 8.602230914972642140e+00 2.589306842442991474e+00
2.994170679192076912e-01 8.549832560321780406e+00 2.268288390424698431e+00
3.446614105174631293e-01 8.508591245846414353e+00 1.911116304501881302e+00
3.967425395132816446e-01 8.653316769433640587e+00 1.738710972803712229e+00
4.566935486717990100e-01 8.755929752295337209e+00 1.583286974916978451e+00
5.257036405884542019e-01 8.445576538317206783e+00 1.350261749897277985e+00
6.051417159968746073e-01 8.611290026731145630e+00 1.182500105189769890e+00
6.965835276121250530e-01 8.281526772034224493e+00 1.035861937951401135e+00
8.018429371394686367e-01 8.057371836036702817e+00 8.797420178069343955e-01
9.230078954701630423e-01 8.257817384682644146e+00 7.937108365469486282e-01
1.062481859776082560e+00 8.159121822946330482e+00 6.914135220622925626e-01
1.223031469062590748e+00 8.188217585974918222e+00 6.377446122919834259e-01
1.407841423883358534e+00 7.971260544902243339e+00 5.755285533630269956e-01
1.620577658824320366e+00 7.964496707974126011e+00 5.139898352496689027e-01
1.865460060861304115e+00 7.667947891088019219e+00 4.658416783639388603e-01
2.147346176050119126e+00 7.701243417747052789e+00 4.361098765515321607e-01
2.471827564975084712e+00 7.451342634713485680e+00 4.076674760389060181e-01
2.845340718285774173e+00 7.179152888746134664e+00 3.826414591507331098e-01
3.275294732469177461e+00 7.127454464012316748e+00 3.813528026713177144e-01
3.770218278464501083e+00 6.735886176911589196e+00 3.593019773401949779e-01
4.339928778425312217e+00 6.577781818107531819e+00 3.576483742504341645e-01
4.995727146459850943e+00 6.403008485789083437e+00 3.575474211765131138e-01
5.750621956273513469e+00 6.045509659075734454e+00 3.567878907802282673e-01
6.619587482356664054e+00 5.648167035580055284e+00 3.639705663243003597e-01
7.619860733284639309e+00 5.305033568327556459e+00 3.662566342648533313e-01
8.771283369153710652e+00 4.930807133584161228e+00 3.595822072823607329e-01
1.009669528550930195e+01 4.570995593741793428e+00 3.798045501127104151e-01
1.162238767099160697e+01 4.478669380043172055e+00 3.950694636794194747e-01
1.337862452565874705e+01 4.017339681645752059e+00 3.948844043967876249e-01
1.540024298494998867e+01 3.809338962471655599e+00 4.045575379672966543e-01
1.772734435745914183e+01 3.507226227344878211e+00 4.160046137964292789e-01
2.040608958410918561e+01 3.012901315632037669e+00 4.007120177404598360e-01
2.348961489764694477e+01 3.053584601797192377e+00 4.157533263204312712e-01
2.703908584569920492e+01 2.622549325637196116e+00 3.934037424120868653e-01
3.112491058524462773e+01 2.216208339640806990e+00 3.712777197789554617e-01
3.582813651570116065e+01 2.080505577977206144e+00 3.775574520800227818e-01
4.124205795457800150e+01 1.710753344760847616e+00 3.864034510459453120e-01
4.747406674593229070e+01 1.315660120676122036e+00 3.424859333658176741e-01
5.464778251074299220e+01 1.049943776960935660e+00 3.201019419273571920e-01
6.290550479535964712e+01 1.094862297898961723e+00 4.934357618798969058e-01
7.241103575943088799e+01 7.551706998578135988e-01 7.587534808599064595e-01