1.075126301942914064e-03 8.678451187446446724e+00 6.115266550225951505e+02
1.236666828315978722e-03 8.678452621480465368e+00 5.316452274068626593e+02
1.422479239409683415e-03 8.678454518720348787e+00 4.621983253208238693e+02
1.636210449104520855e-03 8.678457028812594842e+00 4.018229243247635054e+02
1.882055329587676261e-03 8.678460350207217289e+00 3.493340449567546671e+02
2.164839043515426071e-03 8.678464744410119280e+00 3.037014953477246308e+02
2.490111746797324214e-03 8.678470559088465208e+00 2.640296519915160047e+02
2.864257520720311749e-03 8.678478252782312552e+00 2.295398811496912685e+02
3.294619671408106562e-03 8.678488433332729457e+00 1.995552569768080673e+02
3.789644855850646428e-03 8.678501905101095204e+00 1.734872754558120675e+02
4.359048863244739495e-03 8.678519732635081141e+00 1.508243039317395926e+02
5.014007305412823516e-03 8.678543326048497875e+00 1.311215393803248048e+02
5.767374958953667800e-03 8.678574552525887498e+00 1.139922782791865643e+02
6.633938064122377361e-03 8.678615886171746396e+00 9.910032682044402463e+01
7.630704532274079285e-03 8.678670606295987966e+00 8.615340243373147189e+01
8.777237757731653697e-03 8.678743062203231773e+00 7.489739713999018988e+01
1.009604058575584370e-02 8.678839026751825614e+00 6.511139011002224208e+01
1.161299697270266884e-02 8.678966170286757986e+00 5.660331153797698533e+01
1.335788000676948681e-02 8.679134698231518286e+00 4.920617268631524155e+01
1.536493626018104949e-02 8.679358213704059466e+00 4.277478807239890557e+01
1.767355794181304021e-02 8.679654892453253723e+00 3.718292539193869573e+01
2.032905604249751058e-02 8.680049097859944496e+00 3.232082713115267580e+01
2.338354964742369452e-02 8.680573626748730121e+00 2.809305504520647645e+01
2.689698887004265959e-02 8.681272879807101717e+00 2.441661490223609121e+01
3.093833148445471540e-02 8.682207424091151537e+00 2.121932418631433137e+01
3.558689634987693973e-02 8.683460721419114847e+00 1.843838985206583914e+01
4.093392019066104115e-02 8.685149362498583159e+00 1.601916664301338500e+01
4.708434828656254956e-02 8.687439251676384089e+00 1.391406862695518321e+01
5.415889421888582522e-02 8.690572489420597790e+00 1.208160662879111236e+01
6.229640909885057753e-02 8.694914888513919138e+00 1.048551987355064163e+01
7.165660677868967987e-02 8.701046967575104318e+00 9.093954731377676737e+00
8.242319853281071529e-02 8.709957770555272205e+00 7.878594995510584731e+00
9.480749873296415164e-02 8.723523998776794741e+00 6.813479877666192230e+00
1.090525722854943924e-01 8.745997904099120035e+00 5.872510747893324279e+00
1.254380052318374017e-01 8.791054480846389296e+00 5.019657401272115571e+00
1.442853921441651921e-01 8.961278433710401004e+00 4.099985478234581038e+00
1.659646480165138938e-01 8.582619430837535646e+00 3.919008911304177278e+00
1.909012685339900317e-01 8.586268578248574812e+00 3.545287217767969512e+00
2.195846812163299022e-01 8.646594533951807549e+00 3.028119494844554005e+00
2.525778513425230853e-01 8.621016641337842401e+00 2.635605825635805477e+00
2.905283311906247667e-01 8.683587285730229866e+00 2.252824055905643608e+00
3.341809694546205578e-01 8.655711821035549036e+00 1.938651061721091917e+00
3.843925302842678970e-01 8.394276460492479330e+00 1.780769635131561390e+00
4.421485088737411862e-01 8.241633871653682775e+00 1.466782623636964322e+00
5.085824736362571930e-01 8.214936607141474667e+00 1.269249537985740028e+00
5.849983145908006499e-01 8.257582408655004258e+00 1.157198691087243603e+00
6.728958346268893997e-01 8.338491290352679997e+00 1.007641880213475227e+00
7.740001859235074999e-01 8.321910599718259860e+00 8.964114438429957588e-01
8.902957292666300315e-01 8.215320737980995602e+00 8.369060341932156311e-01
1.024064980817373405e+00 8.441287343446807867e+00 7.616326573464632377e-01
1.177933410733475128e+00 8.184786351908805102e+00 6.603722020986055874e-01
1.354920972900295117e+00 8.036923942073995519e+00 5.895484323844810692e-01
1.558501377138084010e+00 7.922033387569928919e+00 5.308116550151981139e-01
1.792670267212731261e+00 7.937442501308670018e+00 5.109894838853278332e-01
2.062023642770148157e+00 7.942570397865990728e+00 4.722515246425667557e-01
2.371848064370503550e+00 7.629187858794377775e+00 4.259965090970214696e-01
2.728224412063735116e+00 7.310281507147972313e+00 3.944999511605342679e-01
3.138147233961195326e+00 7.105759860589086152e+00 3.780633746756529856e-01
3.609662027240973625e+00 7.033474444421846883e+00 3.772819388693728904e-01
4.152023145981729613e+00 6.826206215176771508e+00 3.694464552601230967e-01
4.775875435059714569e+00 6.726841168655809611e+00 3.787803316158254718e-01
5.493463155011799159e+00 6.285248105040833089e+00 3.750992460476868517e-01
6.318870298403181707e+00 6.028444878327068324e+00 3.784475977039188921e-01
7.268297014355082908e+00 5.639258526336575983e+00 3.836788189459135467e-01
8.360377566577524178e+00 5.207973455662958884e+00 3.834844859410222462e-01
9.616546065424465439e+00 4.826876865644934789e+00 3.591039103890802942e-01
1.106145715214250558e+01 4.722437093649125117e+00 3.976896166871775606e-01
1.272346989202343615e+01 4.077618305210823024e+00 3.738048314121862892e-01
1.463520437376290850e+01 3.857347191370112505e+00 3.904429050308617088e-01
1.683418193932204332e+01 3.621121121041353419e+00 4.037186291562654405e-01
1.936356160999296350e+01 3.328885976392048196e+00 3.857960922711413665e-01
2.227298716239808840e+01 3.114704008933934176e+00 3.855403721826941577e-01
2.561956147986402144e+01 2.935426076659218175e+00 4.098922516782626535e-01
2.946896730262665187e+01 2.606866939824374008e+00 4.357091836112074179e-01
3.389675637367267313e+01 2.401753778086032298e+00 4.219561805539567279e-01
3.898983228210052232e+01 2.036462522308114309e+00 4.198043922851135701e-01
4.484815610755785542e+01 1.918046360581261656e+00 4.422199115106431599e-01
5.158670834219658019e+01 1.656131192790348372e+00 5.232073846847287157e-01
5.933774559651038771e+01 1.117319557595490620e+00 4.251711093626646676e-01
6.825339638110088458e+01 6.957999422527066935e-01 4.513521267727505504e-01