1.074083610125961454e-03 8.962415746286685803e+00 6.728758497987477085e+02
1.233227592956474220e-03 8.962416653236120467e+00 5.860433199193855671e+02
1.415951497342804021e-03 8.962417849325881036e+00 5.104162282407206135e+02
1.625749094715633891e-03 8.962419425347107449e+00 4.445485472406165286e+02
1.866631818906728559e-03 8.962421503216802421e+00 3.871808543549852857e+02
2.143205466747927657e-03 8.962424242311662681e+00 3.372162509044910621e+02
2.460758263184691444e-03 8.962427853753396789e+00 2.936993889859294313e+02
2.825361974752714500e-03 8.962432614363390115e+00 2.557982046232004336e+02
3.243988004757305827e-03 8.962438890621500676e+00 2.227880084574716761e+02
3.724640689952775016e-03 8.962447164907716868e+00 1.940376292026872704e+02
4.276510347420279037e-03 8.962458073413195336e+00 1.689973453713057836e+02
4.910148997976123211e-03 8.962472455125533699e+00 1.471883743503050539e+02
5.637672126029006497e-03 8.962491416327024396e+00 1.281937178119453620e+02
6.472990333634472127e-03 8.962516416087371596e+00 1.116501885090796549e+02
7.432075318086653164e-03 8.962549378938595268e+00 9.724146594948297206e+01
8.533265258670468673e-03 8.962592843820969435e+00 8.469204818682601399e+01
9.797615451719969559e-03 8.962650161110596869e+00 7.376198408140315621e+01
1.124930089829860244e-02 8.962725753152479768e+00 6.424228529934468668e+01
1.291607854217695535e-02 8.962825459814622420e+00 5.595093033977069297e+01
1.482981799632681306e-02 8.962956996846228819e+00 4.872938416311446730e+01
1.702711090568448382e-02 8.963130565844210196e+00 4.243956688421123857e+01
1.954997059750094440e-02 8.963359667705336875e+00 3.696121355302587119e+01
2.244663539693946691e-02 8.963662191856521133e+00 3.218957453452813411e+01
2.577249096771239839e-02 8.964061881592295222e+00 2.803341249820710956e+01
2.959112931336611851e-02 8.964590317842189293e+00 2.441325769057723960e+01
3.397556468784274086e-02 8.965289626754868735e+00 2.125988808750697601e+01
3.900962966412976907e-02 8.966216214212938240e+00 1.851300529480664281e+01
4.478957805452080110e-02 8.967445986869339691e+00 1.612008076490465669e+01
5.142592533111564612e-02 8.969081778641578850e+00 1.403535007688646274e+01
5.904556173630995386e-02 8.971264148785273562e+00 1.221893572177946297e+01
6.779417848699224869e-02 8.974187524046717712e+00 1.063608103857272447e+01
7.783905346267255831e-02 8.978125187485902714e+00 9.256479577025565675e+00
8.937224964127749027e-02 8.983469699205683057e+00 8.053684961224670147e+00
1.026142874382864334e-01 8.990802008922043953e+00 7.004585569372611786e+00
1.178183611661490909e-01 9.001018323976321511e+00 6.088923927629820376e+00
1.352751802347744170e-01 9.015585766201789752e+00 5.288825798357537522e+00
1.553185276592387032e-01 9.037127916831360963e+00 4.588251948463373253e+00
1.783316421561293441e-01 9.071045014418180230e+00 3.972060995510954484e+00
2.047545458573635235e-01 9.131689702213728665e+00 3.422854561355063829e+00
2.350924577509937996e-01 9.294172253278153661e+00 2.878588757884560145e+00
2.699254537181510205e-01 9.198116398545305827e+00 2.567729717540533141e+00
3.099195578708082710e-01 8.885447918650434929e+00 2.234340777773999864e+00
3.558394772622306412e-01 9.028013159186240699e+00 1.971486659888920467e+00
4.085632234640724225e-01 8.882031171303495398e+00 1.706417667023355733e+00
4.690989005819088953e-01 8.596887087131138472e+00 1.489657623437478540e+00
5.386039807043629946e-01 8.496614002606357019e+00 1.310401173728446222e+00
6.184074353419484193e-01 8.660278915828566682e+00 1.171132167410811054e+00
7.100351460196856479e-01 8.311964658399610073e+00 1.024805666643484825e+00
8.152390798865900567e-01 8.152546240697743585e+00 8.661297236070345518e-01
9.360307881941207775e-01 8.094517942119141551e+00 7.683374056118202899e-01
1.074719868151059465e+00 8.165849308711283783e+00 6.806838536238608572e-01
1.233958123564514064e+00 8.034844996118833294e+00 6.058548302734041435e-01
1.416790268640345740e+00 7.928040217772000631e+00 5.668226755713142717e-01
1.626712144424759865e+00 7.799749689867613078e+00 5.113126941324708241e-01
1.867737561014219727e+00 7.726885672388499771e+00 4.762789539092021074e-01
2.144475043589801455e+00 7.623717470720231759e+00 4.339713182871600128e-01
2.462215949698121520e+00 7.504596469460198982e+00 4.070456755865685117e-01
2.827035642624839085e+00 7.521891591334259886e+00 3.912972226512611007e-01
3.245909655345667666e+00 7.229695998417698277e+00 3.808798129605728278e-01
3.726847066167110256e+00 7.146266064311393329e+00 3.723859767881630423e-01
4.279043636265122075e+00 6.875952581344837888e+00 3.654958003682551859e-01
4.913057637187201898e+00 6.502077461106837930e+00 3.687337101567073616e-01
5.641011730226706433e+00 6.118103533661567894e+00 3.710652880366414608e-01
6.476824757702882351e+00 5.799105550798300257e+00 3.734768944888497422e-01
7.436477878110551387e+00 5.482378849499104589e+00 3.735367229991835569e-01
8.538320133775103571e+00 5.116183379937693232e+00 3.814150403648740584e-01
9.803419293617579910e+00 4.907311510531701337e+00 3.973512905270250584e-01
1.125596467931696054e+01 4.599037546285564382e+00 4.085566505941939375e-01
1.292372967710516463e+01 4.194007726771881828e+00 4.053543553792298137e-01
1.483860277864911481e+01 4.040388045989460331e+00 4.234503391233105374e-01
1.703719730478400862e+01 3.521935427267746999e+00 4.261171785725080818e-01
1.956155147031738650e+01 3.375937409984173243e+00 4.138158827838086529e-01
2.245993217548920029e+01 2.788442107920340973e+00 3.854828193227763378e-01
2.578775789297815635e+01 2.694852675034403067e+00 4.093272756004292523e-01
2.960865829651030978e+01 2.444016732134484116e+00 4.142787993811046232e-01
3.399569089169323632e+01 2.216208485036757381e+00 3.877788667063401529e-01
3.903273791165899098e+01 1.953062890978198629e+00 4.024628732872820303e-01
4.481611018685134695e+01 1.915734538803855802e+00 4.720329526419181909e-01
5.145638865574098020e+01 1.654163568816583663e+00 5.048735748413615276e-01
5.908053872706463494e+01 1.085363057135730225e+00 5.292252670342575405e-01
