1.074941890957537179e-03 8.850154629598755207e+00 6.385701248722319860e+02
1.236058246913194266e-03 8.850155579713302245e+00 5.553342553507295634e+02
1.421323331627860533e-03 8.850156835158767166e+00 4.829478875599266985e+02
1.634356647896377610e-03 8.850158495250791901e+00 4.199968175366200285e+02
1.879320203281130072e-03 8.850160690060610236e+00 3.652511772572469795e+02
2.160999822778311881e-03 8.850163592248136979e+00 3.176414075402952903e+02
2.484898648934132266e-03 8.850167430062921170e+00 2.762373616992365442e+02
2.857344656112040075e-03 8.850172504552769936e+00 2.402301335909966440e+02
3.285614279404940226e-03 8.850179214766471958e+00 2.089162541234679509e+02
3.778074573516324031e-03 8.850188088143607246e+00 1.816839475920793632e+02
4.344346678952132161e-03 8.850199822227441615e+00 1.580011794925361812e+02
4.995493789143670704e-03 8.850215339973386719e+00 1.374052622447024987e+02
5.744237290793789349e-03 8.850235862573534007e+00 1.194938156963287526e+02
6.605205300155563009e-03 8.850263006058316506e+00 1.039169058481081009e+02
7.595218450868372953e-03 8.850298909814810600e+00 9.037020822369160555e+01
8.733618516755674993e-03 8.850346407015205585e+00 7.858906228135847982e+01
1.004264628985054170e-02 8.850409251516367704e+00 6.834330072624125307e+01
1.154787609620873227e-02 8.850492420355569934e+00 5.943275268571122893e+01
1.327871543859518097e-02 8.850602518286335041e+00 5.168333288834104167e+01
1.526897952750591245e-02 8.850748320242464828e+00 4.494364040952141437e+01
1.755755192507234275e-02 8.850941502696736407e+00 3.908200051419201060e+01
2.018914420877247762e-02 8.851197635225636517e+00 3.398389174472383445e+01
2.321516949641212746e-02 8.851537535699019799e+00 2.954970791113001383e+01
2.669474689833385359e-02 8.851989141658375360e+00 2.569281113059445332e+01
3.069585652072183424e-02 8.852590129235577976e+00 2.233783766676583582e+01
3.529666758517011060e-02 8.853391642525537009e+00 1.941922311657634026e+01
4.058706561183462319e-02 8.854463724264892477e+00 1.687991751798457329e+01
4.667040850257165446e-02 8.855903454757555693e+00 1.467026417974870967e+01
5.366554583245854854e-02 8.857847607650814581e+00 1.274701827469565352e+01
6.170914080036420113e-02 8.860493282572749152e+00 1.107248194942892638e+01
7.095834020225261218e-02 8.864133660102842427e+00 9.613730369845139734e+00
8.159384459018267921e-02 8.869225121299679770e+00 8.341893259905884150e+00
9.382343859835012845e-02 8.876527584313011587e+00 7.231424029861104330e+00
1.078860504077476246e-01 8.887446411091170617e+00 6.259172068352990337e+00
1.240564196587411877e-01 8.905089766219736802e+00 5.402535170688415711e+00
1.426504650080369085e-01 8.939444218373923334e+00 4.631761593742297123e+00
1.640314561953854500e-01 9.029574358201067241e+00 3.878582956192782483e+00
1.886171112029866315e-01 8.924579158501609655e+00 3.493499408295747344e+00
2.168877571639863944e-01 8.823621195245099358e+00 3.080087269023026764e+00
2.493957144588029307e-01 8.774346557361159427e+00 2.674074879707293739e+00
2.867760873353003004e-01 8.921962287025559490e+00 2.310111421347508909e+00
3.297591718679227513e-01 8.907281159116960723e+00 2.095252638340924456e+00
3.791847236686700096e-01 8.754814384492592083e+00 1.914183578755760173e+00
4.360183640965527019e-01 8.798054429112362129e+00 1.657568973714138583e+00
5.013704454917681241e-01 8.556856715024956372e+00 1.379785053926816163e+00
5.765177440025202049e-01 8.600604078862966517e+00 1.250371269236851823e+00
6.629284038147645886e-01 8.533200093004905895e+00 1.099729710185271880e+00
7.622906201174450835e-01 8.444938765725067853e+00 9.695024505489436839e-01
8.765456211790350061e-01 8.242797695096626853e+00 8.308508302229130615e-01
1.007925593902446737e+00 8.025965503436925275e+00 7.342895794423989209e-01
1.158997293805542839e+00 8.207547710983316591e+00 6.706788474822548141e-01
1.332712191430454052e+00 8.097614859943600862e+00 5.942227341659435114e-01
1.532464134886377227e+00 7.857466803673559319e+00 5.353246876281363420e-01
1.762155655072360050e+00 7.879823373899148109e+00 5.059956501925443328e-01
2.026274208977640434e+00 7.787827656259811882e+00 4.550584864359707993e-01
2.329979850616184844e+00 7.686022565707988363e+00 4.306502008291983596e-01
2.679206042412458189e+00 7.304865006612107692e+00 3.902408143390057038e-01
3.080775576578958397e+00 7.171336486408181443e+00 3.756950550570056779e-01
3.542533871228208397e+00 6.872166453922606166e+00 3.557493568365281966e-01
4.073502245410140610e+00 6.931816965453493573e+00 3.618710013916906498e-01
4.684054167591759743e+00 6.514807710022044951e+00 3.589479168750532301e-01
5.386117920925478586e+00 6.327620146830494896e+00 3.758076644241307718e-01
6.193409644754345855e+00 6.058522093060910940e+00 3.790892670184254909e-01
7.121701305259424686e+00 5.651101006729155607e+00 3.898945392785893027e-01
8.189128830561228867e+00 5.347647004885883071e+00 4.041831916658339408e-01
9.416546430275520407e+00 4.988189882814314302e+00 4.213330705934563158e-01
1.082793402182410603e+01 4.679750260082320423e+00 4.069230582853555211e-01
1.245086572334200525e+01 4.373172260395660871e+00 4.147537526689746845e-01
1.431704856607327159e+01 4.016927329230809640e+00 4.358153290836308535e-01
1.646294195101812718e+01 3.673900873905987297e+00 4.432359392592911673e-01
1.893046995208505479e+01 3.550797667443145400e+00 4.431189984150239458e-01
2.176784038193324022e+01 3.077728045351098451e+00 4.171217067764300124e-01
2.503048662250106560e+01 2.730765243445914425e+00 4.150127914767297588e-01
2.878215062065620344e+01 2.299972685677484030e+00 3.789020023095927003e-01
3.309612820732945693e+01 2.253657458053365481e+00 3.866582327127952579e-01
3.805670106979016509e+01 1.982682541290367473e+00 3.912529588687007620e-01
4.376078335334182157e+01 1.812770956919642629e+00 4.089171895404975499e-01
5.031981506190690823e+01 1.682830558832248524e+00 4.651245118843396753e-01
5.786193924865264648e+01 1.370140586544600803e+00 4.649705817570939925e-01
6.653450553218098662e+01 9.962616156155148506e-01 6.404462491752032083e-01
