1.074919053068762193e-03 9.098540607273328362e+00 5.883289406661492649e+02
1.235982888231726287e-03 9.098552380522487937e+00 5.116621738397607828e+02
1.421180223422755526e-03 9.098567946560192965e+00 4.449859975832927148e+02
1.634127176580524917e-03 9.098588528191116964e+00 3.869985092028338158e+02
1.878981697907210376e-03 9.098615742771700710e+00 3.365674592253092783e+02
2.160524756988696591e-03 9.098651728587029197e+00 2.927081432126079221e+02
2.484253694839117302e-03 9.098699314640315450e+00 2.545641748775209692e+02
2.856489563638957806e-03 9.098762244343140182e+00 2.213907644109343948e+02
3.284500550056222452e-03 9.098845470835922100e+00 1.925401758477904366e+02
3.776643892084303664e-03 9.098955551709622114e+00 1.674490796050178005e+02
4.342529060430064085e-03 9.099101170809280603e+00 1.456275529919399219e+02
4.993205390692067799e-03 9.099293834780217693e+00 1.266495141060461265e+02
5.741377829989043405e-03 9.099548800826285699e+00 1.101444022345373952e+02
6.601655010654570652e-03 9.099886318139216002e+00 9.578994234433484678e+01
7.590834494824349327e-03 9.100333294698915054e+00 8.330585238426616002e+01
8.728230759532220120e-03 9.100925544927440214e+00 7.244837048841485228e+01
1.003605232647181156e-02 9.101710840726731533e+00 6.300549523764485826e+01
1.153983540016743914e-02 9.102753085685977297e+00 5.479284600723774901e+01
1.326894248166728650e-02 9.104138085490594889e+00 4.765006253713559659e+01
1.525713569356805521e-02 9.105981630953440487e+00 4.143767337028797471e+01
1.754323601097551588e-02 9.108441012103666523e+00 3.603437191911591952e+01
2.017188127038370069e-02 9.111731769366233635e+00 3.133464681451922118e+01
2.319439775716899271e-02 9.116152713354690462e+00 2.724671998576499732e+01
2.666980239010362241e-02 9.122124530740062909e+00 2.369075168936761955e+01
3.066595507129876025e-02 9.130251787280823095e+00 2.059727642314575036e+01
3.526088370208057404e-02 9.141427536860105008e+00 1.790583707188946860e+01
4.054430773673582677e-02 9.157020931536353103e+00 1.556378584688512490e+01
4.661939002266528992e-02 9.179240684808071649e+00 1.352521667247778403e+01
5.360475113294804750e-02 9.211913913716490043e+00 1.174997401037641609e+01
6.163678552268229971e-02 9.262403951716155603e+00 1.020260131128372549e+01
7.087232473380578046e-02 9.347433013501490251e+00 8.850679214307758613e+00
8.149169964948285716e-02 9.518820808083358287e+00 7.658686948133987649e+00
9.370226159088931861e-02 1.031650905936299445e+01 6.413270359715699698e+00
1.077424310084710568e-01 8.355259066144505198e+00 5.670309975942444680e+00
1.238863528214332183e-01 8.367717669706257411e+00 4.883072198892417504e+00
1.424492493044819119e-01 8.395795880044611081e+00 4.145010657403858545e+00
1.637935750409775237e-01 8.400917261497838240e+00 3.614159791939448585e+00
1.883360941226120411e-01 8.397899135993281305e+00 3.243164652518204960e+00
2.165560177832827615e-01 8.396295772535101065e+00 2.807523578458970714e+00
2.490043613606138795e-01 8.460526486090847342e+00 2.419752935862665044e+00
2.863147032868719744e-01 8.080464416082639545e+00 2.029827948228998480e+00
3.292155561867040614e-01 8.004515179547638581e+00 1.776166603976409464e+00
3.785445916367314867e-01 8.274462905556683623e+00 1.635724255315117226e+00
4.352649963361818752e-01 8.265446552117555967e+00 1.497781847601942884e+00
5.004842790551518039e-01 8.219865750195557652e+00 1.312925019445637220e+00
5.754758955803799259e-01 8.209698963669044502e+00 1.181569049686305606e+00
6.617041139019397278e-01 8.249363074645691185e+00 1.028607287899021561e+00
7.608526051524145961e-01 8.279721439858981569e+00 9.514672808486462907e-01
8.748573185582535494e-01 8.251306833848966349e+00 8.245522992009568508e-01
1.005944282311574955e+00 8.095456213587816308e+00 7.256599678472547277e-01
1.156673068453012210e+00 8.033086449973049881e+00 6.514054678173849533e-01
1.329986770450290567e+00 7.762728568574540411e+00 5.681377760641587171e-01
1.529269469322524388e+00 7.891642264056696554e+00 5.273810377082943646e-01
1.758412310379748211e+00 7.668418260766104666e+00 4.810887837247934118e-01
2.021889480775958425e+00 7.566702040924692341e+00 4.483809165808157471e-01
2.324845571394809962e+00 7.475966398257984480e+00 4.274893457671244401e-01
2.673196028874818886e+00 7.268371527913058294e+00 4.062297308389771211e-01
3.073742659175771941e+00 7.047090318408185894e+00 3.976140217567649682e-01
3.534306437980787585e+00 6.952652945609458790e+00 3.861215134609374822e-01
4.063880221157488037e+00 6.697385264308281627e+00 3.823202808308364120e-01
4.672804337065469049e+00 6.462533512867172369e+00 3.785588861411138817e-01
5.372968489282568427e+00 6.298697397250201391e+00 3.706880319102727195e-01
6.178043912053263753e+00 5.951055149439464564e+00 3.712414935899007173e-01
7.103750311469785750e+00 5.534948370307486876e+00 3.761480844742805529e-01
8.168162804614267358e+00 5.209186670695753918e+00 3.860454237271151445e-01
9.392064849880636501e+00 4.727678637737185774e+00 3.834832441059177754e-01
1.079935405970756257e+01 4.663804867925315456e+00 3.933305741966632851e-01
1.241750881952272678e+01 4.338431380217047995e+00 3.870433569516603667e-01
1.427812482398601901e+01 3.834048185731755432e+00 3.732247636328767659e-01
1.641753200680725655e+01 3.546380084695985424e+00 3.811908935188673686e-01
1.887750391015944018e+01 3.548478639257628409e+00 4.216360654789995110e-01
2.170607334466144067e+01 3.159006333884784468e+00 4.122951306634140556e-01
2.495847026630770671e+01 3.034017405812064805e+00 4.248220022940506491e-01
2.869820018310096543e+01 2.771998945917510948e+00 4.522224455274375110e-01
3.299828414809236676e+01 2.256033932918780849e+00 4.081226193233877808e-01
3.794268455063041046e+01 2.173783397254520189e+00 4.454916346507193925e-01
4.362794454547037049e+01 1.686996315563411786e+00 4.165184121166267683e-01
5.016507313083658914e+01 1.463486897383392771e+00 4.276326465942271726e-01
5.768171268301154697e+01 1.301699001942095313e+00 4.519907601678442299e-01
6.632463127020278648e+01 1.073962015334396281e+00 4.812440956629918665e-01
