1.074836154404200167e-03 9.227445631659811909e+00 5.987701400279729569e+02
1.235709363224619852e-03 9.227468104085163603e+00 5.208167534774520391e+02
1.420660836634607752e-03 9.227497809999340106e+00 4.530116783417541342e+02
1.633294424087384112e-03 9.227537079084589422e+00 3.940337069202375915e+02
1.877753371504430318e-03 9.227588991932163864e+00 3.427336309757411641e+02
2.158801053990256399e-03 9.227657623799158770e+00 2.981118489332932313e+02
2.481913791998987748e-03 9.227748365977328504e+00 2.592988881210933414e+02
2.853387559510889640e-03 9.227868353663208012e+00 2.255384628461050909e+02
3.280460663468053300e-03 9.228027033545366464e+00 1.961727376947813468e+02
3.771454784924455766e-03 9.228236919422277751e+00 1.706295092553869779e+02
4.335937130150588001e-03 9.228514600088889352e+00 1.484110563160707841e+02
4.984906851268299660e-03 9.228882087057222350e+00 1.290844412739752443e+02
5.731009368892441350e-03 9.229368623554156770e+00 1.122730736809860730e+02
6.588782772937150541e-03 9.230013124798682966e+00 9.764937150684572487e+01
7.574941102799672386e-03 9.230867490048504820e+00 8.492837692637867519e+01
8.708700026743350364e-03 9.232001135094659361e+00 7.386220203501912351e+01
1.001215126646581161e-02 9.233507259438434644e+00 6.423519586947027449e+01
1.151069306265670687e-02 9.235511629343989171e+00 5.585973797485907966e+01
1.323352506932937676e-02 9.238185097030878978e+00 4.857257552909139520e+01
1.521421732012975640e-02 9.241761830150414525e+00 4.223163090936971997e+01
1.749136435314634086e-02 9.246566572363782655e+00 3.671321439415032728e+01
2.010933724009071610e-02 9.253056774747925317e+00 3.190958194390563563e+01
2.311914817342185235e-02 9.261890409913554834e+00 2.772677928732342423e+01
2.657944445822142676e-02 9.274040735550569181e+00 2.408270712741896347e+01
3.055765127712807908e-02 9.291003027040162010e+00 2.090531789918409800e+01
3.513128549553781732e-02 9.315197792790836928e+00 1.813078088482520300e+01
4.038946610706205254e-02 9.350844365504020317e+00 1.570122001166649817e+01
4.643465075084468596e-02 9.406155113992966221e+00 1.356076728781049034e+01
5.338463213743535607e-02 9.500280151132979967e+00 1.164443942831234047e+01
6.137483328433245705e-02 9.698017495459200887e+00 9.817786327102917099e+00
7.056094628472917019e-02 1.002288999704697048e+01 7.978794756305699565e+00
8.112196602687016256e-02 8.334095797091146451e+00 8.284024658991871348e+00
9.326367797718848607e-02 8.335579204991475422e+00 7.188897336786587822e+00
1.072226679879974970e-01 8.337622987467950608e+00 6.232503045694750554e+00
1.232709322623576770e-01 8.340501327624915362e+00 5.395071266406503696e+00
1.417211773030287447e-01 8.344726326714782871e+00 4.657722072607681341e+00
1.629329131170178246e-01 8.351555179329615441e+00 3.998800916494925417e+00
1.873194584041203981e-01 8.367932270600167755e+00 3.368152657222419855e+00
2.153559942282043116e-01 8.358562713861307003e+00 2.901996718422167554e+00
2.475888231000683004e-01 8.352668922854366684e+00 2.741652027703650241e+00
2.846460138886103275e-01 8.338184563126088022e+00 2.409258296110833530e+00
3.272496399804267764e-01 8.318041065849516968e+00 1.993862548163340076e+00
3.762298491530151057e-01 8.474692840790627457e+00 1.769778367540798092e+00
4.325410393183833357e-01 8.585115048320378861e+00 1.582364735934596034e+00
4.972804553275511075e-01 8.497005946706769564e+00 1.424097943611746686e+00
5.717095692017186703e-01 8.339475646177328727e+00 1.221989187219677087e+00
6.572786603919961168e-01 8.087338730605857506e+00 1.047850736213099765e+00
7.556550750233590463e-01 8.295157203932491896e+00 9.506574529527320738e-01
8.687557147648906630e-01 8.076314155093017533e+00 8.322449775111678827e-01
9.987843883842439929e-01 7.964784393994253975e+00 7.272766965753801882e-01
1.148274753795500480e+00 7.749838429437605924e+00 6.336360749262444081e-01
1.320139687342471113e+00 7.622485032267610983e+00 5.725061758541514223e-01
1.517728042296619506e+00 7.673600877887472471e+00 5.281335822099125776e-01
1.744889902530408987e+00 7.590977295827915583e+00 4.874279659024509659e-01
2.006051602858599736e+00 7.516976956156550926e+00 4.521975897314161053e-01
2.306301977847240003e+00 7.440495974529222956e+00 4.260238069037097230e-01
2.651491519681018261e+00 7.305541228762751693e+00 4.094172113985016792e-01
3.048346377217572289e+00 7.142741871124631103e+00 3.917027524513596592e-01
3.504599417543451167e+00 7.069806367501829669e+00 3.945445398566845285e-01
4.029140903815754626e+00 7.032477349992878324e+00 3.788494101842367345e-01
4.632191725404226190e+00 6.632402300456518240e+00 3.679766498133860697e-01
5.325502555788647285e+00 6.132746994090890524e+00 3.567213199116860411e-01
6.122582818878575139e+00 5.965541866449501462e+00 3.809490159619871030e-01
7.038963925250778964e+00 5.889615491405019831e+00 3.830602272890816784e-01
8.092501907562102303e+00 5.319597526938344423e+00 4.047023965140522095e-01
9.303725352103313639e+00 4.872813321866553693e+00 3.994819863338759380e-01
1.069623540607187451e+01 4.537451786507819662e+00 3.788201059529764936e-01
1.229716565485681556e+01 4.166105052355736582e+00 3.838182009947979645e-01
1.413771083021860164e+01 4.067296100475342513e+00 3.953977907193156338e-01
1.625373465144294727e+01 3.744622753728322984e+00 4.001498795381916995e-01
1.868646864348351500e+01 3.591584184072366792e+00 4.162367498175340574e-01
2.148331554882949490e+01 3.122313515045009424e+00 4.140456277371944993e-01
2.469877298788223285e+01 3.073632346597541698e+00 4.184349753443127318e-01
2.839549536571312061e+01 2.831467190856965743e+00 4.511902453710552874e-01
3.264551471685763318e+01 2.368131079056082999e+00 4.168119741676579726e-01
3.753164427676833270e+01 2.164911988343340532e+00 4.295504967976322419e-01
4.314909212904788660e+01 2.159588033672231511e+00 5.537775490824999869e-01
4.960731637098891156e+01 1.669895736979378764e+00 5.466140878102669909e-01
5.703215794602357391e+01 1.263850069329761405e+00 4.797187654451330885e-01
6.556829270213029304e+01 9.643734465798952105e-01 5.834977121202659101e-01
