22.080553373145747 13.49930508417142
25.193665448693913 13.498444289224672
28.745691650674722 13.497316904906379
32.79851398195447 13.49583746803401
37.4227391185146 13.493890848821145
42.69892849117882 13.491320037410134
48.71900179516225 13.487907088020958
55.58783837883364 13.483341352406569
63.42510441045543 13.477161119692619
72.36733765508187 13.46862907662748
82.57032618177797 13.456391178973206
94.2118224420605 13.436946533187443
107.49464000316736 13.394671080590173
122.65018688622479 13.417725145334211
139.94249706573862 13.345603173171778
159.6728303656077 13.359811336142496
182.1849208892388 13.253138984280191
207.87096541984633 13.353704505027673
237.1784561184903 13.274868232897187
270.6179765564308 12.988300283669977
308.772096901206 13.216976847607421
352.30552322486557 14.112068126535355
401.97667775161415 14.107076394680481
458.6509117913838 13.892397215669043
523.3155815498625 13.996059044867847
597.0972494598135 14.73180124084902
681.2813107085067 14.716979519057409
777.334386886904 14.898870993815367
886.9298768939414 14.907039391788807
1011.9771102337103 14.83337294486896
1154.6546106028086 14.956099990304986
1317.4480492729947 15.38263938434482
1503.1935494780394 15.287118689663718
1715.1270962367682 15.268156440337691
1956.9409124107897 15.608803107418446
2232.847783158402 16.169636477731082
2547.654449420004 16.49832551097415
2906.84534906744 16.327272903921912
3316.678164622624 16.89816368531885
3784.29284214022 16.975300989658486
4317.835980538423 17.227034367104128
4926.602758439856 17.35232343410639
5621.198871116131 17.48360594681405
6413.725298737823 17.881007892392
7317.989124889607 17.972448766271487
8349.744078147756 17.97628653617612
9526.964987340729 18.410781360122634
10870.160931944436 18.752117716578976
12402.732543195089 18.801523469431462
14151.379680679125 18.971319881927855
16146.566586781239 18.993943679654603
18423.05262272835 19.298641382394113
21020.497832504087 19.343369702602725
23984.1538845299 19.809991628195718
27365.652428427053 20.500629386708574
31223.904601300623 20.640977339567364
35626.12735439029 20.994782929202344
40649.014480346785 21.182447943122682
46380.072742310585 21.300865728315713
52919.14638230783 21.509656673406433
60380.15656834891 21.549589208368225
68893.08608419265 21.477705923030562
78606.24383826046 22.40660630428463
89688.84864308333 22.746856259058852
102333.97727887062 23.153146786627914
116761.92820120466 23.503602992366254
133224.0594940524 24.018532402447157
152007.16793140196 24.39374033333751
173438.4854378123 24.719321149555874
197891.3799942459 25.170499523998828
225791.86030812352 25.604510092815893
257625.99756940192 25.93396604793457
293948.3935915894 26.503613167492954
335391.84286632075 27.157534129684734
382678.3568600028 28.314839482832483
436631.7426134905 28.958155170385098
498191.9547842078 29.90667712960908
568431.4711663417 30.698083969385287
648573.9769769842 32.070378445466936
740015.6834184973 34.728195330064175