22.08194207984887 13.541270045765184
25.1982233401497 13.536984946841894
28.754285162241064 13.531257062429777
32.81219092435287 13.523532145696873
37.442762606736075 13.512983935234354
42.72681683635676 13.498323438194118
48.756575366560995 13.477407630929365
55.63727460858612 13.446326666958335
63.48900230581476 13.396828225930857
72.44879340595338 13.306227914877319
82.6730217100575 13.038595251788497
94.34012903947135 13.307940456131924
107.65373955239586 13.70926202109002
122.8462135637548 13.998430759632214
140.18270289260752 14.057782393689363
159.9657785144389 14.034660769014321
182.54071128400219 14.000476250992799
208.3014978923245 13.946178611443509
237.69773722794034 13.845067141906583
271.2424771543849 13.420140569700916
309.5211686525002 14.114075183350383
353.2018836027679 14.131724581351026
403.0469745369886 14.355291504285354
459.92637985509 14.39843454860026
524.8328067208843 14.263812111603965
598.899056621426 14.709657194821187
683.4177959701876 14.728355193369726
779.8641168072256 14.81092808797038
889.9212813446323 14.854046296085247
1015.510099672706 14.788370129450922
1158.8224533512434 14.88153965621713
1322.359549967839 15.010880382107189
1508.97557631387 15.263154540290365
1721.927512050074 15.01533662911919
1964.9319732516499 15.703279479852569
2242.230077914188 15.60190963173591
2558.6614655077333 16.215183347326654
2919.7487624304053 16.519690822918513
3331.7939675236457 16.591444067661612
3801.9884398500735 16.60533773603565
4338.53840833302 16.741075961730917
4950.808193757442 16.97135472739647
5649.4836427628625 17.07259487753513
6446.758626215699 17.581723500030492
7356.54785688722 17.737649719060716
8394.729740710038 17.817897360340815
9579.423500057303 18.32733900245686
10931.305405632802 18.50602454013437
12473.969636116635 18.89125926112803
14234.34006359209 18.968455158020987
16243.140151578957 19.088896482556976
18535.429166728474 19.2941401154866
21151.21406259688 19.76983583863572
24136.14771460713 19.959227114910302
27542.325692382066 20.065656996595358
31429.195475388922 20.129102572054425
35864.59398029055 20.57200674232729
40925.931507802175 20.81603543939327
46701.54277228892 20.919886420363326
53292.228593407526 20.87482451253442
60813.01515668978 21.23089461945089
69395.1615471616 21.64928123263393
79188.45059316058 22.33155264045451
90363.80300208298 22.815827696474848
103116.26041215306 23.39647604440199
117668.38942294032 23.506447644654216
134274.16601462488 24.235021703119504
153223.40815015908 24.52794897381161
174846.8339218218 24.902915181700738
199521.83352118824 25.302584718856266
227679.05576978478 25.526088414110543
259809.92416409325 26.00778538308394
296475.21361123794 26.829922100467844
338314.8375437501 27.501288013358995
386059.0162263582 28.155045421767294
440541.0211734795 28.523791587032495
502711.7181036881 29.04083333705655
573656.1622470212 29.602319742333677
654612.5356403671 32.249846410584304
746993.756920522 33.56263965571672