22.088372742107428 14.030688095769822
25.2193343719715 14.030241077366725
28.794100570064064 14.029652036984757
32.87557932379123 14.028873108042017
37.5355956420654 14.02783812264818
42.856155516780156 14.026453791424707
48.9308890470929 14.024584969898857
55.8666981223144 14.022028329995297
63.785637658983816 14.018461051349428
72.82706349774554 14.0133287100305
83.15008475826781 14.005558198861918
94.93636380823119 13.99262238500062
108.39331311965557 13.965782734926217
123.75774527017454 13.859529588786602
141.30004032121502 14.07780709978789
161.32890390973125 14.071138768428646
184.19679978539656 14.062246302783294
210.30615239390417 14.050296305214124
240.11642865814088 14.034065151177948
274.1522235809364 14.011682402502467
313.01249195813205 13.980121211404407
357.38108865972606 13.934020540010149
408.0388029647544 13.86332626401525
465.8770987276146 13.741978873209465
531.9138021724059 13.471326145984145
607.3110133858027 13.35821811370252
693.3955567111699 14.856895648404965
791.6823299256722 14.916767859953973
903.9009630943088 15.101317989976451
1032.0262562378111 14.99267730526195
1178.3129314501095 15.033611120922505
1345.335311025861 15.056554159137349
1536.0326198454209 14.982293687924638
1753.7607092391513 14.86803549410445
2002.3511125567973 15.184813258959672
2286.1784716894917 15.846644438617663
2610.2375211022086 15.926546032808062
2980.230984125541 16.22708162524944
3402.669928287385 16.365128468683448
3884.988345716612 16.304501537772683
4435.673974980729 16.496237097795067
5064.417666532825 17.128399053543408
5782.2839202696805 17.46890686120862
6601.905596285326 17.51690256669668
7537.706225299073 17.645831832174355
8606.15383093049 17.683968105675312
9826.05073053253 18.067909856147473
11218.864414437248 18.367868278189054
12809.10532635782 18.804195930307337
14624.758193047333 19.053997309176587
16697.774493663357 19.306750261100827
19064.63473521119 19.29136344742952
21766.990428871264 19.48589507293874
24852.397064575835 19.79269994763807
28375.150982568146 20.234669929970437
32397.244869034505 20.501524799222647
36989.4586904217 20.73879129421484
42232.60526447316 21.178733861557507
48218.95238728277 21.29891767097937
55053.846542660045 21.503986323910432
62857.5667675048 21.956857929689747
71767.44129712574 22.128004152578768
81940.26423878461 22.128976468198637
93555.05480158098 22.579004337389915
106816.20763902774 23.06930135965621
121957.08974338688 23.722027877914435
139244.14718915877 23.966494710693965
158981.59399533787 24.253717592648083
181516.7656200512 24.648916051541523
207246.23129725835 25.38382653393361
236622.7727791341 25.877702223768345
270163.3522945822 26.424704590886694
308458.2099423475 26.579617780367325
352181.2506127445 27.84882596715182
402101.90322487685 28.414749987693906
459098.660975728 29.06430772475917
524174.5408795838 29.81797173006976
598474.7346515319 31.02360696576875
683306.7615515923 31.53910348618146
780163.4778350112 33.853112534017896