22.079584293970957 15.168546525326345
25.190485043489968 15.168345010079847
28.739695832931268 15.168082132578036
32.78897231011692 15.167738976732196
37.40877117849298 15.16729063059303
42.67947613146333 15.166704166988847
48.69279651461484 15.16593585670508
55.55336305231249 15.164927257056764
63.38054840402815 15.163599602589315
72.31054422776549 15.161845536715894
82.49873089112165 15.159516489238758
94.12238106254436 15.156402523299494
107.38374422479997 15.152198242693316
122.51356578064812 15.146440567700495
139.77510198254726 15.138382877091622
159.46870054546656 15.12670022713187
181.9370266446666 15.108618955333554
207.57102522989825 15.075782255641286
236.81672339924484 15.009297287608021
270.18299119272467 15.03488532790006
308.25039584210685 15.124034081993976
351.68130353934055 15.11629627414704
401.23140449260427 15.027488693516151
457.7628618039377 15.048753969206583
522.2593129566294 15.176273910255048
595.8429849356214 15.395616245336193
679.794220781036 15.362849948374038
775.5737573334466 15.394130058115774
884.848141799766 15.338635424064034
1009.5187293835655 15.317194532632119
1151.7547665335203 15.36976859191541
1314.0311354527305 15.170358847705419
1499.1714166167847 15.265172169023842
1710.3970185808635 15.673158031779327
1951.3832299259388 15.38013439118663
2226.323168638148 16.21794300798531
2540.0007416293724 16.574330149520694
2897.873883881931 16.63444705104047
3306.169525563984 16.54671741968362
3771.99193952684 16.808839577734258
4303.446354411719 17.147992434221635
4909.779984212435 17.30021540076913
5601.54292818374 17.50070353753925
6390.77174072565 17.413179651082295
7291.198865327677 17.916495609959036
8318.491576686996 18.276217603394333
9490.524588551689 18.545014403722167
10827.691070617924 18.489743924305326
12353.25748612074 19.005281547367773
14093.768424230559 19.247856235150444
16079.508471268415 19.695101223064302
18345.02915721834 19.713599165337943
20929.750146314233 19.90093440178454
23878.645132312384 20.102015936020727
27243.024372907654 20.228620327318147
31081.42747925531 20.438161302112906
35460.64199498053 20.990210679900144
40456.865487772135 21.335555977043107
46157.03137375154 21.645672868178984
52660.32154372926 21.869003734448572
60079.892110781664 22.010393295104706
68544.8423068543 22.41410483876918
78202.46078684906 22.594958934328762
89220.78842549349 23.121092830194367
101791.54219921082 23.553254772459532
116133.45102802373 23.887248446012496
132496.0616205592 24.273268175444606
151164.08054319193 24.639644194939912
172462.32806457198 24.938334372728733
196761.38997156496 25.236465850622672
224484.0656972165 25.618880714151253
256112.7249570394 26.245746684787704
292197.7008978124 26.71073540651276
333366.86579821084 27.45780918841392
380336.5559367897 28.224265758838055
433924.0357181147 28.669243225243182
495061.7179306553 29.032257195061398
564813.3875664456 30.871732412047905
644392.7114941435 32.181567798841606
735184.3560505633 34.104595919523064