1.069610120359068117e-03 2.531409425116977197e+00 3.647041040730653094e+01
1.218521498790013169e-03 2.531336758728677250e+00 3.200963170272338942e+01
1.388164355171783802e-03 2.531242271068247618e+00 2.809344712054219784e+01
1.581424930855137006e-03 2.531119339258393275e+00 2.465522522375177772e+01
1.801591290406452314e-03 2.530959281746138156e+00 2.163646503609869143e+01
2.052409263532536336e-03 2.530750684560595154e+00 1.898580002093355645e+01
2.338146175253670231e-03 2.530478483408876933e+00 1.665812307833121153e+01
2.663663448606677121e-03 2.530122696685231265e+00 1.461381747412274557e+01
3.034499315113801769e-03 2.529656648058373314e+00 1.281808029650085246e+01
3.456963040222967281e-03 2.529044422758730093e+00 1.124032640509000558e+01
3.938242266836511872e-03 2.528237137595568118e+00 9.853661848756686936e+00
4.486525303231831893e-03 2.527167308037594928e+00 8.634416257791880156e+00
5.111140435935779790e-03 2.525740034193446615e+00 7.561723476884743000e+00
5.822714637770962445e-03 2.523818606325808123e+00 6.617138027331525230e+00
6.633354371274452314e-03 2.521199743909197100e+00 5.784270236598766601e+00
7.556851563611988523e-03 2.517568187839577476e+00 5.048410740763314308e+00
8.608918257369278793e-03 2.512406403704400493e+00 4.396082928207856177e+00
9.807453929482991273e-03 2.504794778140329026e+00 3.814367203743240786e+00
1.117285002637765159e-02 2.492898018512471392e+00 3.289509576476526309e+00
1.272833689655759187e-02 2.472298619209220671e+00 2.802803241561429015e+00
1.450037902323788284e-02 2.427513372810623515e+00 2.309944959078380489e+00
1.651912528135728378e-02 2.322727158349687127e+00 1.738999272449516909e+00
1.881892187948090017e-02 2.701893133672989666e+00 2.392693482467521893e+00
2.143889671359804072e-02 2.702653308266084409e+00 2.064922698938324697e+00
2.442362507479643730e-02 2.704960312388045907e+00 1.762904916054140791e+00
2.782388803691912549e-02 2.721256228878040861e+00 1.449351152739347892e+00
3.169753642713349362e-02 2.655516121553968212e+00 1.227398779191619882e+00
3.611047507869093176e-02 2.651518352876550466e+00 1.182644107795930211e+00
4.113778411159256521e-02 2.736802630607224174e+00 1.029236030968237348e+00
4.686499631821922085e-02 2.725016587736671880e+00 9.477851636745580066e-01
5.338955238689629956e-02 2.773016357804083398e+00 9.245742361616743343e-01
6.082245872203358161e-02 2.593274149865192779e+00 9.014209219813381635e-01
6.929017606638404603e-02 2.756753076608660535e+00 9.689194479728155951e-01
7.893677105774812852e-02 2.686344846932401609e+00 8.956057422850544070e-01
8.992636732592029780e-02 2.672491629693777959e+00 6.934943835287314950e-01
1.024459378319425018e-01 2.698895765132933722e+00 6.327632091112687096e-01
1.167084859575008293e-01 2.692783597891725833e+00 6.022258053584729209e-01
1.329566694663533999e-01 2.662056738893663344e+00 6.041248426412463290e-01
1.514669289945408115e-01 2.900453803285689247e+00 7.515235152317429890e-01
1.725541913099977454e-01 2.695549657485873496e+00 6.364176024799801379e-01
1.965772273610990883e-01 2.650959899038056733e+00 5.908124960829284067e-01
2.239447562740152498e-01 2.538238623954557571e+00 5.126028400373140448e-01
2.551223991500481403e-01 2.477011047451970427e+00 4.917962227430345834e-01
2.906406009723064843e-01 2.724302151527731919e+00 5.472205085714728634e-01
3.311036554021349887e-01 2.693998946016454621e+00 5.077738186240655649e-01
3.771999860098750879e-01 2.685363500592929054e+00 5.133449600226336340e-01
4.297138588610477927e-01 2.712055727880560152e+00 5.125617174502178353e-01
4.895387257316023977e-01 2.726807730214201531e+00 4.878792469564585677e-01
5.576924249688061108e-01 2.730898083456305248e+00 4.642724440877883940e-01
6.353344986196448607e-01 2.697650414152523268e+00 4.512291806357336954e-01
7.237859204540086910e-01 2.732149891021466104e+00 4.323339856662190561e-01
8.245515705280140883e-01 2.567090488855351182e+00 4.066308952263023579e-01
9.393458386614415012e-01 2.465871465367368121e+00 3.684476134353352750e-01
1.070121792437467745e+00 2.451700120413801365e+00 3.830244848972675364e-01
1.219104405978336247e+00 2.443685379152688242e+00 3.880592153575595504e-01
1.388828414839181624e+00 2.376913259212868557e+00 3.820077510712393543e-01
1.582181441069280936e+00 2.336313488575443742e+00 3.845924153373832532e-01
1.802453122154714205e+00 2.384458078338018705e+00 3.810397272752225617e-01
2.053391079704251165e+00 2.208174468164954884e+00 3.897849457735675927e-01
2.339264680109152117e+00 2.192247702637702744e+00 3.779530053773332288e-01
2.664937671977384070e+00 2.158404113983129147e+00 3.681322854125553268e-01
3.035950936168906544e+00 2.144324448325584331e+00 3.470089198349405879e-01
3.458616756310795459e+00 2.080949144081887692e+00 3.597223250842626618e-01
3.940126213676165889e+00 1.972866975647820098e+00 3.373593891433603331e-01
4.488671533604001063e+00 1.867856019567122772e+00 3.373578585462511104e-01
5.113585465016999621e+00 1.801352731154028719e+00 3.153370917298499720e-01
5.825500064389432353e+00 1.730250889755459376e+00 3.340177006966067452e-01
6.636527585657251649e+00 1.812783099272018639e+00 3.454255484913711927e-01
7.560466553665010636e+00 1.750692294817486561e+00 3.650432107691568562e-01
8.613036527207675874e+00 1.670982252970162785e+00 3.649778195575747453e-01
9.812145545839634053e+00 1.547912352285976567e+00 3.765047819033023324e-01
1.117819481069281906e+01 1.490073596755014718e+00 3.705037872400269716e-01
1.273442578303169626e+01 1.320589378710017803e+00 4.011441902174947005e-01
1.450731560595262692e+01 1.121845404628598386e+00 4.182801396367916702e-01
1.652702757678734358e+01 1.073264487818925694e+00 4.482193538084479068e-01
1.882792433438295632e+01 1.053872282114075132e+00 4.174022248610799735e-01
2.144915249243861055e+01 1.007214696620927441e+00 5.314263571871939984e-01
2.443530866563592951e+01 9.509623355514014165e-01 5.661843436841272892e-01
2.783719822008775679e+01 1.863173109900782831e-01 3.310510890537741724e-01
3.171269965720687267e+01 1.863173109900782831e-01 1.903498707363674436e-01
