22.31932459202948 13.885885028705854
25.982835274585973 13.885830200391881
30.24767734895342 13.885755613921845
35.21255380090419 13.885654008266826
40.9923687983426 13.885515329712995
47.72088696549421 13.88532554451837
55.553829152355526 13.885064838651829
64.67247634606376 13.884704776623812
75.28786513098235 13.884203565541325
87.64567179475229 13.883497532062908
102.03189811517512 13.882483984561475
118.77949041642012 13.880980296538063
138.27604508208282 13.878591427647754
160.97277885693808 13.873757699770973
187.3949715407524 13.870767069796926
218.15412275369204 13.863299206119859
253.96210412232622 13.867040142119057
295.6476344160575 13.860450521877096
344.1754589248052 13.886926381209534
400.6686769541308 13.881255831936425
466.43473417216256 13.852692319075578
542.9956813598453 13.881658788018726
632.1233998551546 13.883428388234533
735.8806089281518 13.880211567066686
856.6686041373438 13.885683124246658
997.2828314956703 13.86269882330249
1160.977583621786 13.864064952841295
1351.5413151661505 13.86229734838733
1573.3843205676606 13.860332901515497
1831.640803303028 13.885923900967482
2132.287698859326 13.93757615618164
2482.2830013983903 13.9571863521646
2889.7267954636895 13.933647275056545
3364.0487195523588 13.940034700754557
3916.2262000985975 14.026460131672469
4559.038506546813 14.069568798193188
5307.362507215057 14.17259384478781
6178.516970747784 14.234016707082151
7192.663381467324 14.30543707147842
8373.272544857895 14.412883006301058
9747.667782023747 14.570147877125633
11347.65728449321 14.716566684858478
13210.27026421469 14.899297389327787
15378.61393576521 15.105996840928622
17902.871164261618 15.31930967827346
20841.461867948372 15.608024201848771
24262.395054277375 15.907042954832221
28244.84278020422 16.29920754645071
32880.972463508326 16.62309957607368
38278.07995106762 16.980804075614586
44561.072710560285 17.34202051717103
51875.3606151151 17.844044527219
60390.22122352314 18.30750068393465
70302.71744006795 18.770990546113183
81842.25822197922 19.300894162078144
95275.90788482975 19.83206093298306
110914.56688130277 20.402931910017912
129120.16709762326 20.910012546525316
150314.04819134364 21.394890734601184
174986.70882749726 21.908366065699507
203709.1584899692 22.603843990553344
237146.13258770257 23.147963358698476
276071.4766983512 23.60913476248163
321386.05599322554 24.1216694611961
374138.6043286864 24.719282431686178
435549.99552304216 25.36696235311797
507041.4985390397 26.03345815279156
590267.6704932112 26.63257401145831
687154.6487484522 27.128906257360267
799944.728299395 27.31370551495909
931248.2561232669 28.39010290436682
1084104.0435084293 28.699690723900847
1262049.6945078396 28.97785834014974
1469203.4781576267 29.799535241400477
1710359.639263045 30.376143345472613
1991099.3535683476 31.480564177449786
2317919.895191454 32.38809596538046
2698385.005698274 33.493074817434675
3141299.9448696948 35.096839038475544
3656915.274432759 37.645943490115386