22.32014667745442 13.668651685197275
25.985571471827274 13.66846947455707
30.252934018552555 13.668221232990932
35.22108481328449 13.667882397042543
41.00510762572085 13.667418708555608
47.73898533536263 13.666781885506396
55.57870355205299 13.665902890931687
64.70586391451472 13.66468100630572
75.33189076644167 13.662965084037914
87.7029286548806 13.660518983905746
102.10554409805903 13.65695152130716
118.87336370015862 13.651554845248736
138.39480238036163 13.642852583258875
161.12206073524098 13.626757596680386
187.58159995215618 13.588758206565691
218.3863369177637 13.55626820521513
254.2498420128802 13.723462110586159
296.0028684757725 13.7148369014556
344.612596225121 13.700727429295586
401.2050359124763 13.675912246306709
467.0911121785558 13.64539384838982
543.7970303139349 13.538421073314918
633.0996297467786 13.758641153565744
737.0675432966539 13.705548198098755
858.1091156200113 13.705631198060958
999.0281908449091 13.70210969606544
1163.0890616768754 13.75021154258792
1354.0920844769257 13.854018341977596
1576.4617118826093 13.967378513815856
1835.3489821867406 13.946230643647814
2136.7508395692253 13.89831386962804
2487.649049152465 13.959289487941534
2896.171924751304 13.994966900258344
3371.782615628747 13.946330395920194
3925.498313789675 14.092422787973703
4570.145459597522 14.20351330294214
5320.656857375207 14.250097459160841
6194.417583467233 14.278367148447217
7211.667699483473 14.364733991796049
8395.97109929784 14.48219887684619
9774.761350317558 14.61811426480723
11379.977173057738 14.791744161928811
13248.802279465157 14.993499204277633
15424.5267078332 15.170149565378246
17957.549606534245 15.441053595501725
20906.546695359742 15.662444259231325
24339.829447900553 15.91791243599777
28336.927479485545 16.281382237349018
32990.43079559808 16.703092250627147
38408.13457517816 17.10087532887668
44715.53617122913 17.53112848480304
52058.74217001659 17.953670615482547
60607.85284887192 18.436906230054483
70560.90243121872 18.982491832965966
82148.4464120995 19.43024386043117
95638.90221641862 19.9498937313858
111344.76690254817 20.460582800055796
129629.85594009084 21.050477023558507
150917.73074307042 21.57753258263784
175701.510176514 22.115136142533228
204555.29331317567 22.682094190600143
238147.45804064488 23.148829690351132
277256.1435718551 23.854117306168188
322787.2755006164 24.43972516783078
375795.55094009277 24.946686590232474
437508.86985041125 25.32397373228997
509356.77849016956 25.982438820968788
593003.5838646883 26.410871974701095
690386.9062442479 26.869556516167012
803762.5627946666 27.466357704906777
935756.8220184252 27.946914972348512
1089427.2394442414 28.35240441607811
1268333.4837816795 29.509439525401035
1476619.7941795685 30.1236481788155
1719110.9786534868 30.62307374035396
2001424.177419336 31.07366314132478
2330098.980053152 31.72699663602144
2712748.9105509995 33.502218887793354
3158237.78933536 35.15642323772103
3676885.0575116193 37.69235453855663