22.319140641813576 13.796238477410926
25.98222303976638 13.79578158599378
30.24650119473924 13.795146450522303
35.21064510620058 13.794254660219169
40.98951878144643 13.792984253300716
47.71683804335292 13.791135154557303
55.54826454528154 13.788352793646496
64.66500758472652 13.783930798636355
75.27801705711317 13.776163141361197
87.63286456939159 13.75900887631311
102.0154256562165 13.688495099864227
118.75849457800385 13.836664526769772
138.24948475891932 13.832564793576381
160.93939304318792 13.823498937909342
187.35323519127022 13.800538485354181
218.10219408007856 13.854133379209225
253.89776170121186 13.849733604722386
295.5682021851495 13.840879899324891
344.0777167849466 13.818545853386656
400.5487542728988 13.849590859200514
466.2879829845181 13.842026028983485
542.8165254700463 13.847552723163012
631.9051553450745 13.826267361808911
735.6152707508483 13.795576083676828
856.3465924982686 13.794001123266598
996.8926905702768 13.819153213665185
1160.5056237956073 13.826442670427777
1350.9711883741502 13.857807599722776
1572.6965164095684 13.78024932384627
1830.8120513683323 13.923878677259777
2131.2902600482466 13.968163206314742
2481.083827901163 13.962526303033147
2888.286535374744 13.977749706856084
3362.3205377482163 14.005528245694208
3914.1543818804857 14.009977130089732
4556.556804502223 14.024906296488883
5304.392184623199 14.11080018384862
6174.964486449638 14.14001648911455
7188.417651215366 14.225691122120738
8368.201702487007 14.353375799884862
9741.615350030032 14.469378639610097
11340.437647402423 14.626100986830032
13201.663319033196 14.809170454645848
15368.358771323703 15.027208365984858
17890.658594785236 15.235395142425148
20826.925615011154 15.49145057481644
24245.101334594816 15.780380513105271
28224.27801351017 16.14020528761761
32856.5287639053 16.57230381748549
38249.0380053862 16.964694350871532
44526.58157682962 17.324115577683987
51834.41389137351 17.78420336082717
60341.628939697264 18.242056434327505
70245.07291095422 18.707274746128057
81773.89896445228 19.191781396447038
95194.86954373514 19.70932971251937
110818.5289219009 20.201685984453288
129006.3888030444 20.77553408649813
150179.2932455467 21.31330616198623
174827.15646094934 21.985732572359247
203520.2988087548 22.465128767434084
236922.64328772528 23.03224743689706
275807.07787378726 23.34034830644181
321073.3391695975 24.082622223680893
373768.83117078576 24.793065703034127
435112.860868779 25.323330311777855
506524.8514713796 25.73656309782218
589657.1860593166 26.381420862486024
686433.4416394129 27.1690946222963
799092.8982819695 27.788937097979108
930242.3532274689 28.35901581810683
1082916.4388754573 28.9549303300697
1260647.8403375205 29.35152542423763
1467549.0372996614 29.73473444719015
1708407.4615973164 30.663762035574468
1988796.272328869 31.286138905861975
2315203.3117035744 32.54317421073387
2695181.225499017 33.80428541757077
3137522.2217254792 34.73517239902309
3652461.5111915357 36.64456275906559