1.079476088484585764e-03 1.410927390694778616e+01 1.248642417895361802e+02
1.251061162735375883e-03 1.410927220788552638e+01 1.077293857957555900e+02
1.449920058073745840e-03 1.410927037948981067e+01 9.294306751767018682e+01
1.680388007735835083e-03 1.410926874974872369e+01 8.018292459896527191e+01
1.947489339718335008e-03 1.410926806930094735e+01 6.917075926575574840e+01
2.257047009890817205e-03 1.410926992187149409e+01 5.966646925929772749e+01
2.615809545634719888e-03 1.410927751244789974e+01 5.146280666869762399e+01
3.031598167450097990e-03 1.410929719019804018e+01 4.438084865571692461e+01
3.513477295862039822e-03 1.410934142696555860e+01 3.826607822158383954e+01
4.071952160771066809e-03 1.410943475630489807e+01 3.298498382801898288e+01
4.719197821239948937e-03 1.410962595498148175e+01 2.842209259256949139e+01
5.469324588474206231e-03 1.411001404129633663e+01 2.447734929235659962e+01
6.338685638363195790e-03 1.411080692122201796e+01 2.106373210391057071e+01
7.346233519704247275e-03 1.411246436715125796e+01 1.810492282674303510e+01
8.513933330185130544e-03 1.411608788668301706e+01 1.553260130072168721e+01
9.867241567588440343e-03 1.412468201851523020e+01 1.328192828955912574e+01
1.143566109543731751e-02 1.414864362605355375e+01 1.127790690140432694e+01
1.325338432163873648e-02 1.425767732854748182e+01 9.317214844871635648e+00
1.536003861177229549e-02 1.405042763562890862e+01 8.222977128108546196e+00
1.780155018744402490e-02 1.352536156558440439e+01 7.368538665740496540e+00
2.063114534316420889e-02 1.290991466237251295e+01 5.570194088436235980e+00
2.391051080882752866e-02 1.421217953127193567e+01 6.251116029097934401e+00
2.771113855433555984e-02 1.450772163813799764e+01 5.595806350240005500e+00
3.211588435384152979e-02 1.451470774932368002e+01 4.772069835256998793e+00
3.722077408717476554e-02 1.449396843951325664e+01 3.960884305817369277e+00
4.313709715680891232e-02 1.458489003049945687e+01 3.488967091566690826e+00
4.999383265801432552e-02 1.486982956213222806e+01 3.092933966678189872e+00
5.794046119403813144e-02 1.457990420823123223e+01 2.662677423905306817e+00
6.715022363542827444e-02 1.384684617944293983e+01 2.226879947049833497e+00
7.782389786624627215e-02 1.420685078109227639e+01 2.069179773952707801e+00
9.019417585231255530e-02 1.445895912601286604e+01 1.820046761757269538e+00
1.045307364539778683e-01 1.440063411301310126e+01 1.572927047114092369e+00
1.211461245735283299e-01 1.435935874591954509e+01 1.377410196206561022e+00
1.404025648058690179e-01 1.450616456752100270e+01 1.218605672620657110e+00
1.627198581338170080e-01 1.457036674157568790e+01 1.068239291031557903e+00
1.885845338203019361e-01 1.440558373150434157e+01 9.221526034546845274e-01
2.185604560137551222e-01 1.438903951358062372e+01 7.928180277396679188e-01
2.533011162965162488e-01 1.433654903556515769e+01 7.040795046998244988e-01
2.935638801605687798e-01 1.414173580525129736e+01 6.189549882055156438e-01
3.402264979916080900e-01 1.425211636197966314e+01 5.595505696882442370e-01
3.943062405099713730e-01 1.412659550878717063e+01 5.057524923173956077e-01
4.569820758315608078e-01 1.423473469963940730e+01 4.626328480801426557e-01
5.296203716208783829e-01 1.402592196406847869e+01 4.215061438737190413e-01
6.138046826572380876e-01 1.394423755632335649e+01 3.941606378569637581e-01
7.113702731994770989e-01 1.384032375522876990e+01 3.689613474744787847e-01
8.244441267556883446e-01 1.369101543498962492e+01 3.487212056383860448e-01
9.554913154929519647e-01 1.350071571611471377e+01 3.330306833893969531e-01
1.107368740165693533e+00 1.338219505329136361e+01 3.249548694145216743e-01
1.283387412122639182e+00 1.343290121445931362e+01 3.294892599225583418e-01
1.487384635174362923e+00 1.322467684531472898e+01 3.323710892080566914e-01
1.723807660925823715e+00 1.298367726264503119e+01 3.365572879942097528e-01
1.997810641306118740e+00 1.272648007211848764e+01 3.400497825558939091e-01
2.315366991913901273e+00 1.237866861050775213e+01 3.578868597208784696e-01
2.683399615761176804e+00 1.190958405244012575e+01 3.633142126866384380e-01
3.109931826364653595e+00 1.182120494338101224e+01 3.908724764312841438e-01
3.604262260391024597e+00 1.147247202177801562e+01 4.149980249987165193e-01
4.177167593048002558e+00 1.082038339075218047e+01 4.210669156932819179e-01
4.841137475528055845e+00 1.030981649786862420e+01 4.497157551298501255e-01
5.610646816270278947e+00 9.601778494524880969e+00 4.652822084448644535e-01
6.502471341921586934e+00 8.982405763934703913e+00 4.805301221673804468e-01
7.536053317399668217e+00 8.192566972746986309e+00 5.001051492090407002e-01
8.733925397956092240e+00 7.559319278347635951e+00 5.096726355628847793e-01
1.012220185344754952e+01 7.058785047349340758e+00 5.169943018796877565e-01
1.173114787377441104e+01 6.615065507500005104e+00 5.396693970714434574e-01
1.359583936665810810e+01 5.984754591190471373e+00 5.346039447440908976e-01
1.575692763171157473e+01 5.397646866555326106e+00 5.556656052623745179e-01
1.826152558111781588e+01 4.822072409239384960e+00 5.299817938149650187e-01
2.116423482701468828e+01 4.731867618388195140e+00 5.651294775075789145e-01
2.452833602665542756e+01 4.245667395339357775e+00 5.837737607943314089e-01
2.842716843552366157e+01 4.060337309595221100e+00 6.184357250232468406e-01
3.294572874341942281e+01 3.890318119057333490e+00 5.745090041731103492e-01
3.818252404902175101e+01 3.609062730392375684e+00 5.519640893966204498e-01
4.425171936879149825e+01 3.529563000219314794e+00 6.093183921988697405e-01
5.128562649708969445e+01 2.821096532320439998e+00 5.023755134783353116e-01
5.943758847602992290e+01 2.598047085619962893e+00 5.272498386367531209e-01
6.888532255809261073e+01 2.286380832686587983e+00 4.870030973119366946e-01
7.983479453992492836e+01 1.802209649987506213e+00 4.858984302293550273e-01
9.252470892993250118e+01 1.466405155388261106e+00 5.316984194416023435e-01
1.072317128377842010e+02 1.247795782029572642e+00 4.477842748956370467e-01
1.242764270334830599e+02 1.538650600746510166e+00 8.130071538731611369e-01