1.081109862420676125e-03 1.397005249248701908e+01 1.437026342819134754e+02
1.256487206825830909e-03 1.397004019774144545e+01 1.236441925660976437e+02
1.460314215783798048e-03 1.397002358622637530e+01 1.063853301910755107e+02
1.697205986050161685e-03 1.397000114011895278e+01 9.153526804853635213e+01
1.972526274106314956e-03 1.396997080641107836e+01 7.875776758255319976e+01
2.292508943534179999e-03 1.396992980642904314e+01 6.776351756722586117e+01
2.664399113550636796e-03 1.396987437696470913e+01 5.830358341942385181e+01
3.096617204618365513e-03 1.396979941661270708e+01 5.016377069860831028e+01
3.598949595490554161e-03 1.396969800130100303e+01 4.315977516544779746e+01
4.182770208588929700e-03 1.396956071710342506e+01 3.713300955925259217e+01
4.861298040900836545e-03 1.396937473564748977e+01 3.194701256880657780e+01
5.649896471467578257e-03 1.396912252177399871e+01 2.748435862921823158e+01
6.566421122451175305e-03 1.396878000662917607e+01 2.364399847923752063e+01
7.631624150127652544e-03 1.396831396730564201e+01 2.033897010573133812e+01
8.869624119853987410e-03 1.396767819685495660e+01 1.749442797724724841e+01
1.030845210402292836e-02 1.396680777036612220e+01 1.504594547991892384e+01
1.198068636787778807e-02 1.396561019673240800e+01 1.293805129025167666e+01
1.392419001388547038e-02 1.396395123794859749e+01 1.112296500507912711e+01
1.618296828657668496e-02 1.396163108636232586e+01 9.559500391050431034e+00
1.880816494914149331e-02 1.395834192009718677e+01 8.212105141960396537e+00
2.185922029196200184e-02 1.395358642108897484e+01 7.050001143716749574e+00
2.540521699297059594e-02 1.394650524218816301e+01 6.046369532867360341e+00
2.952644430310514753e-02 1.393545814919180970e+01 5.177454186333735109e+00
3.431621597349839015e-02 1.391676767583903995e+01 4.421154264170148451e+00
3.988298308631574307e-02 1.387906828424284988e+01 3.752636857924069869e+00
4.635278962843021600e-02 1.375931273943807653e+01 3.114742433805287813e+00
5.387212640758327203e-02 1.375578832394271878e+01 2.649306891383460094e+00
6.261124793003999822e-02 1.424707798614099197e+01 2.451611620119568791e+00
7.276802734122481131e-02 1.386178391216477301e+01 2.038292786381046717e+00
8.457243671376635241e-02 1.430631613959221760e+01 1.885567821330073945e+00
9.829175412663629374e-02 1.443010945605206885e+01 1.607065447852399576e+00
1.142366154352331270e-01 1.439158438707629095e+01 1.361401701966211908e+00
1.327680477579440133e-01 1.411685681140573756e+01 1.207223897333963958e+00
1.543056439329613116e-01 1.430138176757603574e+01 1.070058720463791468e+00
1.793370630332341287e-01 1.422286595090248795e+01 9.326708130438556843e-01
2.084290720523417073e-01 1.416168708265187348e+01 8.063499440061265844e-01
2.422403787696109645e-01 1.410783029020884172e+01 7.092673443676681400e-01
2.815365463590823181e-01 1.414691873692516033e+01 6.298231691605916671e-01
3.272073274422376277e-01 1.410779831190798639e+01 5.712597215462822398e-01
3.802868100659918538e-01 1.372090801395454740e+01 5.060287813890906872e-01
4.419768317556926340e-01 1.378844196879050621e+01 4.587980917397992409e-01
5.136741917893540288e-01 1.370377569906890436e+01 4.210179588248637583e-01
5.970022778395276397e-01 1.367675614668543460e+01 3.932308789487605760e-01
6.938478230803166724e-01 1.351246189097207662e+01 3.636406570636080970e-01
8.064036260221768559e-01 1.353947388461765122e+01 3.524081540254735412e-01
9.372182003465636679e-01 1.344371507786132725e+01 3.387764018526810972e-01
1.089253478923091656e+00 1.342238077932344886e+01 3.312487696236347534e-01
1.265951878556481836e+00 1.298344854815317539e+01 3.208140222969100841e-01
1.471314243958307344e+00 1.289152331746901403e+01 3.266428264187275499e-01
1.709990435768387051e+00 1.272198580626898057e+01 3.319605564045224333e-01
1.987384613740080797e+00 1.256266065583627700e+01 3.435444378954581324e-01
2.309777598934934950e+00 1.223357751894474177e+01 3.569450393233035146e-01
2.684469085478879080e+00 1.196953223015324852e+01 3.738974314169372648e-01
3.119942921870381358e+00 1.142279672739229213e+01 3.840603112124994500e-01
3.626059204176923068e+00 1.136718596905628864e+01 4.088978269647560171e-01
4.214277530536958416e+00 1.094736196455265897e+01 4.238315122361146492e-01
4.897916471945756633e+00 1.015003379197705158e+01 4.377947378414949742e-01
5.692455134320727694e+00 9.387221304950214673e+00 4.478274170549406685e-01
6.615883639881985800e+00 8.625205597587036976e+00 4.537111393583964092e-01
7.689110463526048100e+00 7.979124938622017993e+00 4.661444851304311077e-01
8.936435847194005078e+00 7.512820908492138017e+00 4.780005554024845948e-01
1.038610201138822475e+01 6.985432259433963509e+00 5.108074304003135113e-01
1.207093262184985072e+01 6.705857801220286518e+00 5.413029210133083469e-01
1.402907599034483610e+01 5.995707483000804139e+00 5.295253901238787808e-01
1.630486883727699521e+01 5.373714788165978362e+00 5.111817107098299839e-01
1.894984017363440998e+01 4.916783243459101449e+00 5.073725958826227345e-01
2.202387803238901043e+01 4.614528997447281178e+00 5.125651596997834458e-01
2.559658546674268109e+01 4.178425785817637461e+00 4.967438403918620349e-01
2.974885651803583642e+01 3.692049549922482576e+00 5.063553148908324086e-01
3.457470783673651482e+01 3.544058825646567268e+00 5.292261967759821495e-01
4.018340742848209857e+01 3.317236689464993393e+00 5.425442607018670094e-01
4.670194872471840597e+01 3.055511142085413745e+00 5.628503138755509561e-01
5.427792599639717253e+01 2.578870411875187507e+00 5.005170799976693674e-01
6.308287621649200361e+01 2.607731264726130149e+00 5.248307950514561337e-01
7.331616303853249406e+01 2.483955418539240068e+00 5.799138762497617616e-01
8.520949083306703642e+01 2.150931838384402273e+00 6.069134117902440506e-01
9.903215098987890030e+01 2.101823167616879484e+00 6.861644400067633542e-01
1.150971192739044255e+02 1.701967611661272528e+00 7.162653360730465435e-01
1.337681422925496122e+02 1.052445035845692711e+00 6.451974125189965381e-01
1.554679735277859720e+02 1.275805508309846736e+00 1.029777730357631205e+00