2.216024527781823039e+01 2.062382590965980000e+01
2.545582829482522413e+01 2.062382570551513439e+01
2.924151723285540783e+01 2.062382543086561881e+01
3.359019868362335615e+01 2.062382506795204762e+01
3.858559864115212434e+01 2.062382458655167738e+01
4.432389449431737205e+01 2.062382395644866762e+01
5.091556674847321062e+01 2.062382312191589051e+01
5.848752612770958592e+01 2.062382202049852964e+01
6.718555701124729751e+01 2.062382056813191156e+01
7.717712424791743331e+01 2.062381865135128223e+01
8.865459738886077901e+01 2.062381612120489294e+01
1.018389544152144026e+02 2.062381278219525171e+01
1.169840362693613258e+02 2.062380837534485423e+01
1.343814341030461037e+02 2.062380255834467135e+01
1.543661033374764031e+02 2.062379487942068934e+01
1.773228126239821165e+02 2.062378474123895700e+01
2.036935518683017676e+02 2.062377135401155215e+01
2.339860419466021426e+02 2.062375367233575219e+01
2.687835099524179441e+02 2.062373031127331302e+01
3.087559181792067307e+02 2.062369943423067653e+01
3.546728630322638196e+02 2.062365860043792409e+01
4.074183922152087121e+02 2.062360455921417213e+01
4.680080254691656592e+02 2.062353296661382274e+01
5.376083065681759763e+02 2.062343799090949759e+01
6.175592630091422279e+02 2.062331175136175787e+01
7.094002058170037799e+02 2.062314349430840821e+01
8.148993661937140587e+02 2.062291832469678710e+01
9.360879396110827884e+02 2.062261509907516910e+01
1.075299192804896393e+03 2.062220245032982291e+01
1.235213386604742254e+03 2.062162939188594279e+01
1.418909379507356789e+03 2.062079086954234342e+01
1.629923905526934277e+03 2.061896726488406628e+01
1.872319667610174747e+03 2.061920922952621638e+01
2.150763557631583808e+03 2.061752726768453670e+01
2.470616508953521588e+03 2.061343416382659655e+01
2.838036711499492412e+03 2.061359298498259562e+01
3.260098176560180491e+03 2.060928443332584692e+01
3.744926934083075139e+03 2.060288119677258223e+01
4.301857484678106630e+03 2.059506932973461346e+01
4.941612518539599478e+03 2.055726155972205760e+01
5.676509361447272568e+03 2.058852326945156719e+01
6.520697122590536310e+03 2.059619825129943038e+01
7.490429110068410409e+03 2.062622106160514690e+01
8.604375758932696044e+03 2.063061121635413286e+01
9.883984096637752373e+03 2.063246623748615249e+01
1.135389066675373215e+04 2.063526496344059780e+01
1.304239586104243608e+04 2.061723082704631693e+01
1.498200879230173268e+04 2.061512524029815907e+01
1.721007319851936700e+04 2.061096844856249888e+01
1.976948642898843900e+04 2.060458518136446671e+01
2.270952535516133503e+04 2.061784509562502166e+01
2.608679510766146632e+04 2.061467677417318356e+01
2.996631890566766378e+04 2.054359405342042777e+01
3.442278996136425121e+04 2.052023028946252481e+01
3.954200956261229294e+04 2.075663792040258926e+01
4.542253902152195951e+04 2.076132523398353769e+01
5.217759729420743679e+04 2.079170789937554886e+01
5.993724080695964949e+04 2.081957693150340560e+01
6.885086745744601649e+04 2.082399740554832590e+01
7.909009300095037906e+04 2.085000587255778015e+01
9.085205520126674674e+04 2.084313807624908321e+01
1.043632093616937927e+05 2.126043857014897753e+01
1.198836883122140571e+05 2.128079347784291997e+01
1.377123107965221570e+05 2.152347204893100141e+01
1.581923346863340121e+05 2.184315893166428424e+01
1.817180657907100103e+05 2.207357692262178972e+01
2.087424495010596875e+05 2.232924449994992244e+01
2.397857914352181833e+05 2.272448134654300134e+01
2.754457749808194349e+05 2.298442359281079916e+01
3.164089686076406506e+05 2.368649295901684582e+01
3.634640445013995632e+05 2.440189676633719884e+01
4.175169630198820960e+05 2.504996712580237173e+01
4.796084153206362389e+05 2.568767411997399464e+01
5.509338599864698481e+05 2.648258466138380385e+01
6.328665394177276175e+05 2.708135779088786421e+01
7.269839191303403350e+05 2.802688732391561643e+01
8.350980590005021077e+05 2.882352302722282289e+01
9.592905011993423104e+05 2.993978858533736442e+01
1.101952346521658124e+06 3.133240849924396443e+01
1.265830290705916472e+06 3.369784892625898465e+01
