2.219047947876756410e+01 1.729875085669081969e+01
2.555561215069980108e+01 1.729874593650675862e+01
2.943105907296363100e+01 1.729873940972657209e+01
3.389420817033943933e+01 1.729873075176383068e+01
3.903418305967953472e+01 1.729871926591857090e+01
4.495362273929510621e+01 1.729870402713313027e+01
5.177073116394459618e+01 1.729868380698382779e+01
5.962163763292399210e+01 1.729865697327237228e+01
6.866311512531571282e+01 1.729862135562180114e+01
7.907571086421938844e+01 1.729857406625899330e+01
9.106735162349471580e+01 1.729851125790973043e+01
1.048774957705730486e+02 1.729842779753793280e+01
1.207819149565434174e+02 1.729831682158986439e+01
1.390982009380024920e+02 1.729816912502635518e+01
1.601921074951520723e+02 1.729797230836560118e+01
1.844848540864734900e+02 1.729770955889285489e+01
2.124615370850114289e+02 1.729735783804827776e+01
2.446808165583464074e+02 1.729688497749728882e+01
2.817860720253761428e+02 1.729624424089930912e+01
3.245182499566981278e+02 1.729535957370906019e+01
3.737306595674259597e+02 1.729399617788985921e+01
4.304060123562869080e+02 1.729282780802318698e+01
4.956760456497114546e+02 1.729100957771656866e+01
5.708441220090360275e+02 1.728793225912523468e+01
6.574112557832800121e+02 1.728342756707017003e+01
7.571060865258549484e+02 1.727841312292910914e+01
8.719193978076000349e+02 1.726741439054639571e+01
1.004143870724523026e+03 1.724534431248507005e+01
1.156419865929078469e+03 1.726464895216516027e+01
1.331788148396023189e+03 1.724641492757856298e+01
1.533750607771799878e+03 1.720569640902763808e+01
1.766340186818402117e+03 1.721408303357467062e+01
2.034201414337025653e+03 1.721767523804312106e+01
2.342683150715282864e+03 1.726710681063199360e+01
2.697945398112876774e+03 1.735047299666791076e+01
3.107082308154224393e+03 1.733368719339193120e+01
3.578263843440866367e+03 1.732216957194416551e+01
4.120898921690443785e+03 1.730347393495313213e+01
4.745823300290713632e+03 1.732476132302831573e+01
5.465515953092849486e+03 1.741322182112039130e+01
6.294348260223381658e+03 1.744627572315538444e+01
7.248870986929867286e+03 1.741241221249112670e+01
8.348144782076100455e+03 1.750825228810500889e+01
9.614120795936669310e+03 1.754806301620950393e+01
1.107207901776174185e+04 1.762661549754179191e+01
1.275113308617589792e+04 1.762540361495790364e+01
1.468481165285596217e+04 1.768778464705008346e+01
1.691172790860789610e+04 1.777723121818950602e+01
1.947635064145772412e+04 1.780115996588077110e+01
2.242989222384167806e+04 1.787293728057417042e+01
2.583133126091112717e+04 1.803381987552437593e+01
2.974859032098550233e+04 1.819952175433813935e+01
3.425989226598681125e+04 1.839777567961912297e+01
3.945532226611197984e+04 1.858405412273509327e+01
4.543862669026149524e+04 1.880290898863058757e+01
5.232928479386113759e+04 1.912180492844192869e+01
6.026489457314334868e+04 1.938813855500677619e+01
6.940392042847382254e+04 1.969566620617329988e+01
7.992885750419192482e+04 2.010213959859514787e+01
9.204987589295324869e+04 2.052967583944904106e+01
1.060090174748677819e+05 2.094876677471100379e+01
1.220850291971672850e+05 2.151318258013133899e+01
1.405989293090726424e+05 2.199056014491655731e+01
1.619204177027488186e+05 2.246010091159907773e+01
1.864752583669983142e+05 2.296821163314770331e+01
2.147537813722454594e+05 2.347690352849041773e+01
2.473206741610296594e+05 2.383577761242170823e+01
2.848262576640775660e+05 2.444575300646513938e+01
3.280194724121714826e+05 2.485692438750518107e+01
3.777628339605485089e+05 2.541839997797632122e+01
4.350496562673263252e+05 2.585947400410129404e+01
5.010238869557105936e+05 2.648069638773634438e+01
5.770029505458583590e+05 2.694390910345723000e+01
6.645040558077356545e+05 2.736525234443609378e+01
7.652744925605647732e+05 2.811195804878896354e+01
8.813265229088045890e+05 2.872298965231698986e+01
1.014977563649884192e+06 2.982849492017648885e+01
1.168896462247117655e+06 3.093723852377711836e+01
1.346156790442254394e+06 3.221295373407394180e+01
1.550298219715790357e+06 3.516529457813219040e+01
