2.218855885829869123e+01 1.759408482915967653e+01
2.554926813204723146e+01 1.759395183932522855e+01
2.941899499881694169e+01 1.759377289637441777e+01
3.387483595488284038e+01 1.759353090114561269e+01
3.900556463660193884e+01 1.759320136757364139e+01
4.491340045591650920e+01 1.759274832615623296e+01
5.171604511579389651e+01 1.759211709643221866e+01
5.954902757906204158e+01 1.759122058834836011e+01
6.856840420941099978e+01 1.758991084465091248e+01
7.895386787941956186e+01 1.758791219537111061e+01
9.091232798830773731e+01 1.758463397017781915e+01
1.046820327140431743e+02 1.757847254358599187e+01
1.205373156273521573e+02 1.756199984668455727e+01
1.387940612343383577e+02 1.755057632462871453e+01
1.598159983376130810e+02 1.762321978724856564e+01
1.840219465984538942e+02 1.762297495670406633e+01
2.118941606731134470e+02 1.762264758032032574e+01
2.439879381633518278e+02 1.762220848355288183e+01
2.809426828002116849e+02 1.762161697677368011e+01
3.234946432726397347e+02 1.762081508656038054e+01
3.724915814964003857e+02 1.761971734831350034e+01
4.289096625589303358e+02 1.761818989646614497e+01
4.938729028381902140e+02 1.761599392748947679e+01
5.686755637600218733e+02 1.761248520471633938e+01
6.548079373444244311e+02 1.760809849620384782e+01
7.539860372657051357e+02 1.760598826498665304e+01
8.681857869609436875e+02 1.759594831566443673e+01
9.996823859158181449e+02 1.756969134178980241e+01
1.151095638421571948e+03 1.757709884411956835e+01
1.325442147887103602e+03 1.758069132805470147e+01
1.526195416572482372e+03 1.758722576318557174e+01
1.757355048109766813e+03 1.754063939723651799e+01
2.023526431531653088e+03 1.763394812213773832e+01
2.330012494351380155e+03 1.766616853768414686e+01
2.682919352688779782e+03 1.766989350673979686e+01
3.089277963307980826e+03 1.763722695064486956e+01
3.557184201238035712e+03 1.761818394854990899e+01
4.095960153740303213e+03 1.761207699339255583e+01
4.716339844079282557e+03 1.766536909206224237e+01
5.430683085268149625e+03 1.767165062417132759e+01
6.253221724393151817e+03 1.764333620952934112e+01
7.200343183437982589e+03 1.770227187114288014e+01
8.290916945586663132e+03 1.772655523113325060e+01
9.546670491585480704e+03 1.775724746003393761e+01
1.099262217593713831e+04 1.774492833748601583e+01
1.265757966711142035e+04 1.777535957032436897e+01
1.457471388218743596e+04 1.781940564501701374e+01
1.678221985041662265e+04 1.795531696453475234e+01
1.932407767207897996e+04 1.804384292283102553e+01
2.225092873320158833e+04 1.818772129321560271e+01
2.562108463294902685e+04 1.827749450663299768e+01
2.950168892452717409e+04 1.842214548905655036e+01
3.397005481494288688e+04 1.855478891453610757e+01
3.911520547458688816e+04 1.881998961228822864e+01
4.503964764419895073e+04 1.909263488969977374e+01
5.186141387475405645e+04 1.933232733665775882e+01
5.971641408777651668e+04 1.960610075007434716e+01
6.876114330617456289e+04 1.991568081643986332e+01
7.917579950166630442e+04 2.032818264923564655e+01
9.116787367561322753e+04 2.077726719086168217e+01
1.049762836983749148e+05 2.114582308212823847e+01
1.208761342655891785e+05 2.151990675801448205e+01
1.391841978038981033e+05 2.201098915900104203e+01
1.602652255221028463e+05 2.263029760068632612e+01
1.845392143427014234e+05 2.314745959908122686e+01
2.124897744927507301e+05 2.356787395344040448e+01
2.446737644614113960e+05 2.422880196938039177e+01
2.817323852812533733e+05 2.470477198773758687e+01
3.244039551644813037e+05 2.515130082024168701e+01
3.735386190029226709e+05 2.557901584840713838e+01
4.301152857888698345e+05 2.609686222221189311e+01
4.952611314006971079e+05 2.671452924310299792e+01
5.702740553068846930e+05 2.719655129994045240e+01
6.566485385929516051e+05 2.782727157844862376e+01
7.561054184802819509e+05 2.828432146562535365e+01
8.706261725340245757e+05 2.941088862547560723e+01
1.002492395603711368e+06 3.038843730715674596e+01
1.154331255994939944e+06 3.132826587034425714e+01
1.329167836494583404e+06 3.273478782630586181e+01
1.530485403038792312e+06 3.567541243174644450e+01
