2.228351030552120449e+01 1.549381623214292780e+01
2.586375961775901899e+01 1.549378491722975149e+01
3.001924079257295830e+01 1.549374257294373436e+01
3.484237524167638611e+01 1.549368523601715708e+01
4.044043354960983550e+01 1.549360744950791258e+01
4.693792126215912219e+01 1.549350163540853131e+01
5.447934799487099156e+01 1.549335713844852869e+01
6.323244144897876140e+01 1.549315869732231477e+01
7.339187781716765357e+01 1.549288382522897933e+01
8.518361154655460155e+01 1.549249785259013379e+01
9.886990075646968990e+01 1.549194307821070993e+01
1.147551400805750461e+02 1.549110918392709202e+01
1.331926306606581534e+02 1.548971652654751807e+01
1.545924378624800966e+02 1.548613946451529699e+01
1.794305114759167736e+02 1.548788727652386399e+01
2.082592712403494772e+02 1.549041665891875752e+01
2.417198931263305894e+02 1.548774022455275556e+01
2.805565696308091788e+02 1.548097880908293078e+01
3.256330612469271273e+02 1.548295120648912615e+01
3.779519072270571769e+02 1.548104631976416812e+01
4.386767229026812061e+02 1.546999673907408379e+01
5.091580794723380450e+02 1.543760883245360382e+01
5.909635418459882885e+02 1.544499550330980853e+01
6.859125326128284996e+02 1.546448435653548259e+01
7.961167975366503242e+02 1.549054140216916409e+01
9.240273725655470116e+02 1.546768259137651569e+01
1.072489096941936168e+03 1.544744442926613814e+01
1.244803884830518427e+03 1.540386490221687410e+01
1.444804162678626653e+03 1.547080053422606305e+01
1.676938105617896099e+03 1.545040977481644973e+01
1.946368568636833970e+03 1.544866748411734747e+01
2.259087912837138447e+03 1.542421656951855802e+01
2.622051280606709042e+03 1.555253816178211324e+01
3.043331283861783504e+03 1.555558357638110678e+01
3.532297545755372084e+03 1.562315630795291632e+01
4.099825089011272212e+03 1.562289792548843792e+01
4.758536205616228472e+03 1.572895824543923737e+01
5.523081187256531848e+03 1.583572228019402495e+01
6.410464160181106308e+03 1.590706701342313067e+01
7.440421271333694676e+03 1.596796549450061597e+01
8.635859636933204456e+03 1.610801476484512662e+01
1.002336681608943582e+04 1.623402482201377239e+01
1.163380214057778358e+04 1.642008634352594498e+01
1.350298305244669245e+04 1.669600272073865455e+01
1.567248171418594757e+04 1.681972452122060346e+01
1.819054960873895106e+04 1.714994148015519215e+01
2.111319069324433804e+04 1.753705368276460419e+01
2.450540697435264156e+04 1.781172780653920640e+01
2.844264420776534826e+04 1.806946851755195382e+01
3.301246987557521788e+04 1.848238779912256291e+01
3.831652076104162552e+04 1.895299985114866104e+01
4.447276343650893250e+04 1.935238754128666372e+01
5.161811793962889351e+04 1.969148644392181069e+01
5.991150299066265870e+04 2.012586587069315058e+01
6.953737047906762746e+04 2.060075237804288051e+01
8.070980782933659793e+04 2.106841639591333504e+01
9.367729948617100308e+04 2.150085018103141010e+01
1.087282534184408141e+05 2.204804970610382142e+01
1.261974155560480140e+05 2.255715175166972131e+01
1.464733148221875599e+05 2.298771995580569438e+01
1.700069043448129960e+05 2.365558367716170807e+01
1.973215910351494676e+05 2.414436059954828551e+01
2.290248765995528665e+05 2.470821494319485723e+01
2.658218688906523166e+05 2.509903621404198049e+01
3.085309641016398673e+05 2.570210416118788288e+01
3.581020485889556585e+05 2.632740456452618005e+01
4.156376251472816220e+05 2.681366398665928585e+01
4.824173336030453211e+05 2.740123567041818475e+01
5.599264110851491569e+05 2.795727361101370789e+01
6.498887249533861177e+05 2.854889837373699635e+01
7.543051130647764076e+05 2.912500653822379348e+01
8.754978840977363288e+05 2.949675847540607876e+01
1.016162467658879468e+06 3.034322855027678045e+01
1.179427362914460246e+06 3.063951499120635802e+01
1.368923719054664252e+06 3.106016167908412839e+01
1.588866095119046513e+06 3.174431690890893520e+01
1.844146195349865826e+06 3.315543837320731058e+01
2.140441664826747496e+06 3.360687145010399490e+01
2.484342365089504980e+06 3.340506227357559510e+01
2.883496938225642778e+06 3.650631843964913514e+01
