2.228506928466913806e+01 1.535076702800643567e+01
2.586893774730468110e+01 1.535074086194466503e+01
3.002916130192594935e+01 1.535070553605573807e+01
3.485842895079991166e+01 1.535065781066253798e+01
4.046433587341096683e+01 1.535059327120183781e+01
4.697178062692467648e+01 1.535050587535855549e+01
5.452574786266841045e+01 1.535038729868614382e+01
6.329453855703108189e+01 1.535022595923202005e+01
7.347351972572171519e+01 1.535000549091867050e+01
8.528947716431910919e+01 1.534970216187086578e+01
9.900566819335747937e+01 1.534927991788342005e+01
1.149276869821629106e+02 1.534867860636429882e+01
1.334102731297579680e+02 1.534777313789716402e+01
1.548652151967433497e+02 1.534602279170380790e+01
1.797705252773673692e+02 1.534550431978620999e+01
2.086810890195320098e+02 1.534541126137009392e+01
2.422410283731889535e+02 1.534258192327375880e+01
2.811980525068458405e+02 1.533692803472343158e+01
3.264201166279168547e+02 1.533485744638765524e+01
3.789147598623174531e+02 1.533800988616482286e+01
4.398515530376427591e+02 1.533075603572248191e+01
5.105881565023367443e+02 1.531852696981908935e+01
5.927005685441873766e+02 1.529827547569560586e+01
6.880182383372522281e+02 1.526949309141881095e+01
7.986648257270994691e+02 1.528057332593187390e+01
9.271055159747518246e+02 1.526136912204930240e+01
1.076201943622977069e+03 1.528761200720970947e+01
1.249275949178384053e+03 1.524304346600782623e+01
1.450183589096271589e+03 1.523198334346094995e+01
1.683401047996844909e+03 1.535994062845322183e+01
1.954124367220892964e+03 1.532903978975743264e+01
2.268385211658494427e+03 1.531767739618174673e+01
2.633185254114023337e+03 1.537299526547489492e+01
3.056652171265962352e+03 1.548852728339877771e+01
3.548220726782310521e+03 1.559563371809012011e+01
4.118842976089516924e+03 1.565356447946634333e+01
4.781232276117861147e+03 1.569684494040099842e+01
5.550146536514712352e+03 1.587477337632307695e+01
6.442717023109733418e+03 1.596489240525495390e+01
7.478830039311685141e+03 1.609835973454364932e+01
8.681569989226922189e+03 1.618435164055700071e+01
1.007773369386291961e+04 1.645341146247414699e+01
1.169842741928567921e+04 1.678265740203934087e+01
1.357975991840657298e+04 1.692503291651265585e+01
1.576364692723990083e+04 1.724797433144610537e+01
1.829874503965734039e+04 1.754378642241911734e+01
2.124153576719400735e+04 1.782017125167109128e+01
2.465758393655565669e+04 1.826707901694422276e+01
2.862299846168811200e+04 1.857572784672221644e+01
3.322612803613730648e+04 1.903943246315148130e+01
3.856952952540806291e+04 1.935576962732003281e+01
4.477225291473550169e+04 1.973221957000830429e+01
5.197249372047751967e+04 2.005120501110361531e+01
6.033067196035767120e+04 2.050409380150226468e+01
7.003300628143968061e+04 2.092320240680417953e+01
8.129566287673573243e+04 2.136078483815265017e+01
9.436957162753412558e+04 2.182267124633556321e+01
1.095460167741961486e+05 2.212170851466093779e+01
1.271631266745216708e+05 2.267061651785960663e+01
1.476134072402844613e+05 2.327626247642569624e+01
1.713524868954943959e+05 2.385300910928693696e+01
1.989092678924196516e+05 2.432447620865742266e+01
2.308977101547901984e+05 2.478805791525137892e+01
2.680305101900043665e+05 2.534212363279409175e+01
3.111349798339420231e+05 2.582599748151650587e+01
3.611714786038474995e+05 2.642439938067637684e+01
4.192548103286557598e+05 2.677531417584059170e+01
4.866790607696805964e+05 2.718442761755688508e+01
5.649464296092047589e+05 2.812780802918760870e+01
6.558006991782855475e+05 2.865545408060168597e+01
7.612660856007664697e+05 2.920590666841878047e+01
8.836923379497096175e+05 2.951494393286809981e+01
1.025807090217020712e+06 3.018470671235671787e+01
1.190776632488350384e+06 3.052402704678623024e+01
1.382276455293667968e+06 3.140437314048774553e+01
1.604573138848455157e+06 3.215112409872306642e+01
1.862619411662475672e+06 3.305929679547948297e+01
2.162164496404131409e+06 3.385998337235901090e+01
2.509882201505628414e+06 3.479570395263733928e+01
2.913519612365926616e+06 3.836383034424359550e+01
