1.078557447548408009e-03 9.138895717292903953e+00 1.025290016811133142e+02
1.248014887775864522e-03 9.138855464953033803e+00 8.860564102994979407e+01
1.444096615948033211e-03 9.138801528054555590e+00 7.657253075785018837e+01
1.670985704272375059e-03 9.138729234969753534e+00 6.617296414243499214e+01
1.933522447907408230e-03 9.138632303891544240e+00 5.718508299061178946e+01
2.237307624477717811e-03 9.138502275446224843e+00 4.941714446514098569e+01
2.588821977196839336e-03 9.138327735807099117e+00 4.270343025916864832e+01
2.995564470568451865e-03 9.138093244523499692e+00 3.690071077638091879e+01
3.466212268117560905e-03 9.137777841043721594e+00 3.188518878083764463e+01
4.010805845006145884e-03 9.137352937948948650e+00 2.754985713739798570e+01
4.640963184597981551e-03 9.136779301235096185e+00 2.380221398257475229e+01
5.370127628494274566e-03 9.136002632524109046e+00 2.056228608630157595e+01
6.213854667501661141e-03 9.134946937294817104e+00 1.776091737134907333e+01
7.190143791733044111e-03 9.133504243937048628e+00 1.533828451958556727e+01
8.319822479302197912e-03 9.131518017158969158e+00 1.324260506008172023e+01
9.626990515361887046e-03 9.128755046817586205e+00 1.142900454179559766e+01
1.113953412028100692e-02 9.124854800885795925e+00 9.858506215266048756e+00
1.288972085501635494e-02 9.119230863250308516e+00 8.497092931659423698e+00
1.491488799497948242e-02 9.110858896566579546e+00 7.314746841958808865e+00
1.725823905769143657e-02 9.097753360231475739e+00 6.284222273454714625e+00
1.996976547679639447e-02 9.075383231158109965e+00 5.378682759365455368e+00
2.310731308479125820e-02 9.029824076632509744e+00 4.563537349464746207e+00
2.673781615607750961e-02 8.852276345883366204e+00 3.709438273060851721e+00
3.093872533655755985e-02 9.144197282260543957e+00 3.425655964082561233e+00
3.579965992223998333e-02 9.329034865660077003e+00 3.244139262771246646e+00
4.142431973542438917e-02 9.328018828882134628e+00 2.774971642503210045e+00
4.793269738511253542e-02 9.330452543764140572e+00 2.354377016630895714e+00
5.546363810648187453e-02 9.236329664360077629e+00 1.929540531407062387e+00
6.417780178926951740e-02 9.287365611254346121e+00 1.716217032864301828e+00
7.426109038493480807e-02 9.426296593191217710e+00 1.516829068026208205e+00
8.592861381053897019e-02 9.554711566205899231e+00 1.310117095203400917e+00
9.942927895519657056e-02 9.297578617829133307e+00 1.193385984798877253e+00
1.150510996877942838e-01 9.217810874691886980e+00 1.055338444341199722e+00
1.331273411460153211e-01 9.121388073796891760e+00 8.817140046896254635e-01
1.540436293846894344e-01 9.305448927017270222e+00 7.869090753738364752e-01
1.782461780557976772e-01 9.465570209135524493e+00 7.180011488704746148e-01
2.062513076224425645e-01 9.619374696660775825e+00 6.598307258568398836e-01
2.386564601831235866e-01 9.396116019746298065e+00 5.889818395060598677e-01
2.761529448889724625e-01 9.397653278536486354e+00 5.515682697514354693e-01
3.195406858558800800e-01 9.161793600757217604e+00 4.858093008374315680e-01
3.697452871932910279e-01 9.245804078388747627e+00 4.570294417364749728e-01
4.278377792032067584e-01 9.351192040660041727e+00 4.353337506114614008e-01
4.950574670011732570e-01 9.225417527136066553e+00 4.029992786285324646e-01
5.728383689959576364e-01 9.201202720978857386e+00 3.813816279328289816e-01
6.628398092481881942e-01 9.348131122989693509e+00 3.802360376243141826e-01
7.669818163442105874e-01 9.379914671427318495e+00 3.748071258820344087e-01
8.874860839602960461e-01 9.236911400161616825e+00 3.609196597843620236e-01
1.026923366941601357e+00 9.259759209091123822e+00 3.725461007627934307e-01
1.188268324011099830e+00 9.030366013415608961e+00 3.612697925825775203e-01
1.374962977084972060e+00 9.074930803960686632e+00 3.653535405982851758e-01
1.590990140991682456e+00 8.777085760506530221e+00 3.624675815443872962e-01
1.840958390093658581e+00 8.769862099235265163e+00 3.718317449105423833e-01
2.130200374430825327e+00 8.608288054538798306e+00 3.736676100862451610e-01
2.464886582794720837e+00 8.392853918311100614e+00 3.851241115584905783e-01
2.852156979676062409e+00 8.277847716763789165e+00 3.913629434455325740e-01
3.300273324337515746e+00 7.948075759270193608e+00 3.989170509189927105e-01
3.818795421481622654e+00 7.647663511251209023e+00 4.008386211775464281e-01
4.418785063523907652e+00 7.252590153851464549e+00 4.224958092350526995e-01
5.113042015234842808e+00 6.865611929604922281e+00 4.284328427930166328e-01
5.916377075084073844e+00 6.531558985401912487e+00 4.318398076225148374e-01
6.845928038589110365e+00 6.189387328328147753e+00 4.480545604288059258e-01
7.921525304212388541e+00 5.702749499624991003e+00 4.281386802452719631e-01
9.166114921390484227e+00 5.337340844125999517e+00 4.476237291877200319e-01
1.060624810571010279e+01 5.116793116441053613e+00 4.768956123229229904e-01
1.227264766420953990e+01 4.565614431996518618e+00 4.777687800088271097e-01
1.420086341453200340e+01 4.396854871359476391e+00 4.871895819979525921e-01
1.643203058019040697e+01 4.238635200844813156e+00 5.143394465711672581e-01
1.901374734102467201e+01 3.742951827771182849e+00 4.991604535040498614e-01
2.200109025990712297e+01 3.320186797781742083e+00 5.232148272785951404e-01
2.545778924810800703e+01 3.035898485594198171e+00 4.923974390233454290e-01
2.945758713522130989e+01 2.593820740549092729e+00 5.000385951295901465e-01
3.408581284777692133e+01 2.571326783690180751e+00 4.668615807826831388e-01
3.944120175764508218e+01 2.310337029377544482e+00 4.674076874069479359e-01
4.563800203428978364e+01 2.136662557564588116e+00 5.248045493242388115e-01
5.280841193633549580e+01 1.911607090895941274e+00 5.122914344260689479e-01
6.110540003794227459e+01 1.553211888644319139e+00 4.408751997523338573e-01
7.070596855475247366e+01 1.456188145039497561e+00 4.550080872404939636e-01
8.181492938695116379e+01 1.631166815785367596e+00 7.470294754355075728e-01
9.466927343493537705e+01 1.326238417805121195e+00 8.756097769836280742e-01
1.095432263995570281e+02 1.063603582315896467e+00 6.359298826009328609e-01
