22.15930558934676 19.622546543550733
25.452729821610458 19.62254587386063
29.23563884977301 19.622544988046883
33.58078229505509 19.622543819320345
38.57172218272358 19.62254227596273
44.304439934393436 19.62254024228804
50.8891821993745 19.622537557283856
58.45258102248913 19.622534014799296
67.14008912158644 19.6225293407156
77.11877710789602 19.622523172871837
88.58054644293297 19.622515033196592
101.7458199207521 19.62250429149308
116.86778064770019 19.622490113621033
134.23724104004455 19.622471398736845
154.188235475811 19.622446690487024
177.104444153855 19.622414062625197
203.426571698245 19.622370963963935
233.66082240686924 19.622314012739977
268.38863513288777 19.622238718233753
308.27786501181424 19.622139105536
354.0956270714942 19.6220072029717
406.7230487221312 19.621832336715393
467.1722148334382 19.62160014610882
536.6056312719227 19.62129118743606
616.3585812041505 19.620878911152893
707.964804103 19.62032665314945
813.1859912932514 19.619583007541486
934.0456652692316 19.618574405140855
1072.8680943221289 19.6171925623812
1232.322990849292 19.615271757540338
1415.4768529445878 19.612543746579114
1625.8519366266887 19.60853511727288
1867.493992807974 19.602247363962185
2145.050071662608 19.592057640406075
2463.8578906598304 19.56950797236935
2830.0484849108675 19.539566560084822
3250.664113911784 19.555951028315242
3733.793692162376 19.67246038886892
4288.728348145132 19.66911962265235
4926.140103239478 19.665776735885736
5658.287106768986 19.660805885500235
6499.24937408377 19.643667537660843
7465.19956118813 19.656339473949963
8574.713983215923 19.659524202326168
9849.129857990914 19.68261905820504
11312.95564486998 19.666810030722587
12994.342370149467 19.665335530501196
14925.625003155603 19.65901130569918
17143.944294293768 19.618222880243344
19691.96103370598 19.62919410975383
22618.676466538796 19.64743867938591
25980.374642335628 19.64919364110982
29841.7048209985 19.689782847368317
34276.92475121085 19.628457579197946
39371.32873097223 19.67914373784435
45222.88791346493 19.67739224836672
51944.1344031904 19.732360751851914
59664.325375676235 19.839747960417775
68531.9288392246 20.07934695499748
78717.4788427131 20.18179418141699
90416.85503832516 20.283052128948096
103855.04966891208 20.356031759917805
119290.49442341659 20.528932905523824
137020.03037068358 20.758258265027262
157384.61654910908 20.939348791460503
180775.88699476593 21.331651091168993
207643.68230707737 21.65463214058259
238504.70059256736 22.02670140647018
273952.4341541277 22.42129984265699
314668.58301957726 23.061771126995954
361436.16480458516 23.710882122072658
415154.5730274561 24.242653784633728
476856.87346421013 24.821199383174502
547729.6711724361 25.65096601809254
629135.9302492714 26.33049561646458
722641.1851732727 27.127561040635705
830043.6478039429 27.935768410696674
953408.7890305839 29.13490948999677
1095109.0601147143 30.391153908267054
1257869.5176124102 33.550017319318776