2.216099206995862403e+01 2.069794801905022652e+01
2.545829084520090291e+01 2.069794721502816870e+01
2.924618946267463571e+01 2.069794615605708543e+01
3.359768349287671896e+01 2.069794475346349216e+01
3.859662940117904384e+01 2.069794290342916554e+01
4.433936052310870934e+01 2.069794046418579470e+01
5.093654347802075222e+01 2.069793724197564799e+01
5.851531079560980686e+01 2.069793299085948135e+01
6.722171085252952594e+01 2.069792737818598383e+01
7.722352233118644449e+01 2.069791996956632829e+01
8.871348743738266762e+01 2.069791018854477471e+01
1.019130261832713700e+02 2.069789727412339175e+01
1.170765033125677093e+02 2.069788021997872107e+01
1.344961300947770155e+02 2.069785769434706424e+01
1.545075954495932251e+02 2.069782793373416752e+01
1.774965349173435243e+02 2.069778860028876011e+01
2.039059621372594222e+02 2.069773658970863295e+01
2.342448060435845605e+02 2.069766777259842172e+01
2.690977182975176447e+02 2.069757664069040004e+01
3.091363399513610375e+02 2.069745582095246306e+01
3.551322444617138672e+02 2.069729539670358420e+01
4.079718064730203082e+02 2.069708194315179384e+01
4.686732829037810006e+02 2.069679712170924191e+01
5.384064355004237541e+02 2.069641555899539043e+01
6.185150729997656072e+02 2.069590147801131153e+01
7.105429473039878303e+02 2.069520288338810587e+01
8.162635027063097368e+02 2.069423979139677883e+01
9.377140514566535785e+02 2.069286752098184579e+01
1.077235034255383880e+03 2.069084175570963424e+01
1.237515122253492109e+03 2.068859494495054108e+01
1.421643029707675623e+03 2.068566060911200566e+01
1.633167035757987378e+03 2.067967770727678811e+01
1.876163362356146081e+03 2.066854368782833262e+01
2.155314726037082437e+03 2.063234615365638902e+01
2.476000577283676648e+03 2.066927074198295244e+01
2.844400766463108539e+03 2.070081781602060289e+01
3.267614634053039936e+03 2.066426102042543178e+01
3.753797820113218222e+03 2.073182803429672205e+01
4.312319429420826964e+03 2.070348707067742566e+01
4.953942580956447273e+03 2.073594837186858797e+01
5.691031821060974835e+03 2.072132966974375989e+01
6.537791397266365493e+03 2.072242196906448441e+01
7.510538984510829323e+03 2.070859481206900909e+01
8.628020138642354141e+03 2.071767386609618811e+01
9.911769536959080142e+03 2.073365174817378787e+01
1.138652596715529944e+04 2.073568576534576735e+01
1.308070906181292048e+04 2.071821528329225970e+01
1.502696696545995655e+04 2.068016202206022669e+01
1.726280548813985661e+04 2.070564695321382942e+01
1.983131086974010759e+04 2.073018430171703486e+01
2.278198008327612843e+04 2.067920998414255251e+01
2.617167467768066126e+04 2.068938501536137764e+01
3.006571654134515120e+04 2.077385605913490707e+01
3.453914670257638500e+04 2.079499546572454705e+01
3.967817142497145687e+04 2.070994636418369694e+01
4.558182346502454311e+04 2.082302278915179272e+01
5.236387050561154319e+04 2.100642085403484316e+01
6.015500754225868877e+04 2.117514029813042598e+01
6.910537547107812134e+04 2.126673280652948606e+01
7.938745441339818353e+04 2.139782386243404133e+01
9.119938753356506641e+04 2.154445192074386028e+01
1.047687994023104839e+05 2.163926511184857659e+01
1.203571824883339286e+05 2.177214807924062256e+01
1.382649363089928811e+05 2.195786788326898176e+01
1.588371563482127094e+05 2.218094806192538826e+01
1.824702842982876173e+05 2.248799344503567710e+01
2.096197477805862727e+05 2.286222181563651645e+01
2.408087367681544274e+05 2.323399959074408372e+01
2.766382858382814447e+05 2.369173077854692977e+01
3.177988565473972121e+05 2.421629824491586902e+01
3.650836431291144690e+05 2.467994862792320632e+01
4.194038579259275575e+05 2.529475156657443691e+01
4.818062911159880459e+05 2.600733831696686593e+01
5.534934831237115432e+05 2.662326603751663967e+01
6.358468984512867173e+05 2.733358667512604967e+01
7.304535475077226292e+05 2.792248652510879481e+01
8.391365694575192174e+05 2.814405374590060660e+01
9.639903654427655274e+05 3.052282019187289563e+01
1.107420959221491124e+06 3.189109800679059958e+01
1.272192363001225982e+06 3.450547004457653344e+01
