1.073142472093681441e-03 4.535438667904309717e+00 8.936557444082039865e+02
1.230127058728993153e-03 4.535438957553639128e+00 7.796104516704359639e+02
1.410076126858528147e-03 4.535439339918633905e+00 6.801192251740166057e+02
1.616349034375960409e-03 4.535439838640130894e+00 5.933247227467858238e+02
1.852796562656945211e-03 4.535440494979498638e+00 5.176066329410441540e+02
2.123832804415752736e-03 4.535441358223111230e+00 4.515514216598191979e+02
2.434517567672999944e-03 4.535442491733745030e+00 3.939259442763171251e+02
2.790650834183198634e-03 4.535443981590292495e+00 3.436544270422537579e+02
3.198881035708104649e-03 4.535445939189246545e+00 2.997983817934626245e+02
3.666829169478675807e-03 4.535448511481308564e+00 2.615390871985966328e+02
4.203231069880455570e-03 4.535451891138991165e+00 2.281623040287846322e+02
4.818100492344504215e-03 4.535456332484580244e+00 1.990449419144757996e+02
5.522916053956222412e-03 4.535462168274094097e+00 1.736434267280310451e+02
6.330835520660696783e-03 4.535469836856096393e+00 1.514835533108579568e+02
7.256941441459920095e-03 4.535479913917177086e+00 1.321516326912385750e+02
8.318522715194844389e-03 4.535493156181964025e+00 1.152867691865467066e+02
9.535397346308425656e-03 4.535510558492293676e+00 1.005741230902228409e+02
1.093028241491747488e-02 4.535533428512279031e+00 8.773903309564441599e+01
1.252921816793578502e-02 4.535563486010119938e+00 7.654188884446516283e+01
1.436205414834355876e-02 4.535602992559407021e+00 6.677365775721138164e+01
1.646300643784987319e-02 4.535654923606194266e+00 5.825198275249064750e+01
1.887129641576693051e-02 4.535723195121833307e+00 5.081777792421439699e+01
2.163188295869056949e-02 4.535812963482871218e+00 4.433225866010884175e+01
2.479630174997016559e-02 4.535931023025689512e+00 3.867435075422120860e+01
2.842362736751754757e-02 4.536086334175057466e+00 3.373843013639075394e+01
3.258157611057723585e-02 4.536290727637700471e+00 2.943235102621283872e+01
3.734777015344932505e-02 4.536559847601922435e+00 2.567572569847755659e+01
4.281118662586910761e-02 4.536914422242031897e+00 2.239842373934109787e+01
4.907381867202911807e-02 4.537381987997478383e+00 1.953926277129510680e+01
5.625257949752764108e-02 4.537999252135004546e+00 1.704486619492993427e+01
6.448148494971864264e-02 4.538815369423643276e+00 1.486866660549046593e+01
7.391415537670648073e-02 4.539896557052643722e+00 1.297003625240039604e+01
8.472668347064399308e-02 4.541332720931625211e+00 1.131352826220965291e+01
9.712092163332744499e-02 4.543247201015949699e+00 9.868214378471666492e+00
1.113282502338839575e-01 4.545811534542487209e+00 8.607106708961000052e+00
1.276138971058244087e-01 4.549268648454040331e+00 7.506652407484270206e+00
1.462818889214817786e-01 4.553970951911030518e+00 6.546291298103734668e+00
1.676807268779826332e-01 4.560446424232376117e+00 5.708066970412298602e+00
1.922098926506246586e-01 4.569521387777960797e+00 4.976281189892782564e+00
2.203273060692802487e-01 4.582569492154871860e+00 4.337177351000178760e+00
2.525578737405767549e-01 4.602079693166175822e+00 3.778622135288037143e+00
2.895032882047958722e-01 4.633191753044584082e+00 3.289678622841750499e+00
3.318532605618924047e-01 4.689194797860658070e+00 2.859460949363724858e+00
3.803983962615831160e-01 4.831511747763657105e+00 2.465783786192863314e+00
4.360449544276708833e-01 4.993076242806220755e+00 2.179462544599766627e+00
4.998317662493035884e-01 4.107536528697574241e+00 1.799029195535096104e+00
5.729496282781538774e-01 4.066281002149588986e+00 1.512253799094687157e+00
6.567635326729934775e-01 4.212555818566365851e+00 1.436112222865997490e+00
7.528381493943570035e-01 4.213059308466036157e+00 1.213986215210471231e+00
8.629670360606280788e-01 4.317349059477408879e+00 1.102644470827475409e+00
9.892061207662907751e-01 4.275675913890827573e+00 9.433997050718009314e-01
1.133912082932384546e+00 4.309497120065690190e+00 8.113501062158574584e-01
1.299786348697523852e+00 4.118209971795548263e+00 6.829815145563725709e-01
1.489925522172237171e+00 4.193819841847314045e+00 6.335777439997131166e-01
1.707879194026530101e+00 3.992786192440808790e+00 5.243850869919074453e-01
1.957716206603457909e+00 4.024668224368475045e+00 4.819818370569580734e-01
2.244100612621139135e+00 4.076441232579799845e+00 4.239400048707394064e-01
2.572378745489248608e+00 4.017387821505236545e+00 3.612465823919150942e-01
2.948679026701900074e+00 3.983802993395693992e+00 3.252110860256705593e-01
3.380026373549433139e+00 3.984534188870633376e+00 2.908581226428131328e-01
3.874473342955925492e+00 3.892519856049762694e+00 2.646556974096779813e-01
4.441250459685657681e+00 3.882058571652794221e+00 2.443194911542657666e-01
5.090938535302869994e+00 3.803886447692023332e+00 2.284137418937826625e-01
5.835666194800941398e+00 3.799926026188227723e+00 2.100056706608750823e-01
6.689336298403476988e+00 3.644321740940774657e+00 2.002677534323602515e-01
7.667885485465923523e+00 3.541963391884428436e+00 1.881598636714654493e-01
8.789581685742390960e+00 3.418453707243683137e+00 1.840564450361508453e-01
1.007536515207147687e+01 3.349904115337863697e+00 1.832397442158933687e-01
1.154923938100954572e+01 3.243509688485959330e+00 1.848082757984424451e-01
1.323871921926701845e+01 3.033733943663265542e+00 1.936012400379608367e-01
1.517534452136965939e+01 2.834834286704793538e+00 1.945086086699948091e-01
1.739526894770222043e+01 2.712959873678708167e+00 2.073065006101754704e-01
1.993993489484100223e+01 2.480679219011210801e+00 2.174569528801850449e-01
2.285684715803246547e+01 2.320531649057977042e+00 2.319441469511328568e-01
2.620045976884429706e+01 1.994846623028863508e+00 2.411956031479189910e-01
3.003319256381289648e+01 1.868944395231124433e+00 2.594914856220431054e-01
3.442659646177858690e+01 1.453414136643686794e+00 2.705498506546673565e-01
3.946268920375072042e+01 1.321206279507732395e+00 3.039598184130797853e-01
4.523548649140462885e+01 1.139317723195764520e+00 2.996993595971707558e-01
5.185275710808797101e+01 1.007887141805233755e+00 4.473545135228946812e-01
