1.073660338397927237e-03 6.184863858502837708e+00 8.562740499598974111e+02
1.231832706099575923e-03 6.184873271795111371e+00 7.463233283188003497e+02
1.413307134061434194e-03 6.184885662207777024e+00 6.504904901495350487e+02
1.621516497571774077e-03 6.184901973211887061e+00 5.669627063358744863e+02
1.860399405429691115e-03 6.184923444133990422e+00 4.941599167833001616e+02
2.134474704948197826e-03 6.184951709496412597e+00 4.307049418195095427e+02
2.448926963084798250e-03 6.184988921344012347e+00 3.753974305340537398e+02
2.809704540710067106e-03 6.185037910320584587e+00 3.271911533957149345e+02
3.223632115243859307e-03 6.185102407777971045e+00 2.851742123996372698e+02
3.698539780202436331e-03 6.185187327160803328e+00 2.485517901607910574e+02
4.243411163778249527e-03 6.185299143576546754e+00 2.166311149984036604e+02
4.868553368349145746e-03 6.185446388898803605e+00 1.888083556252875610e+02
5.585791945591078202e-03 6.185640312855812617e+00 1.645571987514415468e+02
6.408694595456392029e-03 6.185895753916988760e+00 1.434188925692841678e+02
7.352827820636963913e-03 6.186232298429305665e+00 1.249935683101754336e+02
8.436051391536587840e-03 6.186675820548965810e+00 1.089326752598318819e+02
9.678856192022368063e-03 6.187260540985826118e+00 9.493238625397604835e+01
1.110475183684084960e-02 6.188031786524027744e+00 8.272784849039688027e+01
1.274071139309424991e-02 6.189049713139104902e+00 7.208817066609042001e+01
1.461768161838554805e-02 6.190394365751578754e+00 6.281205104089225699e+01
1.677116836759242474e-02 6.192172621026950985e+00 5.472396285651121417e+01
1.924190824216336776e-02 6.194527831748262159e+00 4.767082351712267752e+01
2.207663918724260543e-02 6.197653437359765149e+00 4.151908214872683800e+01
2.532898461368506340e-02 6.201812558113508622e+00 3.615216631893000709e+01
2.906046776952492944e-02 6.207366922814489207e+00 3.146823229938269506e+01
3.334167554933545330e-02 6.214820945201863900e+00 2.737816269187207041e+01
3.825359375677135632e-02 6.224891588454611657e+00 2.380374688870596245e+01
4.388913907889259447e-02 6.238624734295601826e+00 2.067595429452134326e+01
5.035491675198242728e-02 6.257601601036666850e+00 1.793314172910799442e+01
5.777323716788337893e-02 6.284336095047142301e+00 1.551884505461330122e+01
6.628442956814337150e-02 6.323129420569826742e+00 1.337820123673050077e+01
7.604949659314938493e-02 6.382231019130180982e+00 1.144971381634269747e+01
8.725315990123619359e-02 6.481003598276560140e+00 9.636366130822061393e+00
1.001073544704632334e-01 6.696458004753763404e+00 7.581652028366758778e+00
1.148552376832943922e-01 6.547976404268230688e+00 7.122334065390556468e+00
1.317757890323460468e-01 4.834697497328608762e+00 7.606960062646472842e+00
1.511890874578989963e-01 4.847158880596730945e+00 6.634965944501608703e+00
1.734623661463443045e-01 4.865073139245919442e+00 5.789164787425918668e+00
1.990169593256340130e-01 4.891808735146242704e+00 5.054098147709653155e+00
2.283362724673394517e-01 4.934183478445422821e+00 4.417002927936315437e+00
2.619749266642705243e-01 5.009002260837241316e+00 3.868649461398603329e+00
3.005692501639951608e-01 5.178349916217772630e+00 3.408180171695572191e+00
3.448493155221773465e-01 5.522402845135808036e+00 3.015475648152800670e+00
3.956527500774916772e-01 4.260451317973939389e+00 2.320336127895444633e+00
4.539405809950487480e-01 4.257607988803602694e+00 2.005840880588109165e+00
5.208154146123427086e-01 4.250294632783346849e+00 1.721903376064688684e+00
5.975422939787464749e-01 4.219048634028216505e+00 1.419432640614054719e+00
6.855726291418429152e-01 4.264642437527434993e+00 1.320709089778537182e+00
7.865716528597324064e-01 4.346845088247077271e+00 1.165351019149243550e+00
9.024499211074621385e-01 4.477452381552223137e+00 1.059552356176828747e+00
1.035399454259378738e+00 4.421908597041084299e+00 9.207716328469073286e-01
1.187935202614928798e+00 4.238013231834996120e+00 7.669762877070545048e-01
1.362942620653780246e+00 4.321687790195112733e+00 6.674634283114888600e-01
1.563732249962411558e+00 4.289198753489698035e+00 5.803198294824380987e-01
1.794102343354379014e+00 4.113743694263517270e+00 5.165378371915266831e-01
2.058410714818374565e+00 4.210400351097074889e+00 4.634254962526961341e-01
2.361657174449255603e+00 4.264876366642319283e+00 4.253822282082942441e-01
2.709578107748905396e+00 4.155202597009943766e+00 3.643742311313114546e-01
3.108754988413704456e+00 4.117953832727469177e+00 3.220859010292622115e-01
3.566738877299299837e+00 4.113104600464065896e+00 2.976156244485219093e-01
4.092193262657118247e+00 4.087494466021069250e+00 2.704109545777179657e-01
4.695057943691200109e+00 3.948059897587088862e+00 2.348022016083062546e-01
5.386737057551540531e+00 3.849561772354580302e+00 2.182668433821967902e-01
6.180314806591342247e+00 3.827345881396439609e+00 2.033547622143910549e-01
7.090802966709818911e+00 3.748000210665684673e+00 1.924271878105828781e-01
8.135424858791562741e+00 3.602844649290102730e+00 1.852394709300247688e-01
9.333941155010553103e+00 3.537770629816586521e+00 1.831568522818996791e-01
1.070902368313939235e+01 3.401984229578440821e+00 1.814036483754902507e-01
1.228668429996232447e+01 3.162886128047037282e+00 1.872421761497800041e-01
1.409676694660977425e+01 2.997439729973803146e+00 1.848487378059972819e-01
1.617351219381775707e+01 2.703313068827703614e+00 1.920710115528318496e-01
1.855620495637699108e+01 2.639514339136169951e+00 2.043387211039155715e-01
2.128991762931303811e+01 2.234403025414103627e+00 2.144965119863594116e-01
2.442636270339142612e+01 2.060078230688396239e+00 2.317982730884322329e-01
2.802487098851606362e+01 1.892330758715956796e+00 2.539801227921031357e-01
3.215351394966075560e+01 1.612044579265851540e+00 2.644753224182496143e-01
3.689039138608971768e+01 1.424167463112467447e+00 2.982801581380809530e-01
4.232510881235241129e+01 1.161806252412975971e+00 3.117372820549562662e-01
4.856047248804635785e+01 1.160610807670897193e+00 3.569156026624230593e-01
5.571443416051181430e+01 8.425143213923865781e-01 4.321573964876829765e-01