1.079674960515694410e-03 8.901793747089062236e+00 3.897592408933876413e+02
1.251721080213437148e-03 8.901799331339471877e+00 3.361874949258278775e+02
1.451182735498772209e-03 8.901806836799224243e+00 2.899790188679608036e+02
1.682428589802615953e-03 8.901816925748507359e+00 2.501217421536088352e+02
1.950523452728612208e-03 8.901830487162897043e+00 2.157426998476923075e+02
2.261339210890786836e-03 8.901848717015647949e+00 1.860889127993423529e+02
2.621683435571416695e-03 8.901873223069037167e+00 1.605108956776174978e+02
3.039448483999019832e-03 8.901906168051082702e+00 1.384484317656091434e+02
3.523784359903235977e-03 8.901950460697170442e+00 1.194183029173095321e+02
4.085299119385456951e-03 8.902010015195699566e+00 1.030037059984655343e+02
4.736291211449128284e-03 8.902090100081480273e+00 8.884512391605042581e+01
5.491018841975206857e-03 8.902197810482764595e+00 7.663245135586264212e+01
6.366012260825822631e-03 8.902342707887465068e+00 6.609820273263710533e+01
7.380435811873265958e-03 8.902537689156403644e+00 5.701165358717039311e+01
8.556507675672498509e-03 8.902800171072904334e+00 4.917378709642764534e+01
9.919986498095379607e-03 8.903153712848974166e+00 4.241293499726961613e+01
1.150073556319931335e-02 8.903630252872320128e+00 3.658101741960241782e+01
1.333337686699800385e-02 8.904273217616466951e+00 3.155029921061569098e+01
1.545804941783587502e-02 8.905141891471618720e+00 2.721059162489363814e+01
1.792128837186731521e-02 8.906317648326348646e+00 2.346683793904123405e+01
2.077704425870510740e-02 8.907913008083728101e+00 2.023702985888070316e+01
2.408786462059542971e-02 8.910085125601725053e+00 1.745040864023383165e+01
2.792626394570207893e-02 8.913056526706482074e+00 1.504591071754390086e+01
3.237631190015140964e-02 8.917148304400930314e+00 1.297082225952462764e+01
3.753547464472813122e-02 8.922836102353965515e+00 1.117961008188722971e+01
4.351674956524122923e-02 8.930851100719314317e+00 9.632896558449502322e+00
5.045114017200511003e-02 8.942379076150098527e+00 8.296539858639967235e+00
5.849052537435762977e-02 8.959503382982452635e+00 7.140754846038389836e+00
6.781098597384593862e-02 8.986381470034434216e+00 6.139107147622074656e+00
7.861666123383884153e-02 9.033420529591321468e+00 5.266681738080082553e+00
9.114421999320246326e-02 9.145300562355856755e+00 4.491169518168969255e+00
1.056680442515867679e-01 9.194545546486672549e+00 3.820451674332269842e+00
1.225062387586183660e-01 8.850562472159539951e+00 3.276363660586986359e+00
1.420275982306565821e-01 8.950756778450944751e+00 2.959515702463542119e+00
1.646596847929893970e-01 9.037267741439483970e+00 2.507039591027508507e+00
1.908981925618055964e-01 8.378123490374168369e+00 2.174931088071582863e+00
2.213178044715640169e-01 8.493006220115795202e+00 1.903021148342104452e+00
2.565847791369479380e-01 8.689407653175724278e+00 1.669322309566362739e+00
2.974715434302768746e-01 8.447861512800802331e+00 1.395302756988546999e+00
3.448736103849766033e-01 8.200877823387665799e+00 1.217736419789082980e+00
3.998291929656323518e-01 8.144208968007088600e+00 1.028602776691908582e+00
4.635419432907496584e-01 8.262440906641947080e+00 9.151546158762212668e-01
5.374073153488667653e-01 8.225355709098192136e+00 7.963911489796634546e-01
6.230431286113988776e-01 8.077930165760575321e+00 6.760092656777210163e-01
7.223250019547746703e-01 8.067209926935378306e+00 6.036396030489934450e-01
8.374274339752652008e-01 7.951170378901703195e+00 5.321259829204857406e-01
9.708714294487414964e-01 8.036709397154966794e+00 4.853980854337274220e-01
1.125579715063029784e+00 7.950707243758090570e+00 4.348434463782987480e-01
1.304940753772855899e+00 7.737490305198155838e+00 3.818557138427948749e-01
1.512882959837200669e+00 7.774763911453876020e+00 3.572160278538009659e-01
1.753960740016990982e+00 7.694255924389643120e+00 3.360340797074318209e-01
2.033454245430853291e+00 7.551365406847874162e+00 3.092406182644416024e-01
2.357485018861201986e+00 7.313649298870634752e+00 2.899762912558377370e-01
2.733150070449414493e+00 7.149147717856209283e+00 2.799416506977713270e-01
3.168677318342461469e+00 7.022073133172330728e+00 2.804405747022871709e-01
3.673605798794285171e+00 6.782672091502233158e+00 2.763074522209622019e-01
4.258994592732603834e+00 6.642145212188536263e+00 2.901120781271978033e-01
4.937665044757652666e+00 6.289763877767387434e+00 2.912892600066690485e-01
5.724481579719232549e+00 5.958704181402739053e+00 2.956664498292577714e-01
6.636677267393126911e+00 5.715295921812124647e+00 3.007214737565217511e-01
7.694231265863030522e+00 5.483720117905207303e+00 3.125144713129107132e-01
8.920306410475545178e+00 4.915424177557307317e+00 3.250383272476291552e-01
1.034175653256060734e+01 4.826063951773517324e+00 3.452387582149118450e-01
1.198971461934998217e+01 4.433995828866079236e+00 3.391852819374268635e-01
1.390027469713228747e+01 4.201229329832060877e+00 3.537364366401068438e-01
1.611528237243492612e+01 3.902440955338094319e+00 3.495505525788688561e-01
1.868325134588094016e+01 3.459299907834911814e+00 3.460177883836325075e-01
2.166042597245663615e+01 3.358875450556651820e+00 3.625977748493808273e-01
2.511201314067383805e+01 3.132489162067299659e+00 3.383211632704652971e-01
2.911361045157940808e+01 2.970441551133050417e+00 3.651880617368868931e-01
3.375286197797719723e+01 2.572577151074624702e+00 3.705869987422022449e-01
3.913137786875122259e+01 2.284928231620814820e+00 3.451726771741940314e-01
4.536695984198610887e+01 2.058904487570634156e+00 3.406404846477606996e-01
5.259618131024072341e+01 1.591479281694979653e+00 2.718897270933517962e-01
6.097737864858017787e+01 1.652307342319047079e+00 3.164638114731836427e-01
7.069411912093251260e+01 1.517966660604093132e+00 3.875893384574437550e-01
8.195922142023668755e+01 1.370633315561356591e+00 3.641949751276336023e-01
9.501941688134550645e+01 1.172060020636798150e+00 4.474477775436920823e-01
1.101607534578363925e+02 7.082028398350626031e-01 4.785469745688856191e-01
1.277148608221007606e+02 6.593103652819783944e-01 4.418634712025882871e-01
