22.20802111162233 13.339817227975283
25.613587178127556 13.338809498733358
29.541391591536318 13.337461176088171
34.07151880349348 13.335653519869973
39.29633409380081 13.333223391785975
45.32236681662924 13.329944046792898
52.27248243965694 13.3254951626533
60.288387662086805 13.319413423451344
69.53351968867992 13.311004153817493
80.19637856954236 13.299161190100804
92.49437054912087 13.281897028140039
106.67824078688811 13.254085047734744
123.03718582896445 13.216679128335482
141.90475006944217 13.19699617446991
163.66562642503465 13.106664543898347
188.7634998827794 12.885259842588544
217.71009384378436 12.850565698966092
251.0956037099491 13.885527531671311
289.6007304452497 13.828790691090264
334.01055946523957 13.8582329376785
385.2305678330248 13.819177650519917
444.3050861342575 13.759107841346776
512.4385914524169 13.740230662626557
591.0202655892803 13.583057708816355
681.6523192509372 13.81242412143187
786.1826597044007 13.671452999894166
906.7425679693903 14.569993529667368
1045.7901537498415 14.703716755105997
1206.160474112689 14.791019161046902
1391.1233377893782 15.04006306686706
1604.449973678591 15.068141388633691
1850.4899228618829 15.222415577217557
2134.2597218922997 15.372458216073614
2461.5451855296474 15.51408725141517
2839.019374376755 15.352438050138737
3274.378652672313 15.619475300548
3776.4996103381063 15.91515447341694
4355.620048782168 16.27951115095965
5023.547720597989 16.454312315159704
5793.901079177286 16.50835479552634
6682.38694690766 16.459210230591165
7707.120763363571 17.097468163433586
8888.995943067572 17.295594987515162
10252.109873699203 17.449292244023795
11824.255240477574 17.61613140331611
13637.486694386502 17.781700598650506
15728.7744181051 17.870012040547394
18140.757915274124 18.074147853012185
20922.61539219322 18.471843789232707
24131.06645787165 18.54949455741222
27831.52858659786 18.70123975365751
32099.450922275246 18.965550854075712
37021.85261961247 19.163315092604236
42699.09708758208 19.439868333820193
49246.93831039957 19.595072696860953
56798.88096869446 19.899928519264947
65508.90248165247 19.864629347879614
75554.59247015676 20.203128562081687
87140.77365179923 20.81379521502275
100503.6779946032 21.261787862760592
115915.76327753122 21.790903602852854
133691.26826317905 22.0987751576546
154192.61974770456 22.48802995312731
177837.82212206264 22.823742574101384
205108.98011115228 23.092852455319036
236562.12846197412 23.809664140636162
272838.56899943075 24.397265440948676
314677.9462022936 24.87574006216154
362933.32789874065 25.304687912784292
418588.5985634882 25.859971349419897
482778.5198504313 26.307854239959976
556811.8673772764 26.909103411563905
642198.1155007114 27.368136286206592
740678.2141610219 27.92810156137542
854260.0853087573 28.147664076689054
985259.5626541239 28.94707995614431
1136347.6094643222 29.37108195309056
1310604.7771378867 30.003203766332177
1511584.0149180866 30.730735253546662
1743383.1113798022 32.84995582608589