22.204161881952054 14.730059936257803
25.600827319311595 14.729800010386654
29.51709516970933 14.729454042050495
34.03245123256065 14.728993355861196
39.238540589359225 14.728379569490354
45.24102766096713 14.727561189704554
52.16174080580955 14.72646892111872
60.14114498641104 14.725009125142165
69.3411926902883 14.723054560220131
79.94861096838294 14.72043100872186
92.17869130579655 14.716897451417221
106.27965924523176 14.712115648627082
122.53771245038581 14.705601295975471
141.28282946341022 14.696640632374315
162.89546705279798 14.684135195772921
187.81428208316908 14.666269944102138
216.54503463244356 14.639328866562328
249.6708530568581 14.596898969068016
287.86406934680116 14.52244622669305
331.8998649875592 14.402186316326008
382.67200428563734 14.354449300650678
441.21097448917556 14.74825161782104
508.7049008800309 14.602444570170675
586.523661336785 14.394408099420724
676.2466898054053 14.83777520048477
779.6950329855121 15.429218857034272
898.9683108648018 15.613648919148169
1036.487331264212 15.602176481584085
1195.0432233119905 15.590260093713859
1377.8540870750558 16.109161079914482
1588.6303091263153 16.308222733271077
1831.649869713161 16.367418188736444
2111.845169985034 16.31854629142392
2434.9031415526697 16.5757007183181
2807.38067023402 16.742664765205546
3236.8376766633423 16.73862930143547
3731.99055480922 16.886747200021688
4302.889082637748 16.963704533257626
4961.120395555133 17.03738023516766
5720.044162538593 17.14017873749338
6595.06373816407 17.291060054036347
7603.93879391717 17.422619501356447
8767.145774050447 17.433152620060287
10108.293491912067 17.677713224725437
11654.602301819097 17.893724060806083
13437.456571897928 17.849888573172894
15493.041671053808 17.892669580218346
17863.07839855642 18.401189855082855
20595.66976245465 18.820104809942084
23746.277293300605 19.038077426952235
27378.846708751964 19.247201046464525
31567.105775894346 19.584093148946984
36396.06071310396 19.68585796800994
41963.7215028915 20.03609947181657
48383.09113321786 20.244489456218897
55784.459141546 20.3981298591892
64318.04601211815 20.510983431639247
74157.05209797437 20.685735196563048
85501.17294958822 20.775414634073737
98580.65239833177 21.7249576805204
113660.95565742203 21.893242863479344
131048.15728706904 22.110831629797552
151095.15337965527 22.703134585468746
174208.82404940337 22.8933867697561
200858.29159866626 23.512097266825158
231584.4419711701 23.90446662275481
267010.9027426097 24.36292656307659
307856.70046133257 24.67767855562123
354950.8542364641 25.06167855776272
409249.20176951017 25.841250248509393
471853.7993358506 26.466392794224216
544035.2894642217 26.96943949144066
627258.6902956226 27.381860961743943
723213.1300505558 27.95819456156
833846.13010466 28.50124856891564
961403.1324927874 28.879075169809777
1108473.0741041289 29.956262424456405
1278040.932556537 31.132585512594737
1473548.310237567 32.517122524743804
1698963.2861449327 34.827067491474764