1.075221823450490206e-03 4.405990899720059417e+00 1.065015456388546653e+02
1.236982115797904003e-03 4.405975826810161422e+00 9.256568213790909283e+01
1.423078216449831729e-03 4.405955873702186665e+00 8.045090434760950870e+01
1.637171293157887271e-03 4.405929458684695987e+00 6.991886743403985349e+01
1.883473313102154104e-03 4.405894486198719484e+00 6.076236236358530363e+01
2.166829907165914327e-03 4.405848178948656546e+00 5.280123813351153927e+01
2.492815700614067417e-03 4.405786854558123800e+00 4.587885565688220879e+01
2.867843985666468712e-03 4.405705627793761181e+00 3.985900314593933302e+01
3.299292893613173586e-03 4.405598012767485194e+00 3.462321169070242632e+01
3.795650548722828699e-03 4.405455390006140171e+00 3.006841720003561491e+01
4.366682059634398316e-03 4.405266289774795396e+00 2.610492099642986119e+01
5.023621633542882034e-03 4.405015423944304231e+00 2.265460599746369752e+01
5.779393592743733293e-03 4.404682370585462969e+00 1.964936813509892843e+01
6.648866641712261258e-03 4.404239774314373079e+00 1.702972237395587385e+01
7.649146387049728102e-03 4.403650864392236741e+00 1.474353670417218254e+01
8.799911865196947611e-03 4.402866003014562324e+00 1.274482891000950602e+01
1.012380269860438387e-02 4.401817850712086866e+00 1.099251043031810404e+01
1.164686449708841193e-02 4.400414586874378919e+00 9.448818029998957257e+00
1.339906126699194622e-02 4.398530563777088176e+00 8.076707670040097042e+00
1.541486490904788592e-02 4.395994319809625850e+00 6.833592901272252718e+00
1.773393340245099994e-02 4.392576173354816760e+00 5.647453762577162806e+00
2.040189101741484226e-02 4.387843136197900229e+00 4.132751643220871074e+00
2.347122590575107665e-02 4.383843889898193957e+00 4.796015371004728856e+00
2.700232272824903274e-02 4.367816388695852758e+00 5.074124231397226126e+00
3.106465063428404810e-02 4.342549487075674008e+00 4.272653272855459150e+00
3.573812996541059911e-02 4.296569443817495504e+00 3.512085627241547936e+00
4.111470457082817831e-02 4.184611590095436817e+00 2.667711307458547676e+00
4.730015066771997567e-02 4.205692882399532984e+00 2.340461531114699678e+00
5.441615783313760724e-02 5.068582241693106560e+00 3.674886674417743304e+00
6.260272306789416152e-02 5.199118005232183926e+00 2.956742968471139932e+00
7.202090503216029838e-02 4.926526260893531628e+00 2.448087888719657990e+00
8.285599263830767391e-02 4.765060217887041816e+00 2.235368801959115359e+00
9.532115033841544183e-02 4.868452570300220827e+00 2.566499218443377917e+00
1.096616118221232505e-01 4.908442555501951965e+00 2.427728559252996021e+00
1.261595046296831724e-01 4.870984602841438083e+00 1.874024579785669831e+00
1.451394005973938306e-01 4.709094129674492812e+00 1.756096015177080583e+00
1.669747013322880891e-01 4.408928861439576963e+00 1.799468903883935544e+00
1.920949843409194835e-01 4.407444676986017384e+00 1.707201265295434034e+00
2.209944543365541803e-01 4.568038346473247913e+00 1.658281967075961871e+00
2.542416659918375621e-01 4.451252424892834902e+00 1.331234434248625087e+00
2.924907094178306188e-01 4.471180695486771661e+00 1.301321649054512086e+00
3.364940784273039442e-01 4.560190488045122947e+00 1.182464670869873835e+00
3.871174747464921628e-01 4.398814036399088856e+00 1.063452473331599091e+00
4.453568394264526553e-01 4.697427728512491463e+00 1.032188786484137477e+00
5.123579465220622353e-01 4.088223695777815969e+00 8.655408239986213115e-01
5.894389445155385765e-01 3.981369502273132799e+00 8.852968351296603977e-01
6.781162889539207317e-01 3.719700931420985235e+00 7.715988444096208987e-01
7.801345764871077115e-01 3.880618242818320685e+00 7.301479923301701369e-01
8.975008672473800964e-01 3.790610934464154980e+00 6.553244011815859693e-01
1.032524170812868736e+00 3.846723856209986359e+00 6.799174447114224584e-01
1.187860872583367478e+00 3.537890029952744264e+00 6.056101845482438906e-01
1.366566994265790314e+00 3.534933815184433836e+00 6.044342537468440080e-01
1.572158316617646934e+00 3.598720133146542821e+00 5.734571912216644973e-01
1.808679547275312105e+00 3.519791148243134771e+00 5.467858925600947995e-01
2.080783894442624238e+00 3.336701628298175848e+00 5.361640114493883003e-01
2.393824611935397417e+00 3.362477503047230698e+00 5.098293449158762813e-01
2.753960316596282709e+00 3.072799709565171788e+00 4.627582967396163260e-01
3.168276150045604922e+00 3.060904712476843148e+00 4.423976368962844741e-01
3.644923168447861794e+00 2.999774713042420160e+00 4.262534373479687222e-01
4.193278702583034701e+00 2.818093844801247805e+00 4.350210171556750938e-01
4.824130843071838370e+00 2.722261897781820039e+00 3.924259440627308471e-01
5.549890680231067464e+00 2.744821916680965757e+00 4.181249730519868146e-01
6.384836474066792000e+00 2.680611900539087156e+00 4.075441914302084245e-01
7.345394558091797421e+00 2.446197181909185669e+00 3.908539493347990001e-01
8.450462503337742959e+00 2.421472565262864585e+00 3.908512673455526998e-01
9.721780900339856757e+00 2.347493567015265903e+00 4.119247103240059604e-01
1.118436107335927687e+01 2.159950356604072752e+00 4.177538150976626841e-01
1.286697714149281069e+01 1.986217903210058422e+00 4.106956275129927114e-01
1.480273210725054156e+01 1.922723718160600948e+00 4.049169665556671682e-01
1.702970910956354800e+01 1.665498000985773608e+00 4.183021649693793864e-01
1.959172065366913884e+01 1.618816682072929058e+00 3.877190572935473312e-01
2.253917055787238510e+01 1.626328375219749933e+00 3.721406841196649995e-01
2.593004557472191252e+01 1.196986846216754996e+00 3.991111165092183222e-01
2.983105619529170838e+01 1.052541256649351276e+00 3.316911963824571430e-01
3.431894908021948254e+01 1.101340215741084538e+00 3.592632807229563796e-01
3.948201693765674491e+01 1.025167216415808102e+00 3.693569418745393240e-01
4.542183555276410800e+01 1.081827878597564796e+00 4.104564579294857629e-01
5.225526214225854460e+01 6.084765133975846840e-01 4.220032458893424043e-01
6.011673434870667165e+01 5.495787781518958193e-01 3.069949929958365464e-01
6.916091510390351971e+01 5.951863558449345115e-01 4.912066651383610316e-01