1.074711267447510648e-03 4.444296276215880859e+00 1.022420452376335192e+02
1.235297349309758420e-03 4.444122771843373343e+00 8.893749853403295447e+01
1.419878610592722936e-03 4.443893275003892640e+00 7.736051356703640636e+01
1.632040471830709018e-03 4.443589601718990423e+00 6.728620387241065259e+01
1.875904096182920856e-03 4.443187576644537451e+00 5.851886769869561533e+01
2.156206441454526501e-03 4.442654994031975946e+00 5.088818434609480335e+01
2.478392273693634431e-03 4.441948835576219778e+00 4.424590230707166683e+01
2.848719929693172264e-03 4.441011436969757753e+00 3.846295417923271032e+01
3.274382882793893702e-03 4.439765139317327858e+00 3.342694118442089035e+01
3.763649473357826014e-03 4.438104706390321397e+00 2.903993657650546467e+01
4.326023518123263065e-03 4.435886355230511668e+00 2.521656214020073250e+01
4.972428918216718896e-03 4.432911480496597001e+00 2.188229497661188816e+01
5.715421851761968292e-03 4.428901731333593439e+00 1.897196187082184693e+01
6.569434672846636777e-03 4.423459321123750065e+00 1.642837345244635117e+01
7.551056254490625189e-03 4.416000665889113996e+00 1.420103451008336570e+01
8.679354221171518835e-03 4.405638435052047441e+00 1.224482555769731817e+01
9.976245330150769475e-03 4.390954820741171716e+00 1.051844147055304468e+01
1.146692119611652030e-02 4.369517746427287186e+00 8.982052987733078808e+00
1.318033762868170075e-02 4.336683950468547266e+00 7.592543834428354899e+00
1.514977708793155235e-02 4.281858851516032516e+00 6.289553665123921888e+00
1.741349518350480269e-02 4.169804206989695672e+00 4.924380038955724181e+00
2.001546377520633385e-02 4.023827960970976392e+00 3.667332068760987607e+00
2.300622510959713166e-02 4.977220716932025724e+00 6.650182409216748525e+00
2.644387358383862643e-02 4.934011393016010771e+00 5.607947369791352443e+00
3.039518420717928979e-02 4.840202810471224915e+00 4.595357039325219439e+00
3.493690968001712804e-02 4.352044872327859082e+00 3.100085080132436222e+00
4.015727128580368760e-02 5.514223965489513546e+00 3.879591837487027295e+00
4.615767255579553141e-02 5.815805012502282878e+00 4.406204600823310891e+00
5.305466899393685570e-02 5.959304074163227938e+00 4.040897676840542019e+00
6.098223212302718299e-02 6.258204652523857270e+00 3.341205185802626598e+00
7.009435183040650663e-02 5.985952062569425358e+00 2.852109720213598099e+00
8.056802756272932187e-02 4.430584730764843826e+00 2.063226440419708485e+00
9.260670647264426791e-02 4.142692737574859230e+00 1.928572811010242249e+00
1.064442353020659260e-01 4.202922589927900354e+00 1.724356639874553121e+00
1.223494027658627165e-01 4.369390355644696022e+00 1.799541050621538574e+00
1.406311606700298977e-01 4.636677106051561026e+00 1.970350448645249219e+00
1.616446251825748304e-01 4.790707257473045821e+00 1.750961416828457295e+00
1.857979748295107147e-01 4.545080981731937975e+00 1.504415455408931956e+00
2.135603792068975493e-01 4.591230086752078776e+00 1.401393823110059111e+00
2.454711124211341189e-01 4.581786885310294544e+00 1.332005281900052740e+00
2.821500282826007178e-01 4.466902614830428497e+00 1.180786626947284423e+00
3.243096007292889382e-01 4.952291467849978979e+00 1.256600603409810502e+00
3.727687633610516915e-01 4.766307951891121775e+00 1.084470804386657328e+00
4.284688169121422252e-01 4.524840266772914177e+00 9.731732391994546427e-01
4.924917136586252076e-01 4.587991129910473198e+00 1.012448601753070498e+00
5.660810739282898796e-01 4.173617630074895501e+00 8.465465909371014952e-01
6.506663429507508756e-01 4.197077113559815054e+00 8.515632988316795826e-01
7.478905572853256079e-01 4.001717217624056744e+00 7.639222916024439591e-01
8.596422601789492912e-01 4.125699885686879398e+00 7.052661044164117987e-01
9.880921857977731371e-01 4.021454854792605005e+00 6.374789271235913324e-01
1.135735424909638525e+00 3.796816875675089964e+00 5.919799948461921257e-01
1.305439891069710701e+00 4.024798540656216339e+00 6.580367954559823707e-01
1.500502028746427019e+00 3.768210418329866140e+00 6.594776850151035097e-01
1.724710845496839839e+00 3.703600729622895216e+00 5.945091868254566148e-01
1.982421511991913743e+00 3.698795035001535503e+00 5.858556073360322580e-01
2.278639959544166871e+00 3.537494754150741105e+00 5.875409504359735413e-01
2.619120118412344489e+00 3.215038553599746773e+00 4.857253354347171870e-01
3.010475685700065185e+00 2.970047980805474719e+00 4.095032591605144989e-01
3.460308593897195806e+00 3.002055640849887297e+00 4.074705555403125845e-01
3.977356675516340978e+00 3.216936558634451604e+00 4.385728094035536428e-01
4.571663392153628713e+00 2.920498607999696183e+00 4.201509414101479711e-01
5.254772924895997122e+00 2.884490560641195245e+00 4.111267058768558469e-01
6.039954415631681783e+00 2.849604742463397677e+00 4.690156874982109314e-01
6.942459715065742998e+00 2.602924266394353037e+00 4.580546090898663936e-01
7.979819644097432274e+00 2.285336472754199377e+00 4.334711210517111502e-01
9.172184523323554828e+00 2.140510654118733758e+00 4.154859254224292364e-01
1.054271558532344244e+01 1.976920725565041836e+00 3.884026193735737320e-01
1.211803487275971669e+01 1.988951156759999117e+00 3.910197131007764892e-01
1.392874236139373778e+01 1.734920005437982526e+00 3.861584352411969734e-01
1.601001035293285213e+01 1.642547620621923832e+00 3.892404394738190887e-01
1.840226668356363149e+01 1.644039573353385020e+00 3.857852883443716463e-01
2.115198001923592130e+01 1.480417324602079754e+00 3.440855410657526203e-01
2.431256249175898887e+01 1.501604093947563001e+00 4.325294220620620744e-01
2.794540720907122733e+01 1.346123327816889592e+00 4.254206276068600023e-01
3.212108079292424634e+01 9.537436633884239789e-01 3.457738223259523291e-01
3.692069410857075695e+01 9.134152695536037481e-01 3.062694010844755899e-01
4.243747781235707350e+01 9.589972134243457402e-01 4.188388064384262477e-01
4.877859332163068018e+01 1.209667217484215129e+00 6.213519658915540589e-01
5.606721438436208871e+01 8.235736785535462401e-01 5.531226747979693936e-01
6.444491968217609212e+01 8.144470741929534796e-01 8.201688088315340908e-01
