22.24696058749046 12.909022577571694
25.74249524664077 12.908439851709527
29.787262800112465 12.907649976772595
34.4675609967821 12.906574155145982
39.883247045526055 12.905098507177392
46.149868133778554 12.90305265816014
53.401126701996155 12.900167292947142
61.79173307226442 12.895975460711384
71.5007062937354 12.88951955157355
82.73519363058163 12.878010315054162
95.73489018372925 12.827513062988068
110.77715294187628 12.901704816732613
128.18291837340502 12.888854969874675
148.32354981486236 12.86927984801689
171.62876074950097 12.831193757873727
198.5957830241861 12.79318559865898
229.79997561454326 12.720725935904197
265.9071002832594 12.760159714227093
307.6875260406971 12.742206442075808
356.0326654692375 12.900125758480078
411.9739935910299 12.870472776052043
476.7050550590745 12.957163148867227
551.606929209386 13.149329986658692
638.2776962877028 13.157195692847116
738.5665335318721 13.161296789932091
854.6131685720245 13.277075512991365
988.8935319125143 13.598093547585435
1144.2725825210487 13.653050487108198
1324.0654335933382 13.597294299480827
1532.1080826512461 14.049070810727887
1772.8392550471367 14.046677371288284
2051.3951070588532 14.174185743710392
2373.7188091275175 14.020985695194822
2746.6873472678644 14.72690305053965
3178.2582480417523 14.937370209818454
3677.639357567668 15.072703699759177
4255.485296911922 15.047604856695092
4924.124785365211 15.47774148948739
5697.823681694618 15.616902975167818
6593.0893555274 15.94588983149961
7629.022882828205 15.997907075910886
8827.72657978949 16.02466320840045
10214.775570135973 16.415424315222822
11819.763447038567 16.437352423654325
13676.933671689994 16.73911168650264
15825.910179841629 16.784067167618538
18312.542784267727 17.303094370536144
21189.885410368977 17.569833014848204
24519.328036208753 17.820476974990356
28371.906487659675 18.005770624858553
32829.81803399254 18.18689459355567
37988.17512012626 18.366586258159636
43957.03465255785 18.640311392098013
50863.74613510915 18.971054596000005
58855.6687534947 19.088255529270082
68103.31537947894 19.4570864535582
78803.99057399848 19.873737338832367
91186.00020841385 20.156380668316647
105513.52251890104 20.43959801371917
122092.24452109876 20.723351996822466
141275.88404158823 21.600366615143855
163473.73651799158 22.079991165911046
189159.4075835825 22.336873925985394
218880.91775178746 22.33034129076211
253272.39479059787 23.429143869491092
293067.60325131484 23.93658401795861
339115.59981292696 24.200615451524513
392398.8484590895 24.863021128708056
454054.1819867939 25.127834030979564
525397.0570741642 25.559562173827835
607949.6204050404 26.17391688977082
703473.1846593886 26.466523136647062
814005.8072659323 26.624310864239952
941905.7736841606 27.671669379101978
1089901.9129598392 27.94910530499065
1261151.819069153 29.148074983109378
1459309.2202417671 30.000470682915115
1688601.9336311661 31.026482403489112
1953922.068545911 31.913566956088857
2260930.4027864737 35.01102586818617