2.224530605363396063e+01 1.385692873938479153e+01
2.573701197606992963e+01 1.385390711399733377e+01
2.977678903851987258e+01 1.384975235452348308e+01
3.445066452426271297e+01 1.384397655868250432e+01
3.985816887871830261e+01 1.383581230496336367e+01
4.611445521596736086e+01 1.382395604239317244e+01
5.335275151089282275e+01 1.380587537048217683e+01
6.172719769651443045e+01 1.377504918909867726e+01
7.141612808266602030e+01 1.365459040477075447e+01
8.262586899530926132e+01 1.377540861980372178e+01
9.559513250742938339e+01 1.367575179802296503e+01
1.106000998262636159e+02 1.358500792260572787e+01
1.279603025878835041e+02 1.376945758669670461e+01
1.480454273016351294e+02 1.387021305175327512e+01
1.712831878454707635e+02 1.416467433236766382e+01
1.981684336574089400e+02 1.411991361585863203e+01
2.292736875825802656e+02 1.423969302313035712e+01
2.652613377799149248e+02 1.425790641105071366e+01
3.068977433158196959e+02 1.417856965885730602e+01
3.550695538242675866e+02 1.432779280805528188e+01
4.108025907613953791e+02 1.447540496626582573e+01
4.752836923320022038e+02 1.447271447820541468e+01
5.498859872769077128e+02 1.440801665186635816e+01
6.361981357279144049e+02 1.433958874223826996e+01
7.360581598160522390e+02 1.439675910330952391e+01
8.515925844578381430e+02 1.484923049275930218e+01
9.852617218248308291e+02 1.521503363246436180e+01
1.139912063831846353e+03 1.518749765171349608e+01
1.318836898344863584e+03 1.541397609133225366e+01
1.525846439934227192e+03 1.549732285285462652e+01
1.765348968611545615e+03 1.556427372550378507e+01
2.042444704404320419e+03 1.568192807417950263e+01
2.363034416832734223e+03 1.579979477083321271e+01
2.733945082133605865e+03 1.585792313145786991e+01
3.163075264109286763e+03 1.579591679676254756e+01
3.659563314494952010e+03 1.627428255053897033e+01
4.233981974680749772e+03 1.641116031555156241e+01
4.898563522843574901e+03 1.635230129504538965e+01
5.667460261009494388e+03 1.667043102060487314e+01
6.557045889133712990e+03 1.693814406094723068e+01
7.586264183976304594e+03 1.713055774901915385e+01
8.777032407910302936e+03 1.725305983417556632e+01
1.015470803827576856e+04 1.739244186043531215e+01
1.174862875630802955e+04 1.757364994734583874e+01
1.359273719473524216e+04 1.796172504758925825e+01
1.572630374808098350e+04 1.805216968254787702e+01
1.819476283795856580e+04 1.820810784204074650e+01
2.105068044167431799e+04 1.835866655592289831e+01
2.435487348771667894e+04 1.846776133451407276e+01
2.817770495572190703e+04 1.875185460376561508e+01
3.260058226014431420e+04 1.906585996037242126e+01
3.771769082579661335e+04 1.952927763272970196e+01
4.363799977185083117e+04 1.986607003214052369e+01
5.048758241545486817e+04 2.009896934401368895e+01
5.841230101022195595e+04 2.053425871075535625e+01
6.758091289125231560e+04 2.087512206158050532e+01
7.818866417222280870e+04 2.111965830081041773e+01
9.046144752252916805e+04 2.151631587820533653e+01
1.046606125645829161e+05 2.188126310425775500e+01
1.210885313289477053e+05 2.236987873288258655e+01
1.400950372840002528e+05 2.284865974622189100e+01
1.620848750596205355e+05 2.316553629428853611e+01
1.875263195072018716e+05 2.342021944499641606e+01
2.169611476393574849e+05 2.375920188789886822e+01
2.510161758023481816e+05 2.435274445784849107e+01
2.904166077659762232e+05 2.472505396758626262e+01
3.360014779792845366e+05 2.527330812224475665e+01
3.887415188570701284e+05 2.595042053923825875e+01
4.497598325821020408e+05 2.628823640947005202e+01
5.203558076302495901e+05 2.678058028989043038e+01
6.020327893222898711e+05 2.713170596110892063e+01
6.965300936483811820e+05 2.763653205624535758e+01
8.058600461014126195e+05 2.807905092794166535e+01
9.323508342633119319e+05 2.857469670268781670e+01
1.078696086692578159e+06 2.919543770429526930e+01
1.248012233898280188e+06 3.019224638894284496e+01
1.443904872905748663e+06 3.111850219378402471e+01
1.670545548651163233e+06 3.169952583885294928e+01
1.932760587269228650e+06 3.267642765158378637e+01
2.236133872983873822e+06 3.499550808349570730e+01
