22.245558322091696 12.865708316481713
25.737847981603373 12.865262343987574
29.77838583022976 12.864653062908152
34.45324035202367 12.863813359653683
39.86199176549366 12.862640190339409
46.119853206171754 12.86096348105707
53.36012490976664 12.858464844960995
61.73703367305758 12.854384627962887
71.42901807657918 12.845398078571868
82.64252944842842 12.841117907480704
95.61642953445235 12.858752730577963
110.62707855066446 12.849555552434515
127.99422199973674 12.82958308997481
148.08780164808485 12.840202888878588
171.33583574583255 12.835369828375866
198.2335363481477 12.826709759979844
229.35385794823847 12.774068407213235
265.35970212101944 12.776996284578331
307.0180381515443 12.738605360457491
355.21624043516243 12.688642000654887
410.98099065635125 12.559096589245545
475.50014738615585 12.840756949429993
550.1480489478735 12.888849746772197
636.5147885335099 13.02313006753095
736.4400851674144 13.164491509491214
852.0524720107685 13.076559200231937
985.8146367665768 12.974949797045477
1140.575879992207 13.498066099636285
1319.6328087468137 13.21329756437958
1526.7995584238574 13.934164374157472
1766.4890385811389 14.04418720338382
2043.8069334056177 14.105855252759538
2364.660459139899 13.982832158112828
2735.884195138894 14.137279995743738
3165.385668914743 14.461925278833501
3662.313796312626 14.912870183653702
4237.253764802792 14.927685756750236
4902.452511145442 15.064811311407475
5672.079596383303 15.492934896485544
6562.529035123848 15.566297085797377
7592.76850845046 15.750115297492087
8784.743399132107 15.83832736139588
10163.84425558424 15.977944595792746
11759.447642144982 15.991040641770796
13605.541896450504 16.267167677358174
15741.451123320356 16.853055153415422
18212.67284712338 17.241851560770616
21071.84716566201 17.38903403602302
24379.878049758616 17.63007929274144
28207.230673620397 17.75298174315196
32635.43241073385 17.90323952272888
37758.80946836939 18.432280847332997
43686.49615317179 18.607595884326223
50544.75956769387 18.840302650716893
58479.68925680242 19.399990370997727
67660.30909677163 19.69706322208173
78282.17771417399 20.12745051818686
90571.55412797126 20.528197934089167
104790.21734816575 20.908912579239747
121241.04259446016 21.23957187999827
140274.45291532262 21.840737687375082
162295.88363497093 22.32945593538786
187774.4186302853 22.593361742880163
217252.78240109413 22.97982171637626
251358.9007773642 23.42853164745592
290819.27652074414 23.966248260898343
336474.46473741665 24.27201133261767
389296.97774781246 24.58159669569607
450412.0008091891 25.04507919305889
521121.3599617444 25.72338351113688
602931.2525432106 26.12347369694529
697584.3310663976 26.523211945875776
807096.8238861994 26.977113671145155
933801.483372465 27.603339146193324
1080397.2764382553 27.950812574821512
1250006.8758935742 28.843420848119436
1446243.1772619435 29.577686822480125
1673286.2579507944 30.809636825390623
1935972.4181017566 31.68925563311862
2239897.199801768 34.619584746235866