1.078111364575800191e-03 7.859848009682019132e+00 1.193107142397556402e+02
1.246536864279186542e-03 7.859901961726963648e+00 1.031796638908672463e+02
1.441274255204957194e-03 7.859974271555494774e+00 8.922651925722821886e+01
1.666434052809014597e-03 7.860071269344804712e+00 7.715675203030029650e+01
1.926768928490000306e-03 7.860201534797273126e+00 6.671558521630043970e+01
2.227774028943211183e-03 7.860376750080495079e+00 5.768261362811816895e+01
2.575802967677772847e-03 7.860612919162389467e+00 4.986714893805221038e+01
2.978201937045183833e-03 7.860932145170504093e+00 4.310419046261020526e+01
3.443464771614964011e-03 7.861365284739493475e+00 3.725093569339372124e+01
3.981412235974042535e-03 7.861956031542300494e+00 3.218375534918585146e+01
4.603399321355478024e-03 7.862767428682836623e+00 2.779556640835466652e+01
5.322554926712251382e-03 7.863892712548528507e+00 2.399354291192352306e+01
6.154058983422533088e-03 7.865474324408052276e+00 2.069710744644478595e+01
7.115462873172719374e-03 7.867739368614803830e+00 1.783614388529601413e+01
8.227059902396638424e-03 7.871070915912163457e+00 1.534935829899234072e+01
9.512313653242732148e-03 7.876165533086017412e+00 1.318267312278000780e+01
1.099835325269833686e-02 7.884426673638650129e+00 1.128741453772882153e+01
1.271654601400824119e-02 7.899129041956487463e+00 9.617622083272413747e+00
1.470315953769850414e-02 7.929899102140006484e+00 8.123822368427282115e+00
1.700012724782913598e-02 8.021695311011466600e+00 6.723371185667696537e+00
1.965593352240947028e-02 8.103604575200661131e+00 5.411132591691683480e+00
2.272663710130268938e-02 6.507985921229878734e+00 4.133016208614742837e+00
2.627705437370619207e-02 7.585995751230621309e+00 4.461925797188637688e+00
3.038212752203154829e-02 9.090515771714656523e+00 5.710778129308520690e+00
3.512850640095523808e-02 8.087830968960211919e+00 4.573175534879848847e+00
4.061637754193189731e-02 7.688440523011303540e+00 4.309766608675961841e+00
4.696157888978422928e-02 7.646720986291239974e+00 3.333902721621987197e+00
5.429804490921446430e-02 7.968947055202804108e+00 3.076990269616870943e+00
6.278063367252806337e-02 7.276783094164065879e+00 2.746697378993618432e+00
7.258839560271719560e-02 7.884162482361196211e+00 3.135708361826603507e+00
8.392835286850963694e-02 8.824895503599979207e+00 3.059718418082994607e+00
9.703986920682668160e-02 7.521486897637635671e+00 2.226260321253387797e+00
1.121997024108314367e-01 6.694738833502118069e+00 2.068474070280133414e+00
1.297278461314488041e-01 7.166000097467282615e+00 2.008661403283782398e+00
1.499942843010624305e-01 7.054749283283714867e+00 1.960943811220029920e+00
1.734268007517153209e-01 7.152623194740604262e+00 1.734593937217989712e+00
2.005200088731790564e-01 7.197138011481159836e+00 1.472141743339721920e+00
2.318457919088500185e-01 6.498759159324434265e+00 1.310798771125723627e+00
2.680653742631642356e-01 6.190201384131099438e+00 1.218424414091459074e+00
3.099432786216007041e-01 6.237385105813959996e+00 1.124211485102432073e+00
3.583634634900619842e-01 6.620840547095535378e+00 1.125927494873434798e+00
4.143479817846990043e-01 6.657971455105361258e+00 1.091318920215723631e+00
4.790785543175616334e-01 6.651681887202262722e+00 1.014950047693010227e+00
5.539215135510540122e-01 6.492763487475859741e+00 8.580306837675120146e-01
6.404566441337846694e-01 6.732211537451606276e+00 8.463407515791891988e-01
7.405105289836391158e-01 6.612046047390145453e+00 8.485789982989173641e-01
8.561951047869573728e-01 6.340751763121235562e+00 7.370512332428674762e-01
9.899522407430155768e-01 6.147986271188646157e+00 6.719535762155625092e-01
1.144605281521631213e+00 5.745422690647250086e+00 6.115193577738661235e-01
1.323418642402275358e+00 5.676575426776303779e+00 6.056378256952609229e-01
1.530166714528462535e+00 5.617031039837899975e+00 5.900212828061437431e-01
1.769213534729035642e+00 5.493977595321653418e+00 5.271694372491966263e-01
2.045604901576354884e+00 5.323360366194235915e+00 5.306016717843671238e-01
2.365174882066501727e+00 4.937006867539497357e+00 4.993112322276218040e-01
2.734668957063741690e+00 4.916229373695480298e+00 4.731412916594615048e-01
3.161886404862397804e+00 4.841030199554547053e+00 4.640134733220552810e-01
3.655844928297342644e+00 4.627160950287330543e+00 4.609947646863826742e-01
4.226971000350986607e+00 4.737034477672707133e+00 4.777645454207108400e-01
4.887319946070482146e+00 4.459110222577263194e+00 4.643326737334458887e-01
5.650830406282660867e+00 4.507292728609278321e+00 4.723882921186403627e-01
6.533618554324982952e+00 3.983270980363373681e+00 4.567715415245514610e-01
7.554318276117159670e+00 3.663468375771918861e+00 4.384440817852542360e-01
8.734474494091983843e+00 3.540337919787068355e+00 4.348040194435658923e-01
1.009899793726406969e+01 3.598500629199322010e+00 4.665404974365445767e-01
1.167669095671984181e+01 3.187813400230998795e+00 4.601595484132565139e-01
1.350085548543842506e+01 2.904847941038135151e+00 4.340199790908454980e-01
1.560999597525494664e+01 2.794207063525608437e+00 4.702819580299534841e-01
1.804863214855475206e+01 2.681521736101696973e+00 4.744103350027124022e-01
2.086823872025528104e+01 2.364580376935379480e+00 4.252439025759033320e-01
2.412833192572063012e+01 2.130497580707355620e+00 4.413646548341771947e-01
2.789772578903236067e+01 1.724345464641851677e+00 3.659802859496593119e-01
3.225598464891797335e+01 1.466248865566823989e+00 3.134161410110417045e-01
3.729510260224405727e+01 1.436977800782772707e+00 3.422302588953015645e-01
4.312144531475556164e+01 1.441636877448040366e+00 3.313106632056174727e-01
4.985799518678810216e+01 1.380168285239327108e+00 3.671369121600544516e-01
5.764694726489541665e+01 1.243664008469959059e+00 3.752770590470793088e-01
6.665271069387574698e+01 8.889133459528321124e-01 2.894237483755308094e-01
7.706537906382497738e+01 7.962057121289803918e-01 3.406534766979283924e-01
8.910474290427821131e+01 6.000291015109014969e-01 3.058151051032690915e-01
1.030249290211362734e+02 3.366671855768427202e-01 2.220314607313119415e-01