1.076847839753830843e-03 6.763747454613332266e+00 1.116318860241307220e+02
1.242354700211152716e-03 6.763655262579550964e+00 9.675281066206368052e+01
1.433299250049642308e-03 6.763532438135703373e+00 8.385477926566923657e+01
1.653591152223842734e-03 6.763368751845052707e+00 7.267369593087329349e+01
1.907740967992742603e-03 6.763150518353481466e+00 6.298061788469735944e+01
2.200952512392990827e-03 6.762859397522067439e+00 5.457706667195901673e+01
2.539229404349325342e-03 6.762470755269958111e+00 4.729096248215805787e+01
2.929497993076628400e-03 6.761951402690669966e+00 4.097309799671098318e+01
3.379749177738871398e-03 6.761256442534953059e+00 3.549407895478203301e+01
3.899202024176905319e-03 6.760324805476852994e+00 3.074166778644142894e+01
4.498492528820422116e-03 6.759072810841161960e+00 2.661847420816450338e+01
5.189891394797615902e-03 6.757384647694975044e+00 2.303994247811321117e+01
5.987555279291997823e-03 6.755097856229751230e+00 1.993258858982110482e+01
6.907816656532464461e-03 6.751980280964565928e+00 1.723244074655572433e+01
7.969518231472565162e-03 6.747691571651268205e+00 1.488362966119394315e+01
9.194398751407432263e-03 6.741714510953402240e+00 1.283705245474569701e+01
1.060753811516938414e-02 6.733221543278487431e+00 1.104896768368581661e+01
1.223787089368375686e-02 6.720783447650362064e+00 9.479173264093468276e+00
1.411877877641551197e-02 6.701618536608308752e+00 8.087660278675745218e+00
1.628877407427503990e-02 6.669071945790513212e+00 6.824860726336194894e+00
1.879228827396751261e-02 6.598038624565889521e+00 5.575738516202360273e+00
2.168058178973880645e-02 6.526045672470471182e+00 4.526082594125482750e+00
2.501279354003414085e-02 6.885155694357315781e+00 5.083941803418831284e+00
2.885715183955452068e-02 6.827285632806769478e+00 4.180755309537583564e+00
3.329237140019059710e-02 6.775734600998651658e+00 3.451086679159643733e+00
3.840926504496430804e-02 6.809888197739386584e+00 3.067269218152363308e+00
4.431260313543996382e-02 6.873702844770007481e+00 2.607008549873352621e+00
5.112325878509473009e-02 7.062785047769850166e+00 2.929702744356494026e+00
5.898068278271586390e-02 7.352945102144588851e+00 2.887300878861887465e+00
6.804575890083119916e-02 7.444436928676700482e+00 2.354604711866613798e+00
7.850409805270894270e-02 8.053769827231766598e+00 2.500772188864194501e+00
9.056983874705606952e-02 7.961300866580871549e+00 2.219744462372572613e+00
1.044900316561841735e-01 7.737061404112417939e+00 2.150608500972900572e+00
1.205496980733583995e-01 7.875279967436353168e+00 1.902212546515362090e+00
1.390776658331865923e-01 7.892881909064003665e+00 1.625028711485396515e+00
1.604533021877576071e-01 7.899256738377792963e+00 1.631621775329225477e+00
1.851142814967530748e-01 7.522025025468552784e+00 1.497225220470801421e+00
2.135655467779691008e-01 7.662620121300525611e+00 1.385760049599803478e+00
2.463896486094341864e-01 7.881758982242054401e+00 1.365378926380261815e+00
2.842586730761150204e-01 7.555452727854873096e+00 1.262959876925866975e+00
3.279480029904947580e-01 7.496182987272002052e+00 1.129903319296367004e+00
3.783521941532992372e-01 7.468195123381990541e+00 1.048948914006694766e+00
4.365032917269050516e-01 7.039487760092509205e+00 9.313932577594741247e-01
5.035919617562027994e-01 6.828687862990088675e+00 8.983056326836265093e-01
5.809918705129183403e-01 6.755076049889987111e+00 8.449961034715876007e-01
6.702878108398283574e-01 6.860010837561164365e+00 8.209148941876671657e-01
7.733081513925583739e-01 6.648017299251011814e+00 7.606837512089510422e-01
8.921622731896508007e-01 6.658811740541921154e+00 7.438542757871954292e-01
1.029283759998633974e+00 6.589684398757466255e+00 6.884655933203084333e-01
1.187480226897824398e+00 6.219676730315581104e+00 6.529962586861463025e-01
1.369990807272797095e+00 6.337662447361148033e+00 6.389126037214923892e-01
1.580552475315838423e+00 6.169652870109446852e+00 6.016066922066577449e-01
1.823476562007021684e+00 5.959555345508642077e+00 5.907739729149219521e-01
2.103737031270985547e+00 5.552203732189454399e+00 5.287336268718804133e-01
2.427072323797609066e+00 5.430315613484627768e+00 4.978279067865635232e-01
2.800102853817920234e+00 5.173827652447285708e+00 5.165755280138636385e-01
3.230466564626808257e+00 5.117512943985217611e+00 5.039665516082270091e-01
3.726975318403904502e+00 4.855596424638253694e+00 4.832563380392967956e-01
4.299795322474274428e+00 4.720631127755494205e+00 5.141368425448391566e-01
4.960655286305822642e+00 4.598579036642744811e+00 5.035094818987513321e-01
5.723086571337866246e+00 4.505623203831855328e+00 4.950715198450809651e-01
6.602700250800809023e+00 3.970437186961786491e+00 4.865519978532558132e-01
7.617506752433042649e+00 3.644549311057888819e+00 4.911533593247039420e-01
8.788284628902435003e+00 3.482522760764115155e+00 4.637913602027985971e-01
1.013900600664832652e+01 3.289226746900440368e+00 4.525853804616743470e-01
1.169732742437240347e+01 3.218919920922979738e+00 4.676668588902177515e-01
1.349515611128492409e+01 2.953940067528612268e+00 4.747551782620743066e-01
1.556930329987081763e+01 2.644190539010161878e+00 4.416852045363304780e-01
1.796223795000534196e+01 2.690162862323394855e+00 4.622614636518465048e-01
2.072295631720971443e+01 2.284914106175293558e+00 3.842184849428711413e-01
2.390798516979082677e+01 2.213684230336891545e+00 4.075021041109789244e-01
2.758253919612089788e+01 2.159820843595658069e+00 4.378553397077006304e-01
3.182185630041540847e+01 1.979632409372424240e+00 4.882376398384508098e-01
3.671273812770291300e+01 1.632408039069521921e+00 4.276817304046125479e-01
4.235532736082700467e+01 1.537183878046679553e+00 4.237916208248874161e-01
4.886515818031876535e+01 1.315441025474098691e+00 3.901316184267408782e-01
5.637552187109221791e+01 1.314532786148738586e+00 4.016256178694818102e-01
6.504019601266870154e+01 1.279772158032590257e+00 6.198883469321306849e-01
7.503659313414732424e+01 1.110431862517396340e+00 8.698102751978959990e-01
8.656939330384003028e+01 9.191258426196136089e-01 7.776167081843236017e-01