2.204583550406925241e+01 1.737596504114355156e+01
2.507983904784020979e+01 1.737589220494800202e+01
2.853138981960875498e+01 1.737579788599963493e+01
3.245795172312226384e+01 1.737567572795425264e+01
3.692489698964767086e+01 1.737551747857311568e+01
4.200659454197178633e+01 1.737531241580309427e+01
4.778764814180330234e+01 1.737504659180216393e+01
5.436430493414621878e+01 1.737470183560911963e+01
6.184605783910642174e+01 1.737425442752888216e+01
7.035746846890440054e+01 1.737367332678407195e+01
8.004024091932970464e+01 1.737291777759151046e+01
9.105558096161135495e+01 1.737193403986881179e+01
1.035868799122299180e+02 1.737065085842718659e+01
1.178427678636696356e+02 1.736897306889424542e+01
1.340605871084952128e+02 1.736677236725642359e+01
1.525103435848199069e+02 1.736387359639242689e+01
1.734992021296757798e+02 1.736003358268820662e+01
1.973766003805022820e+02 1.735490648967255112e+01
2.245400664646693372e+02 1.734797695164406051e+01
2.554418373341211463e+02 1.733852020844307162e+01
2.905963879319443777e+02 1.732561839609436305e+01
3.305889965418480756e+02 1.730679270880465026e+01
3.760854889226662294e+02 1.727848405224987260e+01
4.278433234552513795e+02 1.723211150081170118e+01
4.867242018552728950e+02 1.714750714938036680e+01
5.537084154041499460e+02 1.693772202185511233e+01
6.299111655445068436e+02 1.710389641291327223e+01
7.166011305571811363e+02 1.775532899367564710e+01
8.152215874311995094e+02 1.768252041384954865e+01
9.274144405788298400e+02 1.779895051794546390e+01
1.055047557443063397e+03 1.781139279461052993e+01
1.200245866100419789e+03 1.783383433827818010e+01
1.365426732594364239e+03 1.781167970262720246e+01
1.553340206986670182e+03 1.783074519671290048e+01
1.767114808171985715e+03 1.781847571660575369e+01
2.010309609714179487e+03 1.781456523350622945e+01
2.286973493866986701e+03 1.783277317456492739e+01
2.601712560282589493e+03 1.782620146762890556e+01
2.959766811676862289e+03 1.781170993849350381e+01
3.367097393169487077e+03 1.779319312750160265e+01
3.830485837722317228e+03 1.774898623830812383e+01
4.357646969985544274e+03 1.768965636968258792e+01
4.957357348256241494e+03 1.776838476819158430e+01
5.639601382943530552e+03 1.785628883732115213e+01
6.415737564225843926e+03 1.794635665366434907e+01
7.298687566378079282e+03 1.794689101985320079e+01
8.303151377113706985e+03 1.796725351722235686e+01
9.445852033570106869e+03 1.797315492793216762e+01
1.074581403947811668e+04 1.797938821115677754e+01
1.222468009880539648e+04 1.796338629204561244e+01
1.390707143908351463e+04 1.802822959668912262e+01
1.582099772334101363e+04 1.796924425638098910e+01
1.799832337515171093e+04 1.809814264671666706e+01
2.047529808051348664e+04 1.809703397651459866e+01
2.329316029873506704e+04 1.814355085620619334e+01
2.649882383001482958e+04 1.818201089415755689e+01
3.014565887018318608e+04 1.836831950373647970e+01
3.429438055617075588e+04 1.853856337479751559e+01
3.901405979534710787e+04 1.872609295685903774e+01
4.438327320774541295e+04 1.894479188635311928e+01
5.049141132623945305e+04 1.909405157695072219e+01
5.744016683453177393e+04 1.940470042270981921e+01
6.534522762021156086e+04 1.962492336745540200e+01
7.433820283004869998e+04 1.998362220138169576e+01
8.456881399388058344e+04 2.022673699321023122e+01
9.620738769650032918e+04 2.068326645447405099e+01
1.094476912973437284e+05 2.098904069885736945e+01
1.245101589090791967e+05 2.141926920162736536e+01
1.416455613435165142e+05 2.188210921082735894e+01
1.611391811247369624e+05 2.221197089220503074e+01
1.833155620780723111e+05 2.268823193314431563e+01
2.085439125695099647e+05 2.321555946219188371e+01
2.372442523525480647e+05 2.358639061092596734e+01
2.698944053596346639e+05 2.432661287782175918e+01
3.070379548592189676e+05 2.492880522852764358e+01
3.492932934216024587e+05 2.578660682093015666e+01
3.973639183639399707e+05 2.656691128272708369e+01
4.520501440803740988e+05 2.702575712378367356e+01
5.142624262526180828e+05 2.937195735972200339e+01
5.850365197720358847e+05 3.156125434723648837e+01
