2.204569272474103414e+01 1.779835471990929818e+01
2.507937141252894619e+01 1.779835143485526316e+01
2.853051062177328134e+01 1.779834718265805193e+01
3.245655654401578261e+01 1.779834167725765681e+01
3.692286046541911304e+01 1.779833454965570638e+01
4.200376657640749301e+01 1.779832531952789765e+01
4.778384947335637634e+01 1.779831336531787755e+01
5.435932195125692346e+01 1.779829787910469463e+01
6.183963652087163609e+01 1.779827781156350852e+01
7.034930730855262482e+01 1.779825179737322216e+01
8.002998266528973659e+01 1.779821805729274686e+01
9.104280298475545408e+01 1.779817426831973037e+01
1.035710829775797919e+02 1.779811738901582530e+01
1.178233630498490641e+02 1.779804342361276426e+01
1.340368805777734735e+02 1.779794709833361210e+01
1.524815188598822147e+02 1.779782141085754077e+01
1.734642994793190951e+02 1.779765698931051077e+01
1.973344928541862657e+02 1.779744115721325670e+01
2.244894320439781552e+02 1.779715652322354202e+01
2.553811265862475466e+02 1.779677876484354471e+01
2.905237864546081141e+02 1.779627295640873541e+01
3.305023813786714868e+02 1.779558706090852382e+01
3.759823780007058076e+02 1.779463932567288253e+01
4.277208169495756920e+02 1.779329073640582948e+01
4.865789142162111602e+02 1.779127313272811506e+01
5.535363965877270402e+02 1.778793539354303022e+01
6.297078097617184085e+02 1.778050202591149898e+01
7.163610705986457106e+02 1.777481551599607457e+01
8.149385723251909894e+02 1.778206439949734019e+01
9.270811939968027673e+02 1.778586178510586535e+01
1.054655613870701927e+03 1.780902550647619620e+01
1.199785381336106639e+03 1.780529800143572672e+01
1.364886264611780234e+03 1.780018043074049672e+01
1.552706462593599554e+03 1.778852840077717801e+01
1.766372350201406789e+03 1.779597083876836550e+01
2.009440518682685479e+03 1.778678464496938361e+01
2.285956977113763060e+03 1.776700528833866244e+01
2.600524500541475390e+03 1.777537554284878141e+01
2.958379245813746820e+03 1.776217637434446672e+01
3.365477910413530481e+03 1.775448524368559333e+01
3.828596885104877401e+03 1.771681698678862205e+01
4.355445050843805802e+03 1.766755089045789973e+01
4.954792097523256416e+03 1.764326137294633057e+01
5.636614500491221406e+03 1.780677108931799779e+01
6.412261584704919187e+03 1.786290832016349128e+01
7.294644440754137577e+03 1.788094507970193447e+01
8.298450837369256988e+03 1.782403385952627772e+01
9.440389707755948621e+03 1.781846395149780804e+01
1.073946927937181317e+04 1.799714841792249587e+01
1.221731347677459962e+04 1.799610247011271014e+01
1.389852186424887259e+04 1.792137194361079366e+01
1.581107911966264328e+04 1.800977519113514802e+01
1.798682085548113537e+04 1.809348569967947640e+01
2.046196354079556113e+04 1.813485522132546990e+01
2.327770734522319253e+04 1.816738269153391983e+01
2.648092193936098920e+04 1.823074959283922070e+01
3.012492666733482474e+04 1.833585538783061253e+01
3.427037807786386111e+04 1.834865787242979707e+01
3.898627958730355749e+04 1.858622682766149481e+01
4.435113008108784561e+04 1.884395675760840660e+01
5.045423057270036952e+04 1.896713955758133352e+01
5.739717067026252334e+04 1.918909006949805729e+01
6.529551959382741188e+04 1.949596648181537972e+01
7.428074989133256895e+04 1.982816357307973121e+01
8.450242587456652836e+04 2.018323128522853693e+01
9.613069320292107295e+04 2.041576589590817647e+01
1.093591110554794286e+05 2.084529554612175062e+01
1.244078740345678088e+05 2.132522910087137902e+01
1.415274774312038498e+05 2.171795775123621297e+01
1.610028868628877972e+05 2.223635011974955589e+01
1.831582816897477896e+05 2.272651036816708014e+01
2.083624511659223936e+05 2.331786213298620680e+01
2.370349331482156704e+05 2.368384045246241598e+01
2.696529975443492876e+05 2.437975639557005891e+01
3.067595907443152391e+05 2.500548055172870221e+01
3.489723732744457666e+05 2.563823752281237844e+01
3.969940011111320928e+05 2.636322985701342247e+01
4.516238217925610952e+05 2.714097635797759978e+01
5.137711800169562921e+05 2.893801673047751422e+01
5.844705542066327762e+05 3.198078480764176135e+01
