1.067902966440759582e-03 8.494680739203934294e+00 6.082296494636887019e+02
1.212930525025187906e-03 8.494680972887865167e+00 5.355045163951880340e+02
1.377653686496703618e-03 8.494681274262505966e+00 4.714749220931898890e+02
1.564747230579051525e-03 8.494681662797317401e+00 4.151011518851796609e+02
1.777249187951612233e-03 8.494682164391273105e+00 3.654678068564750788e+02
2.018610171884303341e-03 8.494682810680441065e+00 3.217689391614284773e+02
2.292749409401173728e-03 8.494683644524727129e+00 2.832949652617976994e+02
2.604118381808451059e-03 8.494684719737600531e+00 2.494211435751749377e+02
2.957773107983857879e-03 8.494686106018090044e+00 2.195974299000212682e+02
3.359456244165474111e-03 8.494687893143090918e+00 1.933395458036676473e+02
3.815690333379011083e-03 8.494690196591816900e+00 1.702211148745309686e+02
4.333883718690539552e-03 8.494693164667275198e+00 1.498667391988138888e+02
4.922450840107333615e-03 8.494696987930360876e+00 1.319459036110428656e+02
5.590948868511524950e-03 8.494701910508096532e+00 1.161676087557627142e+02
6.350232895292603000e-03 8.494708244872686720e+00 1.022756457924012636e+02
7.212632197652724120e-03 8.494716389861808992e+00 9.004443600116641733e+01
8.192150441786229600e-03 8.494726852757496616e+00 7.927536774106418704e+01
9.304693074838752548e-03 8.494740276084854713e+00 6.979357125558752273e+01
1.056832559804343763e-02 8.494757468552585067e+00 6.144507893257880227e+01
1.200356691488136014e-02 8.494779439716776182e+00 5.409432488253158766e+01
1.363372251766255434e-02 8.494807435064091194e+00 4.762194317761586149e+01
1.548526292282148380e-02 8.494842965128256651e+00 4.192282893092662022e+01
1.758825349997084758e-02 8.494887815175392376e+00 3.690443061455486884e+01
1.997684267429102045e-02 8.494944009121290662e+00 3.248524571014313977e+01
2.268981642970045037e-02 8.495013677287417408e+00 2.859349497389381511e+01
2.577122811684633141e-02 8.495098732413852716e+00 2.516595331841023153e+01
2.927111379275706624e-02 8.495200171387027765e+00 2.214691752978043482e+01
3.324630470786352210e-02 8.495316649739693915e+00 1.948729267033093393e+01
3.776135013357814763e-02 8.495441629624925994e+00 1.714377981269191054e+01
4.288956551533440464e-02 8.495557668593244571e+00 1.507814711754484982e+01
4.871422297102741272e-02 8.495624775915944227e+00 1.325656272295091220e+01
5.532990346620608735e-02 8.495555831600016816e+00 1.164895754329292465e+01
6.284403262267856949e-02 8.495161763327100601e+00 1.022835745143345498e+01
7.137862509903801500e-02 8.494018810782330675e+00 8.970039287392578942e+00
8.107226586841306815e-02 8.491104695815026915e+00 7.850070471692566443e+00
9.208236056549141957e-02 8.483580407438836346e+00 6.841477766522555903e+00
1.045876914440203309e-01 8.460815475124752183e+00 5.897008520304178880e+00
1.187913204484999652e-01 8.313481680724720491e+00 4.686059641815660370e+00
1.349238865402359044e-01 8.710880308375106296e+00 5.101129448434382319e+00
1.532473508198328171e-01 8.755061435745965071e+00 4.485453522582543151e+00
1.740592502595415536e-01 8.831819172766575576e+00 3.945258949747915800e+00
1.976975291176963356e-01 9.005080613769607112e+00 3.480008149589204791e+00
2.245460264878963441e-01 9.317282961616736969e+00 3.070013191323244683e+00
2.550407090899232676e-01 8.546207591135834392e+00 2.479480021426188063e+00
2.896767505106443430e-01 8.174598096044041640e+00 2.148672574336665253e+00
3.290165718478292867e-01 7.966678766761854824e+00 1.891038526226575200e+00
3.736989743211028836e-01 7.944934591349139374e+00 1.625698793946512843e+00
4.244495121456468567e-01 8.047410172328637756e+00 1.480429106642226378e+00
4.820922741036919312e-01 8.416057109086818144e+00 1.406598062736247323e+00
5.475632651233168779e-01 8.204767270682172153e+00 1.194868230663910236e+00
6.219256051550391406e-01 8.367856189179260440e+00 1.128720698769474895e+00
7.063867921460221799e-01 7.911720196646754744e+00 9.634272609083924799e-01
8.023183094285960548e-01 7.946939224982733307e+00 8.827104478644408614e-01
9.112778959084694153e-01 7.703763063236752195e+00 7.665463088481793141e-01
1.035034840676626988e+00 7.660404212331545004e+00 6.939276777492365822e-01
1.175598712779590382e+00 7.655974982064314815e+00 6.316606521769400073e-01
1.335251992662934928e+00 7.556971375380866718e+00 5.809752033739983279e-01
1.516587135158431465e+00 7.557810648157565758e+00 5.350157387285020549e-01
1.722548665844731763e+00 7.524356181757549500e+00 5.090469628825396997e-01
1.956480994343591906e+00 7.537546050004313436e+00 4.918817305520118977e-01
2.222182720945384382e+00 7.323496327087929636e+00 4.600047141155470531e-01
2.523968318396563326e+00 7.172084906754821354e+00 4.280022468773226896e-01
2.866738190439805933e+00 7.193393351086506904e+00 4.258035009380463087e-01
3.256058244719560513e+00 6.988541512085221896e+00 4.104165862533901699e-01
3.698250272160262142e+00 6.730340521666200893e+00 4.017604946864354876e-01
4.200494600400316081e+00 6.455916613629105960e+00 3.985538850922515919e-01
4.770946688171463279e+00 6.044058193538174528e+00 3.806768834988505379e-01
5.418869553886579205e+00 5.833430372215988591e+00 3.747963646884784894e-01
6.154784188815405344e+00 5.545794165755396854e+00 3.745388106688901098e-01
6.990640397261905115e+00 5.340007113691136453e+00 3.902218073855507341e-01
7.940010837851287029e+00 4.924382774406369734e+00 3.973756212614968364e-01
9.018311416775048883e+00 4.546880603200429860e+00 3.959694621499679212e-01
1.024305161174623358e+01 4.093489451618014918e+00 3.906625461775481423e-01
1.163411879143297334e+01 3.910400467976008709e+00 4.545671260176661344e-01
1.321410114715794037e+01 3.589572138697276760e+00 4.961979206107575702e-01
1.500865448063847651e+01 3.062036595789603854e+00 5.245785014021534520e-01
1.704691880367795775e+01 2.818593356150966844e+00 5.463005482289117198e-01
1.936199151456693812e+01 2.088013100417601020e+00 5.251247167049200026e-01
2.199146483464675583e+01 1.789432061106160265e+00 6.427587699893362316e-01
2.497803623194708678e+01 1.352492948569105069e+00 7.265097465126074683e-01
