1.068599639619680075e-03 8.543514288291531145e+00 6.243859662589534310e+02
1.215210739970939979e-03 8.543514798824745071e+00 5.490557106003950594e+02
1.381936777618882105e-03 8.543515458933391926e+00 4.828137725400072782e+02
1.571537507462557239e-03 8.543516312136672397e+00 4.245636735451950017e+02
1.787151320784041101e-03 8.543517416311559032e+00 3.733412212816768374e+02
2.032347193887281984e-03 8.543518843833163956e+00 3.282985491576396839e+02
2.311183764052752998e-03 8.543520690267149220e+00 2.886900824176402693e+02
2.628276510670501248e-03 8.543523078060307085e+00 2.538601966078099110e+02
2.988874153576235801e-03 8.543526166449176174e+00 2.232323654378502624e+02
3.398945533184049000e-03 8.543530160650652405e+00 1.962996176323082409e+02
3.865278410510742790e-03 8.543535327012312663e+00 1.726161453097992364e+02
4.395591822492275584e-03 8.543542009412471216e+00 1.517899246156337938e+02
4.998663852368640491e-03 8.543550653292514951e+00 1.334762267414365908e+02
5.684476930073460027e-03 8.543561835264926074e+00 1.173719117282175262e+02
6.464383067732308238e-03 8.543576301838367471e+00 1.032104107039008341e+02
7.351291765352304351e-03 8.543595020072507040e+00 9.075731345510079962e+01
8.359883697036886788e-03 8.543619243229874982e+00 7.980648830871535893e+01
9.506853714795227353e-03 8.543650596463123748e+00 7.017667009071128348e+01
1.081118719229916432e-02 8.543691188927105884e+00 6.170845968221976108e+01
1.229447428280440978e-02 8.543743760737388726e+00 5.426168550261416357e+01
1.398126729303202608e-02 8.543811876532762639e+00 4.771308323913331151e+01
1.589948708848886241e-02 8.543900181636841396e+00 4.195425540534817088e+01
1.808088525730504326e-02 8.544014743383179677e+00 3.688987694086434743e+01
2.056156968261686757e-02 8.544163509639123077e+00 3.243611712598821128e+01
2.338260222310178243e-02 8.544356931192554683e+00 2.851925165474975188e+01
2.659067839485200480e-02 8.544608817791667477e+00 2.507444183887837852e+01
3.023890030511132421e-02 8.544937534792037326e+00 2.204466064820449134e+01
3.438765563196347075e-02 8.545367710036416042e+00 1.937974767221490779e+01
3.910561719940018610e-02 8.545932729458055377e+00 1.703557712963139892e+01
4.447087969336820101e-02 8.546678497635090466e+00 1.497332476297961179e+01
5.057225233443862766e-02 8.547669315911821997e+00 1.315882078988192028e+01
5.751072890423465644e-02 8.548997487910865445e+00 1.156197691364571867e+01
6.540115945842588097e-02 8.550799888592557352e+00 1.015627537449283935e+01
7.437415139754038895e-02 8.553288514111098806e+00 8.918306208504260368e+00
8.457823136332198732e-02 8.556811734035356665e+00 7.827332512965234024e+00
9.618230374570961583e-02 8.561991272427649236e+00 6.864843330851989833e+00
1.093784464952021890e-01 8.570078271406504911e+00 6.013982143871469788e+00
1.243850905186648370e-01 8.584115264227866859e+00 5.258412322040993736e+00
1.414506352859482008e-01 8.614685425912675498e+00 4.577765099951995431e+00
1.608575604951298366e-01 8.759544650552337330e+00 3.882655550221264740e+00
1.829271018552633965e-01 8.431489239789673462e+00 3.591779453144434697e+00
2.080245683831506431e-01 8.418645512271019982e+00 3.111689283078082457e+00
2.365653892293979876e-01 8.344256000535686724e+00 2.624367332907667993e+00
2.690219901246500567e-01 8.475195384613382288e+00 2.343410472566035185e+00
3.059316132692902479e-01 8.599960878393302366e+00 1.949825237095999420e+00
3.479052101063714320e-01 8.757274628100729430e+00 1.895718231408920929e+00
3.956375541765837500e-01 8.419342371519000778e+00 1.722734570704633983e+00
4.499187414496345072e-01 8.572649020804801623e+00 1.554533053127360231e+00
5.116472684928046188e-01 8.651895588570630125e+00 1.388299055283461092e+00
5.818449049548046759e-01 8.661986948836689848e+00 1.216550468464843604e+00
6.616736065436976677e-01 8.360162634308737850e+00 1.067726348426863758e+00
7.524547484532009278e-01 8.208934673644368019e+00 9.344069562840900955e-01
8.556909976012139207e-01 8.269335313893011019e+00 8.616222563874780249e-01
9.730911857237094509e-01 8.356250471381555300e+00 7.684313174586083761e-01
1.106598595039177013e+00 8.340934052750890615e+00 7.203868103421569025e-01
1.258423124685841277e+00 8.346048138792134807e+00 6.422309959729384232e-01
1.431077870370881744e+00 8.066405690097440129e+00 5.676066189640065485e-01
1.627420722721165003e+00 7.907356976464871678e+00 5.290069200248862513e-01
1.850701672897707262e+00 7.560258943278268084e+00 4.878084673080080313e-01
2.104616608506350239e+00 7.365980310064292880e+00 4.609955031315682850e-01
2.393368490268608983e+00 7.279255540835372962e+00 4.313605918247341298e-01
2.721736922087658606e+00 7.145780124970039893e+00 4.099841081882460436e-01
3.095157266077239289e+00 7.030795710168732171e+00 3.957896174455701188e-01
3.519810612115504611e+00 6.890806353900881476e+00 3.851314041417056577e-01
4.002726091156802113e+00 6.670058988193694027e+00 3.867907166337858915e-01
4.551897225856095908e+00 6.221584340465461160e+00 3.765020659454356156e-01
5.176414244415194155e+00 5.932787602308454922e+00 3.730561505726227578e-01
5.886614547793318053e+00 5.645785745419122925e+00 3.771345472808511623e-01
6.694253820910495811e+00 5.349870749346656851e+00 3.880831382657150552e-01
7.612700620184747358e+00 5.106998374265230289e+00 4.079153822693359355e-01
8.657157658339123429e+00 4.955127034322571511e+00 4.492673472544995161e-01
9.844913449324762311e+00 4.495591300421097891e+00 4.518026565833409003e-01
1.119562847874600564e+01 4.030584662176108779e+00 4.315369163395179064e-01
1.273166063666160852e+01 3.703640697692009098e+00 4.744270516599726206e-01
1.447843529953171426e+01 3.208430047066715751e+00 5.538273671481735994e-01
1.646486618714116901e+01 2.695911512696309131e+00 5.513798548981121428e-01
1.872383396078944884e+01 2.542315174761368368e+00 6.902024287555882376e-01
2.129273048480721187e+01 2.591383216116038390e+00 1.098408244720438631e+00
2.421407776036070914e+01 2.018400919648127179e+00 1.050865786831276516e+00
2.753623177652802667e+01 8.761638264411600874e-01 8.978202502022697429e-01
