2.231893737252444154e+01 1.712281160768325350e+01
2.598154651360924206e+01 1.712280730550320484e+01
3.024520155112063691e+01 1.712280147125679264e+01
3.520853604263889736e+01 1.712279355714772322e+01
4.098636962860218347e+01 1.712278281839188310e+01
4.771236422036976421e+01 1.712276823798815073e+01
5.554211607725795830e+01 1.712274842631993010e+01
6.465675530332561038e+01 1.712272147268228650e+01
7.526713603311652889e+01 1.712268473026895066e+01
8.761871424030896094e+01 1.712263447005812367e+01
1.019972260103948543e+02 1.712256523524523999e+01
1.187352976361010235e+02 1.712246793745469375e+01
1.382201404506502911e+02 1.712232710538968661e+01
1.609025084078178338e+02 1.712216328614099581e+01
1.873071256295781666e+02 1.712180161367587061e+01
2.180448251477347981e+02 1.712184661653390094e+01
2.538266796519486093e+02 1.712145696158039598e+01
2.954804511387977755e+02 1.712092580346450177e+01
3.439697400009589501e+02 1.712020012538479818e+01
4.004162765432845390e+02 1.711920550302736643e+01
4.661258706080978982e+02 1.711783580728017995e+01
5.426186196171528309e+02 1.711593558994794506e+01
6.316640738500758516e+02 1.711326244078265901e+01
7.353221724576833367e+02 1.710934610998060634e+01
8.559908972062588646e+02 1.710412407473538821e+01
9.964617463539673281e+02 1.709707276033618584e+01
1.159984311968145676e+03 1.708527269690380024e+01
1.350341454587294720e+03 1.706269608231177060e+01
1.571936814285988021e+03 1.704707128062102583e+01
1.829896682585954068e+03 1.701214384429252746e+01
2.130188591874196845e+03 1.690144628308972230e+01
2.479759365724642521e+03 1.707974471508211423e+01
2.886695823719928740e+03 1.709068275116332813e+01
3.360411858449410829e+03 1.721362026003981072e+01
3.911866212442002052e+03 1.702957919753507099e+01
4.553815992991535495e+03 1.737413806347236900e+01
5.301111789577323179e+03 1.739025936746079992e+01
6.171041220999098186e+03 1.739270284018270729e+01
7.183728859697643202e+03 1.738373310449473053e+01
8.362601784937956836e+03 1.735881787038713853e+01
9.734931534761590228e+03 1.736435368962181514e+01
1.133246499399095410e+04 1.734729398126379252e+01
1.319215881297675151e+04 1.737344920526974690e+01
1.535703434681521321e+04 1.739671235169434027e+01
1.787717289283044011e+04 1.754272544559412239e+01
2.081087424971668952e+04 1.758672547854408208e+01
2.422600539994838618e+04 1.761883265008164301e+01
2.820157051529530509e+04 1.767018970157293722e+01
3.282953860527365759e+04 1.784151447453983863e+01
3.821697108856450359e+04 1.801108695963912965e+01
4.448849850571937714e+04 1.812892985803940249e+01
5.178920366835746972e+04 1.827861541019149172e+01
6.028797794238437200e+04 1.840654351126458010e+01
7.018142830804220284e+04 1.875001527513162358e+01
8.169842558103328338e+04 1.904190741001090004e+01
9.510539901130479120e+04 1.940460397593396991e+01
1.107124997424595058e+05 1.975625127687672844e+01
1.288807757146060903e+05 2.025513563150022378e+01
1.500305239917583531e+05 2.073312756745409047e+01
1.746510137329240679e+05 2.121273756628406915e+01
2.033118047339063196e+05 2.182500144522822794e+01
2.366759233780829818e+05 2.226403955981158234e+01
2.755152008029294666e+05 2.273047978846540929e+01
3.207281281088179094e+05 2.339205836275548478e+01
3.733606416647940059e+05 2.395265852292114062e+01
4.346303193496366148e+05 2.430761182091485040e+01
5.059545474736088654e+05 2.485886917671005136e+01
5.889833099823261146e+05 2.556229646812550627e+01
6.856373584740466904e+05 2.598060963061404749e+01
7.981526460391122382e+05 2.635102183470580428e+01
9.291320528348231455e+05 2.698107384889363303e+01
1.081605599992897362e+06 2.752188913883318122e+01
1.259100544822092634e+06 2.819523012211851309e+01
1.465722978858191753e+06 2.860030901716727669e+01
1.706252816415457521e+06 2.917112193280047450e+01
1.986254371063761413e+06 2.971086060890926461e+01
2.312205078059940599e+06 3.092613351292470725e+01
2.691645340542613529e+06 3.176053693321050275e+01
3.133352965967732016e+06 3.293649823761995066e+01
3.647546228122156113e+06 3.627947280149478360e+01
