2.231865560504973445e+01 1.724818301108757623e+01
2.598060874099230233e+01 1.724815797314853327e+01
3.024340007288807186e+01 1.724812395238826923e+01
3.520561265855204880e+01 1.724807768055531554e+01
4.098200465810395343e+01 1.724801465771519915e+01
4.770616327816892266e+01 1.724792865258847741e+01
5.553359416431745643e+01 1.724781095681744958e+01
6.464531768829940006e+01 1.724764923921942739e+01
7.525205529928297210e+01 1.724742567602901744e+01
8.759910275437172800e+01 1.724711361355734240e+01
1.019720029287239527e+02 1.724667066377007885e+01
1.187031493970038980e+02 1.724602011833277615e+01
1.381794735032939627e+02 1.724496591340494689e+01
1.608513926937935707e+02 1.724271826485437131e+01
1.872432270551111628e+02 1.724409193858439693e+01
2.179653249552789873e+02 1.724184139391332593e+01
2.537281782100301939e+02 1.723831723525132631e+01
2.953588532074519435e+02 1.723183523356222580e+01
3.438201179839337556e+02 1.721548783175016695e+01
4.002327075919985191e+02 1.720223948431985761e+01
4.659012426780315650e+02 1.726599726472972662e+01
5.423444006735487619e+02 1.726363885429343625e+01
6.313300373513259274e+02 1.724723929145167745e+01
7.349160709818792157e+02 1.725399789979483245e+01
8.554980745940398492e+02 1.722422281636212915e+01
9.958646769777267309e+02 1.729344726216171324e+01
1.159262053655195132e+03 1.728519772790765430e+01
1.349468999265367074e+03 1.727929058878658708e+01
1.570884317515942257e+03 1.727206990312338064e+01
1.828628549719110651e+03 1.723806065349057093e+01
2.128662394526630578e+03 1.727259838766979172e+01
2.477924557487562197e+03 1.730377567981452103e+01
2.884492218393965686e+03 1.732068556665487336e+01
3.357767827448113621e+03 1.730763860978456847e+01
3.908696550175865013e+03 1.730728020087439489e+01
4.550019389806305298e+03 1.725973897476981733e+01
5.296567840929444174e+03 1.731447937769302925e+01
6.165606888713113221e+03 1.728798819663471065e+01
7.177234286019411229e+03 1.736312617359989119e+01
8.354845342266744410e+03 1.736940626099139706e+01
9.725673972935092024e+03 1.740408561334011850e+01
1.132142252224674849e+04 1.734836264710211395e+01
1.317899492455990185e+04 1.744542839308081383e+01
1.534135015986556027e+04 1.745785322213404456e+01
1.785849574074910197e+04 1.746660549440100141e+01
2.078864420660276301e+04 1.750651830122730246e+01
2.419955937064780301e+04 1.757972842908688094e+01
2.817012345362605993e+04 1.762455103461563510e+01
3.279216134633654292e+04 1.769128197339753683e+01
3.817256418965931516e+04 1.786293548999361036e+01
4.443576138284794433e+04 1.805549229294808455e+01
5.172659818876640202e+04 1.816248924739835147e+01
6.021368548474744603e+04 1.835928275442450186e+01
7.009329912678242545e+04 1.864591161392507601e+01
8.159391910533551709e+04 1.896101746541481248e+01
9.498151346715824911e+04 1.929890610182305721e+01
1.105656892012438329e+05 1.970792172745059645e+01
1.287068523368287570e+05 2.014900705624964061e+01
1.498245428407992295e+05 2.063800037886490912e+01
1.744071370707532042e+05 2.107348638355064452e+01
2.030231421666204114e+05 2.161463868254021747e+01
2.363343435795654077e+05 2.212679011508061677e+01
2.751111097933109850e+05 2.256367743552588223e+01
3.202502081811329117e+05 2.302029495375289869e+01
3.727955440153310774e+05 2.379737164028173169e+01
4.339623022480035434e+05 2.419441774842853476e+01
5.051650503758241539e+05 2.469068881018313988e+01
5.880504523071923759e+05 2.522392748947875418e+01
6.845353497860324569e+05 2.577935898731871234e+01
7.968510920588471927e+05 2.634221901789363685e+01
9.275951389710602816e+05 2.676907665708743878e+01
1.079791130886971485e+06 2.726499585287074012e+01
1.256958814634905662e+06 2.779494089234884768e+01
1.463195442613586085e+06 2.836117823733466281e+01
1.703270527528795879e+06 2.899965029256454585e+01
1.982736144097178709e+06 2.978930639384825696e+01
2.308055328599517234e+06 3.045744015804763194e+01
2.686751545704172458e+06 3.191280721580831425e+01
3.127582679191613570e+06 3.324412662823882414e+01
3.640743570360789541e+06 3.497447463003848611e+01
