2.231664133710892628e+01 1.715614557573723431e+01
2.597390534499022507e+01 1.715611792510033951e+01
3.023052388034257731e+01 1.715608042886454498e+01
3.518471950758187461e+01 1.715602956318352312e+01
4.095081156142980205e+01 1.715596052652621850e+01
4.766185409488250002e+01 1.715586676202046590e+01
5.547270613560832686e+01 1.715573929248146712e+01
6.456360509772869705e+01 1.715556577852731479e+01
7.514432580637517844e+01 1.715532917072957630e+01
8.745902110558118636e+01 1.715500574212965290e+01
1.017918557477769497e+02 1.715456214683863934e+01
1.184735635683327644e+02 1.715395088050667738e+01
1.378890792536348613e+02 1.715310297555975438e+01
1.604864208076995169e+02 1.715191557922874566e+01
1.867870276825209999e+02 1.715022912601083505e+01
2.173977931271616342e+02 1.714777968006385933e+01
2.530250684051266035e+02 1.714403264205342481e+01
2.944909620309302909e+02 1.713846549562400767e+01
3.427523101349180479e+02 1.712675887795438356e+01
3.989227557023780264e+02 1.711576330623024589e+01
4.642984461710467485e+02 1.706607332676015076e+01
5.403879423656637755e+02 1.710758865112674698e+01
6.289470289259088531e+02 1.720840760356334442e+01
7.320192294872764478e+02 1.720072017498879191e+01
8.519829615130756792e+02 1.719370529419282789e+01
9.916064188873990588e+02 1.716517632659772730e+01
1.154111448698966342e+03 1.715140345337906425e+01
1.343247896189020594e+03 1.723897028052182989e+01
1.563380133392004382e+03 1.723769203700504349e+01
1.819587768139606169e+03 1.725271216369031180e+01
2.117782857314264220e+03 1.727447406070225711e+01
2.464846329078015060e+03 1.727011421724769491e+01
2.868786762054617611e+03 1.725733197752654391e+01
3.338925185335290735e+03 1.724570734985069365e+01
3.886110163615588135e+03 1.721938180321710732e+01
4.522968130608133833e+03 1.719198561973389161e+01
5.264194747238886521e+03 1.719254182716421653e+01
6.126894007792075172e+03 1.716907458771792605e+01
7.130972918965022473e+03 1.727192029669762618e+01
8.299600859153337296e+03 1.734798715392934199e+01
9.659744217799725448e+03 1.737967521537607851e+01
1.124278865174657221e+04 1.736718120108172769e+01
1.308526331731718165e+04 1.735053454343509571e+01
1.522968378996672982e+04 1.740072388353681987e+01
1.772553312209002979e+04 1.746823773508356936e+01
2.063040367714667082e+04 1.745707628535246059e+01
2.401132608821881149e+04 1.757850097023103686e+01
2.794631600706113386e+04 1.754881978554848132e+01
3.252617433527416870e+04 1.773493969644909640e+01
3.785658247839671094e+04 1.785503287579974341e+01
4.406054097144324624e+04 1.795472894142669773e+01
5.128120774779580097e+04 1.805312956925188672e+01
5.968520154523312522e+04 1.831987734567976034e+01
6.946644667603829294e+04 1.859484789712834285e+01
8.085064788024123118e+04 1.887696441691388571e+01
9.410049852038222889e+04 1.921253942064324605e+01
1.095217422982268472e+05 1.959234705468512416e+01
1.274702283690992917e+05 1.998197239598083996e+01
1.483601226524077356e+05 2.040694777199749765e+01
1.726734648164574464e+05 2.107733420395498314e+01
2.009712914674277999e+05 2.153031279814907606e+01
2.339065822129511798e+05 2.211973963695265866e+01
2.722393273340309388e+05 2.267682067644011568e+01
3.168540647556947079e+05 2.325605998499374039e+01
3.687802909864747198e+05 2.376609627697531479e+01
4.292162170143806143e+05 2.425165342840454130e+01
4.995564173327594181e+05 2.468572284496685398e+01
5.814240101044018520e+05 2.519925856998320057e+01
6.767081110294348327e+05 2.569999846757167106e+01
7.876074251746117370e+05 2.602080423995273861e+01
9.166809826566406991e+05 2.649542580853511353e+01
1.066907188918452710e+06 2.697477315238430862e+01
1.241752552198676858e+06 2.741213614941874965e+01
1.445251674098320305e+06 2.769841070455348842e+01
1.682100349047483178e+06 2.868652203907357290e+01
1.957763920966182370e+06 2.942237369700108474e+01
2.278603397477022372e+06 3.037632381216456423e+01
2.652022231787521858e+06 3.150488025723871743e+01
3.086637159271677025e+06 3.241919138443133619e+01
3.592477030848684255e+06 3.246837401947225032e+01
