2.231729969665354929e+01 1.748554818076938844e+01
2.597609625033236824e+01 1.748553626463638011e+01
3.023473204994019881e+01 1.748552011148276719e+01
3.519154738734016519e+01 1.748549821188335329e+01
4.096100489562162750e+01 1.748546851369614430e+01
4.767633271683623519e+01 1.748542822492661486e+01
5.549260100231178683e+01 1.748537354324999171e+01
6.459030278799767189e+01 1.748529927710575649e+01
7.517952193431018770e+01 1.748519832136290830e+01
8.750478437642013319e+01 1.748506091350907354e+01
1.018507047099120513e+02 1.748487357091893912e+01
1.185485585026030151e+02 1.748461753670552810e+01
1.379839321001514634e+02 1.748426644937536167e+01
1.606056265745411906e+02 1.748378271305131193e+01
1.869360214251544789e+02 1.748311154802837208e+01
2.175831373507135993e+02 1.748217049131444512e+01
2.532546766452632596e+02 1.748082869751038615e+01
2.947743654386023309e+02 1.747885762904689955e+01
3.431009751556974265e+02 1.747572449671173800e+01
3.993504624380565247e+02 1.747063240266012940e+01
4.648217387814712538e+02 1.745688778218473303e+01
5.410266649618399697e+02 1.747205646421375747e+01
6.297249628794662613e+02 1.746184281422962314e+01
7.329648510051075618e+02 1.744502446185490996e+01
8.531303417802897684e+02 1.737297664895942617e+01
9.929962931620611926e+02 1.741728461184486676e+01
1.155792485560821206e+03 1.755560339671217918e+01
1.345278203833983525e+03 1.756049187885881935e+01
1.565829046580657405e+03 1.755738068162986920e+01
1.822537967335016219e+03 1.754255548868349734e+01
2.121332880898598887e+03 1.755398813181132311e+01
2.469113550573488283e+03 1.755331206847549907e+01
2.873910917292303566e+03 1.754858628365456852e+01
3.345072549868566966e+03 1.755804987232981418e+01
3.893478498779132678e+03 1.752995469037801968e+01
4.531792537967833596e+03 1.754462100720260054e+01
5.274754596338651027e+03 1.755303607078325356e+01
6.139521131757775947e+03 1.759742889845460212e+01
7.146061307470970860e+03 1.757860827761187394e+01
8.317618119430302613e+03 1.752601869186776540e+01
9.681245122868876933e+03 1.758272583853715787e+01
1.126843115219769243e+04 1.760859697415883929e+01
1.311582746023805157e+04 1.765082753321677345e+01
1.526609406786715226e+04 1.766139548856341079e+01
1.776888486795774588e+04 1.765139731313495375e+01
2.068199423160303559e+04 1.773692190415765069e+01
2.407269159402369769e+04 1.781301153575766705e+01
2.801927483837534601e+04 1.785615111447569348e+01
3.261287834814942471e+04 1.805292297570797189e+01
3.795957747965987073e+04 1.813062656948975260e+01
4.418283805103221675e+04 1.822959580609013130e+01
5.142636741122208332e+04 1.836539225596336422e+01
5.985743292586471944e+04 1.856271686812498345e+01
6.967072451033249672e+04 1.874657742860656029e+01
8.109285040349935298e+04 1.913973870722088222e+01
9.438756999848726264e+04 1.942802867771183628e+01
1.098618845667667483e+05 1.974495079657910424e+01
1.278731265224331291e+05 2.022923495520021220e+01
1.488372109317386930e+05 2.072450151501673332e+01
1.732382398114947719e+05 2.123841463256472295e+01
2.016396809985181899e+05 2.167205676338020481e+01
2.346973797322454921e+05 2.211952443769543919e+01
2.731747034135935828e+05 2.279826900311478255e+01
3.179601692623926792e+05 2.317894768936959693e+01
3.700879619307336980e+05 2.388767745801789388e+01
4.307618148643496679e+05 2.441835759099979697e+01
5.013828068797254818e+05 2.495082546758529674e+01
5.835817158346663928e+05 2.532088390090981989e+01
6.792566765023329062e+05 2.597127418664799592e+01
7.906170122432529461e+05 2.646384877623827592e+01
9.202342526349846739e+05 2.692708424491852526e+01
1.071101515157025307e+06 2.740178980186999880e+01
1.246702622171075782e+06 2.779967648256906187e+01
1.451092549243922578e+06 2.835054533442409053e+01
1.688991062523233471e+06 2.926863244667891450e+01
1.965891707437769044e+06 3.014376366321845069e+01
2.288188665485863574e+06 3.142257271242197803e+01
2.663324408485363238e+06 3.204011644654336521e+01
3.099961559912608936e+06 3.397814741849113318e+01
3.608182931947407313e+06 3.577145243000641273e+01
