1.081329770488458856e-03 2.096477334631527256e+01 8.335207902438877454e+02
1.257218374600787506e-03 2.096536146210249996e+01 7.168960666805926394e+02
1.461716938321098828e-03 2.096615678821292761e+01 6.165854165976458034e+02
1.699479144546595447e-03 2.096723248543219498e+01 5.303061084855826266e+02
1.975915642098389612e-03 2.096868767550409984e+01 4.560947120756214304e+02
2.297317173451226581e-03 2.097065675707331422e+01 3.922624150745163547e+02
2.670997730363194444e-03 2.097332215929400334e+01 3.373565882292435276e+02
3.105460995134460937e-03 2.097693186732924531e+01 2.901277228645434434e+02
3.610593855124754475e-03 2.098182364361187879e+01 2.495009873798147737e+02
4.197891394253427250e-03 2.098845876153542278e+01 2.145517534190537106e+02
4.880718481513645832e-03 2.099746945322257830e+01 1.844845310910805551e+02
5.674613909354217153e-03 2.100972654133725115e+01 1.586148280235167363e+02
6.597644003071006721e-03 2.102643751507639891e+01 1.363535087481594132e+02
7.670813748139654678e-03 2.104929199861546962e+01 1.171932795176282411e+02
8.918544791331485186e-03 2.108068386369028602e+01 1.006969548752088173e+02
1.036923119327154592e-02 2.112406324970897131e+01 8.648716741888550530e+01
1.205588557945263400e-02 2.118452173298802066e+01 7.423713496275131263e+01
1.401689039387664371e-02 2.126982664863901462e+01 6.366192699905361962e+01
1.629687135126839728e-02 2.139240229205892518e+01 5.450914573925847861e+01
1.894771296462560012e-02 2.157356249265685477e+01 4.654621766913673042e+01
2.202973925801399169e-02 2.185410971473410058e+01 3.953474615197595199e+01
2.561308653356374199e-02 2.232890327706054023e+01 3.314548230210107249e+01
2.977929943211530400e-02 2.335993077856676337e+01 2.632383483188365858e+01
3.462318660835737860e-02 2.282733286599050260e+01 2.369320857699569771e+01
4.025497824923095908e-02 1.318225955255906534e+01 1.974169796291141310e+01
4.680283453328668714e-02 1.318889865678842810e+01 1.697240321626835069e+01
5.441576211488975690e-02 1.319823053627467146e+01 1.458910487141915446e+01
6.326700500240689529e-02 1.321155978626753225e+01 1.253739593888805004e+01
7.355798699508275806e-02 1.323106349115102631e+01 1.077026276785725756e+01
8.552289539488903969e-02 1.326070576947268265e+01 9.246826366855984247e+00
9.943401030283868791e-02 1.330875634084205394e+01 7.930855094655830939e+00
1.156079007761925681e-01 1.339709716212704294e+01 6.787703574072111223e+00
1.344126288497531074e-01 1.362856066202746952e+01 5.765229932069357410e+00
1.562761253599547762e-01 1.362403050236636304e+01 4.934717637482923358e+00
1.816959281766563628e-01 1.278539756575449893e+01 4.356534100395261788e+00
2.112505044512464347e-01 1.284913179586080645e+01 3.701300178162470811e+00
2.456124145364284861e-01 1.310829767688324665e+01 3.198434299601025543e+00
2.855636171431565340e-01 1.275607693985936031e+01 2.706498558083552108e+00
3.320132640273708580e-01 1.261675454501315130e+01 2.275159117872737280e+00
3.860183891523111810e-01 1.254839395074083797e+01 1.997046467767627176e+00
4.488079631404753300e-01 1.252155717229993925e+01 1.703367481413813556e+00
5.218108604116904470e-01 1.230953222709731065e+01 1.473657028994444174e+00
6.066883754430268949e-01 1.235916834071846182e+01 1.307563118630205024e+00
7.053720281086219845e-01 1.235347538587152982e+01 1.150149711455254353e+00
8.201075184187278655e-01 1.230034619151084740e+01 9.904118302489078873e-01
9.535058309164378132e-01 1.221556202106717492e+01 8.726493882331359808e-01
1.108602651692120578e+00 1.208938686715179678e+01 7.690583588080701638e-01
1.288927450142154818e+00 1.224713616991836496e+01 6.764000785861009613e-01
1.498583797534826845e+00 1.204437369319844642e+01 6.033596321768959214e-01
1.742342750157288123e+00 1.186765792263843267e+01 5.322514470485834037e-01
2.025751422122334056e+00 1.150447532236734105e+01 4.844256530268488681e-01
2.355259218578092728e+00 1.125697928020649918e+01 4.357544658603889620e-01
2.738364601953659161e+00 1.085043162073358758e+01 3.932326701442712680e-01
3.183785731134883168e+00 1.044412941477623491e+01 3.626642600933251970e-01
3.701658856730145608e+00 1.013235023565844806e+01 3.515887977606447778e-01
4.303768987219013020e+00 9.819685570038073408e+00 3.483365795637151097e-01
5.003818075150752165e+00 9.368573366696969273e+00 3.412863149751938496e-01
5.817736826386777693e+00 8.821852946722344768e+00 3.360291792288734869e-01
6.764047228091365938e+00 8.208733575300508178e+00 3.349069704514236467e-01
7.864284045358903796e+00 7.650960713458212048e+00 3.300325229072283428e-01
9.143484878289081408e+00 7.243655488481416604e+00 3.440867764684008012e-01
1.063075993152097709e+01 6.719126024976084466e+00 3.377860132044513408e-01
1.235995446221798844e+01 6.138314022895094979e+00 3.560578532696785925e-01
1.437041898153797348e+01 5.599154697209408837e+00 3.511649642636697766e-01
1.670790473672094478e+01 5.194053061434742879e+00 3.568729121971979668e-01
1.942560485188204211e+01 4.924631507966559241e+00 3.605874831993990948e-01
2.258536482028816295e+01 4.566608552973375978e+00 3.442080101706180839e-01
2.625908989475246003e+01 4.290406560974382444e+00 3.527556287201461527e-01
3.053038140350452068e+01 3.960838909359929438e+00 3.767473474585439353e-01
3.549643922844882127e+01 3.636679896908411092e+00 3.587712532676954336e-01
4.127027373966336654e+01 3.140662146487587680e+00 3.545091282651445797e-01
4.798327752214875375e+01 2.839038457728539022e+00 3.418276050853505943e-01
5.578821541846958354e+01 2.745070898491511091e+00 3.462923459230951018e-01
6.486270093035925299e+01 2.432119232171590539e+00 3.467558356224521576e-01
7.541323809021459113e+01 2.221830194748319443e+00 3.478617484278288541e-01
8.767992078155199920e+01 1.862268573467163124e+00 3.696717470362898550e-01
1.019418964487717432e+02 1.646061960708018024e+00 3.532003611284562083e-01
1.185237185314454536e+02 1.317780946218647387e+00 3.802223499741481105e-01
1.378027321826477589e+02 1.256642872724903270e+00 6.237964834172569084e-01
1.602176613448423836e+02 1.101920259723851547e+00 9.044044990667379214e-01
