1.080429445911368098e-03 1.255183679084340298e+01 7.582745872128405153e+02
1.254226129273323595e-03 1.255184142044506856e+01 6.532011027447680362e+02
1.455979554523350455e-03 1.255184765733737251e+01 5.626874920611908237e+02
1.690186812180537873e-03 1.255185606197351333e+01 4.847162041793235971e+02
1.962068389761302632e-03 1.255186739041163335e+01 4.175492566524838480e+02
2.277684536618726323e-03 1.255188265767639599e+01 3.596894957609702601e+02
2.644070347100996917e-03 1.255190323418510445e+01 3.098472255934302098e+02
3.069392573037020826e-03 1.255193096864174507e+01 2.669114603123850316e+02
3.563131660904692716e-03 1.255196835299213198e+01 2.299251602441858608e+02
4.136293071296327437e-03 1.255201874983242760e+01 1.980638995252857057e+02
4.801652590999117703e-03 1.255208669625655915e+01 1.706174895393772317e+02
5.574041105705005578e-03 1.255217831867063261e+01 1.469741488304366044e+02
6.470675180943091624e-03 1.255230189467750535e+01 1.266068664380794786e+02
7.511540819894481011e-03 1.255246861786571166e+01 1.090616547820228419e+02
8.719838952063954304e-03 1.255269364427363676e+01 9.394743022948078703e+01
1.012250258276569184e-02 1.255299752839720107e+01 8.092729577044784151e+01
1.175079713070216643e-02 1.255340820773320054e+01 6.971103147827049895e+01
1.364101733518070618e-02 1.255396376779823520e+01 6.004862535266750001e+01
1.583529626705260790e-02 1.255471633668439324e+01 5.172470031648258981e+01
1.838254447625540383e-02 1.255573764828988459e+01 4.455371308803452735e+01
2.133954020958801073e-02 1.255712713490914290e+01 3.837581783571638994e+01
2.477219499970905597e-02 1.255902397428855721e+01 3.305330227873734827e+01
2.875702283537898488e-02 1.256162555244514323e+01 2.846751656875374792e+01
3.338284566079917359e-02 1.256521680217754877e+01 2.451622611205659652e+01
3.875277321968476074e-02 1.257021895487188345e+01 2.111132864130037845e+01
4.498650137486106398e-02 1.257727513990403700e+01 1.817688339380996609e+01
5.222298013300321479e-02 1.258741131539998115e+01 1.564740601599780234e+01
6.062351084487888064e-02 1.260236617291545080e+01 1.346638603461606998e+01
7.037534161778973008e-02 1.262534883144978792e+01 1.158498166382699601e+01
8.169584108207388062e-02 1.266307813128832471e+01 9.960827984563188409e+00
9.483734354506265229e-02 1.273279794066360537e+01 8.556790130589448040e+00
1.100927735311335587e-01 1.290104220352452025e+01 7.338414935930424043e+00
1.278021750790431788e-01 1.335313350964505652e+01 6.255061135841961217e+00
1.483602913347933927e-01 1.181174190708883209e+01 5.238249531268110992e+00
1.722253633894065272e-01 1.158894413622871333e+01 4.302218141748857860e+00
1.999293444879945425e-01 1.219269409797424331e+01 4.117962471477015995e+00
2.320897572851794155e-01 1.214629288429840237e+01 3.455411599930693800e+00
2.694234584454812120e-01 1.217710688442459599e+01 2.994364598570083302e+00
3.127626174020703420e-01 1.237451582342061762e+01 2.638819975421565101e+00
3.630732654409457583e-01 1.258256670712392378e+01 2.303690100081042580e+00
4.214768285702384931e-01 1.287581370270170922e+01 1.989224143074996398e+00
4.892751241430084441e-01 1.256931692604656092e+01 1.724276740168481981e+00
5.679793784090845232e-01 1.231148099405321439e+01 1.475312088222473950e+00
6.593439117981363395e-01 1.204679653622083002e+01 1.249366613212487653e+00
7.654052427800526193e-01 1.205645274774890652e+01 1.099193113944880285e+00
8.885274819289641357e-01 1.189586046848120127e+01 9.553224114872040929e-01
1.031455028026103671e+00 1.161464614812662077e+01 8.146814439647597217e-01
1.197373740799372088e+00 1.144606622756407610e+01 7.393998741130414221e-01
1.389981953842003293e+00 1.145854185321253382e+01 6.655855093939591072e-01
1.613572910590629572e+00 1.136350876926883835e+01 5.908558776712408145e-01
1.873130460863425384e+00 1.125621505232865616e+01 5.384435558238425124e-01
2.174440151037327240e+00 1.102824666334440096e+01 4.841252232393096766e-01
2.524218184068054871e+00 1.077309208892050485e+01 4.338925339352847632e-01
2.930261123876041651e+00 1.045513641001896232e+01 3.953054762563059099e-01
3.401619681013987595e+00 9.998768442730884942e+00 3.644705221366434933e-01
3.948800453304307290e+00 9.676518095128590957e+00 3.479957401484400359e-01
4.584000118251957190e+00 9.232653239696681169e+00 3.351588761255027693e-01
5.321377297389258132e+00 9.031491257887982016e+00 3.376300769525749645e-01
6.177368152417962222e+00 8.379065904409921828e+00 3.328140392183240315e-01
7.171052747796979432e+00 8.053410053067477037e+00 3.400629307042557503e-01
8.324580346009987863e+00 7.463580484076671517e+00 3.478794885366721101e-01
9.663663115358485101e+00 7.038221301739671532e+00 3.513044040571224880e-01
1.121814925504330240e+01 6.488693239432828719e+00 3.432048301502100829e-01
1.302268831251162240e+01 6.040328186086656892e+00 3.544772145321954948e-01
1.511750352301514155e+01 5.650669375613219358e+00 3.624104781041173062e-01
1.754928838685366799e+01 5.057039981362938086e+00 3.451723299326798222e-01
2.037224746904056616e+01 4.822376812125274803e+00 3.621484980065224346e-01
2.364930462084897300e+01 4.656390433197833190e+00 3.762591110674565198e-01
2.745350555453705255e+01 4.046622113841862323e+00 3.606764950812086923e-01
3.186964603468921808e+01 3.779237188919754686e+00 3.480217790311940784e-01
3.699616197861218581e+01 3.567898349760231458e+00 3.479449413590839923e-01
4.294732359618619455e+01 3.197076280228957401e+00 3.482328867217170942e-01
4.985578247662115103e+01 2.786812171406924943e+00 3.199865380548854166e-01
5.787552839676582295e+01 2.579996236297964263e+00 3.465465825038460679e-01
6.718532175832487496e+01 2.403816860766449626e+00 3.505241115078411296e-01
7.799267816312298862e+01 2.009688078466471683e+00 3.169906583151816393e-01
9.053849394273026974e+01 1.994869289010056113e+00 3.653239022140540859e-01
1.051024157456573676e+02 1.774363028273573839e+00 4.018040407769286615e-01
1.220090738703963211e+02 1.502221729609737988e+00 4.578922206225092828e-01
1.416353182855066279e+02 1.166878361030405431e+00 6.121491036033724908e-01
