1.081597660814300095e-03 1.272749514343326283e+01 7.294400047278069223e+02
1.258109338943631719e-03 1.272749694466381243e+01 6.271000481897332293e+02
1.463426897156484396e-03 1.272749938292847105e+01 5.391182784086109905e+02
1.702251320317881705e-03 1.272750267954618941e+01 4.634802499222312235e+02
1.980050772029866811e-03 1.272750714077646883e+01 3.984541421861073900e+02
2.303185794612239851e-03 1.272751317761867362e+01 3.425511065887519067e+02
2.679054941134409711e-03 1.272752134559703663e+01 2.944911779180011990e+02
3.116264173913530812e-03 1.272753239791933666e+01 2.531739681084249867e+02
3.624823908055032750e-03 1.272754735237793078e+01 2.176534714118285194e+02
4.216378211577114996e-03 1.272756758870407801e+01 1.871164046989341614e+02
4.904471409923267730e-03 1.272759497202694767e+01 1.608635861679619552e+02
5.704858199083970814e-03 1.272763202909042768e+01 1.382939269350262634e+02
6.635864367729034721e-03 1.272768217985006345e+01 1.188906682882686567e+02
7.718806387504344516e-03 1.272775005673276283e+01 1.022095499527498532e+02
8.978479478502016803e-03 1.272784193556888255e+01 8.786863818875899312e+01
1.044372532473194365e-02 1.272796632273129624e+01 7.553958096705798653e+01
1.214809243810232794e-02 1.272813475511920878e+01 6.494008993415440045e+01
1.413060429071240701e-02 1.272836289324381021e+01 5.582747704889779072e+01
1.643665280274170248e-02 1.272867201930218783e+01 4.799309788257317422e+01
1.911903764338276912e-02 1.272909110025934787e+01 4.125757434923924905e+01
2.223917514082394270e-02 1.272965964553988272e+01 3.546668745216218355e+01
2.586850448068548497e-02 1.273043169761720073e+01 3.048784597024619458e+01
3.009012338946184112e-02 1.273148146338507303e+01 2.620705015850711916e+01
3.500069075384934503e-02 1.273291137211394641e+01 2.252628082967355994e+01
4.071263973864697183e-02 1.273486381589292726e+01 1.936125384020028406e+01
4.735675207514480206e-02 1.273753865947254660e+01 1.663948821949368906e+01
5.508515246133395549e-02 1.274122014698084904e+01 1.429864307487984121e+01
6.407479163422183377e-02 1.274631984883716207e+01 1.228508397176266875e+01
7.453149786325423409e-02 1.275344858640595369e+01 1.055264345450829744e+01
8.669468962850936100e-02 1.276354447353888943e+01 9.061541703817114879e+00
1.008428573859256744e-01 1.277811958891925670e+01 7.777428432487198506e+00
1.172999399309689050e-01 1.279978841154982661e+01 6.670481881393271806e+00
1.364427413550188262e-01 1.283358849145960789e+01 5.714383679238273395e+00
1.587095584143390636e-01 1.289127733408250265e+01 4.884216565433207258e+00
1.846102158453003794e-01 1.302342465398181481e+01 4.135399890475563112e+00
2.147377393960995251e-01 1.318120142078821466e+01 3.598182351449563221e+00
2.497819338426444657e-01 1.331120572268891777e+01 3.033443696944589263e+00
2.905451768731086570e-01 1.211117404681059995e+01 2.455489187891727543e+00
3.379607904605543833e-01 1.212060133392753336e+01 2.143318117524696920e+00
3.931144103576206250e-01 1.206380444603117219e+01 1.933307375630212377e+00
4.572688429927699305e-01 1.220385365168687919e+01 1.750952849640661446e+00
5.318929788957130755e-01 1.216063556893662856e+01 1.479747818281435423e+00
6.186954246585936179e-01 1.223755159036207907e+01 1.324070343609591305e+00
7.196636234758964079e-01 1.228697932076372190e+01 1.118299923720495581e+00
8.371093599734489299e-01 1.223077834894074201e+01 1.004641227118161284e+00
9.737216912126278601e-01 1.218937292342836010e+01 8.505165383429578174e-01
1.132628515786818113e+00 1.203357110148546738e+01 7.545277600209316926e-01
1.317468190706372333e+00 1.181141447116121768e+01 6.668359180543088627e-01
1.532472835824148394e+00 1.169652777829733559e+01 5.881074053821383485e-01
1.782565233153563744e+00 1.156098739422584210e+01 5.315826680790025627e-01
2.073471539702021804e+00 1.150083629169853516e+01 4.764078988656800795e-01
2.411852394511442732e+00 1.126651502791579418e+01 4.221273708885849296e-01
2.805455421754446732e+00 1.069813790694390931e+01 3.852043868483310818e-01
3.263292621622364553e+00 1.060328573584473943e+01 3.674053462498802491e-01
3.795846710576267213e+00 1.020619902859930939e+01 3.520778998217493627e-01
4.415311135361625894e+00 9.766620236277947953e+00 3.377574899959620014e-01
5.135869256187305609e+00 9.144612640008940474e+00 3.319191830982221592e-01
5.974019091293234496e+00 8.740409504806430974e+00 3.289960844960292952e-01
6.948951058312236029e+00 8.196429675911208079e+00 3.268264955462722998e-01
8.082987361254904357e+00 7.701399805114019337e+00 3.459776862296103372e-01
9.402093083394806428e+00 7.005501225950437671e+00 3.401334073505728472e-01
1.093647068812147083e+01 6.651070855018869743e+00 3.518981858301335475e-01
1.272125153955122201e+01 6.149408759756889609e+00 3.829433819036887066e-01
1.479730027606660414e+01 5.588164022331371328e+00 3.705885773565869012e-01
1.721215045385426379e+01 5.199577736621253443e+00 3.725428820599937518e-01
2.002109288309085855e+01 4.750185336278234693e+00 3.590074695327563625e-01
2.328844157550297211e+01 4.369634495006945230e+00 3.315315102516411261e-01
2.708900628864606119e+01 4.079024859128374203e+00 3.498856400279217738e-01
3.150980538252082397e+01 3.663393869916373280e+00 3.419890181167009602e-01
3.665205820637594059e+01 3.510783890968217857e+00 3.382757342676240842e-01
4.263350263371566484e+01 3.348915934513178261e+00 3.583362452208428417e-01
4.959109080817864879e+01 3.061163801743034707e+00 3.409358866872597704e-01
5.768412482253246765e+01 2.778616452990366970e+00 3.597035521813792269e-01
6.709790412580996133e+01 2.271073372990889183e+00 3.311806808441454253e-01
7.804796817022656796e+01 1.999438473972862562e+00 3.484939047474086560e-01
9.078503143822550214e+01 1.860036418107190004e+00 3.441738141975617116e-01
1.056007238428492627e+02 1.426958175942041995e+00 3.347077818136483529e-01
1.228342679345961415e+02 1.109983305096160944e+00 3.368504654337426407e-01
1.428802457971963236e+02 9.152965402511215043e-01 5.961011691590253347e-01
1.661976334644432711e+02 6.776359761811617810e-01 5.045827709510801728e-01
