2.205343000569304479e+01 1.481235825439398468e+01
2.510471849414962975e+01 1.481231821119407499e+01
2.857817992519991179e+01 1.481226622389021941e+01
3.253222568607669984e+01 1.481219869133505007e+01
3.703334889975241140e+01 1.481211089922868496e+01
4.215724260506900123e+01 1.481199665600809290e+01
4.799007264704940923e+01 1.481184779436321719e+01
5.462992668292209686e+01 1.481165347632363627e+01
6.218846367103670758e+01 1.481139920089249884e+01
7.079279158126428229e+01 1.481106533877758302e+01
8.058760490335774307e+01 1.481062486719947913e+01
9.173761789863443994e+01 1.481003963506428178e+01
1.044303345137039258e+02 1.480925361322539935e+01
1.188792015364335128e+02 1.480817893812009700e+01
1.353271980191298667e+02 1.480666032693122069e+01
1.540509213303908780e+02 1.480434316281741935e+01
1.753652385486290086e+02 1.479912101227854215e+01
1.996285814173228914e+02 1.479975585028920904e+01
2.272489739044939085e+02 1.479437769086795385e+01
2.586908937287277013e+02 1.478939365946678208e+01
2.944830832384432142e+02 1.480625203218439268e+01
3.352274409958851606e+02 1.480047504171232120e+01
3.816091435909668235e+02 1.479100546540754380e+01
4.344081678982197445e+02 1.478462241856998816e+01
4.945124075406325801e+02 1.477293406812676402e+01
5.629326041330973567e+02 1.475391573799196543e+01
6.408193443963939444e+02 1.472264253773098552e+01
7.294824089732987886e+02 1.466355356959660305e+01
8.304127983257579899e+02 1.462710045969720163e+01
9.453078061111366424e+02 1.451981959273658696e+01
1.076099561683419552e+03 1.462795753379237773e+01
1.224987521703704942e+03 1.496832822052790668e+01
1.394475457254436606e+03 1.492482525614602551e+01
1.587413558450363780e+03 1.494896997144830308e+01
1.807046364597485535e+03 1.489235946259172749e+01
2.057067325916438676e+03 1.489659132817565279e+01
2.341680914366338129e+03 1.496317723555628021e+01
2.665673328054366721e+03 1.503520717316592759e+01
3.034492978230250174e+03 1.504597055972994113e+01
3.454342112373377859e+03 1.530184040080526842e+01
3.932281114150187022e+03 1.534918008655767885e+01
4.476347234199735794e+03 1.543132712756895408e+01
5.095689748381075333e+03 1.557796943794632938e+01
5.800723816368123153e+03 1.570493831593539547e+01
6.603305627951665883e+03 1.581607454908576926e+01
7.516931782392412060e+03 1.594836280329526090e+01
8.556966253683563991e+03 1.608356794815024671e+01
9.740898758479226672e+03 1.624637001036391126e+01
1.108863887152721691e+04 1.650519976734292626e+01
1.262285083459186899e+04 1.668516202615379385e+01
1.436933468917376013e+04 1.689459261530887701e+01
1.635746014233625101e+04 1.708637315262345169e+01
1.862066046173388895e+04 1.733997635351983035e+01
2.119699470541752453e+04 1.761451165968047405e+01
2.412978774114118278e+04 1.792246464589414856e+01
2.746835881804116070e+04 1.819287976964682940e+01
3.126885094269693946e+04 1.863012024215950646e+01
3.559517500675798510e+04 1.896895330468271368e+01
4.052008454303785402e+04 1.923315805778745258e+01
4.612639918368748476e+04 1.953696292883651964e+01
5.250839739470527275e+04 1.990856109849836031e+01
5.977340190767253807e+04 2.033754827304014867e+01
6.804358451009253622e+04 2.065503794306608398e+01
7.745802054454937752e+04 2.109759831047378498e+01
8.817502766612653795e+04 2.155654126643693402e+01
1.003748281877478294e+05 2.195231135846420045e+01
1.142625797847111680e+05 2.237817851580149409e+01
1.300718255241919833e+05 2.293501926924174938e+01
1.480684212370604218e+05 2.325804912722156104e+01
1.685550062765736657e+05 2.381359826816034087e+01
1.918760928463574674e+05 2.435734981401784438e+01
2.184238594822494779e+05 2.489202011639378753e+01
2.486447461139616207e+05 2.534916823205579206e+01
2.830469616122711450e+05 2.586840389226794201e+01
3.222090300722423126e+05 2.626749433419639601e+01
3.667895195508584729e+05 2.740079992973183920e+01
4.175381168621677207e+05 2.820528535426567984e+01
4.753082346689886181e+05 2.876455383942473532e+01
5.410713628780565923e+05 3.082009780070397298e+01
6.159334056785254506e+05 3.330124917347200153e+01
