2.205334030728294437e+01 1.525689428525496893e+01
2.510442457855133824e+01 1.525686393996543444e+01
2.857762700066091455e+01 1.525682458686812915e+01
3.253134770858909519e+01 1.525677354027596699e+01
3.703206650827410584e+01 1.525670730571721734e+01
4.215546070079228969e+01 1.525662133077805471e+01
4.798767755774547084e+01 1.525650967538135561e+01
5.462678284388594108e+01 1.525636457261976275e+01
6.218440974315130632e+01 1.525617583928356957e+01
7.078763591396325694e+01 1.525593007636417653e+01
8.058112023552165226e+01 1.525560957046611499e+01
9.172953517339820451e+01 1.525519075835705962e+01
1.044203356634214970e+02 1.525464203402600027e+01
1.188669110712302484e+02 1.525392052790537178e+01
1.353121732260938757e+02 1.525296720278698004e+01
1.540326408599669890e+02 1.525169902653237308e+01
1.753430891295462857e+02 1.524999567146485191e+01
1.996018424006820737e+02 1.524767487756653139e+01
2.272167992906275629e+02 1.524444067465572772e+01
2.586522912761496400e+02 1.523974932610930466e+01
2.944368901915155448e+02 1.523224702360078453e+01
3.351722958954688352e+02 1.522006095077538035e+01
3.815434535488001302e+02 1.519972741081394574e+01
4.343300706194000895e+02 1.521228824500308896e+01
4.944197272673825978e+02 1.519752453693121730e+01
5.628228005547497332e+02 1.515309643472450674e+01
6.406894534226024689e+02 1.528247697429336149e+01
7.293289740969236163e+02 1.523859499749330659e+01
8.302317911052193722e+02 1.525314401471419856e+01
9.450945340753439723e+02 1.527593329801554134e+01
1.075848561701115841e+03 1.529524420541650009e+01
1.224692436557977544e+03 1.527767947688241712e+01
1.394128892816235521e+03 1.526086585362230785e+01
1.587006918445202473e+03 1.522425298699267238e+01
1.806569659499137970e+03 1.516219180370010378e+01
2.056508951971228271e+03 1.528487412358215636e+01
2.341027398141032791e+03 1.520977414947401307e+01
2.664909031197666536e+03 1.523847363115718778e+01
3.033599756328461353e+03 1.532194101650489593e+01
3.453298920849165825e+03 1.537162717533224665e+01
3.931063553080932707e+03 1.545477083791794826e+01
4.474927022697858774e+03 1.557848551566590345e+01
5.094034117758576940e+03 1.569134121425360462e+01
5.798794809673582677e+03 1.574328576579478067e+01
6.601059291588145243e+03 1.581516100086784959e+01
7.514317233362322440e+03 1.590431011621661739e+01
8.553924603519371885e+03 1.611457461205940689e+01
9.737361872058452718e+03 1.627711258393016180e+01
1.108452793568079142e+04 1.648450597586117539e+01
1.261807470763270794e+04 1.666329173875826086e+01
1.436378799812384750e+04 1.696323041239097762e+01
1.635102108963138016e+04 1.708373897031820121e+01
1.861318829743876267e+04 1.731726003579032636e+01
2.118832681437887368e+04 1.755923966417303461e+01
2.411973628691562044e+04 1.793683431527749761e+01
2.745670687671090127e+04 1.828552642642960535e+01
3.125534804966256343e+04 1.858868909460820973e+01
3.557953202808021160e+04 1.882684482140263071e+01
4.050196776966789184e+04 1.920487531731982145e+01
4.610542353172512230e+04 1.950802748679636878e+01
5.248411857736222737e+04 1.977913841926282146e+01
5.974530742456342705e+04 2.015942177468738805e+01
6.801108327644111705e+04 2.057691803083954696e+01
7.742043095644528512e+04 2.093802442856726742e+01
8.813156386759087036e+04 2.143369391535927448e+01
1.003245842704861134e+05 2.190876633295744824e+01
1.142045116113858094e+05 2.246247638506748956e+01
1.300047298200676159e+05 2.283898188027645659e+01
1.479909115420951857e+05 2.325914915308445430e+01
1.684654852894401411e+05 2.381057797761669903e+01
1.917727206223327084e+05 2.430239665455261644e+01
2.183045168670910352e+05 2.479715613458037282e+01
2.485069927042803611e+05 2.537442357207634558e+01
2.828879874277802301e+05 2.599584752308352975e+01
3.220256000046212575e+05 2.675998304390498816e+01
3.665779095155482064e+05 2.751571278190887071e+01
4.172940404205784434e+05 2.816111225375144045e+01
4.750267587063795072e+05 2.897098474990421124e+01
5.407468107132860459e+05 3.099906105182530425e+01
6.155592457420511637e+05 3.380515355084349238e+01
