2.205445841892260361e+01 1.486582515675200433e+01
2.510808841665162916e+01 1.486572064916769875e+01
2.858451982649921064e+01 1.486558457847272585e+01
3.254229315082564256e+01 1.486540716428360298e+01
3.704805432948113975e+01 1.486517541784459873e+01
4.217767700753939408e+01 1.486487195857586130e+01
4.801754019067893609e+01 1.486447329428495401e+01
5.466598280297229451e+01 1.486394724231820064e+01
6.223495964074719211e+01 1.486324890784136166e+01
7.085192660754358940e+01 1.486231409379825230e+01
8.066198697611103796e+01 1.486104780638137157e+01
9.183033481889216887e+01 1.485930254069246992e+01
1.045450367525326811e+02 1.485683275264775460e+01
1.190201988389120231e+02 1.485318484439251741e+01
1.354995719709378932e+02 1.484736984583870267e+01
1.542606564551023496e+02 1.483647699923206886e+01
1.756193749088963045e+02 1.480016392709399220e+01
1.999353921611768783e+02 1.484098834509010878e+01
2.276181717386276091e+02 1.488503225576492284e+01
2.591338709250085799e+02 1.488016820010081176e+01
2.950131905008327067e+02 1.487377453374036484e+01
3.358603113472079826e+02 1.486440927541921475e+01
3.823630683995639288e+02 1.485042351827166485e+01
4.353045332730262089e+02 1.482781780068486910e+01
4.955762006021794832e+02 1.479648376864558301e+01
5.641930001433095185e+02 1.476264639549962610e+01
6.423103874316847168e+02 1.461517285190432780e+01
7.312438007877565269e+02 1.483080688910668243e+01
8.324908123136905260e+02 1.495118019281054877e+01
9.477563458864291306e+02 1.494006832089291592e+01
1.078981386799414395e+03 1.501063371876885810e+01
1.228375666501836577e+03 1.498103373624314827e+01
1.398454872821954041e+03 1.489017150290563762e+01
1.592083012266788955e+03 1.494967810788466878e+01
1.812520637747603587e+03 1.498740526018287866e+01
2.063479753849961526e+03 1.503442575124853242e+01
2.349186324212008913e+03 1.515333391416029940e+01
2.674451433588430518e+03 1.525211444191151955e+01
3.044752302915965629e+03 1.525233263520703098e+01
3.466324521613546040e+03 1.527415922041287111e+01
3.946267050239916898e+03 1.538451740689509251e+01
4.492661761674910849e+03 1.544839708782669696e+01
5.114709533808361812e+03 1.547268315939299654e+01
5.822885185435667154e+03 1.553690188271996675e+01
6.629113864364479014e+03 1.557927604988785575e+01
7.546971857976168394e+03 1.583198273172113701e+01
8.591915207741662016e+03 1.586086077682722717e+01
9.781539977388845728e+03 1.612307387423767935e+01
1.113587855744269109e+04 1.630447807064123822e+01
1.267773699568475422e+04 1.645791550879573961e+01
1.443307903392435765e+04 1.675385477970414172e+01
1.643146331797328094e+04 1.699224541548073830e+01
1.870654114311256490e+04 1.719896146906975076e+01
2.129662311671250063e+04 1.752183264814993890e+01
2.424532428018001519e+04 1.781958052225866140e+01
2.760229855360414876e+04 1.808049304273392366e+01
3.142407487059772757e+04 1.847784076371121742e+01
3.577500908321976021e+04 1.881054516462639370e+01
4.072836766634495871e+04 1.908991279876310188e+01
4.636756147025082464e+04 1.945506688930016281e+01
5.278755029689188814e+04 1.980239509223839534e+01
6.009644195187427249e+04 2.021445614240327870e+01
6.841731269896871527e+04 2.057012859584464692e+01
7.789027977225332870e+04 2.093570933465822037e+01
8.867486084543839388e+04 2.137111060459284673e+01
1.009526601900711248e+05 2.184861152991036803e+01
1.149304267555130355e+05 2.231026722507609250e+01
1.308435356664676219e+05 2.269342142315127830e+01
1.489599517638697289e+05 2.308735278696698145e+01
1.695847419321989582e+05 2.370380696883092497e+01
1.930652121974305192e+05 2.433916102766992751e+01
2.197967561005064636e+05 2.487880863351055893e+01
2.502295128285597893e+05 2.541085407354370318e+01
2.848759472218347946e+05 2.608531921644395624e+01
3.243194792979471968e+05 2.660841279918779634e+01
3.692243086082129739e+05 2.750983884556722359e+01
4.203465988608466578e+05 2.819047843452947433e+01
4.785472111517174053e+05 2.916285300526853774e+01
5.448062002207331825e+05 2.986518193560174694e+01
6.202393178399536991e+05 3.397857952976588081e+01
