2.205114769180703149e+01 1.481921655720654307e+01
2.509724050065280920e+01 1.481917398193343516e+01
2.856411328566053243e+01 1.481911874596093881e+01
3.250989158648043542e+01 1.481904705073756112e+01
3.700073026580809454e+01 1.481895393445166320e+01
4.211192266086861480e+01 1.481883289905846546e+01
4.792916295043424668e+01 1.481867540524934412e+01
5.454998290220297719e+01 1.481847017937565880e+01
6.208538708902443659e+01 1.481820224481756654e+01
7.066171398998434938e+01 1.481785153492444351e+01
8.042275417954238037e+01 1.481739084092550662e+01
9.153216111825219059e+01 1.481678263805457973e+01
1.041761949643460383e+02 1.481597386778384440e+01
1.185668454088901882e+02 1.481488659736957203e+01
1.349453858919208358e+02 1.481339913921163820e+01
1.535864187894975998e+02 1.481130035916976695e+01
1.748024793932224270e+02 1.480814210075408077e+01
1.989492758724796886e+02 1.480239049004590690e+01
2.264316530725290306e+02 1.479314271255183932e+01
2.577103801374046270e+02 1.480573573723555647e+01
2.933098757588105627e+02 1.479591364293857936e+01
3.338270005724237421e+02 1.479112899928656688e+01
3.799410641147956653e+02 1.478788593790062933e+01
4.324252141173506061e+02 1.477187260352809162e+01
4.921593990902198357e+02 1.474632571932763980e+01
5.601451215264079337e+02 1.475097462265057224e+01
6.375222290783010521e+02 1.471462985705713677e+01
7.255880252271460904e+02 1.478582020434402189e+01
8.258190198547051750e+02 1.483578110290826935e+01
9.398956843868697888e+02 1.481405028975725635e+01
1.069730626553610819e+03 1.482692062449769566e+01
1.217500657142890532e+03 1.480071443930938635e+01
1.385683286379276524e+03 1.480315046381359778e+01
1.577098261825020018e+03 1.483558707605159732e+01
1.794954844227452895e+03 1.488541038417631057e+01
2.042905613938890383e+03 1.488093384343067527e+01
2.325107710026705718e+03 1.481593950119088277e+01
2.646292528807621693e+03 1.476079047209209705e+01
3.011845050370849094e+03 1.492924272046656498e+01
3.427894123077440781e+03 1.476820924965788429e+01
3.901415219744462775e+03 1.520368281691056822e+01
4.440347388322724328e+03 1.539679025672487533e+01
5.053726357861455654e+03 1.550101903518192259e+01
5.751836031412633019e+03 1.568938994489386474e+01
6.546380905802810958e+03 1.581907101510642732e+01
7.450682309059938234e+03 1.594362215830549090e+01
8.479901745609011414e+03 1.614214298697142524e+01
9.651295093838934918e+03 1.638989407786031549e+01
1.098450191791341240e+04 1.661095383208173715e+01
1.250187474442351231e+04 1.691599054302429650e+01
1.422885382452954400e+04 1.712867858235857099e+01
1.619439366484909260e+04 1.737431089472981327e+01
1.843144847830184881e+04 1.763378278851863357e+01
2.097752469397323512e+04 1.790030317011740379e+01
2.387530978936933752e+04 1.820658233828104500e+01
2.717338798805577244e+04 1.847889430249552944e+01
3.092705482205672888e+04 1.887676965720846312e+01
3.519924421595608874e+04 1.924906757755766407e+01
4.006158363617899158e+04 1.957713226775408799e+01
4.559559499607198813e+04 1.976424980443645296e+01
5.189406145113921229e+04 2.021975000823215396e+01
5.906258300010367384e+04 2.060890738031234548e+01
6.722134697297921230e+04 2.093584884599238904e+01
7.650714309013084858e+04 2.123609716285178450e+01
8.707565687677476672e+04 2.158413019454487625e+01
9.910407988427266537e+04 2.191669905313577971e+01
1.127940804811541748e+05 2.229427225759678421e+01
1.283751850221061322e+05 2.283421288317201814e+01
1.461086260835604335e+05 2.325228865299144942e+01
1.662917222853436251e+05 2.363454236048482571e+01
1.892628631304148294e+05 2.397712037084751202e+01
2.154071824384442880e+05 2.435985417195727365e+01
2.451630154939393979e+05 2.522153329219361950e+01
2.790292481693707523e+05 2.603412927788257747e+01
3.175736812385919038e+05 2.649503827972625203e+01
3.614425501165132737e+05 2.720752012633511185e+01
4.113713596328474814e+05 2.807683348384512101e+01
4.681972154955921578e+05 2.872819303984481110e+01
5.328728591933862772e+05 2.988386372491072507e+01
6.064826416457141750e+05 3.316215799498513661e+01
