1.068154450155563411e-03 1.021527685217348669e+01 1.157864351388648885e+02
1.213753408618704985e-03 1.021556992985792611e+01 1.018866528165970209e+02
1.379198800996402768e-03 1.021594953074815315e+01 8.965281060366363874e+01
1.567195872870647683e-03 1.021644164965447388e+01 7.888485122901651891e+01
1.780818618873782500e-03 1.021708039864555495e+01 6.940667766398291860e+01
2.023560046466048225e-03 1.021791075345987210e+01 6.106326926439582792e+01
2.299389291113368428e-03 1.021899237559435036e+01 5.371814016229237865e+01
2.612816516772214007e-03 1.022040503280285328e+01 4.725109693386422549e+01
2.968966662888183981e-03 1.022225646632072937e+01 4.155625650918425862e+01
3.373663243766869373e-03 1.022469413212817813e+01 3.654028776830428171e+01
3.833523570544801213e-03 1.022792332397779802e+01 3.212084055153206918e+01
4.356066952762548128e-03 1.023223630565731135e+01 2.822512206127017720e+01
4.949837648775254340e-03 1.023806150478772103e+01 2.478856839174009608e+01
5.624544575398423771e-03 1.024605177711632464e+01 2.175352638240104852e+01
6.391220061221898618e-03 1.025725537777340080e+01 1.906777364780248263e+01
7.262400239413470404e-03 1.027348218318670092e+01 1.668244660258885048e+01
8.252330029667187539e-03 1.029820617492867463e+01 1.454804734509064446e+01
9.377196061015613537e-03 1.033932333510882451e+01 1.260312563097587635e+01
1.065539134409448224e-02 1.042176133555464013e+01 1.072013239634771686e+01
1.210781602059270504e-02 1.065576738473917295e+01 8.350292398605642319e+00
1.375821910752914393e-02 9.840062584482376806e+00 9.893922853450400012e+00
1.563358682431597799e-02 9.839494082989480361e+00 8.700111397578625727e+00
1.776458385225701542e-02 9.838734741061086808e+00 7.648440173004547482e+00
2.018605474164297808e-02 9.837709664726890679e+00 6.721650356859107944e+00
2.293759366509654299e-02 9.836305922136119761e+00 5.904487818243893571e+00
2.606419183336932538e-02 9.834345641170230579e+00 5.183426923401202480e+00
2.961697315967416061e-02 9.831532113094143099e+00 4.546397343474064989e+00
3.365403020161351899e-02 9.827330142518626133e+00 3.982475773184307233e+00
3.824137404943291074e-02 9.820659213390184661e+00 3.481436993675703029e+00
4.345401369249758672e-02 9.808909992553545010e+00 3.032772590130834445e+00
4.937718251302659900e-02 9.783160215399247406e+00 2.621851304281803685e+00
5.610773196183906769e-02 9.665262194460650491e+00 2.185997441674816688e+00
6.375571520450883101e-02 9.910100719241723866e+00 1.995677159465854444e+00
7.244618663258484137e-02 9.889258369126721959e+00 1.757950509428106933e+00
8.232124666420714831e-02 9.960290765524691281e+00 1.607699738364982478e+00
9.354236526924626649e-02 9.960051359059191256e+00 1.434170522063522801e+00
1.062930222115990031e-01 9.959684221057520048e+00 1.279775493404760933e+00
1.207817071800082603e-01 1.010003733625493005e+01 1.171386663114391435e+00
1.372453288634157553e-01 1.030038961569618472e+01 1.057742847078611881e+00
1.559530887136269528e-01 9.960677400785886704e+00 9.197079584290522858e-01
1.772108827363050865e-01 9.897352336508514981e+00 8.243767211201606937e-01
2.013663032852549550e-01 9.565727825562408526e+00 7.264074474685584537e-01
2.288143226457849400e-01 9.572905914396461213e+00 6.481378484676707519e-01
2.600037513410673462e-01 9.738991859018858221e+00 5.914872912685068540e-01
2.954445767631359576e-01 9.854215182031939690e+00 5.530417978018123959e-01
3.357163021246054591e-01 9.830919997751500716e+00 5.088873617610780720e-01
3.814774220837284791e-01 9.825601076843323511e+00 4.739988903602447290e-01
4.334761899814851827e-01 9.756272385152842119e+00 4.450989150005277839e-01
4.925628527489187003e-01 9.674401736991443457e+00 4.204800817399702573e-01
5.597035535412354657e-01 9.473462431432599473e+00 4.029732676667458491e-01
6.359961294246713193e-01 9.550592580991953184e+00 3.881429044680760887e-01
7.226880624286815546e-01 9.459968154717930844e+00 3.786774504755595627e-01
8.211968774863143139e-01 9.412400002531899901e+00 3.781593511716050404e-01
9.331333207954051190e-01 9.365980848630266919e+00 3.819406945646629525e-01
1.060327697596697094e+00 9.229797128874851708e+00 3.796760514447971580e-01
1.204859800025532168e+00 9.107603918914811914e+00 3.746841492471820190e-01
1.369092914396096816e+00 9.055753654071288850e+00 3.811901771029784780e-01
1.555712463981185012e+00 9.087221756538482964e+00 3.943479811958481851e-01
1.767769919146774171e+00 8.753004877429020780e+00 3.911735785890298467e-01
2.008732692828761213e+00 8.805582739039108375e+00 3.987661306137510464e-01
2.282540837207259088e+00 8.633829636672661678e+00 4.119310788243369936e-01
2.593671468642219757e+00 8.338176705939535083e+00 4.265530243819169454e-01
2.947211974301186643e+00 8.043342172891815522e+00 4.222359112554694982e-01
3.348943197501967006e+00 7.771264396040600708e+00 4.318556630408180719e-01
3.805433961957890521e+00 7.462939802744015694e+00 4.312257863811124747e-01
4.324148480518985593e+00 7.083311198235332284e+00 4.534699749376846500e-01
4.913568404680560775e+00 6.976005619543998115e+00 4.699198388841662188e-01
5.583331510526067021e+00 6.542344233805597931e+00 4.749757278553030093e-01
6.344389288798339521e+00 6.265305426879280937e+00 4.995679822467974374e-01
7.209186015900134414e+00 5.770822116154659120e+00 5.088191990674610921e-01
8.191862233865837339e+00 5.334914372033939145e+00 5.107431063219620704e-01
9.308485966464342454e+00 4.803176100917950997e+00 5.429857005627457545e-01
1.057731545211466440e+01 4.508295180095335475e+00 5.549369151272551814e-01
1.201909768963630398e+01 4.344566892275032899e+00 6.240877546088789973e-01
1.365740767844262393e+01 3.737647329476408320e+00 6.530706193937511062e-01
1.551903390019188222e+01 3.642330119291080415e+00 7.159618798523118555e-01
1.763441634501815969e+01 3.314977855904531090e+00 7.724993682231510173e-01
2.003814424463615040e+01 2.671284879221925035e+00 9.395271241336988766e-01
2.276952165089821989e+01 2.506351204992809834e+00 1.068371441394975863e+00
2.587321010774255825e+01 1.778390497760006683e+00 9.004463571555593182e-01
