1.068196352060459334e-03 9.436191744540115778e+00 1.061723535220577475e+02
1.213890541050085831e-03 9.436110348751412857e+00 9.342315642841730039e+01
1.379456354450711662e-03 9.436005017728264832e+00 8.220330132584930993e+01
1.567604136851028559e-03 9.435868630233239074e+00 7.232911071853285989e+01
1.781413904067278642e-03 9.435691890319885644e+00 6.363893289031502576e+01
2.024385763601616907e-03 9.435462624831805201e+00 5.599049415695554188e+01
2.300497212083132178e-03 9.435164827983337332e+00 4.925856758772442845e+01
2.614268247661784630e-03 9.434777343885690115e+00 4.333291962131047370e+01
2.970835363257830295e-03 9.434272018825517137e+00 3.811650029304173870e+01
3.376035631950617157e-03 9.433611055958090574e+00 3.352384635269866209e+01
3.836502261000932987e-03 9.432743131590537899e+00 2.947966926542929400e+01
4.359773178744868680e-03 9.431597517474088477e+00 2.591760170477383696e+01
4.954414431947733524e-03 9.430074853382960143e+00 2.277907600469047367e+01
5.630160413656786281e-03 9.428032005877227562e+00 2.001230460451168014e+01
6.398073217109983418e-03 9.425255847708276846e+00 1.757132194812804471e+01
7.270723724355238754e-03 9.421414715883576818e+00 1.541501919698800549e+01
8.262397394036164258e-03 9.415960562783954657e+00 1.350602614532759915e+01
9.389328117130387591e-03 9.407908055480996623e+00 1.180905924239721294e+01
1.066996396890437099e-02 9.395248717178203535e+00 1.028748859826175277e+01
1.212526920749600751e-02 9.372943722923640308e+00 8.892579561221824136e+00
1.377906746290049299e-02 9.321287210409613166e+00 7.500735992537394203e+00
1.565843173443005193e-02 9.259130386829655279e+00 6.250015519273724784e+00
1.779412758098176950e-02 9.572230852091628606e+00 6.952806809179809200e+00
2.022111675922449309e-02 9.571284793459593487e+00 6.101475135659183202e+00
2.297912955435994775e-02 9.570043945482476389e+00 5.348567388597632366e+00
2.611331517262401383e-02 9.568474962692347319e+00 4.680550090682248587e+00
2.967498084258000240e-02 9.566860483738350851e+00 4.083656876791548207e+00
3.372243172443593895e-02 9.568656797598395158e+00 3.538642144922956145e+00
3.832192537686479605e-02 9.560827933474312701e+00 3.022307541584952073e+00
4.354875640613543181e-02 9.422006476253516283e+00 2.640370279034962575e+00
4.948848905347141836e-02 9.543641451080290494e+00 2.386467508720001351e+00
5.623835789833285526e-02 9.671679994231912048e+00 2.302187028537610480e+00
6.390885960740648464e-02 9.772478117621520965e+00 1.990451657246833816e+00
7.262556178654479278e-02 9.550915779290892971e+00 1.678439533227893854e+00
8.253115854691248088e-02 9.496344421964433735e+00 1.482210632811237883e+00
9.378780643535811201e-02 9.726387396994329748e+00 1.341107986376514294e+00
1.065797789686458580e-01 9.612376015964718690e+00 1.222535833732523836e+00
1.211164832267892372e-01 9.504683901414990643e+00 1.049843672393523386e+00
1.376358878877068648e-01 9.548561047070657892e+00 9.111597586680652006e-01
1.564084188207947868e-01 9.648399473396315429e+00 8.354017163017488645e-01
1.777413860110401700e-01 9.713598414446700247e+00 7.758424838661767131e-01
2.019840142832859120e-01 9.692842971026017551e+00 6.975009056363807858e-01
2.295331601805814803e-01 9.716753052240024502e+00 6.308057036339436152e-01
2.608398085830309077e-01 9.808463709079983772e+00 5.807411036141333360e-01
2.964164554180532818e-01 9.805815996469373630e+00 5.465112166310600594e-01
3.368454973184591972e-01 9.727128107756328745e+00 5.006690728273830437e-01
3.827887655686794677e-01 9.793641466148212515e+00 4.783831547829222597e-01
4.349983604116999247e-01 9.646257593168225952e+00 4.481637405122400053e-01
4.943289630764176046e-01 9.504140126129922095e+00 4.164508664788242887e-01
5.617518270756998167e-01 9.488271694400195244e+00 4.042815522498672265e-01
6.383706778154210060e-01 9.362912099835700275e+00 3.949520829325988136e-01
7.254397807941699305e-01 9.491594439291221263e+00 3.963113620471488963e-01
8.243844741735730786e-01 9.391937079790109166e+00 3.900127563585322199e-01
9.368245018414077530e-01 9.338497164056800415e+00 3.863584052053624651e-01
1.064600528934289247e+00 9.297080278029950406e+00 3.937281752606818230e-01
1.209804273884196979e+00 9.275374614479609647e+00 3.944297132553106766e-01
1.374812750256306781e+00 9.006223409463018470e+00 3.917070484072706638e-01
1.562327178923681448e+00 8.872890625875260895e+00 3.896578717495521871e-01
1.775417207578688261e+00 8.894421512755084080e+00 4.001990062861824904e-01
2.017571161463155516e+00 8.619631835430853428e+00 4.035649125500897494e-01
2.292753147931497537e+00 8.666640535461473505e+00 4.198319817327630932e-01
2.605467949659622917e+00 8.356330999799224557e+00 4.271800913984057368e-01
2.960834768814083695e+00 8.054300309429436311e+00 4.368023361540291916e-01
3.364671029387871215e+00 7.795262147949035381e+00 4.335746195223121879e-01
3.823587609563396938e+00 7.432334684193271812e+00 4.486432566029759927e-01
4.345097063074986998e+00 7.206822202292471502e+00 4.466210401275854114e-01
4.937736601175645390e+00 6.824820406772548864e+00 4.544770603528824338e-01
5.611207848446824187e+00 6.308591809612924983e+00 4.613887118242336327e-01
6.376535660281008155e+00 5.852103851625761521e+00 4.707735479581871552e-01
7.246248601910201259e+00 5.394327128730100895e+00 4.785328520780321448e-01
8.234584043457157776e+00 5.321749309855396959e+00 5.113818349901751992e-01
9.357721228455245566e+00 4.979181970932763157e+00 5.300685206498331192e-01
1.063404613121397979e+01 4.609607872359804404e+00 5.601279962344043462e-01
1.208445243879683950e+01 4.044641714427202217e+00 5.530708087776967652e-01
1.373268358474496864e+01 3.749984516600345152e+00 5.877915779811170305e-01
1.560572143370528231e+01 3.512974030107566925e+00 6.336491592370621095e-01
1.773422797980612131e+01 3.250013055498003123e+00 7.164533327381814587e-01
2.015304728946873070e+01 2.564804771831019625e+00 7.303884147428033602e-01
2.290177590555612142e+01 2.226625563397074625e+00 8.093173536421787162e-01
2.602541105048621972e+01 1.372269407434917987e+00 1.118002783089453001e+00
