22.048723076587954 13.63249940528616
25.08929736391938 13.622574565933453
28.549174481835024 13.6092119762367
32.48617734374584 13.590973351889987
36.96610278804362 13.565588003114323
42.06382120238227 13.529212925165199
47.86452778890908 13.474637965668922
54.46516638211415 13.385874572730254
61.97604961473678 13.213613947884085
70.52270250861977 12.674670908133995
80.24796030137244 14.066573915101703
91.31435556859913 14.310344219312961
103.90683453627855 14.712384680571304
118.23584797944167 14.701136750276579
134.54086836354045 14.685032806897029
153.09439200844483 14.660766956496673
174.20649316090535 14.620355601024553
198.23000608504665 14.524193713921338
225.5664217761551 14.36710911165252
256.67259784610593 14.757357638651213
292.0683937188436 14.71339713159951
332.34535873849455 14.818315807862882
378.17661838940865 14.857845409788316
430.32812385077284 14.759256505424437
489.67145289306 14.825106477794499
557.1983760502475 15.07733736224624
634.0374315037657 14.983756953701416
721.472785684573 14.982862079068726
820.9656947996234 14.87218759873104
934.1789259567362 14.54318066758577
1063.0045460239137 15.056368925977182
1209.5955426421583 15.479087325139009
1376.401805855366 16.19180111384381
1566.211071697349 16.15972655323211
1782.1955120023472 16.441970661150194
2027.9647490674065 16.449075278582004
2307.6261811698546 16.51762050502259
2625.8536271251364 16.578866430277532
2987.965437101578 16.468193720670744
3400.0133751126896 16.70178968945254
3868.883758628358 16.87892370850056
4402.412545592466 16.73589916519201
5009.516292229264 16.885290130330283
5700.341170260125 17.3103813021563
6486.432533968784 17.385980918755838
7380.927870990704 17.654583084834023
8398.776361500892 17.759288176702405
9556.988715165155 17.830412098443446
10874.921461234395 17.727809167234145
12374.600442956857 18.047117654684815
14081.088922682338 17.998404768371245
16022.906449584707 17.790062640598865
18232.505490295374 18.12158839672161
20746.813788098174 19.069797883920664
23607.851514819282 19.28441222059007
26863.43352951279 19.379444263037755
30567.968480382762 20.022805280012165
34783.36810486716 20.340954680746172
39580.081924487095 20.628423894687657
45038.27462671457 20.84687282856179
51249.16581075639 21.00193669765038
58316.554487646805 21.173571607427924
66358.55381273155 21.512603526641175
75509.56504211809 21.798546240689326
85922.52370267797 22.033454211743198
97771.45551453401 22.22478570408562
111254.38478167707 22.508817536915696
126596.64385695368 22.73696338057283
144054.63899058726 23.344064880576724
163920.13549866772 23.98102683643396
186525.13386713833 24.707311131795073
212247.41828276883 24.889173163274812
241516.87032048436 25.151829606918668
274822.65330403426 25.867327102132315
312721.38740803907 26.656304382391323
355846.4521271445 27.40354157809062
404918.57157903205 27.59944354884725
460757.859547299 29.567247203234494
524297.5255660069 31.841718720127687
596599.4711077071 33.34454921221635