22.039889216590815 14.445764635791617
25.06036692765044 14.441934947288383
28.494788897383557 14.436841612061144
32.39988451288725 14.43000311465256
36.840157694406415 14.420699307990041
41.88895236366964 14.407799817398136
47.62966393035296 14.389406015143768
54.15711680786542 14.361997706911827
61.57913071210377 14.3179575139491
70.01830161511917 14.235508671441501
79.61402677128355 13.972784514657626
90.52480726510501 14.32554411133563
102.93086611391227 14.759022708677017
117.03712517092686 14.731412096140252
133.0765900008667 14.679545379307905
151.3141986390653 14.597037425571033
172.05119780746864 14.68816988596782
195.63011887334108 14.446286081727994
222.440435742995 14.895953254984182
252.92499814698118 14.736900393491036
287.58734658100485 14.915506551684926
327.00002972992075 14.814396209497291
371.81406176105975 14.790743529820551
422.76967570137066 15.073118644078015
480.7085505214239 14.793422890668655
546.5877138918434 15.345069558249467
621.4953502563021 15.430331492432021
706.6687753370077 15.501118322263409
803.5148739734962 15.46574934924162
913.6333388846024 15.930783142428087
1038.8430942088069 16.139108645135554
1181.2123402839586 16.252416920547006
1343.092715942587 16.51604821480254
1527.15814261167 16.569882687117786
1736.4489918392344 16.54105587547963
1974.42230580191 16.453012414755484
2245.0089003299972 16.62880104122962
2552.678293671262 17.211527459902094
2902.5125334793142 17.289253678998108
3300.290141492244 17.33174576298003
3752.581562490098 17.42368922181437
4266.857694146076 17.455532422976024
4851.613290455056 17.403567619829403
5516.507277103089 17.49120093586729
6272.522296490989 17.652981432706873
7132.146117758365 17.65453732806401
8109.577908318051 17.268507376709692
9220.962774070344 18.268877381898392
10484.658442405384 18.24474916568655
11921.53849303284 18.247478729253388
13555.337145370839 18.707636142139652
15413.041297652613 19.208920661395048
17525.336293407694 19.371802476299237
19927.112778437142 19.455730459842567
22658.043020488098 19.720640389781266
25763.23621120961 19.781093556745102
29293.98357459221 19.866841907218518
33308.605589506726 20.039026066738707
37873.41532066666 20.393725599073477
43063.813770204426 20.518827261712115
48965.535342752555 20.44377741001186
55676.063996478835 20.892453969213776
63306.243471895694 21.320120985888153
71982.1081960176 21.534851011821054
81846.96510453087 21.557594232180833
93063.76076927561 22.35166644388045
105817.77293097836 22.443819203338407
120319.67089566453 22.71045105704585
136808.99534602574 22.696785016841655
155558.1150468664 24.210343199195012
176876.72580103538 24.83821265632516
201116.96596907882 25.03125346005112
228679.2330501792 25.630910696603813
260018.79740199662 26.17816723920378
295653.32234407536 26.92475767271715
336171.4148610182 27.39879735510914
382242.34814496234 28.333681028880793
434627.1165731922 28.61497997322735
494191.0057257395 30.976507649264864
561917.8850730772 33.134023474509924