21.998292842655434 14.583878864888995
24.924344346516285 14.555030991267794
28.239597751837636 14.514251615570242
31.99582183982535 14.454174124900703
36.251671295113525 14.359264850263873
41.07360261811394 14.186702825441152
46.536911865305896 13.651533453172195
52.726910422124874 14.633255726752612
59.740257168534114 16.023118670099617
67.68646783948557 16.017502541440187
76.68962514943475 16.01002970195513
86.89031638507069 15.99996606795389
98.44782872241402 15.986182217006538
111.54263654888726 15.96683269462363
126.37921963071699 15.938630424814544
143.1892561322851 15.89489612988175
162.2352403474863 15.818590509257682
183.8145816351663 15.634405392526283
208.26424856487557 15.59983741955077
235.96603079281607 16.182781430594105
267.35250083391816 16.474660255296502
302.9137688250945 16.451727292616773
343.2051357575403 16.415135384875164
388.8557646858393 16.34308822315625
440.5785053176809 16.070763651761958
499.1810253984143 16.561849634179403
565.5784227107013 16.491822531996142
640.8075146298236 16.548137213834647
726.0430283707886 16.671662653043946
822.615944743312 16.5605113831957
932.0342818584902 16.655636398694085
1056.006643331641 16.559296653362296
1196.468898694299 16.343520265395966
1355.6144126388526 16.056883461647224
1535.9282951354985 17.57631741777059
1740.226207248444 17.436622430522508
1971.6983286170544 17.371339555463873
2233.9591731687287 17.6043574566804
2531.104030952388 17.668906278714235
2867.772917450514 17.732288140877944
3249.223028959466 18.154280680826712
3681.4108354528407 18.193442175013153
4171.085092835175 18.275874833497152
4725.892227003168 18.74651721413963
5354.495735321486 18.828389771219033
6066.711470006774 18.82402708386435
6873.6609159147965 19.080509706381243
7787.94485621415 19.053740199324974
8823.84013779365 19.4763250312495
9997.52260896046 19.49477498180223
11327.319710675032 19.33831636905771
12833.996665618799 19.69232964659194
14541.080734031717 19.65145025777917
16475.22859968217 19.973402011135768
18666.642622822896 20.4713694361419
21149.54246006094 20.604263853342665
23962.69941564223 20.863080391381757
27150.041868223278 20.8370870692543
30761.341227069828 20.455496649236874
34852.98912911584 21.894782654661928
39488.878013072754 22.189963905325445
44741.39882104566 22.284808704463856
50692.57140709784 22.32679241821772
57435.32530446834 22.70220320575316
65074.95085104735 23.049268194204235
73730.74333291492 23.207945622453735
83537.86581978932 23.462373241920275
94649.45978117849 23.671106912031963
107239.0364412055 24.66027886408331
121503.18621390678 24.838713648065372
137664.64852773302 25.073726661852383
155975.78997558117 25.354034062063587
176722.5451028232 25.57405463462587
200228.8813700429 26.421189782543607
226861.8580123554 26.95500549834581
257037.35779107353 28.482260818241567
291226.58114092523 28.37136160716546
329963.40412108495 29.760177767903812
373852.7150668611 31.106263136461088
423579.8601216227 37.10673216176672