22.056826661556862 13.800329579096006
25.115849495616253 13.799670002384394
28.599122873186797 13.798812705211468
32.56548536247579 13.797697600605877
37.081935750131336 13.796245770862043
42.22476476771078 13.794353162711996
48.080843775319785 13.791881881657197
54.74909217053859 13.788647959789719
62.342148309733815 13.78440378586416
70.988272166534 13.778812157880846
80.8335118666914 13.771406596570944
92.04417069588698 13.761527879036345
104.80961625254642 13.74821653952312
119.34547919716235 13.730016378218039
135.89729563058347 13.704575316532214
154.74465462739812 13.66769633584245
176.20592098349107 13.610392665621653
200.64361295322604 13.50209849860164
228.47052581562093 13.357939663746736
260.1567047072407 13.488998417149142
296.2373845051261 13.124815563701898
337.3220308782434 13.828176849870637
384.104635226597 14.831801446697833
437.37543740749777 14.711080595465239
498.0342742662997 14.80861560539362
567.1057794515915 14.8298930643852
645.7566912662567 14.87596618958778
735.315560914221 14.95067082797442
837.2951940495807 14.806126315673065
953.4182047050517 15.149938060418453
1085.6461132502059 15.208332493246388
1236.212479894799 15.69735787875733
1407.6606334199103 15.700109077872451
1602.886632441026 15.748225148976356
1825.188184893792 15.537207172531076
2078.3203520779643 15.734549448802806
2366.558978198086 16.227415544720802
2694.772916836582 16.429473508890517
3068.5062743904778 16.418618193859498
3494.0720597069608 16.331136628815827
3978.658821823633 16.156908717259057
4530.452077111031 16.76922946550485
5158.772576933838 16.827237099333757
5874.233751412962 17.23241758834787
6688.9209887884845 17.449467922543597
7616.595778724873 17.827106330765073
8672.928167895274 17.836914791735413
9875.761454425525 18.12661826834658
11245.413592349109 18.33676253314488
12805.020397320466 18.363254198402323
14580.926350930327 18.57733600180578
16603.12960499017 18.582056063629135
18905.788702685015 18.820209729062423
21527.799575999517 19.168621810603753
24513.452565911 19.197294886423506
27913.180563567603 19.515542481849238
31784.410909862083 19.75971991894633
36192.535443472196 19.765142010747418
41212.015083172584 20.17549356334742
46927.63760274158 20.603204810619886
53435.94984447715 20.81035691967815
60846.88856390807 20.95105707680048
69285.63745351484 21.170957980588852
78894.74171383286 21.48592525512436
89836.51589073516 21.837052010622802
102295.78565146966 22.009159468328136
116483.00981283518 22.92036848351944
132637.83535800158 23.39266011429641
151033.14549241494 23.817102025181015
171979.66911751826 24.26949998088208
195831.2295843462 24.58969491825142
222990.72138760463 25.30377912859572
253916.91575703118 25.778418709679922
289132.2101043578 25.89369921857689
329231.4522275608 25.748305089998492
374891.98832861177 25.680898725349834
426885.1045732948 28.920514151589472
486089.0554610045 30.569485272759472
553503.8990764378 31.219134232901716
630268.3898164767 34.20639285217445