2.201956432089890470e+01 1.483626313036265643e+01
2.499386140641344767e+01 1.483384093680832017e+01
2.836991226979471747e+01 1.483070039820336028e+01
3.220198388350361540e+01 1.482662080419885342e+01
3.655167334223587261e+01 1.482130828336887518e+01
4.148889798065931700e+01 1.481436772851632711e+01
4.709301923150373170e+01 1.480526113133206145e+01
5.345411828900876117e+01 1.479324357899821507e+01
6.067444408286888802e+01 1.477726068882798671e+01
6.887005683755056396e+01 1.475577542053794389e+01
7.817269363571524821e+01 1.472645576553677316e+01
8.873188597299744629e+01 1.468556162288651024e+01
1.007173633419212138e+02 1.462659487200824060e+01
1.143217814803976182e+02 1.453679060750904739e+01
1.297638191389382030e+02 1.438514898480431903e+01
1.472916931443228634e+02 1.404749177667152615e+01
1.671871482612013438e+02 1.399034563862741543e+01
1.897699859850532675e+02 1.637742954247756444e+01
2.154032050627701551e+02 1.620962650699466678e+01
2.444988363700899185e+02 1.659828354188008603e+01
2.775245659362764172e+02 1.673302758285429803e+01
3.150112525751907810e+02 1.648590591401596583e+01
3.575614609618945678e+02 1.680224013092218271e+01
4.058591473162933880e+02 1.687509912102857257e+01
4.606806533824492362e+02 1.716697850091096456e+01
5.229071854218632325e+02 1.704446737544773782e+01
5.935389788092886647e+02 1.711078102177885896e+01
6.737113759141775517e+02 1.699152421018594339e+01
7.647130757051991168e+02 1.736703758170128253e+01
8.680068484237675648e+02 1.746234721867305240e+01
9.852530482962674796e+02 1.742824540405047529e+01
1.118336302230616184e+03 1.749782751310985063e+01
1.269395803493892799e+03 1.743109718517433038e+01
1.440859697314574532e+03 1.734460023371911674e+01
1.635484111126916559e+03 1.795841342397486784e+01
1.856397456833456090e+03 1.822838607859157634e+01
2.107150717204547618e+03 1.827494012352868680e+01
2.391774524723438844e+03 1.822703443332591888e+01
2.714843950367843718e+03 1.839406976785297942e+01
3.081552043749239601e+03 1.828893030336025660e+01
3.497793306701284109e+03 1.842046775454086927e+01
3.970258442080004897e+03 1.859794183732557116e+01
4.506541900777248884e+03 1.840572065501249810e+01
5.115263955668649032e+03 1.919752105578744406e+01
5.806209264724688182e+03 1.894025767655977432e+01
6.590484150561901515e+03 1.950699034509455032e+01
7.480695124561127159e+03 1.999471604961759041e+01
8.491151525167002546e+03 2.011145706896947871e+01
9.638095527596551619e+03 2.010791354743501103e+01
1.093996322215550026e+04 2.038639487926499427e+01
1.241768095776077462e+04 2.037790930408876022e+01
1.409500171412392592e+04 2.045963483479653178e+01
1.599888690947504983e+04 2.081858048506974512e+01
1.815993978104184498e+04 2.101046909199290624e+01
2.061289730448423506e+04 2.128592195911149787e+01
2.339718855944560346e+04 2.122110759406868752e+01
2.655756851644341805e+04 2.156406868205554161e+01
3.014483743265174053e+04 2.203657783732417030e+01
3.421665742021384358e+04 2.217996524726513741e+01
3.883847931268428511e+04 2.227783957765047518e+01
4.408459472814216861e+04 2.259368280687736785e+01
5.003933023994137329e+04 2.286022781362815692e+01
5.679840285031540407e+04 2.324005938483790601e+01
6.447045855485249922e+04 2.353478556272628808e+01
7.317881872887685313e+04 2.358764878934650966e+01
8.306346240732226579e+04 2.405133120507345268e+01
9.428327632145874668e+04 2.439413268867148687e+01
1.070186088597834751e+05 2.462091194962454566e+01
1.214741690056929074e+05 2.477337168089691488e+01
1.378823168497454317e+05 2.502451329037177175e+01
1.565067985685303283e+05 2.569675133674567036e+01
1.776469859065597411e+05 2.604200111337948798e+01
2.016426883070308832e+05 2.616645556604009215e+01
2.288796150421207712e+05 2.655629321809157517e+01
2.597955751416291459e+05 2.703191934199620050e+01
2.948875147782339482e+05 2.837943305338358613e+01
3.347195052289754385e+05 2.937709897529815706e+01
3.799318098122465308e+05 2.921532979434304167e+01
4.312511755431258352e+05 3.288178135822425929e+01
4.895025149361243239e+05 3.526144680694024913e+01
