21.98912872102887 16.117652745124527
24.89442223623257 16.116944471076188
28.183574999184117 16.1160339249691
31.907304061813203 16.114862329638154
36.123027420136474 16.11335316171352
40.895749370364676 16.111406349850448
46.299062841875326 16.108890277569646
52.41628416251234 16.10563055768411
59.34173775371295 16.101393920628496
67.18221056480276 16.09586445385469
76.05859867309154 16.08860738533897
86.10777143950001 16.079011608034612
97.48468196404383 16.066193794805937
110.36475638331717 16.04882793154093
124.94659885172064 16.024815033751338
141.45505391585914 15.99055043432928
160.14467350235572 15.938555717460758
181.30364197825813 15.860717319484479
205.25821980646054 15.716979271207371
232.37777431503338 15.144528600496958
263.0804751523473 16.37376048127775
297.8397422489957 16.817451962915744
337.1915457107866 16.978682914766992
381.74267020341847 16.960317213948
432.1800712614193 16.93136475033116
489.2814677908462 16.872276052400206
553.9273340967114 16.83098211940745
627.1144763460635 16.811199163628146
709.9714028088296 16.96239136758403
803.7757248776695 16.858614686494757
909.9738571816579 16.891042173609133
1030.2033205594628 16.995821295393256
1166.3179917924522 16.87432663568403
1320.4166894356879 17.196996472351127
1494.8755365256857 17.486666369138145
1692.3845991813305 17.461434717231253
1915.9893660464222 17.521910414788422
2169.137708165613 17.465209163718914
2455.7330433909965 17.459290587832044
2780.1945250872786 17.307152060576033
3147.5251832145555 17.582147197692294
3563.389068489305 17.768806665657813
4034.1985891470804 18.095776346733828
4567.213386995084 18.34996567572199
5170.652277372709 18.496296351650024
5853.819979076956 18.743855720849183
6627.250588363344 18.78775012963153
7502.8700093178795 18.717815099689503
8494.179845193343 18.661031065369183
9616.46558622017 19.371812885021303
10887.032304041353 19.332075488871475
12325.471487058912 19.378299811120637
13953.963131156435 19.565438152293964
15797.617743881963 19.50147227720192
17884.863535620636 19.493892401562924
20247.884768046733 20.067986252301594
22923.11801896408 20.23728065121843
25951.814015684296 20.31331595550086
29380.67370012623 20.788991674025795
33262.56833343477 21.30209217940923
37657.35474376358 21.393956135314163
42632.79828792521 21.344464567454082
48265.61775850499 21.13726199950672
54642.668348371386 22.049587990766348
61862.28091328989 22.01603441181976
70035.77818338461 22.079626633779153
79289.19130265221 21.823513689715124
89765.20316468853 23.41232961430812
101625.34850987032 23.47385098107275
115052.50470836417 23.269222359995645
130253.71163556224 24.30272396257869
147463.36412097944 24.062291858834353
166946.82619654085 25.361422928015003
189004.52287411777 27.205423831072654
213976.57254542707 27.64901544489707
242248.03143352884 28.14231796822808
274254.8309626812 29.053677674377685
310490.49959775386 29.697280172354166
351513.77280052676 29.890433318586762
397957.20844450075 33.884839441748966