22.042692816015947 13.242525157587341
25.069546932001497 13.238821968173898
28.512042000566215 13.233830276519505
32.427252923519376 13.226995328054333
36.88009200270587 13.21741339362126
41.944385154548314 13.203468919103726
47.70409590800402 13.18182216627894
54.25471747923045 13.14357566447043
61.704856002883105 13.04508441985865
70.17803116925464 13.054961458690261
79.81472412094703 13.34774138585246
90.77470656221236 13.32558737452479
103.23968969646782 13.290419313798429
117.41633691008653 13.228318972540661
133.53969015130264 13.251672354713758
151.8770668119353 13.13979676069831
172.73249172034306 13.103125042903125
196.4517377259071 13.0222243207585
223.4280584454938 12.772100958293414
254.1087082180581 12.922911975674076
289.00235736507824 14.379039744375705
328.6875256982513 14.329386707373319
373.8221740979234 14.431944948986574
425.1546131859839 15.029713055075678
483.5359099537368 15.11762709690958
549.9339980406361 15.130521329335131
625.449725605475 15.452419033093584
711.335106855965 15.777683609535949
809.0140798382307 15.802057881200522
920.1061146403202 15.598003082908704
1046.4530634223206 15.846847164586336
1190.1496974335746 15.771680967639519
1353.5784373059696 15.727276153921103
1539.448852434741 16.489418190232946
1750.8425843274101 16.357972336908173
1991.2644387282307 16.85236287247916
2264.7004936008407 16.900027319655525
2575.6841863713316 16.886980426650563
2929.3714761262536 16.880650164600652
3331.626326918392 17.00036387779921
3789.117929452163 17.02963326462794
4309.4312730371 17.272265679264727
4901.192901038902 17.334648402961797
5574.213934792534 17.664138601345627
6339.652737244636 17.82952366125251
7210.199913209697 17.885530060452282
8200.288713454658 18.118433083893823
9326.334331009853 18.090993024387547
10607.00605712325 18.343030306074823
12063.536809072011 18.47852101574758
13720.075161652592 18.50935038441279
15604.085718861152 18.554586954238246
17746.80446373286 18.91470368984243
20183.756635820046 19.188402300291038
22955.34572246707 19.310017531401876
26107.523329072188 19.433159972138565
29692.55103446095 19.51400907552891
33769.86686256463 19.625260758389647
38407.07073608452 19.83038465759784
43681.04525048677 19.76467292251423
49679.23035021835 20.92959139921865
56501.07304065836 21.00023849243536
64259.676171327395 20.914944772853154
73083.67362638228 21.712358417265612
83119.36301214684 22.02935004960792
94533.13120060574 22.464930356141544
107514.21294319809 22.943529821489008
122277.82829139245 23.23654809558564
139068.75084095745 23.78753351508572
158165.3659596906 24.17310767579521
179884.28628205715 24.55978679943895
204585.60099340463 25.191989497738614
232678.84593434603 25.714934249263216
264629.7935067506 26.555439580869056
300968.1749546979 27.106215694708528
342296.4630520749 27.301302585373882
389299.8608095242 27.99668506360906
442757.66180867143 28.948879282187935
503556.1705124706 30.14132565477474
572703.3967641625 32.99575802930392