1.065066576271102381e-03 4.672779182203933068e+00 1.085590106901908172e+02
1.203667047508593258e-03 4.672855269477374840e+00 9.601691566773372699e+01
1.360304035012054134e-03 4.672952574578649987e+00 8.491351116205923688e+01
1.537324687504054190e-03 4.673077059690282198e+00 7.508237691296989169e+01
1.737381595569916382e-03 4.673236391507694876e+00 6.637613903518438008e+01
1.963472539770234979e-03 4.673440447350976967e+00 5.866425318690480850e+01
2.218985411300583577e-03 4.673701984057862191e+00 5.183103577208500923e+01
2.507748978318288108e-03 4.674037529978654071e+00 4.577391147032009400e+01
2.834090258651339542e-03 4.674468588676201186e+00 4.040184732756709707e+01
3.202899358598790356e-03 4.675023287431788077e+00 3.563394419482045095e+01
3.619702749408655607e-03 4.675738677694262435e+00 3.139815471618365095e+01
4.090746079454889855e-03 4.676664022489308792e+00 2.763009170102637668e+01
4.623087763024018651e-03 4.677865637980666236e+00 2.427187801354621755e+01
5.224704748105622742e-03 4.679434303756943692e+00 2.127096084709544854e+01
5.904612048078829167e-03 4.681497182238338439e+00 1.857874878528296136e+01
6.672997828434007114e-03 4.684238284742070491e+00 1.614877213179415705e+01
7.541376072755410012e-03 4.687936867549425735e+00 1.393363405919873443e+01
8.522759115609422620e-03 4.693049192638034661e+00 1.187862088016913553e+01
9.631852627681486423e-03 4.700420915765770147e+00 9.904011154513192139e+00
1.088527597494359615e-02 4.712095011588347759e+00 7.829317778886333734e+00
1.230181125385492596e-02 4.733150566312991359e+00 5.073668493374539068e+00
1.390268473429823876e-02 3.535109550421994484e+00 2.244726046508444384e+01
1.571188492757285074e-02 3.535473789448371207e+00 1.985432752541092327e+01
1.775652204557825325e-02 3.535941799363256699e+00 1.755886506521288837e+01
2.006723423755450014e-02 3.536544187044764698e+00 1.552645825046068673e+01
2.267864669169032676e-02 3.537321287988668406e+00 1.372662540400886044e+01
2.562989048107083140e-02 3.538326744686634218e+00 1.213235688801626289e+01
2.896518892868401446e-02 3.539632750936171579e+00 1.071970357805758667e+01
3.273452027795423214e-02 3.541338002105219651e+00 9.467407175802339481e+00
3.699436659868112626e-02 3.543580261636765538e+00 8.356563968264589803e+00
4.180856015046952728e-02 3.546557280862066008e+00 7.370311602119864247e+00
4.724923988610051084e-02 3.550563963830652536e+00 6.493523329608722250e+00
5.339793242770164705e-02 3.556064105501508088e+00 5.712481539116472717e+00
6.034677371375408994e-02 3.563844808708739986e+00 5.014468819759900775e+00
6.819988962287593104e-02 3.575402442092231237e+00 4.387113003743918327e+00
7.707495626253113574e-02 3.594145025042997599e+00 3.816939943111606670e+00
8.710496330302686108e-02 3.630841484391460483e+00 3.284477857998739481e+00
9.844020677972276090e-02 3.778387483331278940e+00 2.713287577978699794e+00
1.112505412248745440e-01 3.236840379250002897e+00 2.096832117082940261e+00
1.257279248764939794e-01 3.481387277506919009e+00 2.545787906107424892e+00
1.420892961032615975e-01 3.631520730457969304e+00 2.145816666378923099e+00
1.605798241476818489e-01 3.896371656204379974e+00 2.251902230242136316e+00
1.814765828986925067e-01 3.226430141410326247e+00 1.837554216894774717e+00
2.050927027438860795e-01 3.285080421367414072e+00 1.475905623060212557e+00
2.317820627153492352e-01 3.106137951575105305e+00 1.278645742787797968e+00
2.619445932392325815e-01 2.784560946657272495e+00 1.187864875114378993e+00
2.960322689488393832e-01 2.666924658184520958e+00 1.177550627492215618e+00
3.345558813613737081e-01 2.962937389189365334e+00 1.251614558393584042e+00
3.780926929044647888e-01 2.999658468082229579e+00 1.265896373436782296e+00
4.272950869852942812e-01 2.529214462724576507e+00 1.081551029964785915e+00
4.829003437204861804e-01 2.442469727569213322e+00 9.882451559635871963e-01
5.457416878125471715e-01 2.483926581725654614e+00 8.314900662796378406e-01
6.167607741212974837e-01 2.420722440810856746e+00 7.354786597232269019e-01
6.970217980220725362e-01 2.631405484400893169e+00 8.405547166674797177e-01
7.877274419893207646e-01 2.516772159017701682e+00 8.299865507164996270e-01
8.902368973593975943e-01 2.578017720028080273e+00 7.754881744961482637e-01
1.006086231322167013e+00 2.668078938479339524e+00 7.732612018141523658e-01
1.137011404333426512e+00 2.623364491291354739e+00 7.656649766206946595e-01
1.284974282855773753e+00 2.472513813530288651e+00 6.985754158521670920e-01
1.452192037219453447e+00 2.491781891387150782e+00 6.125808550452591650e-01
1.641170365119507313e+00 2.552695465040701439e+00 6.134084639489665314e-01
1.854741038591349866e+00 2.187287785972694909e+00 5.088479234333196377e-01
2.096104337092644876e+00 2.070879358847682816e+00 5.128738809803432552e-01
2.368877002535898946e+00 2.027325910586517121e+00 5.118051714297101595e-01
2.677146434860623536e+00 2.038825062508337727e+00 4.886632392390547475e-01
3.025531940246160012e+00 1.916332262145727272e+00 4.415354639792709590e-01
3.419253949747525834e+00 1.917919071389852181e+00 3.699614790471185133e-01
3.864212245570556092e+00 1.761800860519527445e+00 3.978104184916225750e-01
4.367074367178844341e+00 1.712689955798146757e+00 3.762439990486159402e-01
4.935375521966077983e+00 1.545886843188566395e+00 3.767066579786307323e-01
5.577631497619149670e+00 1.589079987450269238e+00 3.953467763393777590e-01
6.303466268123027128e+00 1.350790666374978244e+00 3.676641246651700112e-01
7.123756205537322472e+00 1.359646388748903867e+00 3.916184723881880325e-01
8.050793058505988142e+00 1.196336526455172855e+00 3.496916687353414654e-01
9.098468139674269040e+00 1.108335411301630824e+00 3.914012700007141188e-01
1.028248048199488451e+01 1.038565734896768955e+00 3.208442386449532613e-01
1.162057208307055944e+01 9.268745663904958132e-01 3.203758450665261104e-01
1.313279376258446440e+01 9.483087645137622257e-01 4.413945512120561743e-01
1.484180561659618292e+01 9.027943375788717306e-01 4.243990444469778467e-01
1.677321657090243789e+01 4.996252460633528458e-01 4.012107854792106298e-01