1.063460169178059812e-03 2.698740634068787170e+00 1.024977157821742679e+02
1.198434893678395567e-03 2.698693247701526410e+00 9.094498350619991811e+01
1.350540655881837023e-03 2.698633036298315968e+00 8.069225983628300014e+01
1.521951732890054754e-03 2.698556517418004841e+00 7.159298486474413892e+01
1.715118361790143268e-03 2.698459255968145509e+00 6.351708568220391982e+01
1.932801764589340675e-03 2.698335599335905055e+00 5.634911661984237696e+01
2.178113618526323660e-03 2.698178336144909650e+00 4.998660839090238994e+01
2.454560535967756883e-03 2.697978254987861924e+00 4.433860244280776186e+01
2.766094189708362926e-03 2.697723571334234016e+00 3.932434945049550379e+01
3.117167800191045050e-03 2.697399178556381560e+00 3.487215314830512369e+01
3.512799792104091996e-03 2.696985662259109517e+00 3.091834269899965904e+01
3.958645530295248904e-03 2.696457991160980061e+00 2.740635847765080868e+01
4.461078160432261491e-03 2.695783759088139053e+00 2.428593754851488029e+01
5.027279709987417765e-03 2.694920791741838517e+00 2.151238616536444681e+01
5.665343751789873178e-03 2.693813834173773625e+00 1.904592726244447221e+01
6.384391097670772189e-03 2.692389872582248156e+00 1.685111093766015244e+01
7.194700175984945420e-03 2.690551364650904276e+00 1.489627500013740402e+01
8.107853956691788225e-03 2.688166151894765932e+00 1.315304000459004108e+01
9.136905524217107943e-03 2.685051885954556905e+00 1.159581718272922046e+01
1.029656466487863763e-02 2.680950927648214854e+00 1.020129452756029309e+01
1.160340813605070104e-02 2.675487684089705720e+00 8.947836569766856485e+00
1.307611662276240289e-02 2.668091062411522607e+00 7.814661180480801050e+00
1.473574176890748121e-02 2.657840532043880710e+00 6.780460801617664401e+00
1.660600710014561998e-02 2.643120673696360612e+00 5.820512014005976731e+00
1.871364714004022586e-02 2.620686006582594985e+00 4.898789076686998811e+00
2.108878956693115841e-02 2.582081047106245197e+00 3.935735780562577002e+00
2.376538587428705593e-02 2.481171147713031822e+00 2.466434993445754120e+00
2.678169669061530866e-02 3.201432907672230765e+00 7.835076208639468298e+00
3.018083869633917532e-02 3.202721609700188043e+00 6.932580503141833717e+00
3.401140095554999743e-02 3.204447472274479569e+00 6.128718147587679965e+00
3.832813947279403721e-02 3.206799072978000709e+00 5.411759650658109599e+00
4.319275990324159681e-02 3.210081701727761416e+00 4.771075548921869469e+00
4.867479960469565936e-02 3.214826842832028575e+00 4.196876932144803618e+00
5.485262163993993162e-02 3.222058082539879909e+00 3.679854277595864254e+00
6.181453493820128486e-02 3.234063664637864211e+00 3.210524453440924741e+00
6.966005662788396502e-02 3.257392053947794075e+00 2.777555377681347082e+00
7.850133458500144212e-02 3.324697787121374315e+00 2.359409014641832503e+00
8.846475053193676719e-02 3.292068366638523980e+00 1.944995372643381515e+00
9.969272660203984393e-02 2.767230346687329590e+00 1.443081359936070784e+00
1.123457611940148482e-01 3.114565651613665942e+00 1.786958203254302102e+00
1.266047232176350512e-01 3.365585276996852393e+00 2.001079994119329797e+00
1.426734375259001708e-01 3.041944411563926920e+00 1.871972216902298314e+00
1.607815984911180052e-01 2.912180790651244244e+00 1.404367775472125990e+00
1.811880533730484133e-01 3.442687045532152990e+00 1.563469442725150316e+00
2.041845024132423747e-01 3.316643912025302843e+00 1.407019508761208515e+00
2.300996685466069058e-01 2.568720841164495283e+00 1.155541340176337917e+00
2.593039963341731147e-01 2.653816514871973453e+00 1.125471294618184182e+00
2.922149472860003927e-01 2.678893390911744277e+00 1.035278533058804795e+00
3.293029672682551978e-01 3.309894619013828088e+00 1.385795432310712894e+00
3.710982112956163759e-01 3.043608322975652758e+00 1.136422193929168767e+00
4.181981218366065400e-01 3.116141690312655310e+00 1.157308881347780094e+00
4.712759689600021784e-01 3.280534891553430921e+00 1.214084337703304373e+00
5.310904743995137345e-01 2.701962686405043002e+00 1.012032701679800528e+00
5.984966571080119202e-01 2.904509135625173766e+00 1.055581862019821626e+00
6.744580553331669392e-01 2.755843391404074527e+00 9.744853069600944995e-01
7.600604999230629044e-01 2.583879731745720054e+00 9.665075496491861706e-01
8.565276357444195909e-01 2.393671269369354704e+00 9.413359137971897272e-01
9.652384130844684496e-01 2.537441774465385436e+00 9.030284802197814376e-01
1.087746799067472736e+00 2.239367886330020152e+00 7.140165082246102690e-01
1.225803990850901748e+00 2.291362201725498426e+00 6.811297790774543115e-01
1.381383448127980085e+00 1.910764255706735248e+00 6.059505578113787427e-01
1.556709102763925934e+00 2.016059042866801043e+00 6.596836536135101126e-01
1.754287148808773900e+00 1.987670143008039458e+00 5.936277390200194182e-01
1.976941867309375933e+00 1.929554510474347895e+00 4.842113619261104729e-01
2.227855998018660522e+00 1.836720908746645842e+00 4.428204089935519061e-01
2.510616235095899818e+00 1.769952408348491879e+00 4.571553283261398093e-01
2.829264497136636969e+00 1.636997295915204154e+00 4.623415115736081993e-01
3.188355704412174418e+00 1.758908125472720796e+00 4.361876548798761521e-01
3.593022889215832016e+00 1.526164310178560024e+00 4.403353129619340667e-01
4.049050570036385466e+00 1.418735042149023018e+00 4.281616241809279022e-01
4.562957438406440858e+00 1.406187205802486684e+00 4.090699074935345014e-01
5.142089540393559588e+00 1.256975572380873540e+00 3.915136914663988610e-01
5.794725284717774372e+00 1.082075096799216984e+00 3.535231351771134234e-01
6.530193778534915339e+00 1.194630377223059758e+00 4.074294982345106342e-01
7.359008182437590584e+00 1.196924723439823035e+00 3.967764081655882347e-01
8.293015990918018332e+00 1.143977889380013213e+00 3.995272677305998776e-01
9.345568386478044332e+00 1.082518899821560243e+00 3.635064487585324411e-01
1.053171108822008861e+01 7.629495679268707420e-01 3.576500752103837777e-01
1.186839942300587936e+01 7.273294902532738693e-01 3.086156832734798239e-01
1.337474069351936379e+01 7.851290574106566389e-01 4.057660706314351606e-01
