1.065302905117481141e-03 2.802767784873927859e+00 2.111661243532058165e+02
1.204437654186008792e-03 2.802768070295575509e+00 1.867717059696585125e+02
1.361744209888469254e-03 2.802768435193579766e+00 1.651951829660537499e+02
1.539595915753720406e-03 2.802768901556886405e+00 1.461110221486909779e+02
1.740676087765173847e-03 2.802769497640965390e+00 1.292312935482403873e+02
1.968018498564368807e-03 2.802770259506089268e+00 1.143013262832960351e+02
2.225053149126761994e-03 2.802771233228310788e+00 1.010958662498459120e+02
2.515658018484315684e-03 2.802772477662442974e+00 8.941567761750425802e+01
2.844217572262538150e-03 2.802774067984546313e+00 7.908453687774317586e+01
3.215688912772404068e-03 2.802776100191504582e+00 6.994657408096900042e+01
3.635676568688629186e-03 2.802778696821179860e+00 6.186392115071643616e+01
4.110517052694474815e-03 2.802782014262208410e+00 5.471463179279571420e+01
4.647374462846264043e-03 2.802786251969086262e+00 4.839084160971444959e+01
5.254348570031569521e-03 2.802791664179856035e+00 4.279714065949710999e+01
5.940597022277458242e-03 2.802798574701678813e+00 3.784913389713046428e+01
6.716473509651410198e-03 2.802807395485397368e+00 3.347216776772818747e+01
7.593683974301089837e-03 2.802818649877950818e+00 2.960020372559495172e+01
8.585463222432927755e-03 2.802833001477045727e+00 2.617482165994216814e+01
9.706774602841250488e-03 2.802851289560321035e+00 2.314433815855903021e+01
1.097453576461348591e-02 2.802874571881726506e+00 2.046302625648363005e+01
1.240787390010339789e-02 2.802904175065826120e+00 1.809042482281740405e+01
1.402841432411964032e-02 2.802941751457635799e+00 1.599072705213053780e+01
1.586060674323303693e-02 2.802989338297709132e+00 1.413223865893301223e+01
1.793209413775108743e-02 2.803049408779845653e+00 1.248689732555002330e+01
2.027412982182168200e-02 2.803124891460096801e+00 1.102984571338406461e+01
2.292204897400950542e-02 2.803219107054617076e+00 9.739050874605561958e+00
2.591580175250549761e-02 2.803335512954301389e+00 8.594963104155837641e+00
2.930055603828013444e-02 2.803477015922169802e+00 7.580206948706810444e+00
3.312737889999461949e-02 2.803644313006121713e+00 6.679295788831220548e+00
3.745400706218900144e-02 2.803831984410305012e+00 5.878358072300406079e+00
4.234571800109217937e-02 2.804019120621926042e+00 5.164855206718716119e+00
4.787631481060604377e-02 2.804145644267199255e+00 4.527250746037029039e+00
5.412923969750936537e-02 2.804047082055436402e+00 3.954533491380522570e+00
6.119883290560505090e-02 2.803249259688855854e+00 3.435309683824056215e+00
6.919175606267564949e-02 2.800170532569927762e+00 2.955390410577573679e+00
7.822860142482124246e-02 2.787582627972562843e+00 2.487690032858827394e+00
8.844571129745792959e-02 2.642102700869980669e+00 1.807722650488183813e+00
9.999723508326993637e-02 3.325502536221829342e+00 2.206236037553655382e+00
1.130574549925763839e-01 2.773257257345362436e+00 1.674230010528987567e+00
1.278234155049846055e-01 2.428013428916543592e+00 1.494555022207498141e+00
1.445178962540133449e-01 2.620839692131323950e+00 2.090037524629563936e+00
1.633927731877208855e-01 2.578046956109085297e+00 1.676753514340218576e+00
1.847328187164405389e-01 2.620592411879895778e+00 1.382201498415567942e+00
2.088599981818896612e-01 2.825265002516652135e+00 1.632987544057157292e+00
2.361383274701081003e-01 2.760020265520308325e+00 1.614732694395792700e+00
2.669793650568703658e-01 3.194977959996541994e+00 1.811352796170991653e+00
3.018484213461385401e-01 2.892584330241137369e+00 1.528045940516638002e+00
3.412715789841951342e-01 2.780947760993579543e+00 1.409959605894599344e+00
3.858436300675908703e-01 2.660897431461320295e+00 1.110473279349935893e+00
4.362370499965676496e-01 2.327129025792412875e+00 9.815076928169296222e-01
4.932121433658790410e-01 2.342266200794963282e+00 1.059281294208309188e+00
5.576285149679017783e-01 2.227307940710958167e+00 1.008982570379405530e+00
6.304580389754030900e-01 2.400139990600283380e+00 9.909858100713109241e-01
7.127995219749310163e-01 2.210871280260292338e+00 8.582839756476824400e-01
8.058952810775606990e-01 2.233226542007696658e+00 7.216939007982593468e-01
9.111498872272281169e-01 2.217726176423905127e+00 7.263729054153045261e-01
1.030151356494034331e+00 2.117691099479735328e+00 6.904297560190084670e-01
1.164695109073582646e+00 2.050195319342771771e+00 6.575316521624411381e-01
1.316811057470835600e+00 2.012434447263493631e+00 6.520058469628813302e-01
1.488794232558171338e+00 1.749353199695895977e+00 5.245360967453209788e-01
1.683239409574570189e+00 1.784580997449715545e+00 5.091694214193027701e-01
1.903080256481475496e+00 1.923964489252441901e+00 5.430801372129993032e-01
2.151633595321397419e+00 1.897011073680891613e+00 4.704114598717862861e-01
2.432649444367113389e+00 1.737761559979398518e+00 4.623764688368983133e-01
2.750367596066311204e+00 1.652304185036796547e+00 4.274447362177774545e-01
3.109581584394537135e+00 1.671896875529852666e+00 4.372782674584540508e-01
3.515711006716101483e+00 1.676264876481857291e+00 5.096444014517105270e-01
3.974883291300231214e+00 1.372900066666505881e+00 4.120679428432992286e-01
4.494026144149911417e+00 1.127409596018508209e+00 3.981181295657681418e-01
5.080972069923713974e+00 1.030173222989456017e+00 3.697329506702162760e-01
5.744576543897313314e+00 1.028687279159363532e+00 4.146954363123702691e-01
6.494851617869778160e+00 8.367005726405853938e-01 4.063241088848567051e-01
7.343116975777512323e+00 9.038001633251874223e-01 4.019488877496271706e-01
8.302170718049040943e+00 5.642884934482909065e-01 3.748471243298537869e-01
9.386482451388815207e+00 5.354400433346951926e-01 2.905855158582941189e-01
1.061241159720869831e+01 5.837535429955351685e-01 3.433992219080376773e-01
1.199845421240904564e+01 6.908255948853324613e-01 4.591654556373988005e-01
1.356552204638782477e+01 6.542319227635378098e-01 4.579481489199474509e-01
1.533725804451654895e+01 5.398600603329865022e-01 5.085344432167105966e-01
1.734039305820332189e+01 2.151026645915213309e-01 2.226742541196558012e-01
