1.065120342867662776e-03 2.962674106106108596e+00 1.873807319632967960e+02
1.203842346713392261e-03 2.962678635231615676e+00 1.657845539627779203e+02
1.360631599466567265e-03 2.962684421793913003e+00 1.466764674468958276e+02
1.537841192014245077e-03 2.962691815301910392e+00 1.297696981970702836e+02
1.738130683414210696e-03 2.962701262473601105e+00 1.148105091726057765e+02
1.964506015519687510e-03 2.962713334634399232e+00 1.015743923815535936e+02
2.220364626112142879e-03 2.962728762525175696e+00 8.986269936063374075e+01
2.509546437599446782e-03 2.962748481238354881e+00 7.949965972933955527e+01
2.836391486517042104e-03 2.962773687855666527e+00 7.032974302586512749e+01
3.205805058734861098e-03 2.962805915786042910e+00 6.221532421513574462e+01
3.623331307918265139e-03 2.962847130781305793e+00 5.503461778895304235e+01
4.095236462107814182e-03 2.962899855284812922e+00 4.867984938782083049e+01
4.628602867181041275e-03 2.962967330148604805e+00 4.305563741557515556e+01
5.231435278599191885e-03 2.963053725954642559e+00 3.807756021939203350e+01
5.912780996663924427e-03 2.963164420804810906e+00 3.367088712335097256e+01
6.682865648272232409e-03 2.963306368336084518e+00 2.976945395541744332e+01
7.553246652980255375e-03 2.963488589951658980e+00 2.631466570196151267e+01
8.536986676592455553e-03 2.963722841182951040e+00 2.325461055260224796e+01
9.648849675465195203e-03 2.964024527394202302e+00 2.054327080304770803e+01
1.090552247375485388e-02 2.964413985781211736e+00 1.813981673806990358e+01
1.232586519903868666e-02 2.964918321952842106e+00 1.600796944032418878e+01
1.393119433484266666e-02 2.965574116738258770e+00 1.411541686973352761e+01
1.574560263812465472e-02 2.966431557542182240e+00 1.243326322107301607e+01
1.779632072302995971e-02 2.967561022519776159e+00 1.093548144280136114e+01
2.011412573756315991e-02 2.969064154801846378e+00 9.598315224040684157e+00
2.273380326658994144e-02 2.971093805770735674e+00 8.399518509938431521e+00
2.569466939340259160e-02 2.973893301418268464e+00 7.317160978781672931e+00
2.904116075494182075e-02 2.977883815911501308e+00 6.327217808589001180e+00
3.282350144621526411e-02 2.983897761747885902e+00 5.397105086906361038e+00
3.709845678280478121e-02 2.994040485289730213e+00 4.459866766110948788e+00
4.193018523391960073e-02 3.023463774870929210e+00 2.984225852544489577e+00
4.739120131179450079e-02 2.904784711944756737e+00 5.095183161197986976e+00
5.356346386846347341e-02 2.845637694589860711e+00 5.126534166070133125e+00
6.053960613305148231e-02 2.849072327972157037e+00 4.461726343098995073e+00
6.842432594996661344e-02 2.852966325278818882e+00 3.850839742067848626e+00
7.733595708266766122e-02 2.856002526909278139e+00 3.268577724265964157e+00
8.740824516511200293e-02 2.848284813693899853e+00 2.635710435863779733e+00
9.879235495433763559e-02 2.887853632775491342e+00 2.247003912967760364e+00
1.116591390089981956e-01 3.111890183649868025e+00 2.422877292090512391e+00
1.262017018421461023e-01 3.251252282967607155e+00 2.718142614336529039e+00
1.426382980310323123e-01 2.249861978974176502e+00 2.267519403519554277e+00
1.612156077787136876e-01 2.321153478602350440e+00 1.861982525850446546e+00
1.822124390870506483e-01 2.213929176595414550e+00 1.636969762667277228e+00
2.059439121032542452e-01 2.130853269723056886e+00 1.248047688704336577e+00
2.327661884385975877e-01 1.784673051820335088e+00 1.449168567657395323e+00
2.630818164368385337e-01 1.785273494400250849e+00 1.545356946714769864e+00
2.973457726140674717e-01 1.747140033640906420e+00 1.234172666917534578e+00
3.360722899398237429e-01 1.728658865202093109e+00 1.288720764663450202e+00
3.798425754382273589e-01 2.004004858233515041e+00 1.542537531685074015e+00
4.293135329347740337e-01 2.020798866917854930e+00 1.335335853291590436e+00
4.852276218596542900e-01 2.152965130198853050e+00 1.369170890053097667e+00
5.484240000683768823e-01 2.225443604271031717e+00 1.141205426673851386e+00
6.198511179109922331e-01 2.192486875983825190e+00 1.166778920892503013e+00
7.005809525615276367e-01 1.747379839814391378e+00 9.933581206125842167e-01
7.918250962362485268e-01 1.810936501363148654e+00 7.634303381898482899e-01
8.949529397524976781e-01 1.521519094110255654e+00 7.142539402669958459e-01
1.011512224326708509e+00 1.458074905070231519e+00 7.393831207245858961e-01
1.143252270052682817e+00 1.357389266359732449e+00 5.936747732810599976e-01
1.292150229672811346e+00 1.638068437777852049e+00 6.713156959530286461e-01
1.460440761658456488e+00 1.565964080776308887e+00 8.426553424460612174e-01
1.650649567932675144e+00 1.517837779361336681e+00 6.887887150106125622e-01
1.865631299568944579e+00 1.378931094672377178e+00 6.228671319151287689e-01
2.108612399354089284e+00 1.344217045117505505e+00 5.788188602688856266e-01
2.383239524195976067e+00 1.289752883306250153e+00 5.540032515189660112e-01
2.693634274098791082e+00 1.230149523129273614e+00 5.902715986335627107e-01
3.044455049077593678e+00 1.191323779346080913e+00 4.721404984924588155e-01
3.440966962359831793e+00 1.198317132714364019e+00 5.893003676425477844e-01
3.889120859130174246e+00 9.594956561122980343e-01 4.099773947134333074e-01
4.395642626730847269e+00 8.842813963045303982e-01 3.968530207606775773e-01
4.968134136683699964e+00 1.088129869665452887e+00 6.767310419641028307e-01
5.615187333470461617e+00 1.093274522021404405e+00 5.410569880706608270e-01
6.346513182313966439e+00 9.100966221607916795e-01 4.926678973985061383e-01
7.173087411206820363e+00 6.220942952649183288e-01 3.720238138636314251e-01
8.107315234481827559e+00 5.005919358068675606e-01 4.212688313820679986e-01
9.163217530093191954e+00 5.660993493287513889e-01 3.599899558593456783e-01
1.035664126475448654e+01 4.381256458834839052e-01 5.872762299372534800e-01
1.170549732499087980e+01 3.588765059794850609e-01 3.778351747894323487e-01
1.323002932347069560e+01 7.574859016945566237e-02 1.701825705600318872e-01
1.495311741485797086e+01 7.574859016945566237e-02 1.355145883483359348e-01
1.690062168084991256e+01 7.574859016945566237e-02 7.846052253722698988e-02
