1.067174399148890750e-03 4.808872016511061886e+00 1.260467511774879057e+02
1.210547997248700904e-03 4.808859878016355616e+00 1.111072026892705082e+02
1.373183665960849443e-03 4.808844225878464940e+00 9.793556866609810641e+01
1.557669241324832320e-03 4.808824030832645313e+00 8.632226029220868213e+01
1.766940232042239853e-03 4.808797954129955698e+00 7.608248293390066408e+01
2.004326528881117571e-03 4.808764249198144825e+00 6.705329492490542975e+01
2.273605389432659454e-03 4.808720628755586368e+00 5.909101370007511633e+01
2.579061541306295908e-03 4.808664082916983773e+00 5.206892781454689612e+01
2.925555360116819867e-03 4.808590626920381972e+00 4.587527816556180937e+01
3.318600207102147173e-03 4.808494945280006760e+00 4.041147585793734720e+01
3.764450156957088300e-03 4.808369880433311039e+00 3.559052768344970730e+01
4.270199511796168509e-03 4.808205682032399508e+00 3.133564308897990358e+01
4.843895684697755930e-03 4.807988878127124721e+00 2.757899873110391198e+01
5.494667249016707382e-03 4.807700532014298922e+00 2.426063806881496276e+01
6.232869190968279641e-03 4.807313469445601228e+00 2.132748351505546225e+01
7.070247676722131447e-03 4.806787718880134008e+00 1.873243653934269659e+01
8.020126955757428747e-03 4.806062722796139219e+00 1.643353471405674426e+01
9.097621374459085447e-03 4.805043425955362935e+00 1.439311903375691237e+01
1.031987587348587310e-02 4.803574036519538737e+00 1.257692684816707818e+01
1.170633879567096677e-02 4.801384977852576341e+00 1.095292729204568261e+01
1.327907134533605829e-02 4.797975116002270113e+00 9.489428387987841162e+00
1.506309862309246003e-02 4.792312299518197705e+00 8.150976086463069592e+00
1.708680782174589602e-02 4.781884279346789057e+00 6.885842514507216627e+00
1.938239991934258971e-02 4.757947342403044289e+00 5.559775720001344901e+00
2.198640205663328004e-02 4.726471912140262965e+00 4.306970635715431150e+00
2.494024875183382603e-02 4.965454681215413224e+00 6.243028466575367474e+00
2.829094120089043624e-02 4.926502593788535833e+00 4.979038327044079004e+00
3.209179515394325333e-02 4.978049612206442376e+00 4.215658250276550056e+00
3.640328926809409393e-02 5.677991557916493903e+00 5.094469193898373049e+00
4.129402743534905246e-02 5.332796316471073439e+00 4.207139093583818656e+00
4.684183039816382232e-02 4.889535426146236929e+00 3.818986190598078867e+00
5.313497402222561172e-02 2.370384359392501139e+00 3.637400064622736018e+00
6.027359392969544594e-02 2.344957154585067816e+00 3.050797397008660816e+00
6.837127884323848659e-02 2.287593294070182637e+00 2.402823406238985715e+00
7.755687799391008941e-02 2.273122465543823356e+00 2.028581766494567340e+00
8.797655135211954192e-02 2.579552543319582281e+00 2.781404038988148919e+00
9.979609530465982647e-02 2.450138429858713884e+00 1.967274854283961538e+00
1.132035807836517527e-01 2.829063021388102506e+00 2.538953264090117568e+00
1.284123458249412097e-01 2.957230028557295221e+00 2.356579346900406602e+00
1.456643901731211610e-01 2.705119708698727976e+00 2.487179251456912876e+00
1.652342259476591024e-01 2.702156823231567362e+00 2.082234230770010797e+00
1.874332456413912440e-01 2.704535536150353803e+00 1.779575360347569468e+00
2.126146769543649784e-01 2.746554183303241192e+00 1.822468732026542693e+00
2.411792033036548877e-01 2.748625938072342123e+00 1.499894431832127006e+00
2.735813394419173150e-01 2.821640059366813169e+00 1.258473459438631092e+00
3.103366636326362338e-01 2.931684184854918218e+00 1.292666041338460525e+00
3.520300214594236365e-01 2.577622613073332403e+00 1.176074577012783173e+00
3.993248318072394887e-01 2.363380984064769486e+00 9.810501541456306818e-01
4.529736430910056844e-01 2.459172480770310809e+00 8.498253609356797300e-01
5.138301077008503581e-01 2.491761738176891505e+00 8.091752071083518905e-01
5.828625651996790502e-01 2.406183757602814666e+00 9.957509832438237174e-01
6.611694504070180223e-01 2.496329378057153825e+00 8.333284938428966448e-01
7.499967715404056712e-01 2.226663059764885766e+00 8.617678122005488772e-01
8.507579365240746094e-01 2.254060077911363535e+00 8.025268314723026375e-01
9.650562429383839902e-01 2.222585225119566577e+00 8.161242836701537717e-01
1.094710389466928113e+00 2.143293850172051762e+00 8.287648518702913636e-01
1.241783414775905703e+00 2.167778490282265658e+00 7.095286830991950344e-01
1.408615524297163635e+00 2.135964606279325828e+00 6.889068555488563339e-01
1.597861327250087449e+00 1.979159917497265608e+00 6.170344059758033906e-01
1.812532076412634252e+00 2.038982723071066427e+00 5.599082500554330988e-01
2.056043582754853993e+00 1.993356138804889488e+00 5.262957070248227565e-01
2.332270567345834156e+00 1.857323249300695034e+00 5.467297254896403835e-01
2.645608315374031072e+00 1.719243011320054970e+00 5.417078867324275349e-01
3.001042613311149410e+00 1.644145851927242052e+00 5.168926762041169409e-01
3.404229082049936572e+00 1.669523919790717903e+00 4.511635548825498887e-01
3.861583168353703854e+00 1.649761475463040750e+00 4.460907270920806966e-01
4.380382226548961810e+00 1.485509741401613182e+00 4.350431679290747700e-01
4.968881314770776214e+00 1.427716529670324697e+00 4.418696901994605408e-01
5.636444548294528900e+00 1.285797319917064696e+00 3.668597153105736530e-01
6.393694100029978955e+00 1.183010257543802846e+00 3.632675126989476366e-01
7.252679219052623694e+00 1.184076312447832624e+00 4.149604624873829972e-01
8.227067956571634255e+00 9.496656707375592532e-01 3.246527934618529398e-01
9.332364650051214738e+00 8.027051182458183609e-01 3.185567140181429502e-01
1.058615662606228724e+01 6.304260242173866935e-01 2.770538219494511067e-01
1.200839404736585614e+01 5.414094327729160883e-01 2.947152420355135805e-01
1.362170735711569236e+01 4.780972295161837193e-01 2.562516724139853319e-01
1.545176737130822175e+01 5.651108180937729486e-01 4.023624115811724189e-01
1.752769374922035794e+01 4.151298009129225086e-01 3.445353481170863597e-01
1.988251834135965268e+01 3.488134332155078954e-01 3.583476426834927842e-01
2.255371078765490012e+01 1.834326824898235009e-01 1.887818474962297266e-01