1.067255864933917484e-03 4.161414651859137059e+00 3.269293915510532145e+01
1.210814297537771492e-03 4.159688745196060466e+00 2.871955259622456680e+01
1.373683023248284483e-03 4.157434771528318862e+00 2.520258582529570646e+01
1.558459502995488896e-03 4.154477896649861002e+00 2.208512317621764609e+01
1.768090586672378586e-03 4.150575483069574467e+00 1.931615132313050154e+01
2.005919510048715607e-03 4.145382861432874044e+00 1.684943226313817988e+01
2.275739213321009008e-03 4.138394787627167837e+00 1.464218583133691354e+01
2.581852831632885318e-03 4.128837757467995750e+00 1.265325230423410474e+01
2.929142322279994388e-03 4.115451490702394466e+00 1.083988821867887431e+01
3.323146323078964102e-03 4.095977739525779704e+00 9.150548200571002155e+00
3.770148483600251066e-03 4.065650058950741830e+00 7.502521827025553591e+00
4.277277677987916145e-03 4.009710745482999883e+00 5.657127803767944663e+00
4.852621697579147762e-03 3.987535333869981713e+00 4.616241622001747480e+00
5.505356236514710039e-03 5.177986903419521170e+00 1.648640669804394676e+01
6.245891227426978234e-03 5.180686126763440313e+00 1.444186704287295697e+01
7.086036860994516552e-03 5.184408383926242259e+00 1.262198743170173287e+01
8.039191937074132918e-03 5.189678883809435206e+00 1.099377097563524153e+01
9.120557551269531382e-03 5.197450474215218108e+00 9.523382458604274348e+00
1.034737952484994505e-02 5.209711551020035358e+00 8.169413534210733019e+00
1.173922344433652593e-02 5.231791145032448576e+00 6.856766450599867113e+00
1.331828669713927549e-02 5.294608095296086780e+00 5.186002320867794779e+00
1.510975247964725654e-02 5.172528887043423396e+00 5.668454881062322315e+00
1.714219142355942471e-02 4.980111315018504570e+00 5.898488245159762222e+00
1.944801724566797355e-02 4.986347098300547565e+00 4.691502728209307804e+00
2.206400368788226374e-02 4.989588180440351017e+00 4.408674794550805132e+00
2.503187099174959684e-02 5.002778620350492922e+00 4.758483793354322700e+00
2.839895126067831788e-02 5.072099844418512582e+00 3.903943608903528428e+00
3.221894332118449555e-02 4.705124300846899921e+00 2.804850520642461653e+00
3.655276912183076654e-02 4.784218546125853955e+00 3.247197249373170003e+00
4.146954532786781972e-02 5.169913614734331198e+00 3.083079890670811007e+00
4.704768560675191835e-02 5.434002733483784375e+00 4.016856690887146364e+00
5.337615118399416381e-02 5.041671607578277481e+00 4.130474050071708092e+00
6.055586961344031766e-02 4.409247133533351182e+00 4.314619112749965346e+00
6.870134438879524352e-02 4.553893850533297538e+00 3.674891300702181951e+00
7.794248106677797994e-02 4.718194315655530602e+00 2.926833023523469635e+00
8.842665902526128385e-02 3.237389863449861682e+00 2.148585483824223541e+00
1.003210818971824181e-01 3.289532116757844182e+00 2.564398254819790335e+00
1.138154441653851934e-01 3.200219895630636913e+00 1.939921724392352331e+00
1.291249564457471743e-01 3.662852198670450754e+00 2.966671176367215335e+00
1.464937777063734514e-01 3.668186421379822093e+00 2.555684859171877488e+00
1.661989091605318714e-01 3.664758512141819580e+00 2.132857037952296420e+00
1.885546119338621929e-01 3.714330335985253750e+00 1.887907614718263627e+00
2.139174189596443343e-01 3.832343276820035616e+00 1.722103409661352780e+00
2.426918210327685121e-01 3.900527306072277600e+00 1.480494688284949900e+00
2.753367177046613934e-01 3.519264887915529716e+00 1.501178345069849263e+00
3.123727358992473002e-01 3.561591187199476760e+00 1.327772851092047235e+00
3.543905329686034555e-01 3.552340879595904610e+00 1.221668690439952298e+00
4.020602166069944250e-01 3.202631600430464243e+00 9.494344886295177366e-01
4.561420318538377261e-01 3.099326715873716775e+00 8.468850518352700751e-01
5.174984856239265296e-01 2.975500158357018421e+00 9.031708147360388850e-01
5.871081021291859603e-01 2.972256304205080024e+00 7.659663103386620264e-01
6.660810285660042629e-01 2.781847464572400952e+00 8.278091623602269467e-01
7.556767399505643912e-01 2.477674123771956172e+00 7.015030336274674649e-01
8.573241254622010477e-01 2.648088162537740153e+00 6.443725245003629754e-01
9.726442766355505309e-01 2.735405798258984778e+00 6.485703996073368671e-01
1.103476340831847757e+00 2.785115224937172229e+00 5.898165132851137527e-01
1.251906852305368245e+00 2.715236268848757906e+00 6.163354652384703813e-01
1.420303008642360254e+00 2.676033265328785493e+00 5.600133592275104988e-01
1.611350423271335819e+00 2.594707127881728415e+00 5.047851664701539232e-01
1.828095956128831467e+00 2.503007400479053235e+00 4.712911244133530242e-01
2.073996305552114894e+00 2.573250113271305928e+00 4.735659384290898943e-01
2.352973136351428796e+00 2.330081505881711923e+00 4.426402744864109118e-01
2.669475623254604635e+00 2.305908980217350024e+00 4.311733317712852509e-01
3.028551407178599053e+00 2.391168558253204068e+00 4.420272947544103825e-01
3.435927095951858412e+00 2.128732541025703195e+00 4.599698287022027654e-01
3.898099593328110402e+00 2.136888689004251329e+00 4.607524866550296583e-01
4.422439712823779345e+00 1.902909347828020126e+00 5.359185120911040823e-01
5.017309728831916615e+00 1.883920166151495712e+00 5.013014785014882069e-01
5.692196739739816991e+00 1.670910423484799123e+00 4.482323129430395570e-01
6.457863969950270899e+00 1.565100492194384962e+00 4.755633852262242667e-01
7.326522423799450401e+00 1.444160736178914828e+00 4.251800624515019167e-01
8.312025628940201472e+00 1.379708844551174263e+00 4.950625453638561879e-01
9.430090574994729025e+00 1.258390377032350571e+00 4.384887477540369005e-01
1.069854837104763945e+01 1.133451003709503802e+00 4.185271585134708316e-01
1.213762861951196470e+01 1.080585473675529373e+00 3.864264674487590812e-01
1.377028204161586267e+01 1.048549294876320870e+00 4.922350481022609303e-01
1.562254649980159726e+01 1.075504546654612037e+00 6.593155533788073175e-01
1.772396225443060302e+01 8.574477458145692843e-01 6.982249547631449449e-01
2.010804307738627728e+01 6.376706627788802928e-01 4.600570585345795105e-01
2.281281073598245257e+01 5.755042629684462563e-01 3.650645998166645034e-01