1.061321289595101424e-03 2.028141579432313435e+00 1.333591782464176561e+02
1.191484469900516534e-03 2.028141989293915426e+00 1.187865619079188519e+02
1.337611198354187077e-03 2.028142505884264590e+00 1.058054510276641338e+02
1.501659285674042388e-03 2.028143157046610412e+00 9.424192392068874824e+01
1.685826653534022983e-03 2.028143977840386913e+00 8.394105159474622724e+01
1.892580782391023756e-03 2.028145012489151355e+00 7.476482194926853708e+01
2.124691770869270059e-03 2.028146316801171967e+00 6.659029060562653513e+01
2.385269449632875394e-03 2.028147961142094946e+00 5.930793357175039660e+01
2.677805046999446117e-03 2.028150034317083961e+00 5.282017967209481668e+01
3.006217964532000107e-03 2.028152648419481174e+00 4.704010304812977239e+01
3.374908289310125584e-03 2.028155944989387116e+00 4.189025818327721851e+01
3.788815746441514132e-03 2.028160102843822532e+00 3.730164180204472757e+01
4.253485881661554086e-03 2.028165348029829396e+00 3.321276766840408357e+01
4.775144360737639676e-03 2.028171966539096704e+00 2.956884179613107122e+01
5.360780381144054571e-03 2.028180320548961468e+00 2.632102688062196094e+01
6.018240313559795537e-03 2.028190869320908973e+00 2.342578589409881218e+01
6.756332827801223712e-03 2.028204196154331118e+00 2.084429573901280364e+01
7.584946911670199798e-03 2.028221043413603653e+00 1.854192263221602843e+01
8.515184363938190643e-03 2.028242358379746424e+00 1.648775145531076802e+01
9.559508536611655699e-03 2.028269353862938829e+00 1.465416159557452325e+01
1.073191131933246695e-02 2.028303589316705846e+00 1.301644168508479993e+01
1.204810060317593190e-02 2.028347081077790381e+00 1.155243486113382723e+01
1.352571073549246189e-02 2.028402455162019002e+00 1.024220417685052453e+01
1.518453878547387087e-02 2.028473164440479426e+00 9.067703413721069694e+00
1.704680978593804686e-02 2.028563807618432246e+00 8.012429086157196068e+00
1.913747450505027051e-02 2.028680618660064994e+00 7.061008158348210273e+00
2.148454373753638097e-02 2.028832264203886737e+00 6.198624437827038314e+00
2.411946359423255970e-02 2.029031259150741562e+00 5.410047057178550389e+00
2.707753681811343044e-02 2.029296824615065109e+00 4.677582478057492388e+00
3.039839577160452500e-02 2.029661977046975263e+00 3.975498504440050596e+00
3.412653343227864400e-02 2.030199127032277229e+00 3.247675015899575968e+00
3.831189951123398219e-02 2.031394255281130157e+00 2.038038533296417487e+00
4.301056968096757249e-02 2.022917379820833528e+00 5.711472642233512254e+00
4.828549687908136739e-02 2.024469717716633976e+00 5.040135743639806876e+00
5.420735475381237289e-02 2.026756859554269763e+00 4.432247787873005329e+00
6.085548455189819517e-02 2.030311138659087966e+00 3.876575990300798136e+00
6.831895813521252081e-02 2.036302421569756493e+00 3.358881933555283084e+00
7.669777136850244870e-02 2.047943965163009583e+00 2.853071823983712285e+00
8.610418386727607121e-02 2.081180458444614523e+00 2.244274042703625849e+00
9.666422305582621222e-02 2.031032134068278427e+00 2.198607862890169518e+00
1.085193726868097508e-01 1.797843493928218628e+00 2.393538723561918324e+00
1.218284684452229372e-01 1.738617517216952457e+00 1.866359366428284039e+00
1.367698260341372873e-01 1.751545634208986568e+00 1.685807252016980895e+00
1.535436302543591869e-01 2.071187288855652398e+00 2.519008618086978846e+00
1.723746170869806527e-01 2.066294712584606952e+00 2.162284864020939334e+00
1.935150847134515240e-01 2.053627569862131796e+00 1.794641977451027381e+00
2.172482738149197345e-01 2.037965845927834252e+00 1.409300058028346792e+00
2.438921624402008437e-01 2.152646433514423752e+00 1.473503937839692135e+00
2.738037262861428012e-01 2.053057827273775615e+00 1.646406257295688125e+00
3.073837214697634490e-01 2.266861354530706585e+00 1.747687630633197209e+00
3.450820538718980535e-01 2.284585977026211800e+00 1.448154588486645133e+00
3.874038069910000770e-01 2.038024140310704890e+00 1.251141695029951650e+00
4.349160090684798252e-01 1.918094309361818794e+00 1.021641154096018633e+00
4.882552301517476545e-01 2.684199692819892125e+00 1.813165282271278045e+00
5.481361108806639404e-01 1.880766254527245440e+00 1.382989477041618231e+00
6.153609372663555455e-01 1.909712811773813357e+00 1.176951647496193409e+00
6.908303897456018472e-01 1.932422059144269788e+00 1.069390722490939138e+00
7.755556105269753031e-01 1.877103747561507996e+00 1.111943445808163400e+00
8.706717509074353156e-01 1.955981302959934665e+00 1.033520451072231339e+00
9.774531800667722869e-01 1.574979871835453293e+00 8.880173211042874382e-01
1.097330559107826620e+00 1.362123621211207558e+00 8.081914505244909286e-01
1.231910009101037762e+00 1.163044608082613118e+00 7.109766031424646915e-01
1.382994629947414733e+00 1.338827034612872113e+00 7.597377878001605467e-01
1.552608658370365546e+00 1.212654186965836045e+00 6.702800003367169746e-01
1.743024588705947453e+00 1.219973907419704018e+00 6.263894581967277553e-01
1.956793619856787014e+00 1.273907163770868767e+00 5.436776396235558639e-01
2.196779836338956127e+00 1.183033016110128566e+00 4.981323962960630403e-01
2.466198581380596888e+00 1.212985877731645568e+00 5.125606686621302366e-01
2.768659536196332205e+00 1.104499714487678030e+00 4.155152449542869886e-01
3.108215082614998348e+00 1.016666852597877257e+00 4.060953741054034172e-01
3.489414597024788733e+00 8.062342946232649021e-01 3.490289915411900479e-01
3.917365403067850416e+00 9.103393280207354721e-01 4.420907193232063714e-01
4.397801199730558608e+00 8.694959806993870499e-01 4.504349895651852398e-01
4.937158881631281915e+00 6.694177128505834906e-01 3.439763819588641525e-01
5.542664780746358488e+00 5.405426289669040818e-01 3.072824514208213897e-01
6.222431485043790289e+00 5.824982615870535341e-01 3.216575810027361704e-01
6.985566531203883045e+00 6.036548673815645971e-01 3.963245081682233439e-01
7.842294427695485126e+00 6.218834273884714658e-01 6.082838083329151768e-01
8.804093643077013809e+00 6.225778267538398802e-01 4.886372127450743230e-01
9.883850394896043667e+00 4.871013191143173660e-01 5.109113210225483259e-01