1.067223984625485702e-03 3.948469708621654028e+00 1.134258782463221280e+02
1.210710082094311642e-03 3.948506994496061129e+00 9.997658277914425184e+01
1.373487593983569203e-03 3.948555017820230439e+00 8.812030666843340043e+01
1.558150211786063196e-03 3.948616884622477841e+00 7.766813045759668910e+01
1.767640343548669991e-03 3.948696608586245382e+00 6.845350666803993533e+01
2.005295998104878949e-03 3.948799382326179330e+00 6.032960561311183767e+01
2.274903972797180044e-03 3.948931933831439256e+00 5.316697519565782670e+01
2.580760192180727147e-03 3.949102997310287133e+00 4.685147729644747727e+01
2.927738159143171773e-03 3.949323939744019185e+00 4.128246772661337616e+01
3.321366609138547837e-03 3.949609602050583312e+00 3.637119051169080564e+01
3.767917604875211518e-03 3.949979441030675886e+00 3.203936056558435297e+01
4.274506475155669116e-03 3.950459101252896232e+00 2.821791160929462094e+01
4.849205190290474879e-03 3.951082615759637928e+00 2.484588847807064838e+01
5.501170980606300692e-03 3.951895551814994079e+00 2.186946467595585020e+01
6.240792247451195165e-03 3.952959622136272611e+00 1.924106698865968212e+01
7.079854091638212651e-03 3.954359652959938742e+00 1.691858874118921463e+01
8.031726096852149013e-03 3.956214506484915017e+00 1.486467094066907002e+01
9.111575360153948561e-03 3.958694977459333408e+00 1.304602386172464534e+01
1.033660816400383889e-02 3.962054748721112851e+00 1.143274503380345841e+01
1.172634414059716898e-02 3.966687674853271339e+00 9.997547655474770423e+00
1.330292729703848320e-02 3.973243418021342954e+00 8.714697964293325327e+00
1.509147885721862092e-02 3.982890044281510722e+00 7.558093036669503384e+00
1.712049754256564013e-02 3.998022657346835818e+00 6.496458499416414512e+00
1.942231366972983764e-02 4.024826159469393261e+00 5.475338701741568670e+00
2.203360430078038848e-02 4.093632026740426255e+00 4.250635722511511894e+00
2.499597765429978358e-02 3.999465276800002744e+00 4.276482153031743394e+00
2.835663608936305619e-02 3.680203833609531294e+00 4.710413292625881709e+00
3.216912822636672220e-02 3.684028060546175265e+00 3.983829490932897066e+00
3.649420218897582446e-02 3.688906843857095108e+00 3.253810459986631543e+00
4.140077356271798514e-02 3.699028400682498052e+00 2.227752425188103125e+00
4.696702349364473283e-02 3.766471107644725258e+00 3.425554661264674117e+00
5.328164442412793023e-02 3.448409498844204890e+00 3.592269004939279142e+00
6.044525331530425927e-02 3.531879123349019434e+00 2.630579069759528377e+00
6.857199487440746033e-02 2.727159549297355934e+00 2.210128685319385777e+00
7.779136033275958761e-02 3.984460904299075512e+00 4.113730391901015082e+00
8.825025075476967962e-02 4.055194858379984169e+00 3.475581328402629566e+00
1.001153177546374451e-01 4.303228121015060914e+00 2.566907784151194249e+00
1.135756189176642117e-01 3.288472238403130188e+00 2.778751796829798781e+00
1.288456302375663998e-01 3.318029530220030221e+00 2.183973057469193346e+00
1.461686635698687120e-01 3.182257219861756248e+00 2.233849417870697796e+00
1.658207435549659547e-01 3.085595169015685091e+00 1.982352529199796098e+00
1.881150057856172120e-01 3.229930085526327321e+00 2.035308043550587698e+00
2.134066862991282343e-01 3.802326074283807422e+00 2.455017197095173298e+00
2.420987818966252036e-01 3.462686940119287904e+00 1.955576217562094321e+00
2.746484714807602145e-01 3.044369981767807598e+00 1.586142074624510734e+00
3.115744007292318152e-01 2.892582410194921128e+00 1.578365013924413862e+00
3.534649461778655022e-01 2.894079055415522905e+00 1.365308368045844878e+00
4.009875903928833418e-01 2.962198637416009195e+00 1.193341259681020228e+00
4.548995576160467236e-01 2.755692198658787451e+00 9.095325605511255240e-01
5.160598793506894211e-01 2.397281330442095015e+00 7.632434133464180981e-01
5.854430821412910380e-01 2.450777896660756294e+00 7.705518961398952760e-01
6.641547156472173974e-01 2.261581437171642950e+00 9.638232972731861636e-01
7.534489684344418681e-01 2.275234426366766094e+00 9.358799073282383363e-01
8.547486521746920918e-01 2.261123602867692650e+00 7.701449449624795385e-01
9.696678726795846526e-01 2.274380373369447650e+00 7.227139380145146674e-01
1.100037749009263877e+00 2.276054776733138496e+00 6.463065236178567874e-01
1.247935590462969202e+00 2.360114208661364010e+00 7.697633805897943216e-01
1.415717996356726793e+00 2.261608599329897995e+00 6.771727057007652650e-01
1.606058405998943339e+00 1.777743293391634616e+00 5.617583364326516060e-01
1.821989697183953760e+00 1.879493802091339205e+00 6.280375947111938029e-01
2.066952511966528405e+00 1.852204211721274030e+00 5.677529428784526822e-01
2.344850079738622917e+00 1.797238773709247006e+00 5.164371450686838783e-01
2.660110411157459609e+00 1.865897268122793440e+00 4.737169207423307382e-01
3.017756853920945836e+00 1.803708773869799664e+00 5.406831609228484048e-01
3.423488134623816848e+00 1.714229350411306863e+00 4.613463264214680559e-01
3.883769162078784198e+00 1.552740582758931565e+00 4.512061519846345403e-01
4.405934038959824939e+00 1.537605792465324583e+00 3.995564519838268880e-01
4.998302923151705102e+00 1.547049003355004837e+00 4.185747838332463111e-01
5.670314600870643318e+00 1.239101233028265803e+00 4.322566305220419958e-01
6.432676883971836013e+00 1.032538185509524808e+00 3.266008998870846280e-01
7.297537227869517196e+00 9.515262571065254971e-01 3.315228612837896049e-01
8.278676288689936769e+00 9.004025265038145820e-01 3.118139890771765566e-01
9.391727503790463061e+00 9.746365580215218261e-01 3.405104750765921007e-01
1.065442619443358296e+01 7.411410785658957279e-01 3.921218769319675945e-01
1.208689215980953868e+01 7.076721518315007842e-01 4.337796278242052050e-01
1.371195026525142957e+01 6.670544757938523528e-01 5.039851644894440819e-01
1.555549413288479776e+01 4.684393999555455101e-01 3.436935671970579587e-01
1.764689872974655316e+01 1.685927152685205155e-01 2.422783994266163032e-01
2.001948842753851920e+01 1.647659271075526954e-01 1.729285198487035269e-01
2.271106799206438609e+01 1.847577153788482751e-01 1.580769270030124019e-01