22.11569959319139 13.995130088712878
25.309134333678013 13.994910600134002
28.963690613583914 13.994619644321382
33.14595287611711 13.994232375403564
37.93212014046682 13.993714020414176
43.40939431515182 13.993014781572366
49.67756897927892 13.992061030677482
56.85084757862243 13.990738880075225
65.05992416327521 13.988860286447789
74.45436457701598 13.986082910103686
85.20533148263894 13.981679316016235
97.50870287203448 13.97361608032568
111.58864087893376 13.950488130481393
127.70167591654936 13.962032706569886
146.14138055134293 14.012512694021956
167.2437182688896 14.008621945280403
191.39316458405173 14.003195299444668
219.02971201945599 13.995353144300948
250.65688657996807 13.983034604438686
286.85092177988173 13.961826856014081
328.27125736964973 13.94022966503878
375.6725540444427 13.892467522653252
429.91844303735525 13.939645150512884
491.9972611089336 13.979210627264681
563.0400576177647 13.967897799728851
644.3412017532053 13.888322591432493
737.3819653851668 14.047628230935018
843.857511200333 14.05547505348854
965.7077778370415 14.000717795942212
1105.1528247327033 13.974490180292744
1264.7332806516674 13.881870863104359
1447.3566328483153 13.72203306451848
1656.3502002340156 13.6436552125848
1895.5217556962584 13.62936657650318
2169.2289020825383 15.707567639272163
2482.4584658495696 15.910552782336815
2840.9173548959616 15.900961602489865
3251.136535968991 16.12649416206295
3720.590026069075 16.098960922986635
4257.831065824149 16.37248251980837
4872.647955854254 16.435739080471834
5576.242395397854 17.012779973241063
6381.43357245291 17.11935849549274
7302.891723867329 17.23380942100516
8357.405420743098 17.392080315629983
9564.187448979215 17.50003643146821
10945.22485796533 17.681607632687683
12525.679555162653 17.72637498152808
14334.34674523309 17.90193137406706
16404.17956628033 18.124067702436665
18772.889481849452 18.44420555192982
21483.633367568997 18.57805338675729
24585.799810858625 18.71065956002237
28135.908949744604 18.6942943628325
32198.642245459323 19.098114908670237
36848.02095083863 19.342710040953726
42168.75474570414 19.585315223555284
48257.785110786936 20.005935323889773
55226.051559801694 20.250472896593212
63200.512909659745 20.611648815794748
72326.46041549472 20.901851372546105
82770.16491482596 21.052496816793422
94721.90621068743 21.409287096853134
108399.43988777939 21.52749702966773
124051.96472554204 22.0491692967662
141964.66299271001 22.23060244530254
162463.8963455616 22.96391771044217
185923.15199689352 23.29275274753975
212769.84749236153 23.79566868289283
243493.11807428487 24.127760598267923
278652.7285153319 24.606672059143303
318889.2717918649 25.237641758281537
364935.8404123816 25.77180187321426
417631.38304763986 26.33108743724594
477935.9898145177 26.768863993386795
546948.3847049067 27.430474042961833
625925.9438641665 28.309839581496046
716307.6044435624 29.524399620068017
819740.0814161223 31.136168062801715
938107.8700150179 33.99926624896239