22.115074386908585 14.342821718134555
25.307078197242895 14.342459499794835
28.959803420805645 14.341983358474529
33.13974879419608 14.341356704134553
37.923011222977024 14.340530628148063
43.39667114404658 14.33943932401932
49.66037784582563 14.337993466386848
56.82816360739436 14.336070362504785
65.03051968341481 14.333498762789812
74.4167719286417 14.330034329358627
85.15779931083394 14.325317605940715
97.44914480324505 14.318796266856655
111.51457529123448 14.309565826631413
127.61015530195095 14.295993559543607
146.02890872031202 14.274620355770747
167.10615335893402 14.235518661453067
191.22560549913499 14.100804508207698
218.82636553763868 14.276054867246987
250.41091191435066 14.346120260656738
286.5542488525734 14.256798753462327
327.9143744484593 14.214271611657626
375.2442596837758 14.468053896427584
429.4055564427746 14.439089228608198
491.38428409089175 14.341347993533063
562.3087801931985 14.269510730344154
643.4702421697244 14.259597915823527
736.346233853405 14.558079761149038
842.627584893163 14.744633978595353
964.2491727121924 14.858371909718372
1103.4251474143632 14.727506453377938
1262.6892409165914 15.139000414557444
1444.9408941445731 15.132011131200958
1653.4980420485226 15.310525891735367
1892.1575174027446 15.333758770984598
2165.264173054675 15.42554484444457
2477.78998101046 15.640959733879072
2835.424548374859 15.65062997408079
3244.6786980098113 15.579670477107555
3713.0029996223298 15.842054595241947
4248.92340916855 15.968212131280403
4862.19648592172 15.945586526552606
5563.987012967997 15.756413790125624
6367.071254753678 16.78560199776179
7286.0695520361305 16.86771858556973
8337.71248868515 16.945280791120556
9541.145475965066 17.056231748673678
10918.27729932728 16.883129895843258
12494.178973091035 17.345106104128334
14297.540164257269 17.876885070636135
16361.191494760282 18.009670704960765
18722.702230794683 18.17997254669941
21425.06424029481 18.75757425847227
24517.47467017618 18.982256005280327
28056.231592165317 19.179411569291133
32105.75892266472 19.355482360397374
36739.7792755642 19.539882704328537
42042.656100064705 19.69124013826097
48110.92953745471 19.966653117968963
55055.073957479326 20.272767792298183
63001.50917067224 20.448671499554067
72094.90193125201 20.50702592190013
82500.79962999374 21.219099561011255
94408.64412408494 21.416038863396437
108035.22057145904 21.713380371740516
123628.60405646074 21.957836490522364
141472.67585610785 22.355231968055808
161892.2915666572 22.42596214880762
185259.19517745526 23.402671382496692
211998.786759203 23.917119411921032
242597.86697401857 24.239294491472773
277613.49939795677 24.516337564095494
317683.15199668764 24.997445330025705
363536.3023823233 25.59042126216073
416007.7181278722 25.523491063767167
476052.6539106214 26.78568989433673
544764.2421520788 27.55367160519404
623393.393755235 28.283312939545095
713371.5712368304 29.50631582041824
816336.8488449443 30.263037852990124
934163.734092587 31.220661430045084