2.212033298792119496e+01 1.545056177554418220e+01
2.532437469360639781e+01 1.545014858751859776e+01
2.899250901748933984e+01 1.544960239993516460e+01
3.319195791797447015e+01 1.544887840654390487e+01
3.799968018511258094e+01 1.544791516420289668e+01
4.350378178169718524e+01 1.544662718021224634e+01
4.980513046662427712e+01 1.544489316073685714e+01
5.701920428998372614e+01 1.544253644537621284e+01
6.527820783526722437e+01 1.543929038092749551e+01
7.473349499079021996e+01 1.543473211242611320e+01
8.555834264985843163e+01 1.542814256865603184e+01
9.795112617030284241e+01 1.541816674449219704e+01
1.121389547866196352e+02 1.540180417936424462e+01
1.283818335970096598e+02 1.537016414708692658e+01
1.469774283975838500e+02 1.526137709534496167e+01
1.682665206837337450e+02 1.539962360526922325e+01
1.926392527866192381e+02 1.554578809180882359e+01
2.205422775926834618e+02 1.553735166604582041e+01
2.524869438714241880e+02 1.552469042135497013e+01
2.890586672151362677e+02 1.550376206184233929e+01
3.309276583217713323e+02 1.545831729212946470e+01
3.788612052266339560e+02 1.541260998560311535e+01
4.337377345661849972e+02 1.554249888905336263e+01
4.965629095596324873e+02 1.550619380435612982e+01
5.684880597187293461e+02 1.540217630123139969e+01
6.508312800272786944e+02 1.558921742292868551e+01
7.451015862523505575e+02 1.556452838610105971e+01
8.530265690556537947e+02 1.553305602256666518e+01
9.765840536922689807e+02 1.557744845231864872e+01
1.118038345490034544e+03 1.547529233936751858e+01
1.279981725341569245e+03 1.553152707830850332e+01
1.465381955652239185e+03 1.546239949995338137e+01
1.677636667334568074e+03 1.551562877542798979e+01
1.920635624541127299e+03 1.575085313808071064e+01
2.198832008194791797e+03 1.629352304028902410e+01
2.517324024653074048e+03 1.650990062826532423e+01
2.881948335060878435e+03 1.669114507552144389e+01
3.299387017571093565e+03 1.674945456286817702e+01
3.777290022614763529e+03 1.681752823785523177e+01
4.324415365327050495e+03 1.691113546055305150e+01
4.950789624285071113e+03 1.701437432548080864e+01
5.667891687845541128e+03 1.717432167208346172e+01
6.488863115404067685e+03 1.719381142014445629e+01
7.428748968640984458e+03 1.718652152230390229e+01
8.504773526209301053e+03 1.804395148655470038e+01
9.736655934591746700e+03 1.811432732059352801e+01
1.114697157972123932e+04 1.848618375965368443e+01
1.276156580183430742e+04 1.879583096895105854e+01
1.461002753526528249e+04 1.894353844680119181e+01
1.672623155306919216e+04 1.923464613665243661e+01
1.914895925360811088e+04 1.928200302656047782e+01
2.192260936559011679e+04 1.946369585855955719e+01
2.509801159588887094e+04 1.958983097430840559e+01
2.873335813099344887e+04 1.970660206906082124e+01
3.289527006271541177e+04 2.021838562471183209e+01
3.766001828139145800e+04 2.025346083048935242e+01
4.311492121058037446e+04 2.051928356269378995e+01
4.935994499803707731e+04 2.060587207531894194e+01
5.650953548794505332e+04 2.078585387078796742e+01
6.469471554699485569e+04 2.091896285248007814e+01
7.406548617975160596e+04 2.173380300564563328e+01
8.479357543597386393e+04 2.205495503450506334e+01
9.707558548615606560e+04 2.227255157184200129e+01
1.111365955383688270e+05 2.267067890471794911e+01
1.272342866231840308e+05 2.322019656746969218e+01
1.456636638371885347e+05 2.349708060729655301e+01
1.667624625845722039e+05 2.372062395160002524e+01
1.909173378911736945e+05 2.416775592786614624e+01
2.185709502158949035e+05 2.464309105601525118e+01
2.502300776135419437e+05 2.513490450317580027e+01
2.864749029119870975e+05 2.557138828350964133e+01
3.279696460997743998e+05 2.584751304746395562e+01
3.754747367725184886e+05 2.659472544494490975e+01
4.298607497094501741e+05 2.696271212308394638e+01
4.921243589624511078e+05 2.824494511364626348e+01
5.634066028310357360e+05 2.896203854719965420e+01
6.450137944458628772e+05 2.979039131477747304e+01
7.384414611665813718e+05 3.083727383840221492e+01
8.454017515056456905e+05 3.238010779441172815e+01
9.678548118353651371e+05 3.614059582083861955e+01
