22.120211654386356 14.039244385500979
25.32397554507549 14.037409323148239
28.99175412186499 14.03492404822383
33.19075259595738 14.031511445263497
37.99790979377918 14.026717539622489
43.50130791767701 14.019677719476146
49.801786488223016 14.007929753489996
57.01479004061624 13.989173779641273
65.27248343077542 13.997420147363703
74.72617351016741 13.969634036540715
85.549081542052 13.91567978889254
97.9395171585077 13.733394979347818
112.12451201508881 13.976297560319587
128.36397972306838 14.263519812274538
146.95547828227726 14.257683390346031
168.2396622772505 14.249323779035016
192.6065247380222 14.236759858651045
220.50254303604052 14.215959360841929
252.4388597504382 14.169926677134088
289.000648403795 14.138056950861998
330.8578356770562 14.208416742009558
378.7773765682267 14.196869812458116
433.6373074142596 14.282975183025048
496.4428342715934 14.261377618781342
568.3447514449455 14.152080017453926
650.6605276495977 14.279408206653773
744.8984461718265 14.34626555187402
852.7852413509545 14.414894782280511
976.2977377700852 14.390840098606077
1117.699071884764 14.467503564338088
1279.5801597834459 14.430102479159183
1464.907170899252 14.428042219691793
1677.0758775403544 14.240575875328988
1919.9738760929206 14.476962080264185
2198.0518199842572 14.214734552356456
2516.404969617556 15.524838367061243
2880.866553528882 15.48945777769412
3298.1146514357433 15.66367014800182
3775.794557610029 15.778405815877885
4322.658866656224 15.97410441142678
4948.727848505875 16.34062617532845
5665.47305120139 16.45437383452153
6486.027495648226 16.607385026897635
7425.426313762798 16.72424991039056
8500.882239261995 16.7213640709338
9732.10099894993 16.606389190219932
11141.642383459817 17.490505414081788
12755.333613399835 17.672480510301316
14602.742575067721 17.9145711260073
16717.719596897157 18.080350702127983
19139.017693680267 18.195453917475476
21911.00264338641 18.36757771868561
25084.465907412443 18.498879340114847
28717.555289514003 18.595784001499695
32876.84038600943 18.840102378288723
37638.53234964672 19.066419024969413
43089.8803170348 19.350432819978085
49330.77008657087 19.73794773366574
56475.55433965934 20.004799013561403
64655.14794061723 20.447161090329036
74019.42670773466 20.675790329265418
84739.9736085021 20.84898515662642
97013.22269791733 21.270312206323304
111064.05840668594 21.49340925013556
127149.936129568 21.8326954309638
145565.59961597784 22.35656006688459
166648.4816002334 22.905547247931374
190784.88662794617 23.236027659352608
218417.0693673292 23.680132465647578
250051.33810229553 23.96642763823374
286267.3318887645 24.128417513885537
327728.6413607868 24.589462465105726
375194.96779297973 25.803239819128674
429536.04321144486 26.551356821321164
491747.56661327614 27.002386312310136
562969.4482961966 27.821425975383
644506.6965916889 28.68619502910614
737853.3297120975 29.338272571834196
844719.7508517709 30.352490469454324
967064.0881399799 33.75214814321596