22.12251635016489 9.857434797186098
25.331557745131256 9.839365897283706
29.00609531203427 9.81463147033843
33.213652856091116 9.780210721461062
38.03154903056697 9.731121177530543
43.54831815492894 9.65835282328485
49.86533713361716 9.543016050564425
57.098688371915046 9.332736427194307
65.38129292211553 8.556354944359732
74.86535305896909 10.87338745244956
85.72514916951471 12.107738639569384
98.16024235332375 12.067092626803683
112.39914158457682 13.195696304750655
128.70350282424667 13.180977294229287
147.3729372458467 13.158349234600536
168.7505169313592 13.115323210290267
193.22907921076578 13.093363094489487
221.2584454945864 13.069135048242625
253.35368725367962 13.010276740377726
290.1045910430833 12.815254911024503
332.186496500466 12.757688740182996
380.37270647973435 13.725859445965082
435.54869737010887 13.727352707464085
498.7283907314355 13.77215830680622
571.0727852555334 13.705010661168428
653.9112914370456 13.766668243112475
748.7661610026296 13.750166962811907
857.3804600170173 13.80552500285864
981.7500997035713 13.853286777269147
1124.1605135820823 13.882157455907585
1287.2286549079067 14.009310861907956
1473.9510861631356 13.937945702099574
1687.759044298869 13.858743352082156
1932.5814936150186 13.848582197773354
2212.9173249459905 13.360888963915261
2533.9180278943686 15.464025962529249
2901.482355308866 15.613055498878566
3322.3647195739604 15.691883291653689
3804.2993126162755 15.948990775521818
4356.142230473887 15.988454968690634
4988.034214129153 16.068687326267145
5711.586997152845 16.394043491628675
6540.096684509388 16.618893256986055
7488.788083601357 16.7710394981016
8575.094477413939 16.875934673285524
9818.977980908952 17.034269004379894
11243.296367581328 17.180618002850068
12874.223107033116 17.231331174575928
14741.728332232955 17.8568599677875
16880.129574781087 17.9413462481193
19328.722388566694 18.006937069992954
22132.50245024404 18.16737659070286
25342.992405944682 18.399984334628698
29019.188658474002 18.47599727342948
33228.645493283264 18.95355587272828
38048.71646526443 19.288995508861316
43567.97585826118 19.591738293220352
49887.84633823093 19.708845733295746
57124.46271003488 19.944636215438734
65410.80602650612 20.271807509531822
74899.1472664758 20.373317772736193
85763.84548711967 20.55660923024816
98204.55186985518 21.22887714129263
112449.87853777455 21.62910550109319
128761.5995633064 21.81801980341206
147439.4613643964 22.1957691554884
168826.6908857056 22.838436565071536
193316.30278391897 23.148508358436118
221358.32151886387 23.904431917696122
253468.05106457215 24.173579690803663
290235.54420563136 24.75235052836585
332336.4454279068 25.27292997019336
380544.4066540799 25.535308183603558
435745.3039772612 26.048292044753815
498953.5166413154 26.801370935293097
571330.5674126704 27.395948438456873
654206.4668816386 27.431777610373747
749104.1539190462 28.376401283584283
857767.4814093454 31.08439277303082
982193.2615298836 32.972148771476704