1.070304174613024998e-03 5.952260819276203208e+00 1.490789555454309721e+02
1.220797877775111739e-03 5.952284281704230295e+00 1.306988631465081312e+02
1.392452252107734397e-03 5.952314814084548544e+00 1.145842359335086513e+02
1.588242664652697589e-03 5.952354549944252504e+00 1.004557511679391979e+02
1.811562843899895345e-03 5.952406268890212182e+00 8.806851275493792741e+01
2.066283704899907897e-03 5.952473593699494359e+00 7.720780628643778698e+01
2.356820445678569492e-03 5.952561248724246745e+00 6.768537721614369218e+01
2.688209077967634517e-03 5.952675399210514584e+00 5.933616763295671603e+01
3.066193718795143675e-03 5.952824098233064021e+00 5.201545505582100759e+01
3.497326156002210536e-03 5.953017877464257701e+00 4.559634362355402004e+01
3.989079413502765424e-03 5.953270531746059469e+00 3.996756414948916358e+01
4.549977284767007038e-03 5.953600167237752316e+00 3.503154483986283196e+01
5.189742079794119889e-03 5.954030612484642937e+00 3.070271913143475118e+01
5.919463146542935580e-03 5.954593336602817644e+00 2.690604115556002895e+01
6.751789087882773335e-03 5.955330089137198968e+00 2.357568284357662947e+01
7.701147005852427251e-03 5.956296589892256854e+00 2.065388968679150850e+01
8.783992573492469674e-03 5.957567787353386990e+00 1.808997466210552219e+01
1.001909526886511984e-02 5.959245535517220915e+00 1.583943179391990519e+01
1.142786371535876866e-02 5.961470140933365691e+00 1.386315211556238580e+01
1.303471676755563538e-02 5.964438382617742285e+00 1.212672510562623174e+01
1.486750677487073784e-02 5.968432942333656399e+00 1.059980726802590389e+01
1.695800235959241814e-02 5.973873272066428264e+00 9.255534607090153187e+00
1.934243907754615299e-02 5.981410053723411835e+00 8.069942640974774761e+00
2.206214750624534843e-02 5.992117818296189391e+00 7.021322686743653563e+00
2.516426964748011419e-02 6.007941364455459343e+00 6.089340423635910327e+00
2.870257606209147827e-02 6.032945650412706584e+00 5.253378344333151873e+00
3.273839790071728095e-02 6.078142760588669979e+00 4.487757215647574682e+00
3.734168998584269650e-02 6.204459087693685149e+00 3.729574819910744576e+00
4.259224337206293787e-02 6.097876355251591995e+00 3.023981213340575014e+00
4.858106840244286184e-02 5.678573333167081572e+00 2.784832253684762282e+00
5.541197223414814910e-02 5.558973257289988368e+00 3.056478826305332408e+00
6.320335817735139861e-02 5.889655565081407751e+00 2.672144565418955509e+00
7.209027803621151365e-02 5.531589131706336815e+00 2.603547932773495166e+00
8.222677302613012884e-02 5.318460989318075427e+00 2.030764577104576585e+00
9.378854384351933970e-02 5.788393303112856714e+00 1.870316051116506229e+00
1.069759961696715445e-01 5.032579178143272713e+00 1.562311104493884661e+00
1.220177143979012391e-01 5.053506673173598251e+00 1.634566514577078022e+00
1.391744237957257546e-01 5.053459057712156977e+00 1.628624434113687069e+00
1.587435097801293549e-01 5.513530173887475350e+00 1.708564275079998529e+00
1.810641726406625740e-01 4.895139211966697879e+00 1.463073356085427212e+00
2.065233070596465270e-01 5.136895582202238408e+00 1.570127505785428701e+00
2.355622083420079449e-01 5.002142239877903407e+00 1.299282651795711452e+00
2.686842215970205450e-01 4.746649317544505031e+00 1.122212276054223024e+00
3.064634664588635760e-01 4.709657123102714671e+00 1.114852296023159939e+00
3.495547885757371853e-01 5.103809742446499875e+00 1.193811103876978974e+00
3.987051103614322467e-01 4.704714546426458810e+00 1.062745136487553976e+00
4.547663777573430766e-01 4.601704684929195821e+00 9.604540726049325405e-01
5.187103274173130441e-01 4.330408060465880560e+00 9.085677480414363627e-01
5.916453302819648652e-01 4.414926555201825309e+00 9.181528470608951720e-01
6.748356035002130993e-01 4.355783890978971229e+00 8.531878946364656047e-01
7.697231237073427490e-01 4.193051829200138414e+00 8.014772039190579678e-01
8.779526214929505024e-01 3.971196859879540852e+00 7.653031162733801018e-01
1.001400090299756629e+00 3.876995462234774426e+00 7.276564403049374796e-01
1.142205303911622227e+00 4.000670704955766155e+00 6.752275798324490763e-01
1.302808906171874170e+00 4.096519849884757036e+00 6.964340704145173255e-01
1.485994715825696311e+00 4.023777267313501937e+00 6.199485011274163959e-01
1.694937979776579784e+00 3.901482657591254011e+00 6.123251959872827443e-01
1.933260411153499447e+00 3.910261490302225251e+00 6.470533278426974233e-01
2.205092966189866388e+00 3.819365890756039050e+00 6.276507008814096178e-01
2.515147448055797597e+00 3.836762222683225865e+00 6.169098139976337825e-01
2.868798178787034026e+00 3.471631780613912532e+00 5.510955863276129074e-01
3.272175154968975264e+00 3.375757349415134723e+00 5.066974359530080907e-01
3.732270301887655073e+00 3.251304952080190880e+00 4.871787917480938090e-01
4.257058667901486793e+00 3.053905368178103430e+00 4.749152881811394278e-01
4.855636659753562512e+00 2.835385238244151118e+00 4.463712250947883264e-01
5.538379714922998076e+00 2.681024403266157208e+00 4.312611892065818520e-01
6.317122144025359098e+00 2.439752881604930757e+00 4.026805126325277429e-01
7.205362260556086085e+00 2.413448120740929514e+00 3.947772456387461659e-01
8.218496353588552239e+00 2.406094263456392213e+00 3.893617313624787579e-01
9.374085558986950062e+00 2.385286536661366252e+00 4.264383731678769163e-01
1.069216025493985356e+01 2.293231323065544114e+00 4.254006249826037811e-01
1.219556725804731379e+01 1.987232071810364875e+00 4.277725350421233141e-01
1.391036583807661131e+01 1.853563175908480076e+00 4.231465693876679812e-01
1.586627941569900102e+01 1.742481836287906649e+00 4.468212524017693421e-01
1.809721077269967537e+01 1.546345023341398006e+00 4.611299857023325455e-01
2.064182970504486292e+01 1.478111399446401908e+00 4.349136637599841926e-01
2.354424330487645989e+01 1.366279969833767316e+00 4.848641621502056132e-01
2.685476048975159102e+01 1.296256401433399708e+00 5.809075547207501744e-01
3.063076403107647749e+01 1.065596600170978459e+00 6.570647045542581388e-01
3.493770519701878641e+01 9.509042173000770148e-01 6.250291334370214891e-01
