1.070427142324833006e-03 5.475152241489495530e+00 1.601342504850483692e+02
1.221201391726583780e-03 5.475162002900553659e+00 1.403619525112617907e+02
1.393212840171408366e-03 5.475174709103431958e+00 1.230306069954286130e+02
1.589452838138481674e-03 5.475191248981553294e+00 1.078388145728768990e+02
1.813334080638859085e-03 5.475212780065627172e+00 9.452238355908890810e+01
2.068749955398105182e-03 5.475240809974072143e+00 8.284973553092308407e+01
2.360142250484734486e-03 5.475277302678684066e+00 7.261787805356921410e+01
2.692578398848214597e-03 5.475324817380046838e+00 6.364887452202850682e+01
3.071839603081121320e-03 5.475386690042904014e+00 5.578674971127063031e+01
3.504521372931627011e-03 5.475467271136637670e+00 4.889477721764047402e+01
3.998148223955376793e-03 5.475572237570041523e+00 4.285310160348905129e+01
4.561304531963945516e-03 5.475709002838323514e+00 3.755665387186930815e+01
5.203783818883006562e-03 5.475887258041408856e+00 3.291332398951823279e+01
5.936759066163276033e-03 5.476119688319224466e+00 2.884235863008034428e+01
6.772977017565124172e-03 5.476422926400015712e+00 2.527295620022630018e+01
7.726979850322889497e-03 5.476818830014051898e+00 2.214303460335696272e+01
8.815358069642504138e-03 5.477336207500333565e+00 1.939815013702233770e+01
1.005703902447266027e-02 5.478013173663750734e+00 1.699054844696161481e+01
1.147361606195853104e-02 5.478900409592252885e+00 1.487833059082078080e+01
1.308972404471062112e-02 5.480065750290627591e+00 1.302471898336639455e+01
1.493346776128987030e-02 5.481600779435297000e+00 1.139740923714184717e+01
1.703691068014520638e-02 5.483630563461819207e+00 9.967994505672690408e+00
1.943663254663731410e-02 5.486328499028349626e+00 8.711448480283328522e+00
2.217436551999232841e-02 5.489939900860716371e+00 7.605650749062982108e+00
2.529771991287107016e-02 5.494821420110450383e+00 6.630931481306102881e+00
2.886101215446613966e-02 5.501511229378975187e+00 5.769595111858958347e+00
3.292620937574877726e-02 5.510864473231106508e+00 5.005335901445786995e+00
3.756400704359498521e-02 5.524343335560981672e+00 4.322313857424872729e+00
4.285505838429558290e-02 5.544726835074685667e+00 3.703104991825353576e+00
4.889137697663520354e-02 5.578070274030572762e+00 3.121587660038548151e+00
5.577793690621631051e-02 5.610533986433394738e+00 2.460783331772362637e+00
6.363449830837561438e-02 5.731514261762774787e+00 2.151575706456413606e+00
7.259769004664226588e-02 4.942115301957608509e+00 2.089962250773943264e+00
8.282338574538024301e-02 5.514446235690099840e+00 2.571177399155622378e+00
9.448941449680910154e-02 5.386606822214663914e+00 2.233207951979488293e+00
1.077986533827229032e-01 5.030938504484756990e+00 1.955299377114956938e+00
1.229825555911436552e-01 4.646006855838839655e+00 1.521524660471004209e+00
1.403051754833219977e-01 4.449572244045182146e+00 1.364233136487555731e+00
1.600677606086711724e-01 4.401477542227357098e+00 1.312435516772536337e+00
1.826139905246795536e-01 4.548999824139547066e+00 1.295314056250410850e+00
2.083359535270541962e-01 4.204192040122516794e+00 1.140031696382293847e+00
2.376809652279134877e-01 4.574448719885531034e+00 1.189074537016661992e+00
2.711593475599334280e-01 4.691028297995830876e+00 1.208536309329003355e+00
3.093533034865579845e-01 4.685605434349596976e+00 1.173639896141483119e+00
3.529270417531681914e-01 4.603175261103664262e+00 1.022546522369101929e+00
4.026383277528335358e-01 4.340352114006713613e+00 9.092497953036348113e-01
4.593516613809967009e-01 4.517454136706368750e+00 9.366274496206051792e-01
5.240533110474526746e-01 4.586586722765329860e+00 9.339396529173642492e-01
5.978684652933305976e-01 4.504079664274588168e+00 8.344770261764534736e-01
6.820808002868163911e-01 4.400895033101595466e+00 8.191459942000418604e-01
7.781548034844876227e-01 4.341751928925590143e+00 7.684452991815828860e-01
8.877612416759965708e-01 4.306385298489781910e+00 7.287904808799636758e-01
1.012806216311968432e+00 4.306307264329892526e+00 6.769959392776396800e-01
1.155464311399325261e+00 4.110383935111120657e+00 6.628118444586135194e-01
1.318216410419695617e+00 4.135983663471513694e+00 6.817445324027129328e-01
1.503892839922812197e+00 3.985702659472888598e+00 6.075268266752534840e-01
1.715722590079894694e+00 3.993323129649385628e+00 5.698080296796736999e-01
1.957389468162870738e+00 4.125843543175275130e+00 5.655769306811256891e-01
2.233096161481742392e+00 3.953226931373870379e+00 5.826706225587192645e-01
2.547637323861168035e+00 3.791114567866607388e+00 5.677633621539979192e-01
2.906482956660422889e+00 3.521672488587636707e+00 5.247686568782078398e-01
3.315873534367272946e+00 3.445886999509801374e+00 5.199923651231627142e-01
3.782928529039335519e+00 3.275920370516195224e+00 4.905851192769495328e-01
4.315770220877984897e+00 3.232049351556505190e+00 5.213074447266776712e-01
4.923664948052085322e+00 3.058830453668802907e+00 5.047028123699137669e-01
5.617184252164596714e+00 2.986226229685284839e+00 4.462057631087314458e-01
6.408388721748609740e+00 2.812252563161905528e+00 4.224649106644577379e-01
7.311037730907498755e+00 2.685156269495923897e+00 4.406192580828831029e-01
8.340828720541193064e+00 2.599644687710990887e+00 4.518415318541678660e-01
9.515670183358405865e+00 2.473531869477326506e+00 4.326739843013578390e-01
1.085599309999751227e+01 2.240067874846021212e+00 4.708227177828508969e-01
1.238510624225937207e+01 2.050340433799043183e+00 4.992454093297313267e-01
1.412960152232293254e+01 1.815499968481801396e+00 4.243528080668245717e-01
1.611981643713455981e+01 1.549409475921506019e+00 4.242257607644286943e-01
1.839036165007107826e+01 1.674732389557679113e+00 5.223818197270673203e-01
2.098072288474049429e+01 1.391682773871591783e+00 4.655957306645878702e-01
2.393594759810349615e+01 1.261418526984933175e+00 5.120737413497705726e-01
2.730742837444625337e+01 1.077439069199670696e+00 5.093450985499695660e-01
3.115379666375088163e+01 8.539871065341019252e-01 4.399110217223315966e-01
3.554194240694467055e+01 9.343715688236013950e-01 7.266981591564136700e-01