1.070037682738298433e-03 6.507903048872418772e+00 1.359490811094357809e+02
1.219923602221596737e-03 6.507887579202248141e+00 1.192342928271807239e+02
1.390804846656313459e-03 6.507867343958393391e+00 1.045715566128824747e+02
1.585622343858319062e-03 6.507840825405174279e+00 9.170851513440636893e+01
1.807728973182131434e-03 6.507805988638729389e+00 8.042378135263955130e+01
2.060947269783252201e-03 6.507760082475990693e+00 7.052312683125741444e+01
2.349635211826134849e-03 6.507699349197186400e+00 6.183613668156196752e+01
2.678761222859360296e-03 6.507618592519627043e+00 5.421327315980794737e+01
3.053989680175921671e-03 6.507510519613195932e+00 4.752329672815377393e+01
3.481778400788319676e-03 6.507364715630169272e+00 4.165099917674859142e+01
3.969489782787265220e-03 6.507166004441960361e+00 3.649520811548035226e+01
4.525517514866808644e-03 6.506891758190845643e+00 3.196702571616799915e+01
5.159431034732517990e-03 6.506507353900028434e+00 2.798826662561276279e+01
5.882140222573972385e-03 6.505958256400401929e+00 2.449005968836936020e+01
6.706083164035609584e-03 6.505155720233035233e+00 2.141157364881687997e+01
7.645440214154348643e-03 6.503949852034868861e+00 1.869881392631803507e+01
8.716378046381490982e-03 6.502076152922191987e+00 1.630340461511760708e+01
9.937327886860566895e-03 6.499042150645118809e+00 1.418118545488523274e+01
1.132930272247334100e-02 6.493864751424247572e+00 1.229021686858623674e+01
1.291625894191879634e-02 6.484381266698987289e+00 1.058701438194697353e+01
1.472550863379843561e-02 6.465065466326843868e+00 9.016647088604358373e+00
1.678818963750653565e-02 6.417307117489047918e+00 7.472396622341040739e+00
1.913980143667068368e-02 6.115377101445051089e+00 4.956006953137813476e+00
2.182081611806182403e-02 7.225839860639456269e+00 8.176299268210373228e+00
2.487737491079694552e-02 7.449257448970581841e+00 6.839353398772530568e+00
2.836208229352514890e-02 7.382839657296268676e+00 6.041729670673877450e+00
3.233491133646800020e-02 6.413561433810102130e+00 5.785011121426411052e+00
3.686423585957711996e-02 6.509923082223535218e+00 4.980193533728128230e+00
4.202800717062285529e-02 6.785150029227568602e+00 4.168075202417263370e+00
4.791509563530088611e-02 6.601721423196747374e+00 3.607746224495154141e+00
5.462682016826174436e-02 5.399501604059995685e+00 2.901451578237222773e+00
6.227869196815534469e-02 5.672910030931211267e+00 2.819773534392370884e+00
7.100240250699910161e-02 5.952047538339343191e+00 2.692966623578847862e+00
8.094808998788347032e-02 5.580149243634854983e+00 2.379330901613347482e+00
9.228692327756868319e-02 5.204472445696218585e+00 1.975978102569138306e+00
1.052140477843847843e-01 4.687202177668011949e+00 1.789406196610361599e+00
1.199519439810546595e-01 4.773577215945685737e+00 1.589821769925853001e+00
1.367542563738290973e-01 4.855456038387927720e+00 1.517266120847974298e+00
1.559101588158733898e-01 4.853063386566243587e+00 1.286228554088024501e+00
1.777493312935211067e-01 5.023651920823062333e+00 1.439017804958880431e+00
2.026476338376818065e-01 4.988101358563373111e+00 1.453750370023703109e+00
2.310335752104626938e-01 5.216521739501899013e+00 1.445578668993444227e+00
2.633956876954330895e-01 4.953897074181594640e+00 1.325359811878953797e+00
3.002909349143305651e-01 4.977154491300336936e+00 1.159236316149979240e+00
3.423542973717643711e-01 5.300764856745614040e+00 1.146654379808650148e+00
3.903097006985978279e-01 4.609702422739260896e+00 9.961695689345558824e-01
4.449824746730151603e-01 4.347089854650549867e+00 8.669245157351908038e-01
5.073135574435183592e-01 4.597843174260625609e+00 9.595826402355226437e-01
5.783756894136514726e-01 4.569105024701096696e+00 9.250659071212020690e-01
6.593918754910470525e-01 4.241208821856849553e+00 7.996202079175320776e-01
7.517564334427542239e-01 4.492986037348146056e+00 8.107117574897638734e-01
8.570589906066312658e-01 4.489828208451686287e+00 8.150355017436071714e-01
9.771118419508584285e-01 4.252335187447363829e+00 7.221154134080068898e-01
1.113981140323635710e+00 4.128978249393725264e+00 7.225176736606403471e-01
1.270022455688505358e+00 4.014967783609749041e+00 6.978283286921977968e-01
1.447921315332557857e+00 3.959862070613108909e+00 6.482449349640292402e-01
1.650739422759121222e+00 3.895553585419309961e+00 6.041961420204132738e-01
1.881967350708731779e+00 3.868197388397062397e+00 6.437315940575990547e-01
2.145584615174279453e+00 3.642631214413881491e+00 6.117696898319936460e-01
2.446128164305779062e+00 3.622995881234639004e+00 5.796659275032389758e-01
2.788770460923508665e+00 3.477945394153168390e+00 5.071454758687173880e-01
3.179408502467707009e+00 3.427816212011847163e+00 5.127294825254677946e-01
3.624765310450270839e+00 3.399693046380964034e+00 4.546958478115247781e-01
4.132505636078482425e+00 3.256555263929847843e+00 4.857490163123395210e-01
4.711367873386273608e+00 3.161088959069984661e+00 4.954825459310874813e-01
5.371314450145553643e+00 2.855669260897877759e+00 4.183494686950831043e-01
6.123703284839418615e+00 2.712475510675204760e+00 4.004525222270152729e-01
6.981483260533537738e+00 2.627991599077698748e+00 4.117790954212819377e-01
7.959417079821516694e+00 2.621634817692800823e+00 4.345852293630378949e-01
9.074335336258180007e+00 2.512272038539662411e+00 4.689921656018371521e-01
1.034542617494174443e+01 2.288385293464740400e+00 4.693171714546141571e-01
1.179456552740786890e+01 1.906912721047548720e+00 4.253120367650530809e-01
1.344669360429719696e+01 1.756958321783858912e+00 4.622302882370016852e-01
1.533024412537094605e+01 1.686723873470098445e+00 4.821649432569595217e-01
1.747763367407771540e+01 1.545212891224007956e+00 4.155830412375131067e-01
1.992581959864021357e+01 1.485331659537082905e+00 4.367695219842743781e-01
2.271693606134048338e+01 1.214375207175899307e+00 3.748793525906772839e-01
2.589901918264123637e+01 1.101020938035660146e+00 4.439231894333714457e-01
2.952683376013510497e+01 1.045925794965514077e+00 5.356673293456949425e-01
3.366281579045275407e+01 8.998112314542313639e-01 5.918574483072839287e-01
