1.072282644035792067e-03 4.685102683332808660e+00 1.314442410815139510e+02
1.227297493364986475e-03 4.685057132454202744e+00 1.148377077020069521e+02
1.404722109042829195e-03 4.684997421448606758e+00 1.003280446214227766e+02
1.607796165397129247e-03 4.684919132989249668e+00 8.765031246687308908e+01
1.840227681208153956e-03 4.684816460588337783e+00 7.657302137925765351e+01
2.106260726059313790e-03 4.684681763761622264e+00 6.689390387667653215e+01
2.410752914675943007e-03 4.684504974981159364e+00 5.843622116748770168e+01
2.759264104255481839e-03 4.684272804831159931e+00 5.104553539698922293e+01
3.158157914352758416e-03 4.683967669720129123e+00 4.458688878795351940e+01
3.614717923016718543e-03 4.683566232832374610e+00 3.894233799844703725e+01
4.137280660855150241e-03 4.683037397292616255e+00 3.400879841502148082e+01
4.735387831424669319e-03 4.682339508361518909e+00 2.969615860625938453e+01
5.419960537405250217e-03 4.681416386637348381e+00 2.592562983974351098e+01
6.203498693831860020e-03 4.680191586281575056e+00 2.262829942828102503e+01
7.100309269557359901e-03 4.678559871740405995e+00 1.974385963768732211e+01
8.126767524508256291e-03 4.676374174756123381e+00 1.721948572357996099e+01
9.301616012779588549e-03 4.673424893694535953e+00 1.500883678091847351e+01
1.064630681119833541e-02 4.669405574059018349e+00 1.307115011181163666e+01
1.218539322225769064e-02 4.663852943634683612e+00 1.137039037689748611e+01
1.394697810369890240e-02 4.656035200909622418e+00 9.874390068962062728e+00
1.596322701098821378e-02 4.644726475869576099e+00 8.553852225764789097e+00
1.827095552238382214e-02 4.627701040061704241e+00 7.380894642020359164e+00
2.091230147082034571e-02 4.600420834581961493e+00 6.326155526972033982e+00
2.393549435718930751e-02 4.551775338912264601e+00 5.350536794730951229e+00
2.739573599407215537e-02 4.443008641739169207e+00 4.366307200056224858e+00
3.135620845998826622e-02 4.093227496639496366e+00 3.069230448500567920e+00
3.588922776883912008e-02 5.269445524573805884e+00 4.769065393359091409e+00
4.107756431990805535e-02 5.337229636497702323e+00 4.096966753091001223e+00
4.701595423909460392e-02 5.653630974247248808e+00 3.382111952538579658e+00
5.381282920762972544e-02 4.873118670253004936e+00 3.022263650238663502e+00
6.159229636397767216e-02 4.897254830233093159e+00 2.484756139962396304e+00
7.049640443082649810e-02 4.782025777265668687e+00 2.248088473371081530e+00
8.068773744537985348e-02 4.713486618886193469e+00 1.768525916035054601e+00
9.235238345301556573e-02 4.770810211926424849e+00 1.763687583381257751e+00
1.057033323709981598e-01 4.784515598997618469e+00 1.658528979203125919e+00
1.209843650653379399e-01 4.877282672811692699e+00 1.672074448772946420e+00
1.384745046531662416e-01 4.988747672307726866e+00 1.658183292539143983e+00
1.584931113089211030e-01 5.058207228791658849e+00 1.649850918488019680e+00
1.814057136026569761e-01 5.084378855405660147e+00 1.338843933555348364e+00
2.076306828474564214e-01 5.225174009086514637e+00 1.232465074684088169e+00
2.376468723257987303e-01 5.347694575714123211e+00 1.430357758759944309e+00
2.720023608828888717e-01 5.321581917365208803e+00 1.290639556802842813e+00
3.113244605400745657e-01 5.235606915081556956e+00 1.109494658115602883e+00
3.563311708617811213e-01 4.836318864664299610e+00 9.656995989678498482e-01
4.078442892262994501e-01 4.967635726817916542e+00 9.363263321026317199e-01
4.668044163866500451e-01 4.536766033393055508e+00 8.839711167689070503e-01
5.342881313146738975e-01 4.646619602945502692e+00 8.472039084154460165e-01
6.115276489314083186e-01 4.768622795751240595e+00 8.550402170197488605e-01
6.999333196629160536e-01 4.667854207296010749e+00 8.137311755950860093e-01
8.011193816508854759e-01 4.558584700053474492e+00 7.411017986823422721e-01
9.169334358389753525e-01 4.466262560128883230e+00 7.326200808783751572e-01
1.049490182133504312e+00 4.718402000291781029e+00 7.045873062343679383e-01
1.201210032641934156e+00 4.699656415008017341e+00 6.961524813865495043e-01
1.374863307045292693e+00 4.504946854251625332e+00 6.193513724525855357e-01
1.573620817087345802e+00 4.566681035496886309e+00 6.092766577601409494e-01
1.801111763825019807e+00 4.189212711732050565e+00 5.731856658800706938e-01
2.061490004811503240e+00 4.067724033316967969e+00 5.766243622734433805e-01
2.359509901213770355e+00 3.958810256388867632e+00 5.625778483236687499e-01
2.700613129790494504e+00 3.898371046655575878e+00 5.122786871772770922e-01
3.091028044868559199e+00 3.845879352794215222e+00 5.178321916936685643e-01
3.537883404612328420e+00 3.764377788417686332e+00 5.011773485467913014e-01
4.049338538163787860e+00 3.474786253030880623e+00 4.805919904387867536e-01
4.634732330432804304e+00 3.256145162292890305e+00 4.856574619352150846e-01
5.304753744916507863e+00 3.112336516771283090e+00 4.672394302209467165e-01
6.071636998199176460e+00 3.201009812757410700e+00 5.060638867907383265e-01
6.949384949909930498e+00 2.919486037091589381e+00 4.906905872194902707e-01
7.954024787113992190e+00 2.564196626244559241e+00 4.657311785166097784e-01
9.103900671791649302e+00 2.338607880608650547e+00 4.338797630072899203e-01
1.042000869498430582e+01 2.359396132019581760e+00 4.444388075724151066e-01
1.192638025368312071e+01 2.181034425540290034e+00 4.529310764426595082e-01
1.365052085070806953e+01 2.096233793277502144e+00 5.122569269733132646e-01
1.562391232981785905e+01 1.772361919536211916e+00 5.052226096518953602e-01
1.788258771658314572e+01 1.668840616955373113e+00 4.276299729928960680e-01
2.046778916129635562e+01 1.554206184776600219e+00 5.216130985275119203e-01
2.342672099758762982e+01 1.329659203435992865e+00 5.982938127890026214e-01
2.681341166717650282e+01 1.015904864492478188e+00 6.762952900647477561e-01
3.068970024902384353e+01 9.992859883199276538e-01 7.250341114316446456e-01
3.512636560635456817e+01 1.007505948990716105e+00 7.811078326116878134e-01
4.020441876914503609e+01 7.468186546111224011e-01 6.627377750695823133e-01
4.601658215025705090e+01 4.239797448265603119e-01 4.298328275880951010e-01