1.076756586279055362e-03 5.524189804936071369e+00 2.250515075581010649e+02
1.242052905911594871e-03 5.524147011552054565e+00 1.950957867414329598e+02
1.432724387983105082e-03 5.524090052201240830e+00 1.691258743692608277e+02
1.652666454183769271e-03 5.524014228946056981e+00 1.466112036685993587e+02
1.906372524745882958e-03 5.523913279879025140e+00 1.270917979964052904e+02
2.199025819097239973e-03 5.523778852679384954e+00 1.101688731843675413e+02
2.536605249124057257e-03 5.523599798423020957e+00 9.549668993869018152e+01
2.926007568444647690e-03 5.523361219568017511e+00 8.277548969688801606e+01
3.375188273205629013e-03 5.523043181193837192e+00 7.174536947083788618e+01
3.893324133006358621e-03 5.522618958410221879e+00 6.218097037378628045e+01
4.491000672461223191e-03 5.522052634301270579e+00 5.388687094340232164e+01
5.180428433651356954e-03 5.521295778875530580e+00 4.669359062332701171e+01
5.975692437711423860e-03 5.520282802027260516e+00 4.045412087924148636e+01
6.893039942056014904e-03 5.518924352263610444e+00 3.504091163854312896e+01
7.951212372130809711e-03 5.517097757023204707e+00 3.034324906396702914e+01
9.171828209059911668e-03 5.514632839820566623e+00 2.626496689254788564e+01
1.057982465559067879e-02 5.511290233591492616e+00 2.272243707603020013e+01
1.220396710357892975e-02 5.506726957596094429e+00 1.964278465596182954e+01
1.407743681144415365e-02 5.500439197212020126e+00 1.696226282049861211e+01
1.623850879785528403e-02 5.491661584501827065e+00 1.462469696806829589e+01
1.873133380102684487e-02 5.479176648505575287e+00 1.257983349105673021e+01
2.160684027906745880e-02 5.460918896318982085e+00 1.078122185544070000e+01
2.492377487926348417e-02 5.433039691121796189e+00 9.182587813902697960e+00
2.874990263310338301e-02 5.387234184672132109e+00 7.728940349965881751e+00
3.316339139704787414e-02 5.300066654719494785e+00 6.322332241675821862e+00
3.825440882319505742e-02 5.000644055196707072e+00 4.373305611221424805e+00
4.412696448597872023e-02 5.661907959526077505e+00 5.916683180483429894e+00
5.090103479958041355e-02 6.078425335307535704e+00 6.338316907970696690e+00
5.871501413815481685e-02 6.081278360597040411e+00 5.489345574637615854e+00
6.772854223529731210e-02 6.085370267758360541e+00 4.752406877675068309e+00
7.812576562657380652e-02 6.091431040795718843e+00 4.112372433567986540e+00
9.011909976644058573e-02 6.100877969387178190e+00 3.556040012323598898e+00
1.039535686796677905e-01 6.116962298219179139e+00 3.071813480862816359e+00
1.199118108064211319e-01 6.149793311228224368e+00 2.649352607850107066e+00
1.383198533105028383e-01 6.283442440651882954e+00 2.278970166354429949e+00
1.595537728199706295e-01 6.069000064345177137e+00 1.934187371804005906e+00
1.840473786791803623e-01 5.930532782074069864e+00 1.639982778835738175e+00
2.123010756812254429e-01 5.928636057728066788e+00 1.449528343450752654e+00
2.448920873465500470e-01 5.956860731036573320e+00 1.235220011103274063e+00
2.824862486094968927e-01 6.010197068131044595e+00 1.047746813784498965e+00
3.258516088375801312e-01 5.837905102583296646e+00 8.989201758560703137e-01
3.758741230934017907e-01 6.171396119008256242e+00 8.774935660899570999e-01
4.335757522119677576e-01 6.077408399424334640e+00 7.552988534642163243e-01
5.001353414782961915e-01 5.899993297231252321e+00 6.479840471972090343e-01
5.769127044570638851e-01 5.893598556230871033e+00 5.791720920476656209e-01
6.654764040073477549e-01 5.841685999251150285e+00 5.244283469396503472e-01
7.676357980490786659e-01 5.805658110609908107e+00 4.795916398934177427e-01
8.854780047767705220e-01 5.750169192262879925e+00 4.323934196533422702e-01
1.021410542520478915e+00 5.608109175193431994e+00 3.765398440069510078e-01
1.178210515387098756e+00 5.585243090717968428e+00 3.578147577320843209e-01
1.359081349545498973e+00 5.697249188670634013e+00 3.579180998583811335e-01
1.567718239278788062e+00 5.588946226889344615e+00 3.397556910033102673e-01
1.808383639867690906e+00 5.518493322697217707e+00 3.256912624552282254e-01
2.085994349625964084e+00 5.349194296339963017e+00 3.151021081177185490e-01
2.406221960175338737e+00 5.215453066057103015e+00 3.079945313594942835e-01
2.775608727160852496e+00 5.208064354408260321e+00 3.201208948442373914e-01
3.201701228647296116e+00 5.075134275011563112e+00 3.152297831527653416e-01
3.693204541840144017e+00 4.854446343497955674e+00 3.266343852798281322e-01
4.260160087964051101e+00 4.611077734891301461e+00 3.223351268879937059e-01
4.914150778672854436e+00 4.405838553309943784e+00 3.352182191160355540e-01
5.668537655135834186e+00 4.341634574493536292e+00 3.530153902038351554e-01
6.538732854340850054e+00 4.098532942093789266e+00 3.588189654498261660e-01
7.542514479320669096e+00 3.935725804854379728e+00 3.696394966965364515e-01
8.700389806106676005e+00 3.700217182064290178e+00 3.707016117685855705e-01
1.003601424773435724e+01 3.341324036973147393e+00 3.660649239032106039e-01
1.157667463474246006e+01 3.168110178115470799e+00 3.906629825161337943e-01
1.335384668559478172e+01 2.917899510953402054e+00 3.960643956713442715e-01
1.540383805615506674e+01 2.852397216992817786e+00 4.040182990611773106e-01
1.776853010572681058e+01 2.389373096524658013e+00 3.578551237959276543e-01
2.049623353395123360e+01 2.280584568109481847e+00 4.070456705429269517e-01
2.364267536924002400e+01 2.327239402762645071e+00 4.131528245717553394e-01
2.727213747293356505e+01 2.060565656530446432e+00 3.705936649295790697e-01
3.145876981884453372e+01 1.714164023800898162e+00 3.521911405390542593e-01
3.628810537851069995e+01 1.391806966026867265e+00 2.907340721998485367e-01
4.185880756128896962e+01 1.621118871122809058e+00 3.451735485988087215e-01
4.828468590952191164e+01 1.388054044333779435e+00 3.833788021096248833e-01
5.569702122946452505e+01 1.102220681354704412e+00 3.301559273525133120e-01
6.424724766043607360e+01 1.073759101445388886e+00 4.227270250483902703e-01
7.411004647691626701e+01 9.768966559154133034e-01 3.420905193253098164e-01
8.548691483001675806e+01 7.388468876063559732e-01 3.931415131968268306e-01