22.005824807966405 15.119996558856624
24.948949436710077 15.119986588539163
28.285696329372787 15.119973769534875
32.068709701268965 15.119957286834216
36.357674562048366 15.119936091177333
41.22025837252542 15.119908831702052
46.73317864150068 15.119873767907164
52.98341330616481 15.119828656119553
60.069572992386966 15.119770601372485
68.10345680518586 15.119695864285218
77.21181619525798 15.119599607705295
87.53835473027476 15.119475562568832
99.24599532155602 15.119315583667959
112.51945067639956 15.1191090529337
127.56813753037 15.118842066581232
144.62948063770375 15.118496306202589
163.9726586472431 15.118047427124065
185.90285096298732 15.117462660252729
210.7660525924377 15.116696996562647
238.95453294711757 15.115686348988078
270.91302471935086 15.11433202230105
307.14574047787676 15.112440246523407
348.22432768388325 15.109405000759248
394.796887634607 15.108221278086623
447.59820062734354 15.104006250081513
507.4613186673813 15.097837582020903
575.3307086192651 15.088924899268601
652.277153162299 15.072970129025087
739.5146446442722 15.026465980767219
838.419538369558 15.046215525695677
950.5522675050754 15.07434886728169
1077.6819622025248 15.13121363490936
1221.8143613554453 15.128484691747396
1385.2234573578885 15.114753182243854
1570.4873731274793 15.120049175172026
1780.5290374285214 15.102291868833445
2018.6623002341064 15.078876885855793
2288.6442156942603 15.070752057697714
2594.734317584151 15.016306747122615
2941.761822427494 15.064016287429876
3335.201820566074 15.00571754221133
3781.261657250097 15.165818138243464
4286.978866593149 15.10009214814641
4860.332203506308 15.142155884965417
5510.367525374221 15.100113968853796
6247.340509521904 15.155955914942428
7082.878458141112 15.10524189716438
8030.163743490046 15.726324547956738
9104.141787601087 15.861007394353374
10321.756857814822 16.28970719001101
11702.219398311889 16.402308905244958
13267.309115361055 16.53516926676579
15041.718598092139 16.689286513816597
17053.44289613574 16.886720488541904
19334.221200538184 17.01175534136103
21920.037596399077 17.373172389636146
24851.68878765979 17.554004428165836
28175.42775109805 17.979870857213324
31943.69347452709 18.24113423536032
36215.93829235753 18.64022192633005
41059.565871484316 19.003682718143054
46550.994646203166 19.343453771618304
52776.8634800838 19.550925220340538
59835.39857665721 19.91364017605203
67837.9632048143 20.220409025703336
76910.8146891003 20.53458714152347
87197.09638513047 20.798833744861447
98859.09606773764 21.05444039033859
112080.80636268489 21.17609899066131
127070.82761815046 21.881698002947104
144065.65901490097 22.137941315245566
163333.42983935314 22.369760093033356
185178.1297882209 22.89322516363049
209944.40504671997 23.833027080995173
238022.9958085739 24.493901697350765
269856.90102615807 25.49030806850041
305948.3676527124 25.79748553991989
346866.8146466487 25.811368805170446
393257.8167558197 29.267510871369776
445853.2898198889 31.369735645679928