22.00738725734231 15.376783876384355
24.954054954824826 15.376773822962306
28.29526519467525 15.376760892231363
32.083845045881056 15.376744258936965
36.3796948304206 15.37672285986062
41.250735192801976 15.376695324623773
46.7739809769866 15.376659885446974
53.036758889506174 15.376614259867292
60.13808820095075 15.376555497240604
68.19024631576625 15.376479776970976
77.32054396320765 15.37638214181366
87.67333807656367 15.376256142134801
99.41231418580095 15.376093356718107
112.72307440998664 15.375882738189643
127.81607196761385 15.375609703147829
144.9299386016648 15.375254838089804
164.33525752852515 15.374792003343286
186.33884156393657 15.374185444850264
211.28858406640353 15.373385164252472
239.5789593951502 15.37231897801094
271.6572598490414 15.370877603900933
308.03066769720465 15.368882924437447
349.2742741155222 15.366007107238314
396.04017181446386 15.361498238847341
449.06776511960544 15.352519652203519
509.19546051502914 15.339101048430592
577.373922485965 15.366746309714317
654.6811042456059 15.354580056567336
742.3392909932894 15.349312341511427
841.7344251708921 15.34229519739183
954.4380192643969 15.334167229637178
1082.2320026086616 15.338624834629432
1227.1368950422159 15.339203473748901
1391.443752858947 15.340657020425029
1577.7503921464154 15.326681693714091
1789.0024622292526 15.340250500198225
2028.5400186199536 15.299904035433396
2300.1503318307473 15.302527498311294
2608.1277669939363 15.326379878860807
2957.341681032923 15.248470895342914
3353.3134108897248 15.186825484462055
3802.3035700512582 15.249467282895251
4311.41103359873 15.434856333337136
4888.685176808826 15.542846414920065
5543.253141884194 15.603227055278682
6285.464144996755 15.644308040915233
7127.0531052476945 15.789016599434559
8081.3261826421585 15.911885980168098
9163.371158574802 16.00223238252121
10390.295985101262 16.146500943641872
11781.499274640577 16.35713083493456
13358.977006755948 16.442641961085023
15147.67030128077 16.725427959061403
17175.859756346945 17.032512223814464
19475.61258609878 17.188141794233733
22083.289627679198 17.39173933725994
25040.120233653244 17.770596534694537
28392.854139354276 18.07317261351736
32194.500611670286 18.38186618652782
36505.16656577348 18.63401894173763
41393.00690105433 18.95490492291727
46935.30208179251 19.266372388567472
53219.679999932705 19.52697057894887
60345.50143854252 19.97737529866048
68425.43104118135 20.22771581554451
77587.21862539802 20.64738076037527
87975.71900427414 20.922229278354564
99755.18225092572 21.45359548189274
113111.85061678162 21.784217481859912
128256.90316288697 22.242822283644497
145429.7946610875 22.683524958500932
164902.04155565565 23.13886556249256
186981.51484428308 23.659518324952398
212017.30775214755 24.345176790641307
240405.2551606718 24.897134639816816
272594.19205733365 25.296750229485436
309093.04995736474 25.41743756243637
350478.90349715034 27.716888637953467
397406.0944220788 29.56692729468778
450616.57722600846 32.40971732176745