2.208860963813167899e+01 1.485068148110503117e+01
2.522011222410997888e+01 1.485052389286387964e+01
2.879556798806739693e+01 1.485031818143519899e+01
3.287791618003690530e+01 1.485004954118059217e+01
3.753901894866147870e+01 1.484969853248644789e+01
4.286092634069073881e+01 1.484923957414497053e+01
4.893732063947879141e+01 1.484863890278708531e+01
5.587516546737710144e+01 1.484785177870040940e+01
6.379658868140319328e+01 1.484681860048889135e+01
7.284103220706214188e+01 1.484545939136568293e+01
8.316770665414776431e+01 1.484366575882640582e+01
9.495839392347004093e+01 1.484128873111260027e+01
1.084206471391887163e+02 1.483811940369434801e+01
1.237914442356114506e+02 1.483385587609056344e+01
1.413413595130582507e+02 1.482804054261177740e+01
1.613793265952754723e+02 1.481991976666049027e+01
1.842580766314088692e+02 1.480801828359392402e+01
2.103803474719672977e+02 1.478685272116993943e+01
2.402059731197751660e+02 1.475968467698864828e+01
2.742599782525143155e+02 1.475210294645837195e+01
3.131418203058716472e+02 1.468740967762465388e+01
3.575359418069807589e+02 1.475673167477691017e+01
4.082238187123670059e+02 1.472517196951752716e+01
4.660977168389781582e+02 1.467312445172031410e+01
5.321763985446907554e+02 1.452320766831482501e+01
6.076230561451947096e+02 1.471180080533749646e+01
6.937657877517123097e+02 1.492616334861492433e+01
7.921209759685981453e+02 1.488706022139557916e+01
9.044199809893203792e+02 1.494782072926612670e+01
1.032639617973137774e+03 1.459391715436224857e+01
1.179036955200019520e+03 1.495018844480761189e+01
1.346189045560611930e+03 1.548196700296691120e+01
1.537038290780252737e+03 1.630282331020301001e+01
1.754944236929842418e+03 1.633526337522276251e+01
2.003742712987221921e+03 1.628090985788037059e+01
2.287813353473465213e+03 1.662471544453680750e+01
2.612156693774525593e+03 1.659602579966476554e+01
2.982482195268032228e+03 1.691011985745990742e+01
3.405308749773887484e+03 1.744501844255868050e+01
3.888079432522637944e+03 1.777562736746736149e+01
4.439292523654230536e+03 1.782136695477452193e+01
5.068651104637022399e+03 1.816191856015187867e+01
5.787233862973781470e+03 1.830643251609997080e+01
6.607690111893959511e+03 1.828888096426970478e+01
7.544462457991219708e+03 1.863096304707107009e+01
8.614041036455972062e+03 1.877212672333623900e+01
9.835253789241378399e+03 1.865153599098181658e+01
1.122959789597019517e+04 1.953143613181524785e+01
1.282161819180722159e+04 1.976392307149354011e+01
1.463933923364037400e+04 1.997875588140450631e+01
1.671475862029199925e+04 1.995178553656760556e+01
1.908441025074540084e+04 2.005058946623495686e+01
2.179000743550034531e+04 2.038717654369341403e+01
2.487917718183695615e+04 2.066930819311563994e+01
2.840629857871472632e+04 2.089836073704989872e+01
3.243346003951370949e+04 2.151770439414063674e+01
3.703155225309640809e+04 2.154567614437702261e+01
4.228151608256134205e+04 2.175861265884875451e+01
4.827576737862537266e+04 2.225072405537955689e+01
5.511982378882497142e+04 2.243217472764987974e+01
6.293416219948707294e+04 2.271431785395300906e+01
7.185633950728166383e+04 2.320071865668079880e+01
8.204341405259558815e+04 2.332995890532004779e+01
9.367471033955928579e+04 2.392742815053971839e+01
1.069549757104814780e+05 2.420390001888804221e+01
1.221179845420752827e+05 2.456905760577315334e+01
1.394306534086482716e+05 2.468939066514870717e+01
1.591977396520519105e+05 2.492415614886462549e+01
1.817672060679774149e+05 2.541760194852951926e+01
2.075363461439241073e+05 2.579547485532069118e+01
2.369587776722651033e+05 2.643425214317070981e+01
2.705524278479635250e+05 2.669470663928008491e+01
3.089086504137341399e+05 2.679390740654448422e+01
3.527026353430406889e+05 2.836056459239104655e+01
4.027052943040379323e+05 2.900426849401031149e+01
4.597968311259498587e+05 2.930692491840683900e+01
5.249822361507148016e+05 3.000998705183446802e+01
5.994089772191348020e+05 3.195309190505958696e+01
6.843871987084570574e+05 3.257185842651647079e+01
7.814127841878718464e+05 3.604493127638753691e+01
