2.208070202305474794e+01 1.514862468624054337e+01
2.519415331652628609e+01 1.514822621780888312e+01
2.874661143807324493e+01 1.514770646238178387e+01
3.279997778808076703e+01 1.514702810250885179e+01
3.742488206709832355e+01 1.514614205254636126e+01
4.270191299474577562e+01 1.514498353849560530e+01
4.872302256401514597e+01 1.514346671507970932e+01
5.559312830002785688e+01 1.514147715176732589e+01
6.343194144252345268e+01 1.513886111225918718e+01
7.237605290806611436e+01 1.513540980114471246e+01
8.258131337975329700e+01 1.513083525088111259e+01
9.422554899736712741e+01 1.512473117612507956e+01
1.075116599687307399e+02 1.511650337963803103e+01
1.226711560954127407e+02 1.510522494141558525e+01
1.399681908191336674e+02 1.508921420654734824e+01
1.597041640819263932e+02 1.506148150796323471e+01
1.822229742046525303e+02 1.503873656418804217e+01
2.079170102975872396e+02 1.499480013971054682e+01
2.372339896205211005e+02 1.497098604288766133e+01
2.706847590330256139e+02 1.490095914979757730e+01
3.088521964747546917e+02 1.466668766412544755e+01
3.524013675836187645e+02 1.465994551929718348e+01
4.020911144303800597e+02 1.498948334053261533e+01
4.587872783027770538e+02 1.536486001761107900e+01
5.234777869455112977e+02 1.582681020316170617e+01
5.972898691504794897e+02 1.585422188467642357e+01
6.815096966605987063e+02 1.594054609578070725e+01
7.776047956463959281e+02 1.589558603043310647e+01
8.872496182741866733e+02 1.617355035937678309e+01
1.012354719949107675e+03 1.633049054248622411e+01
1.155100050644962266e+03 1.632366157364230475e+01
1.317972940420595478e+03 1.627155519929441851e+01
1.503811441018471669e+03 1.653164710618607813e+01
1.715853778770580902e+03 1.662832694880624729e+01
1.957794780526024169e+03 1.682740937313880281e+01
2.233850255819164431e+03 1.671484842275604876e+01
2.548830457134326934e+03 1.678530909561690265e+01
2.908223898308381195e+03 1.728141314758766001e+01
3.318292991602563234e+03 1.747392514459423651e+01
3.786183169914622795e+03 1.757495541793865002e+01
4.320047395580217199e+03 1.784269365056920975e+01
4.929188225323037841e+03 1.809481208557145138e+01
5.624219906828135208e+03 1.810959710889465768e+01
6.417253331462879942e+03 1.849242119648251048e+01
7.322107065937285370e+03 1.869146173364009300e+01
8.354548140119481104e+03 1.864337148530050214e+01
9.532566786721672543e+03 1.858829553533708179e+01
1.087668992018155950e+04 1.936949298989030410e+01
1.241033881709254638e+04 2.011174952743099098e+01
1.416023723074593909e+04 2.049220625005233032e+01
1.615687705116006509e+04 2.075239351659342191e+01
1.843504962469836755e+04 2.087525578550751604e+01
2.103445199149361360e+04 2.101866104168754390e+01
2.400037860433419337e+04 2.106949048291157922e+01
2.738451058217850368e+04 2.133756778998361625e+01
3.124581625099950543e+04 2.140549465249116068e+01
3.565157866383739747e+04 2.156013157484400011e+01
4.067856800454454060e+04 2.205821786330521306e+01
4.641437930429767584e+04 2.241647219049126960e+01
5.295895878051906766e+04 2.263144950404894828e+01
6.042634539458389918e+04 2.293888414131381381e+01
6.894665797486744123e+04 2.328874077755290628e+01
7.866836253064921766e+04 2.372126149107845450e+01
8.976085926470244885e+04 2.415780062022385621e+01
1.024174343631304946e+05 2.439691944474066077e+01
1.168586279972362390e+05 2.450676577400273004e+01
1.333360772246848210e+05 2.463394157222148095e+01
1.521369007523139881e+05 2.508239756956042399e+01
1.735887019648604328e+05 2.576247910058665269e+01
1.980652773971198476e+05 2.628863779609297424e+01
2.259931301193744875e+05 2.690349425996789634e+01
2.578589015314966964e+05 2.740438918741281782e+01
2.942178510643575573e+05 2.802370088358745548e+01
3.357035315469028428e+05 2.858027035140932526e+01
3.830388288316704566e+05 2.931665913692706127e+01
4.370485580436590244e+05 2.992514712049532122e+01
4.986738359415336745e+05 3.038847738041186020e+01
5.689884798288290622e+05 3.133121412663005145e+01
6.492177187653359724e+05 3.220336010826461148e+01
7.407595431205627974e+05 3.585507218708848853e+01
