2.219369225552813418e+01 1.707038903952580355e+01
2.556622590151154029e+01 1.707038004879363058e+01
2.945124674711614787e+01 1.707036811525223285e+01
3.392663188930980311e+01 1.707035227441962633e+01
3.908209255913551772e+01 1.707033124502570942e+01
4.502097242615233341e+01 1.707030332380248083e+01
5.186231917161197913e+01 1.707026624561227024e+01
5.974327085604495835e+01 1.707021699585307317e+01
6.882180491713270953e+01 1.707015155835239284e+01
7.927990490284024361e+01 1.707006457607342043e+01
9.132720841848649229e+01 1.706994889077887123e+01
1.052052094125917421e+02 1.706979491512607439e+01
1.211920990383284789e+02 1.706958976781245241e+01
1.396083421279527386e+02 1.706931606716349847e+01
1.608231010633077744e+02 1.706895021951567415e+01
1.852616358119499296e+02 1.706845993191024036e+01
2.134138284661531202e+02 1.706780047300651404e+01
2.458440031632432579e+02 1.706690875660124007e+01
2.832022382322535350e+02 1.706569316005459314e+01
3.262373973242779925e+02 1.706401301003827342e+01
3.758121407417519322e+02 1.706161928277975193e+01
4.329202178759164781e+02 1.705731666858067186e+01
4.987063873876310822e+02 1.705480431108773942e+01
5.744893644410633442e+02 1.704925201571977311e+01
6.617882549785091442e+02 1.703925885508935423e+01
7.623530069239965314e+02 1.702172851436804635e+01
8.781994887245807604e+02 1.697490213687425609e+01
1.011649898395434548e+03 1.698258876245949267e+01
1.165379313087325500e+03 1.706575753761982739e+01
1.342469312284780472e+03 1.705779951671935279e+01
1.546469749537527605e+03 1.710072013341630992e+01
1.781469910969059811e+03 1.707310433129308791e+01
2.052180486968584773e+03 1.708969350710842861e+01
2.364028000228043766e+03 1.706215358242224056e+01
2.723263582979267994e+03 1.700856694993077767e+01
3.137088283922900700e+03 1.705216891463204831e+01
3.613797416686287761e+03 1.712764096922963120e+01
4.162946843344067020e+03 1.715488208172382656e+01
4.795544526233954457e+03 1.727464651948266194e+01
5.524271187815335907e+03 1.725366454346804446e+01
6.363734501802816339e+03 1.724032151153627979e+01
7.330761910957307919e+03 1.725335379450410755e+01
8.444737941207027689e+03 1.723067509952246112e+01
9.727992773720958212e+03 1.736537594851803235e+01
1.120624986404739502e+04 1.735974001600767735e+01
1.290914158105690512e+04 1.742550783468845310e+01
1.487080320191828650e+04 1.753076590008058133e+01
1.713055717002041638e+04 1.763206538356330810e+01
1.973370133211654320e+04 1.771870771085138330e+01
2.273241695528075070e+04 1.792554595198890510e+01
2.618681472530983592e+04 1.812206144498776439e+01
3.016613969410782011e+04 1.837570029539749328e+01
3.475015932979837089e+04 1.856851274676380115e+01
4.003076249369228026e+04 1.876106675860302175e+01
4.611380139636609965e+04 1.905566724294328651e+01
5.312121345574090810e+04 1.937017510056641711e+01
6.119346559081898158e+04 1.963271759485137480e+01
7.049236994811263867e+04 2.007167272755360798e+01
8.120432750334563025e+04 2.045026467343782173e+01
9.354406455797087983e+04 2.083833917844285111e+01
1.077589370303608302e+05 2.126299222497564756e+01
1.241338888232414174e+05 2.171094636905112907e+01
1.429971636602108192e+05 2.217191043995264366e+01
1.647268848878326826e+05 2.270842830096573195e+01
1.897586351385766757e+05 2.332285540076624031e+01
2.185941877925670124e+05 2.389844361455055832e+01
2.518115652644573129e+05 2.441516254580592005e+01
2.900766257385924691e+05 2.498041977755926268e+01
3.341564106140932417e+05 2.578860445535847390e+01
3.849345202157697058e+05 2.641851114236270348e+01
4.434288259843288106e+05 2.722632522814185663e+01
5.108118741951809498e+05 2.804899236108432348e+01
5.884343902081253473e+05 2.839225683469540940e+01
6.778523544018171960e+05 2.900415534337568246e+01
7.808581925430470146e+05 2.966644571532724228e+01
8.995167058166675270e+05 3.038365653642880204e+01
1.036206460750763887e+06 3.140483107519809636e+01
1.193667468717875192e+06 3.289374889102329291e+01
1.375056110770625295e+06 3.377383083237742767e+01
1.584008408806292806e+06 3.713157576789892289e+01
