2.219425217505435199e+01 1.724918778926101837e+01
2.556807586023079892e+01 1.724915869651331946e+01
2.945476594743233179e+01 1.724912003103158753e+01
3.393228500105787759e+01 1.724906861864084462e+01
3.909044693982328056e+01 1.724900021400226890e+01
4.503271860139984994e+01 1.724890912451587610e+01
5.187829516901479110e+01 1.724878769101536946e+01
5.976449109070136956e+01 1.724862556183524021e+01
6.884949445030797222e+01 1.724840866133824946e+01
7.931554003980326684e+01 1.724811769596141175e+01
9.137256478108379554e+01 1.724772593293278078e+01
1.052624188208712468e+02 1.724719579178947626e+01
1.212637167684534489e+02 1.724647339995877715e+01
1.396974263865579644e+02 1.724547945038153074e+01
1.609333068381150156e+02 1.724409285267388015e+01
1.853973256327862202e+02 1.724211904244909022e+01
2.135802030487374452e+02 1.723922162598668351e+01
2.460472554209970895e+02 1.723475100489866918e+01
2.834497347415235708e+02 1.722719962825408047e+01
3.265378920304091821e+02 1.721133452875475101e+01
3.761760265145276207e+02 1.717857293806185126e+01
4.333598224829614196e+02 1.721126794312846897e+01
4.992363215767318252e+02 1.729107188981149079e+01
5.751269311341509365e+02 1.728506718036710055e+01
6.625539301129299474e+02 1.727794209297383077e+01
7.632710042675707882e+02 1.728581678233553376e+01
8.792984230828226373e+02 1.727428504818943011e+01
1.012963564072321446e+03 1.727252715222991952e+01
1.166947597313558163e+03 1.728047297049666398e+01
1.344339266657632379e+03 1.727590789862683351e+01
1.548696846403441214e+03 1.727375869270883157e+01
1.784119516216428792e+03 1.730023284152979457e+01
2.055329585991253225e+03 1.729868185340970044e+01
2.367767219995212599e+03 1.728467434140419101e+01
2.727699560350567481e+03 1.728928347837858226e+01
3.142346438748199489e+03 1.728554789511525769e+01
3.620025198025997724e+03 1.729262181000799004e+01
4.170317528567464251e+03 1.728569218396921059e+01
4.804261666068147861e+03 1.724457735485480114e+01
5.534573805937590805e+03 1.717681741521970196e+01
6.375903175656879284e+03 1.725188866836702317e+01
7.345125881551913153e+03 1.732998383469251635e+01
8.461683424213146282e+03 1.737701139517760751e+01
9.747972672794479877e+03 1.739179932574252874e+01
1.122979512063040238e+04 1.743566709044084462e+01
1.293687443372598500e+04 1.757531668923695634e+01
1.490345267355133910e+04 1.763826082988472521e+01
1.716897715368898207e+04 1.776324344147716872e+01
1.977889170789393393e+04 1.786904966203358569e+01
2.278554824150022250e+04 1.802487761171419578e+01
2.624925685085397708e+04 1.820579032380730666e+01
3.023949557496968919e+04 1.846648436169165919e+01
3.483630404564625496e+04 1.877007898067999037e+01
4.013188899107241014e+04 1.902963037473326224e+01
4.623247379749068205e+04 1.926842705410485834e+01
5.326042922901410202e+04 1.964885813426275973e+01
6.135672804540221114e+04 1.990725195177653717e+01
7.068377275462553371e+04 2.031589017580701650e+01
8.142865322170536092e+04 2.067152150411607181e+01
9.380689947774243774e+04 2.106197101191803966e+01
1.080668050061970716e+05 2.145688207143831150e+01
1.244944072266066505e+05 2.186866291532939499e+01
1.434192250785556971e+05 2.236914031090866217e+01
1.652208687952806358e+05 2.288902324791997955e+01
1.903366544514191628e+05 2.340327391594733797e+01
2.192703760240348929e+05 2.402479890188669742e+01
2.526024109244459250e+05 2.468418417004875209e+01
2.910013617062821286e+05 2.522081975658360165e+01
3.352374674691404216e+05 2.577632307653662025e+01
3.861980539752807235e+05 2.636573111768690580e+01
4.449053323910568724e+05 2.714204516963854985e+01
5.125369036755071720e+05 2.776586556656549476e+01
5.904493799107286613e+05 2.842138385765186825e+01
6.802055963909387356e+05 2.906672891893765609e+01
7.836059603136621881e+05 2.966688206733118705e+01
9.027245648919760715e+05 3.054061505085426376e+01
1.039950793295668787e+06 3.145092227097880411e+01
1.198037246948860819e+06 3.228395372094260551e+01
1.380154959570990875e+06 3.438271070600930557e+01
1.589957004491791595e+06 3.658692082404436263e+01
