2.219600276871821620e+01 1.695516073752633091e+01
2.557386016575410537e+01 1.695514941022225486e+01
2.946577050798022768e+01 1.695513436604251822e+01
3.394996398672753202e+01 1.695511438253237912e+01
3.911657610948733321e+01 1.695508783269581343e+01
4.506945948830750126e+01 1.695505254952593788e+01
5.192827135183570419e+01 1.695500564371781138e+01
5.983087874150015750e+01 1.695494325740356345e+01
6.893612973799768895e+01 1.695486022910746016e+01
7.942704642173035268e+01 1.695474963538973157e+01
9.151450374798699272e+01 1.695460215642470558e+01
1.054414682849020153e+02 1.695440518603690450e+01
1.214878820158663331e+02 1.695414155983232973e+01
1.399762893743240966e+02 1.695378769070195091e+01
1.612783206183939626e+02 1.695331073446235948e+01
1.858221618657983640e+02 1.695266402903709135e+01
2.141011619421637135e+02 1.695177882701690919e+01
2.466837490465210010e+02 1.695053239722672700e+01
2.842248565661005841e+02 1.694888199987795119e+01
3.274790877074996160e+02 1.694642633084268368e+01
3.773158835627572216e+02 1.694262325630773347e+01
4.347369994993539990e+02 1.693616103421322094e+01
5.008966411621166799e+02 1.691663676846241771e+01
5.771246648351193471e+02 1.693410523532671164e+01
6.649533085075109966e+02 1.693961509732709914e+01
7.661479909568724906e+02 1.691816200162604744e+01
8.827427979337913939e+02 1.689413949524626446e+01
1.017081368745431746e+03 1.695117802744186264e+01
1.171864005087774785e+03 1.692119794327784632e+01
1.350201949047872859e+03 1.692401949864382260e+01
1.555679921302920320e+03 1.694314997918167975e+01
1.792428176578829152e+03 1.697503766455448471e+01
2.065205524734746177e+03 1.695559943472233400e+01
2.379494986256899665e+03 1.693352172865272820e+01
2.741614004905853562e+03 1.686017140199574627e+01
3.158841432870497556e+03 1.701134137694480586e+01
3.639563840921505289e+03 1.701879985232222481e+01
4.193444094503356609e+03 1.695919597879444396e+01
4.831615584265367943e+03 1.702514948772615710e+01
5.566906015204845062e+03 1.706776996904499910e+01
6.414095252744719801e+03 1.713825093068740557e+01
7.390212408636914915e+03 1.724116838417208086e+01
8.514878138331372611e+03 1.728722863905825236e+01
9.810699030233470694e+03 1.726439850228741335e+01
1.130372201435705210e+04 1.731740257850147202e+01
1.302395792431312293e+04 1.739992950140653249e+01
1.500598473660595118e+04 1.752907922509838556e+01
1.728964261277944752e+04 1.764791829344013152e+01
1.992083471525982532e+04 1.770580504402061095e+01
2.295244989386776433e+04 1.791512924730901446e+01
2.644542578966118890e+04 1.807029239522542952e+01
3.046997372525911123e+04 1.825117935651521606e+01
3.510699000282104680e+04 1.841879364426073451e+01
4.044968197778435569e+04 1.873869854100351517e+01
4.660544159360902995e+04 1.893061570872534816e+01
5.369800403692268446e+04 1.933857311625837738e+01
6.186993490358372219e+04 1.968650517587433768e+01
7.128549586948586511e+04 2.003309077226422730e+01
8.213394646814385487e+04 2.040704210169482025e+01
9.463334834315950866e+04 2.077628124192315084e+01
1.090349484437741630e+05 2.115521348471305174e+01
1.256282292688828456e+05 2.166437222922494854e+01
1.447467276730404119e+05 2.214618239936079291e+01
1.667747391966375872e+05 2.271851391885469340e+01
1.921550426820937719e+05 2.335251827497621946e+01
2.213978004463982361e+05 2.383924279579865768e+01
2.550908129098550999e+05 2.437121848223644349e+01
2.939113338064297568e+05 2.509209945950370368e+01
3.386396834699066821e+05 2.565622732113205373e+01
3.901749338326807483e+05 2.629145576569234777e+01
4.495529804169138079e+05 2.691562879837293565e+01
5.179673645780528896e+05 2.768885000321240142e+01
5.967932645427520620e+05 2.844506990310756578e+01
6.876151374782703351e+05 2.936153049921792757e+01
7.922585682187930215e+05 2.978309978691370219e+01
9.128269648309309268e+05 3.028760545395119408e+01
1.051743838625592645e+06 3.041659358425071247e+01
1.211801518474833341e+06 3.276377541049328812e+01
1.396217278626405168e+06 3.376205549939382422e+01
1.608698008225354366e+06 3.655835187190409385e+01
