1.075232437971240622e-03 1.046350874650231333e+01 2.139674301313637557e+02
1.237017153359914372e-03 1.046359646226095741e+01 1.859746520570074040e+02
1.423144785878934730e-03 1.046371261266731167e+01 1.616416078034079646e+02
1.637278089534396864e-03 1.046386643846063436e+01 1.404894490562134592e+02
1.883630934159531700e-03 1.046407019992516396e+01 1.221019205341906115e+02
2.167051228989264750e-03 1.046434017763451152e+01 1.061171672086378948e+02
2.493116323320135070e-03 1.046469801353330809e+01 9.222061121302897391e+01
2.868242761618672657e-03 1.046517251732332454e+01 8.013875787717864796e+01
3.299812552918545208e-03 1.046580211340246436e+01 6.963380827212483837e+01
3.796318439326874274e-03 1.046663817964235754e+01 6.049897105727297486e+01
4.367531022338344733e-03 1.046774964930282259e+01 5.255437942297871246e+01
5.024691035789419571e-03 1.046922943643197890e+01 4.564352939858811453e+01
5.780730549138769596e-03 1.047120356557079823e+01 3.963016350035744750e+01
6.650527454071846790e-03 1.047384444684658611e+01 3.439552742915821426e+01
7.651198242400829123e-03 1.047739078499325061e+01 2.983592461993028522e+01
8.802434836754993025e-03 1.048217870678942987e+01 2.586047678387761550e+01
1.012689210245910215e-02 1.048869327278474373e+01 2.238894882973644229e+01
1.165063366633850225e-02 1.049766073428032698e+01 1.934935455073280863e+01
1.340364481559541514e-02 1.051023363847093783e+01 1.667461482197727207e+01
1.542042256995105470e-02 1.052843187391974489e+01 1.429586238702496104e+01
1.774065453891936900e-02 1.055654233960339994e+01 1.212127429636306175e+01
2.040999992325628204e-02 1.060942560552422087e+01 9.898409291368899687e+00
2.348098802969507751e-02 1.063567821125552015e+01 8.464102115025573525e+00
2.701405198059003004e-02 1.050692728155977740e+01 9.434067047260638716e+00
3.107871796055324334e-02 1.061978593181082964e+01 7.980446277721969572e+00
3.575497340293923298e-02 1.073968714296508153e+01 6.748626274983217321e+00
4.113484104033918176e-02 1.049656633661859750e+01 6.725523379735481200e+00
4.732418979438748896e-02 1.084991021899099728e+01 5.871294294395156044e+00
5.444481814087841209e-02 1.115693723408130467e+01 4.968985971244261890e+00
6.263685094815660270e-02 9.227252436372580746e+00 4.030006135528648059e+00
7.206149695549865508e-02 9.283664688031530332e+00 3.521376491910713113e+00
8.290422115513720880e-02 9.466776024207835150e+00 3.048677612308547058e+00
9.537839450635293703e-02 8.672618857250895985e+00 2.689167614030305575e+00
1.097294928033443195e-01 8.841362972657073271e+00 2.381247375982101566e+00
1.262399273252308718e-01 8.944056379921645927e+00 2.138247835151762644e+00
1.452346023292094834e-01 9.053521056859187510e+00 1.866455732457198868e+00
1.670873087512295130e-01 8.850561406553660859e+00 1.612349782310557256e+00
1.922280799340462532e-01 8.939415497359734175e+00 1.395544835846776355e+00
2.211516541339837993e-01 8.850263955868797439e+00 1.152494648681006817e+00
2.544272103377280825e-01 8.697925217499433259e+00 1.032111381209457779e+00
2.927095689775857656e-01 8.824229597345356169e+00 9.507919589976697727e-01
3.367520779609752268e-01 8.631359923234271037e+00 8.277817035280135016e-01
3.874214375947460098e-01 8.644532508240031277e+00 7.373452617485461991e-01
4.457147561398969726e-01 8.465169759328425414e+00 6.315020284779508941e-01
5.127791716282196210e-01 8.426349780437215387e+00 5.661989411175505360e-01
5.899344260731477219e-01 8.457194124908061994e+00 5.113798897813482958e-01
6.786988363064424545e-01 8.251389147614917263e+00 4.546499225652687604e-01
7.808191725135977812e-01 8.181094421544917950e+00 4.106514151966668136e-01
8.983050324393666575e-01 8.217355098452490125e+00 3.793152080093357137e-01
1.033468387703862179e+00 8.105723266083128209e+00 3.501737524276760105e-01
1.188969080450199334e+00 8.010990827095534783e+00 3.203250518980377270e-01
1.367867165639584215e+00 8.040770554841440543e+00 3.041025858101539803e-01
1.573683129023336846e+00 7.941092138789936250e+00 2.850322782853282888e-01
1.810467165804608314e+00 7.943034515530340123e+00 2.816548746694547134e-01
2.082878883305333328e+00 7.882548697573374952e+00 2.727138712153001632e-01
2.396278996085082991e+00 7.668365150695383825e+00 2.627632547527504747e-01
2.756834817954596950e+00 7.522653495344688857e+00 2.614811837783591608e-01
3.171641626832047312e+00 7.412427986549493752e+00 2.664178300000140109e-01
3.648862290747338921e+00 7.274030075657538674e+00 2.761666765272626223e-01
4.197887902655833336e+00 7.060242154240571999e+00 2.758700602794325052e-01
4.829522585149383929e+00 6.980484344346780112e+00 2.898089998464706829e-01
5.556196101785294772e+00 6.708604012355566582e+00 3.054510088220769859e-01
6.392208458952514327e+00 6.499402136638430250e+00 3.125808323051358917e-01
7.354011311727280287e+00 6.112196831592711987e+00 3.288367266110562848e-01
8.460531711425929302e+00 5.725755246043901181e+00 3.416636591914451460e-01
9.733544565793062375e+00 5.152630721791743085e+00 3.482447436681367914e-01
1.119810114136571677e+01 4.701995716872547248e+00 3.600303984747951214e-01
1.288302204039265497e+01 4.590149982369466031e+00 3.885929625967654566e-01
1.482146435346458802e+01 4.228186991897601388e+00 4.305367424255897024e-01
1.705157414869454868e+01 3.743628701136963777e+00 4.460595846390586483e-01
1.961723713760187238e+01 3.482474845502718352e+00 4.704752033483056151e-01
2.256894228984535289e+01 3.115779761824784000e+00 4.962187593150562126e-01
2.596477539163995729e+01 2.393953688899767229e+00 4.655550400693358459e-01
2.987156209981745292e+01 2.579545090520013240e+00 5.608567067808121198e-01
3.436618298537457861e+01 2.322243027191115861e+00 6.491586072182432554e-01
3.953708644488553148e+01 2.107551650013038902e+00 6.703152083850048015e-01
4.548602925194239788e+01 1.844319509564225967e+00 8.651855608478526971e-01
5.233007900045198824e+01 1.446283693533385151e+00 9.837807941882056317e-01
6.020391784531517487e+01 1.237660271590180328e+00 6.492997142358334361e-01
6.926249287516179720e+01 1.147211969113168362e+00 5.958666093810902620e-01
