22.124245807087572 12.735173444567987
25.337248148012126 12.73452215284738
29.016860023688782 12.733662313539142
33.230844988207885 12.732524557602805
38.05680758458297 12.731014261523194
43.58362250625632 12.72900032578113
49.91307130914898 12.72629678949523
57.16171681586515 12.722629866406745
65.4630497309878 12.717570374553619
74.9699469994291 12.710363643506795
85.85748718084352 12.699327761320063
98.3261746879032 12.677345988516535
112.60563226585063 12.667472610170869
128.95882971385413 12.691456265894635
147.68692672409287 12.666137527578254
169.1348190240623 12.62722096466142
193.69748995958736 12.559270231647682
221.82728448898962 12.40840095993404
254.04223954593144 12.431353511049064
290.9356241824965 12.718113568849816
333.1868651833195 12.677209544111115
381.57405935634614 12.657433658036485
436.988302925963 12.783035925765121
500.4501019179077 12.365781814054763
573.1281657488137 13.861612356020524
656.3609301222241 13.809454128009301
751.6812055956837 13.75018429563988
860.8444057457298 13.975036628058367
985.8608747792987 14.208507292670726
1129.0329099352755 14.298088387181583
1292.9971604789387 14.129940300122819
1480.7731841071316 14.458021704189356
1695.8190549765634 14.682221169597673
1942.0950474299946 14.822484848424235
2224.13656821673 14.920112097578581
2547.1376803236553 15.166209905417922
2917.046756587636 15.240276962348013
3340.676024641597 15.267900138207366
3825.8270205686736 15.663631368354771
4381.434261612871 15.816904771369494
5017.72978381591 16.141858123333346
5746.431574697414 16.613492799359513
6580.959371145541 16.806060046061155
7536.6817966415665 16.837871680048444
8631.19938908557 17.123307246891613
9884.668731449976 17.551310201175898
11320.173654435335 17.773501943787487
12964.150347178518 17.849141969996978
14846.874204831485 17.959637729969067
17003.017378772096 18.09891363945863
19472.287297264615 18.364850390116572
22300.157915535532 18.85518450793429
25538.707161930597 19.202382365784473
29247.576002520993 19.498145953266967
33495.066786245894 19.74615866802053
38359.40109766256 19.847976249769708
43930.16028185902 20.279525456435692
50309.93517016668 20.484897445376195
57616.21538794136 20.76513532608388
65983.55303781347 21.333722435643864
75566.0406046935 21.557994674387494
86540.14871551095 22.02868743537886
99107.97601373325 22.34035246422652
113500.9709981954 22.673866487808084
129984.19436744516 23.174623607677294
148861.20036472988 23.578690598617076
170479.62701823833 23.78248008927305
195237.598226191 24.272213377773525
223591.05558726768 24.875406288195027
256062.15499900645 25.410525602701142
293248.88265552296 25.933550387016346
335836.06753230037 26.394414616480205
384607.9931634332 26.690940537104346
440462.8409692066 27.447954468913505
504429.23112163274 28.18492417836838
577685.1655637176 28.746361313749908
661579.7220361922 29.70305303644858
757657.8986278452 30.79677813126809
867689.0663854992 32.16617060763573
993699.553965517 34.29516523276644