22.12485897270303 12.63900615336232
25.339265775751407 12.632975518906761
29.020677186975217 12.624373635754118
33.236941900525494 12.61163436001166
38.06576599786258 12.591528874470265
43.596145076786414 12.555534343345489
49.9300044471174 12.46088912365281
57.18407762195951 12.48410031884525
65.49205772528383 12.640192871342636
75.00706146643854 12.576585412824107
85.90445109282459 12.907377001612407
98.38506632954066 12.902308337904453
112.67892587089281 12.895181408093267
129.04946664254018 12.884643720335813
147.79839896420322 12.86657510233144
169.27126709395435 12.820093856194127
193.8638176353489 12.872494995398988
222.02929317762602 12.842177694622114
254.28678559132754 12.793713908709666
291.23080293121336 12.741405100022021
333.5422262652245 12.785295070069708
382.00085836469304 12.567785234028579
437.4997955291171 12.705961590577713
501.0618874193353 12.733375367889158
573.8585882550831 12.92352612906291
657.231546805947 13.338656775959082
752.7173330809026 13.31309396113599
862.0757574312156 13.351185946092297
987.3223039899456 13.175078169864399
1130.7652761988188 13.431897008244523
1295.0483390173795 14.017656500709654
1483.1992418705872 14.203380344486993
1698.6856203025193 14.511896019198508
1945.4789047649242 14.578866132437714
2228.1275143844905 14.536154611507538
2551.8406846755724 14.657680578476274
2922.58447414953 15.21211579818361
3347.19171922984 15.32414841715891
3833.4879639504966 15.644856077062041
4390.435685331661 15.734464574691973
5028.2994725172975 15.991701479480346
5758.835203938935 16.173647983362887
6595.506709055166 16.227739459408514
7553.733907759342 16.764281656587773
8651.17700068372 17.014680104303146
9908.06194804915 17.206910095157458
11347.553235660418 17.38606158286557
12996.180798153044 17.650479014139137
14884.328967719712 17.872803033045752
17046.79645967874 18.06977348561219
19523.437715461532 18.420660851292066
22359.897423019334 18.789065934149935
25608.45175191666 18.951475307968604
29328.971807138547 19.28736061351829
33590.02705813899 19.557354146566517
38470.149079412615 19.788684081280508
44059.27889342479 20.2104430192575
50460.42459054144 20.535479792480224
57791.55977602054 20.932506557871157
66187.79783258891 21.255223488668086
75803.88207042991 21.595796072028204
86817.03765823694 21.982206213051846
99430.23789664058 22.278822094344232
113875.94503167833 22.644777301129302
130420.39455178617 23.014011331916848
149368.50192823278 23.461615897340476
171069.4822305989 23.713851830380595
195923.286187245 24.239180186344885
224387.97130785426 24.62090455279254
256988.14391840406 25.347416816824065
294324.6276959173 26.1332246455501
337085.53689482703 26.591663178911872
386058.95834536717 27.092868674505088
442147.47595418745 27.741701126416217
506384.80539485393 28.235351961583312
579954.8455668518 28.622917038758796
664213.4979429399 29.22169522789304
760713.6559371 30.826541829050775
871233.8248490412 31.996780184382253
997810.8998530351 35.59360013028009