22.125160391665315 10.144231684057909
25.340257624664723 10.140691714250194
29.022553740504073 10.13593941674866
33.23993931303182 10.129496619542133
38.070170372086906 10.120623819190499
43.60230199311783 10.108065685400852
49.93833020755222 10.089287142087425
57.195072505854135 10.05682993285155
65.50632160414517 9.950298925413172
75.02531218343132 10.105907551969072
85.92754608076088 10.067344224084195
98.41402802042421 10.011303997769446
112.71497154244204 9.925664575157379
129.094043454627 9.782022939317342
147.85322506327327 9.47815872163989
169.33837980909118 9.195352075662946
193.94562995901134 12.429047286164069
222.1286599210649 12.431459837340386
254.40708083371572 12.418553321951235
291.3760106477596 12.413236983052926
333.7170463289705 12.444434757291035
382.2108304762345 12.382713999313768
437.75144404618004 12.351728455129543
501.3628905432888 12.389759256901208
574.2179755948548 12.273754573942522
657.6599299939292 12.439634275666206
753.2271748747658 12.33164327848376
862.6816856168482 12.155953244407698
988.0414774234121 11.871077730855013
1131.6178115117887 13.987774829764389
1296.0578078869091 14.247878188504243
1484.3932503506035 14.335727254888802
1700.096483565719 14.373347082529106
1947.1444327504512 14.495692672110508
2230.091926335377 14.552231187120483
2554.1556734346373 14.733631829581947
2925.310444425717 15.045354891467106
3350.3992279212894 15.478884534023123
3837.2593950996 15.485345701539831
4394.867197487925 15.772190000427976
5033.503262307871 15.775415822409201
5764.942136623822 16.120040369277177
6602.669374924121 16.474942502825403
7562.130172583484 16.923292509466258
8661.01412926718 17.068963863358203
9919.581392466116 17.245467418462415
11361.036194278277 17.35586627312248
13011.954668342318 17.72373896076888
14902.774834593427 17.779647716286092
17068.35778570117 18.035306843321408
19548.630421795788 18.624396870973605
22389.32158359726 18.89211848054522
25642.805156049653 19.17117495140628
29369.065686780785 19.444526708206634
33636.80432251592 19.92664429205254
38524.705453619266 20.092356262777326
44122.887419916246 20.321674151504467
50534.56402449157 20.633200544636566
57877.947488829246 20.92165019799136
66288.42793411987 21.20933836058173
75921.06957187969 21.431114895284015
86953.4696262024 21.75548994520645
99589.03269765546 21.863689392923064
114060.72093833987 22.558524780388446
130635.34918017259 23.150477862600894
149618.50420576523 23.531856937546067
171360.17885860425 23.841425581496924
196261.2248687442 24.04550295049886
224780.74336490277 24.55981442154199
257444.54933199045 25.178654502425083
294854.86607346206 25.727917481441573
337701.42841550556 26.106926733215893
386774.1993630846 27.02682126913615
442977.93466510094 27.36854075375642
507348.86381588207 27.79644987370907
581073.7950409829 29.028131492130992
665511.9965063385 29.508745545277034
762220.2571751052 30.431029100067477
872981.5893597495 31.142064637296492
999838.1021589637 34.8839621758101