2.212332874683259121e+01 1.236571995089812681e+01
2.533423068791680777e+01 1.236467350318596736e+01
2.901115161706739087e+01 1.236329589245500848e+01
3.322172788731635507e+01 1.236148006818172007e+01
3.804341235353069095e+01 1.235908269869730169e+01
4.356489910488171802e+01 1.235591060395651652e+01
4.988775497796227398e+01 1.235170113164105921e+01
5.712828786196630659e+01 1.234609299485068235e+01
6.541968616309530660e+01 1.233858144561861891e+01
7.491446878328652303e+01 1.232844640366343292e+01
8.578729068021675630e+01 1.231463098294273095e+01
9.823815561639423777e+01 1.229552202396444116e+01
1.124960951953273707e+02 1.226851789156732764e+01
1.288233818600335781e+02 1.222907295757689994e+01
1.475203533512987519e+02 1.216820503317255486e+01
1.689309373708003363e+02 1.206401666560311270e+01
1.934489780743602410e+02 1.183105624032451431e+01
2.215254807701243465e+02 1.166800312390724947e+01
2.536769080866959882e+02 1.303069909290352868e+01
2.904946802178646976e+02 1.300835542731859640e+01
3.326560539993632233e+02 1.291525338826353320e+01
3.809365809364724100e+02 1.263008532485940627e+01
4.362243733458323618e+02 1.271418908475509646e+01
4.995364410347832518e+02 1.310082062574093165e+01
5.720373990287527022e+02 1.299492614091499831e+01
6.550608904722432726e+02 1.374162362337471244e+01
7.501341187741471686e+02 1.388713909446058814e+01
8.590059402621433264e+02 1.441351271935623579e+01
9.836790341059202092e+02 1.429195721037983802e+01
1.126446741269642416e+03 1.435991538677567192e+01
1.289935250140104699e+03 1.502999982884921693e+01
1.477151904828238230e+03 1.551873961504839805e+01
1.691540524767192665e+03 1.563154892959689413e+01
1.937044753201857702e+03 1.575328587375144807e+01
2.218180599854832053e+03 1.589039166388799096e+01
2.540119512179177946e+03 1.601440741636494991e+01
2.908783503279962588e+03 1.633908213667070441e+01
3.330954086366949014e+03 1.658114839959644726e+01
3.814397019569724762e+03 1.664119787323735622e+01
4.368005155775529602e+03 1.697791999920156769e+01
5.001962025188933694e+03 1.710339383022632020e+01
5.727929159687539141e+03 1.715660178178881523e+01
6.559260604774290186e+03 1.756368474020111847e+01
7.511248565038289598e+03 1.753115163068492421e+01
8.601404701731797104e+03 1.793485961290669550e+01
9.849782256885908282e+03 1.806614110562697917e+01
1.127934492938472249e+04 1.816173050735561390e+01
1.291638928841252164e+04 1.874754130452840784e+01
1.479102849449949281e+04 1.899104648217570457e+01
1.693774622613469546e+04 1.910365427541589156e+01
1.939603100133490443e+04 1.972659373875158195e+01
2.221110256240965464e+04 1.998249340373700278e+01
2.543474368565031182e+04 2.029197461932838209e+01
2.912625271694502590e+04 2.052759597106170020e+01
3.335353435505464586e+04 2.072578389901928375e+01
3.819434874732809112e+04 2.098050685450142083e+01
4.373774187476611405e+04 2.124429758833226245e+01
5.008568353813055728e+04 2.154755516417573702e+01
5.735494307558319997e+04 2.187560193502763184e+01
6.567923731536987179e+04 2.227725398709856108e+01
7.521169027478471980e+04 2.254634607990633199e+01
8.612764985117109609e+04 2.286893176744959533e+01
9.862791331752401311e+04 2.330390519795557580e+01
1.129424209551535314e+05 2.367011052190666476e+01
1.293344857671712525e+05 2.396249251078236142e+01
1.481056370776807307e+05 2.440203219234660637e+01
1.696011671138794918e+05 2.496684645440049977e+01
1.942164825995326391e+05 2.539563243002422155e+01
2.224043781963321962e+05 2.567157665047306025e+01
2.546833655868926435e+05 2.630614125383913660e+01
2.916472114114904543e+05 2.675459528904665873e+01
3.339758595073165488e+05 2.696088372870675443e+01
3.824479383630288648e+05 2.784865591690765996e+01
4.379550838611639338e+05 2.827475687781284108e+01
5.015183407728903694e+05 2.891467004409357600e+01
5.743069447078912053e+05 2.982529134555908712e+01
6.576598300102322828e+05 3.026828168060143653e+01
7.531102592344190925e+05 3.118190536421860770e+01
8.624140272567810025e+05 3.216375345223955406e+01
9.875817588321442017e+05 3.590097846805075221e+01
