22.123073341903314 13.376856225141262
25.333390342311947 13.376587163128983
29.009561931901526 13.376232639287155
33.219189066662814 13.375764751988239
38.03968239289979 13.375145884101006
43.55968574816437 13.37432480074659
49.88070622884583 13.373230690408743
57.11898079965535 13.371763542898748
65.4076137700043 13.369777337060112
74.89902444323499 13.367047147960115
85.76774994841617 13.363193156671407
98.21365479585303 13.357453378066829
112.46560617668527 13.34759737696958
128.7856825914937 13.316062000287229
147.47399320020097 13.358297374079402
168.87419651607632 13.344456504329887
193.37981992686346 13.310353077353737
221.4414962524259 13.322014509698134
253.57525041164453 13.277629872038386
290.3719885817192 13.173676070184715
332.5083643456011 13.276119049858966
380.75922164465794 13.283769661410759
436.0118433494793 13.279729205701138
499.282267465151 13.074618850544045
571.7339710089792 13.235465822202
654.6992651376542 13.4058680030518
749.7037949579046 13.407428647171376
858.4945945465643 13.490137032821307
983.0722130825721 13.984808917208925
1125.7275028569172 14.069724610933646
1289.0837456536149 14.087840378163362
1476.144892161851 14.08755511785929
1690.3508014917102 14.139580016184167
1935.6404965904803 14.828564449832747
2216.5245987605804 15.005332709619044
2538.1682732742415 15.196735556604722
2906.4862113681493 15.42876429051286
3328.251395237745 15.626510049848982
3811.219646105831 15.764142588369452
4364.272245674363 15.877133078096726
4997.579253618974 16.0602492273786
5722.7865243643955 16.273241147074273
6553.229862183921 16.47870351306201
7504.180252711556 16.481062930897004
8593.124680418185 16.86774074870998
9840.08769599186 17.14796295401838
11267.999646910548 17.320428675081658
12903.118342582839 17.645461050905197
14775.511908038263 17.807349188318856
16919.611705342217 18.14395735441968
19374.845490382846 18.403140980538815
22186.36244812192 18.75665741817776
25405.863438950608 18.90541605482991
29092.551723513607 19.186420494607596
33314.221648838175 19.526871595396926
38148.50531556878 19.652685535803073
43684.300151215844 20.103728964557405
50023.40364099961 20.45582383831972
57282.385277281945 20.956822971564556
65594.73015078105 21.25973635333616
75113.29360197252 21.652083067003847
86013.11207115228 21.937594320368337
98494.62183575876 22.289110000138823
112787.3448241712 22.585605929749356
129154.10928425037 23.04054637114418
147895.88292030845 23.657658595504806
169357.3073748486 24.02023323821596
193933.03582841306 24.3639077339242
222074.99025938116 24.90891240427123
254300.67181714665 25.353975663660982
291202.6771277563 25.5245405935948
333459.59552692994 26.150275265567803
381848.48760919925 26.918658794986005
437259.17456064763 27.557352981542376
500710.601041157 28.179613501297354
573369.5725124753 28.52431267794573
656572.2115720019 29.247366222506763
751848.5278518515 29.867303271469
860950.5532979846 30.496953865165114
985884.5602078022 35.08952902293882