1.068826768672937952e-03 2.584520426656616632e+00 3.614948188024217757e+02
1.215954554190729758e-03 2.584520160856616844e+00 3.177546018969720194e+02
1.383334999826910886e-03 2.584519816752786969e+00 2.793068327148074559e+02
1.573755955887441282e-03 2.584519371439676583e+00 2.455111341026671994e+02
1.790389030134487223e-03 2.584518795047783257e+00 2.158046125947877556e+02
2.036842413357750885e-03 2.584518049126418582e+00 1.896924832203081053e+02
2.317220976572555505e-03 2.584517083607160259e+00 1.667398283229530023e+02
2.636194640809831971e-03 2.584515833990573608e+00 1.465643537526816260e+02
2.999076158249545238e-03 2.584514216620679150e+00 1.288300214312796754e+02
3.411909600202274462e-03 2.584512123261332395e+00 1.132414523832189559e+02
3.881571025774469691e-03 2.584509413779493947e+00 9.953900697344367643e+01
4.415883007931584864e-03 2.584505906797021080e+00 8.749446040842225614e+01
5.023744924478911952e-03 2.584501367528411642e+00 7.690720147398660345e+01
5.715281184056826211e-03 2.584495491940569600e+00 6.760089119706182714e+01
6.502009855968576835e-03 2.584487886434600146e+00 5.942052578767338389e+01
7.397034512500398271e-03 2.584478041286139671e+00 5.222985492319221379e+01
8.415262479015601232e-03 2.584465296336351692e+00 4.590911239089634677e+01
9.573653126946121694e-03 2.584448796397112336e+00 4.035302128224574858e+01
1.089150034519266105e-02 2.584427433360404702e+00 3.546904051378533751e+01
1.239075389471225482e-02 2.584399770887429337e+00 3.117582346816384842e+01
1.409638499870158150e-02 2.584363946372761234e+00 2.740186308003531934e+01
1.603680225756218963e-02 2.584317543055206556e+00 2.408430079600446660e+01
1.824432481603194961e-02 2.584257422826347739e+00 2.116787956565212525e+01
2.075572066344589031e-02 2.584179507017288824e+00 1.860402341656405767e+01
2.361281903293210166e-02 2.584078487925983048e+00 1.635002827126274738e+01
2.686320709952322305e-02 2.583947447381358398e+00 1.436835051001104802e+01
3.056102258122744136e-02 2.583777349377767152e+00 1.262598140270771552e+01
3.476785544444058185e-02 2.583556360042318811e+00 1.109389694876530896e+01
3.955377373229788940e-02 2.583268927444966501e+00 9.746573897360931937e+00
4.499849060192707972e-02 2.582894521499762508e+00 8.561563787203798626e+00
5.119269200850748436e-02 2.582405882688792786e+00 7.519117753352468903e+00
5.823954714973647584e-02 2.581766543475317643e+00 6.601855598243743906e+00
6.625642682831961450e-02 2.580927241603213407e+00 5.794473197266984066e+00
7.537685835313598370e-02 2.579820588385223878e+00 5.083482657646491987e+00
8.575274953946415701e-02 2.578352881804467867e+00 4.456979660474406302e+00
9.755691885070633118e-02 2.576391034872163033e+00 3.904431834110448474e+00
1.109859738230706133e-01 2.573740694589043532e+00 3.416480233082249907e+00
1.262635857155930408e-01 2.570107427845472525e+00 2.984741523278992670e+00
1.436442149273186031e-01 2.565022664703589861e+00 2.601587136583468407e+00
1.634173492313352183e-01 2.557688295700676129e+00 2.259844369751203619e+00
1.859123254167148187e-01 2.546604749751402608e+00 1.952264133856018713e+00
2.115038146465231528e-01 2.528485008956428359e+00 1.670192543528942197e+00
2.406180628947635070e-01 2.493718822241377531e+00 1.398349572555730891e+00
2.737399904015400676e-01 2.347966063846267382e+00 1.021388896099986177e+00
3.114212683933380577e-01 2.486589660165407167e+00 1.038318457084758339e+00
3.542895075924203940e-01 2.792248968256893171e+00 1.087804521216727771e+00
4.030587115570455348e-01 2.876828237094358087e+00 1.160647173869167270e+00
4.585411689609438235e-01 2.748733562751053849e+00 9.520891540023397326e-01
5.216609828871305865e-01 2.895278411359107462e+00 9.155521216660362782e-01
5.934694624768703797e-01 2.963786591337944198e+00 7.971579048450622151e-01
6.751626332935669605e-01 2.813575714223766955e+00 7.029732286433166832e-01
7.681011580501826419e-01 2.886820961918445505e+00 6.825740866128584550e-01
8.738329994952538371e-01 2.923512246829875316e+00 6.298310395928574668e-01
9.941192029253327345e-01 2.792425278921436327e+00 5.970057400863838515e-01
1.130963227751467626e+00 2.622735669500145139e+00 5.509033298258101397e-01
1.286644316659566467e+00 2.480599089122309753e+00 4.669963019312843855e-01
1.463755458153722655e+00 2.501170499453409857e+00 4.808417423379784950e-01
1.665246574777915267e+00 2.675511000311566079e+00 5.115471097338381012e-01
1.894473656349198620e+00 2.681386546512663838e+00 4.909630416164854072e-01
2.155254656554240533e+00 2.663870356212814094e+00 4.609527630479952620e-01
2.451933083910102340e+00 2.575137681583848259e+00 4.493575404051685096e-01
2.789450346245708978e+00 2.493362194296302459e+00 4.738729675769740024e-01
3.173428053657108450e+00 2.302948221463124945e+00 4.624375858811002327e-01
3.610261650755647089e+00 2.363300078260154091e+00 4.840800953189045575e-01
4.107226937726321303e+00 2.201164018934329114e+00 4.557536135910588149e-01
4.672601254386618663e+00 2.113610077622721128e+00 4.273066885737848986e-01
5.315801345659711963e+00 2.183935259110771021e+00 5.066777002502503846e-01
6.047540204717736678e+00 2.191329679549377296e+00 4.986528709192666886e-01
6.880005506138534344e+00 1.991885128178487063e+00 4.936762559219113333e-01
7.827062601017605203e+00 1.652615451844144046e+00 4.232033219638652866e-01
8.904485455075288769e+00 1.539476769560172098e+00 3.863317653323696810e-01
1.013021937621130597e+01 1.575353474948369303e+00 4.334113167770843877e-01
1.152467990743652848e+01 1.365609133962287780e+00 3.808906887089817395e-01
1.311109286347410396e+01 1.475433631544601498e+00 4.642657010821236163e-01
1.491588117460158003e+01 1.381666698667497473e+00 6.607463282669732152e-01
1.696910498091624220e+01 1.403086468902665640e+00 5.694529761891863329e-01
1.930496230713287886e+01 1.309001551735135216e+00 5.311280181899474817e-01
2.196235865703851431e+01 9.681324903907281287e-01 5.589788893068405873e-01
2.498555501463868112e+01 8.543917615462552906e-01 1.006590574446727171e+00
2.842490504495367531e+01 8.572348546491393995e-01 8.778264455283707468e-01