2.218873954391118986e+01 1.558800482849916946e+01
2.554986492582708735e+01 1.558797742226490968e+01
2.942012981116553050e+01 1.558794104378685041e+01
3.387665808091591657e+01 1.558789273801400910e+01
3.900825625506718808e+01 1.558782856311328402e+01
4.491718316566153391e+01 1.558774325041879649e+01
5.172118769793782178e+01 1.558762973889282932e+01
5.955585520621811213e+01 1.558747853161484898e+01
6.857730936224101015e+01 1.558727679390410614e+01
7.896532327645083171e+01 1.558700706749596598e+01
9.092690188845020316e+01 1.558664539510249902e+01
1.047004070139411880e+02 1.558615850331750607e+01
1.205603072491507675e+02 1.558549940600504868e+01
1.388226473854518304e+02 1.558460019344249403e+01
1.598513463247767277e+02 1.558335941500329014e+01
1.840654489961954994e+02 1.558161803213175389e+01
2.119474767846836585e+02 1.557910795757612732e+01
2.440530428734753912e+02 1.557532207754869802e+01
2.810219241076931667e+02 1.556908532943461765e+01
3.235908100114625086e+02 1.555608076606020873e+01
3.726079830118416680e+02 1.550415035471429803e+01
4.290502224066094641e+02 1.559836422405098411e+01
4.940422689261350797e+02 1.558886302190778395e+01
5.688792377652513323e+02 1.557527464629040992e+01
6.550524267160604950e+02 1.557237514128945577e+01
7.542790336877540085e+02 1.555599118372936296e+01
8.685363758030071040e+02 1.559047549591673310e+01
1.000101291964718484e+03 1.557270760255950748e+01
1.151595514079372379e+03 1.555900727455774835e+01
1.326037911062431476e+03 1.552018644238112977e+01
1.526904646707075244e+03 1.544472618114100015e+01
1.758198450199431363e+03 1.555114494535511049e+01
2.024528379653766706e+03 1.556914473019200784e+01
2.331201668138538480e+03 1.571241291888713043e+01
2.684329482435462978e+03 1.568184682512914030e+01
3.090948702016811694e+03 1.559633059377990705e+01
3.559162144965604966e+03 1.568421227601454504e+01
4.098300035160940752e+03 1.570961369960691911e+01
4.719105928331477116e+03 1.575528406983688079e+01
5.433950801978987329e+03 1.581676185303278714e+01
6.257079575403418858e+03 1.592479731496742090e+01
7.204894972304905423e+03 1.607249746823499237e+01
8.296284382574380288e+03 1.618738852334958622e+01
9.552996236741648318e+03 1.627183326348608361e+01
1.100007339320276151e+04 1.642515727219300103e+01
1.266635217445859780e+04 1.663941228981677867e+01
1.458503699680313002e+04 1.691495936166021963e+01
1.679436204427250414e+04 1.711363747001700375e+01
1.933835317222186859e+04 1.741060942173581338e+01
2.226770522320147938e+04 1.765907779251640619e+01
2.564079223765795177e+04 1.800190486858478067e+01
2.952483069021950359e+04 1.825587982993047120e+01
3.399721893170919793e+04 1.850991206505136333e+01
3.914707952833221498e+04 1.891758346888590836e+01
4.507703523267342098e+04 1.926566134170285238e+01
5.190525397679000889e+04 1.964281595000566938e+01
5.976780363856444455e+04 2.009191185240997513e+01
6.882136350542354921e+04 2.044421932481507298e+01
7.924634646754110872e+04 2.080022886410002059e+01
9.125049415736537776e+04 2.125234049327742625e+01
1.050730166768498748e+05 2.168800940249765574e+01
1.209893594059231255e+05 2.207980854560343076e+01
1.393166918817592668e+05 2.250102905078554727e+01
1.604202281273245171e+05 2.293522820897211290e+01
1.847205043762043933e+05 2.347833377129081001e+01
2.127017592190256400e+05 2.399368258724221548e+01
2.449215831650601758e+05 2.439164107878872301e+01
2.820220299085980514e+05 2.480511091422667036e+01
3.247424107174910605e+05 2.523943522064681133e+01
3.739340269013238139e+05 2.566781072661868279e+01
4.305771339373404044e+05 2.622256768151484607e+01
4.958004753031424480e+05 2.671975880948522786e+01
5.709037752724573947e+05 2.716411493113472631e+01
6.573836388943830971e+05 2.771364068664414759e+01
7.569633752724442165e+05 2.837346363108403935e+01
8.716273384405141696e+05 2.924835739080700137e+01
1.003660470156106399e+06 3.003973561473383924e+01
1.155693832591649378e+06 3.116137139044667492e+01
1.330757038266772870e+06 3.202709761230899943e+01
1.532338622007931583e+06 3.513300494385693185e+01
