2.208359289604947762e+01 2.054967222245306147e+01
2.520364199095966740e+01 2.054967157458132831e+01
2.876450279619580286e+01 2.054967072619300694e+01
3.282845476892332215e+01 2.054966962360341043e+01
3.746657643106473756e+01 2.054966818645032589e+01
4.275998853268151834e+01 2.054966631451281955e+01
4.880127285393112402e+01 2.054966387633530900e+01
5.569609146044556525e+01 2.054966070003682432e+01
6.356503473290935347e+01 2.054965656198675816e+01
7.254573049287451170e+01 2.054965117200598712e+01
8.279525111342454124e+01 2.054964414963330199e+01
9.449286071505386531e+01 2.054963500040295798e+01
1.078431504952199020e+02 2.054962307949839939e+01
1.230796170284833551e+02 2.054960754532744716e+01
1.404687461217075111e+02 2.054958730024274516e+01
1.603146736509459345e+02 2.054956091102763693e+01
1.829645048980584079e+02 2.054952650521332558e+01
2.088143854222550431e+02 2.054948163416444018e+01
2.383164296461132778e+02 2.054942309197353012e+01
2.719866283370425890e+02 2.054934667406659798e+01
3.104138732860503751e+02 2.054924685447588217e+01
3.542702570254444936e+02 2.054911634898164863e+01
4.043228277275412665e+02 2.054894551788781243e+01
4.614470048775606301e+02 2.054872153467261953e+01
5.266418903608371238e+02 2.054842720217067153e+01
6.010477427552659719e+02 2.054803920857464306e+01
6.859659204543688702e+02 2.054752542503955937e+01
7.828816424262113287e+02 2.054684036121130219e+01
8.934899646938553133e+02 2.054591631669447338e+01
1.019725426866004227e+03 2.054463991419279623e+01
1.163795887235671898e+03 2.054269465068660594e+01
1.328221138222770605e+03 2.054076194244231601e+01
1.515876977544725833e+03 2.053804288320750260e+01
1.730045505919910738e+03 2.053250933360906672e+01
1.974472531010762395e+03 2.051132980472171496e+01
2.253433081601567210e+03 2.053673472280748058e+01
2.571806177853914051e+03 2.052729060603700617e+01
2.935160165371630683e+03 2.050825426711070776e+01
3.349850105568020808e+03 2.048829163852699864e+01
3.823128925692983557e+03 2.051890002988919548e+01
4.363274272534040392e+03 2.049896123626022160e+01
4.979733288462558448e+03 2.055043024355588699e+01
5.683287841958293029e+03 2.053457632479916839e+01
6.486243102494186132e+03 2.050796069968222213e+01
7.402642757956258720e+03 2.046554543499476608e+01
8.448514638751370512e+03 2.037437350290936067e+01
9.642151044568608995e+03 2.037272313584021077e+01
1.100442867670948908e+04 2.046113817595244200e+01
1.255917377160358956e+04 2.050063224847519905e+01
1.433357882169493496e+04 2.046605723785381414e+01
1.635867817214769821e+04 2.067105792469031655e+01
1.866989081155777967e+04 2.071386012256795439e+01
2.130763985008008603e+04 2.081053734936316602e+01
2.431805951964424094e+04 2.110190228016557867e+01
2.775380206169278244e+04 2.109101330164679666e+01
3.167495861490888637e+04 2.117777479880967917e+01
3.615011020926031051e+04 2.121434691674372885e+01
4.125752724824596953e+04 2.118790795300439100e+01
4.708653845829004422e+04 2.128017396060828048e+01
5.373909324820931943e+04 2.130335502663470137e+01
6.133154480442161730e+04 2.142478874565384217e+01
6.999668510823106044e+04 2.134933038088652424e+01
7.988606746764399577e+04 2.200262662156846716e+01
9.117265718479752832e+04 2.259531431744399299e+01
1.040538567191754410e+05 2.272940589671634370e+01
1.187549582567180478e+05 2.267351217816083420e+01
1.355330840702603746e+05 2.318136193077192075e+01
1.546816835882060113e+05 2.351880173607670343e+01
1.765356658251679910e+05 2.396061653073061137e+01
2.014772569407927804e+05 2.433471367255521400e+01
2.299426853754729382e+05 2.505211747963922164e+01
2.624298114859756315e+05 2.564821406881326737e+01
2.995068351233178983e+05 2.616900589622644802e+01
3.418222334484284511e+05 2.631163066518318772e+01
3.901161027979998617e+05 2.720435185636170061e+01
4.452331029697667109e+05 2.820801924007654193e+01
5.081372303227654775e+05 2.918269814063403089e+01
5.799286780741105322e+05 3.046439757101114054e+01
6.618630786788815167e+05 3.193575771016589471e+01
7.553734648423546460e+05 3.502167902402356958e+01
