22.04632607263091 10.328482953840282
25.081445803428092 10.326132345408748
28.534410745709756 10.323052321380743
32.46274568803333 10.31899923219785
36.9318948618686 10.31363218773594
42.016312212029284 10.306454130902836
47.80070176473477 10.296668803387476
54.3814287572565 10.28245064603658
61.86812503791232 10.264705249800357
70.38551548162478 10.249344212742745
80.07549584827716 10.215400022010556
91.09949670001956 10.163271237798781
103.64117275928716 10.0714936277187
117.9094625109833 9.918847924893388
134.1420690203757 9.4609730231487
152.60941995551116 10.79424180848321
173.61917278627897 10.944841917989237
197.5213402146425 10.894050535645762
224.71412122332072 10.812312452898823
255.65053488547514 10.600087134295627
290.84596745158535 10.968506738086546
330.8867584444658 10.884627864457514
376.43996880276995 11.021524366644034
428.2644938057068 11.242887471681644
487.2237059151218 11.383621314955214
554.2998381588033 11.486158939580701
630.6103476754894 11.546327808715015
717.4265320306157 11.566749093913689
816.1947084419551 11.796379033692219
928.5603087511954 11.953624932264937
1056.395291552462 12.032704329788155
1201.8293281510823 12.339568532206714
1367.2852818961578 12.613340731663463
1555.5195719560977 12.698006895329833
1769.6680939788305 12.818475261394761
2013.2984626535156 13.051900740993766
2290.469446510514 13.266261903299743
2605.79858511572 13.503477284964926
2964.5391151302206 13.653194581705831
3372.6674867876573 13.97226749509418
3836.9829287730345 14.136800327859051
4365.220720207517 14.500302860511521
4966.18105679776 14.621323850822382
5649.875657999827 14.838102770178079
6427.694557604793 14.985915589903977
7312.595856399556 15.255920899015571
8319.32159809387 15.456882833928727
9464.643364905995 15.70596480152133
10767.641684315171 15.887222409312681
12250.023901767301 16.11698520786154
13936.485814945117 16.385716914950322
15855.123094261528 16.645115982778606
18037.899343649937 16.84275257393669
20521.17859932649 17.087670333981986
23346.33113770569 17.31276261329995
26560.422684947298 17.55221548718558
30216.99851004471 17.87297370278545
34376.97546408063 18.15234670877862
39109.656826608916 18.377458274474662
44493.88686603071 18.66739491218784
50619.36434840343 18.94162716750825
57588.13687712785 19.21419574102672
65516.300958516775 19.836867938050812
74535.93611554638 20.049213665117897
84797.30527122521 20.482453097548024
96471.35805894279 20.94495405075689
109752.57876378365 21.37861464238269
124862.22634018278 21.834818905408273
142052.020483109 22.207924275513122
161608.33516100573 22.529571523728407
183856.96947279596 23.22395891972627
209168.5753092085 23.810663229631942
237964.83224073605 24.31869776768354
270725.4725029849 24.851668894000003
307996.2731124011 25.354874732047705
350398.1482573013 26.08572635121988
398637.4934392093 26.680642566222534
453517.9536930791 27.582122613643598
515953.81193947594 29.413263633149167
586985.2205124258 32.36424480934783