22.04360057537404 11.148760422187257
25.072519593014267 11.14696073328696
28.517629712650404 11.144606616814576
32.436118014020074 11.14151661268938
36.89302941445817 11.13744188362021
41.96234638151706 11.132034869764215
47.728217004385 11.124797917406527
54.286351809464996 11.114993643179966
61.74561250654405 11.101474760395266
70.22981903793291 11.08231847315988
79.879804926675 11.05385230359003
90.85575504156189 11.006032958606534
103.33986458466813 10.941209824787512
117.53936343924923 10.839984671880524
133.6899560806434 10.50861449196613
152.05973415095198 11.554617648601162
172.95362664425312 11.52750471527382
196.7184615731648 11.492195451412128
223.74872313785377 11.464851301860126
254.49309996357402 11.388446193371141
289.4619331041557 11.270671943414966
329.2356874445219 10.86105401824932
374.4745871232168 11.924091990764964
425.9295749180698 11.836689295996232
484.4547775152353 11.78202212723266
551.02168357875 12.028798419594859
626.7352699693658 12.022956709292762
712.8523437997096 12.291396465701606
810.8024047945759 12.213826745978846
922.211374260947 12.194961940041622
1048.9285845566028 12.395453302432337
1193.057477068802 12.680385002877902
1356.9905182739024 12.762596788306896
1543.4489134667915 13.057163458339213
1755.527777387886 13.225858172747884
1996.747511557182 13.612346594744706
2271.1122411530296 13.693982725598472
2583.176281458169 13.787351084894883
2938.119737182305 14.121580127856285
3341.8344895715973 14.217674891578508
3801.021998647467 14.720917797574918
4323.304544042248 14.822435188728386
4917.351750973086 14.957899788150884
5593.024501621088 15.06734332358322
6361.53862077154 15.253251360470234
7235.651052813773 15.52506695853717
8229.871620544429 15.817731731356819
9360.703880862757 15.993661880949551
10646.919075440277 16.232003612382165
12109.86772380692 16.520968518081496
13773.83403114072 16.68412264245546
15666.438993750571 16.88395256381759
17819.098893598457 17.057386056313582
20267.54679263759 17.291032103938416
23052.425683507776 17.492499640702356
26219.963142588687 17.79912343704902
29822.73868430915 18.206312069322564
33920.55655440484 18.44890628057106
38581.438450049274 18.66695093001762
43882.7526455088 18.963258650619196
49912.49826623431 19.25465757177482
56770.76602968776 19.51204831727198
64571.39970046037 19.782939812209165
73443.88583899375 20.012808876839618
83535.50321277442 20.548307234297315
95013.76754913616 20.994208343678782
108069.21221132665 21.303600281414184
122918.55095564974 21.704808308397684
139808.27526984698 22.13433113951354
159018.74600671 22.54378262469701
180868.8472319657 23.03007711765899
205721.27953794674 23.688508155841006
233988.5806893691 24.220486596204072
266139.97354088153 24.58936052520191
302709.1548983406 24.79985255895795
344303.1546149603 25.797115250709542
391612.41197883314 26.823128009321245
445422.2366547423 28.313780404403847
506625.84442608757 29.77109772864322
576239.1841236193 32.91432195583912