1.067525412899674028e-03 9.859486691827450855e+00 3.366493480945685235e+01
1.211695601473565878e-03 9.859356887755801324e+00 2.964911442261010777e+01
1.375336093070009388e-03 9.859187645008372414e+00 2.610965117261217117e+01
1.561076368190764119e-03 9.858966161298051034e+00 2.298963958590373124e+01
1.771901020850774871e-03 9.858674870726293449e+00 2.023889834033048274e+01
2.011197716951379933e-03 9.858289196871291793e+00 1.781315512327723383e+01
2.282811629471429016e-03 9.857773852697821582e+00 1.567332084522355018e+01
2.591107225175901842e-03 9.857076390080887762e+00 1.378483720374619992e+01
2.941038395670566609e-03 9.856115151037702304e+00 1.211707844974173121e+01
3.338228059713468487e-03 9.854754784692868697e+00 1.064277910147013451e+01
3.789058515884329709e-03 9.852751009305459107e+00 9.337434239689878623e+00
4.300773997456562581e-03 9.849608066275166607e+00 8.178543866471150281e+00
4.881597077389438280e-03 9.844137362075175091e+00 7.144307160614054908e+00
5.540860793910569113e-03 9.832664019023228619e+00 6.210137765095967488e+00
6.289158619767422700e-03 9.797052390350934559e+00 5.331811033804207511e+00
7.138514684950105632e-03 9.585935884974148280e+00 4.314520702993464241e+00
8.102576988133394775e-03 1.062683249502430094e+01 4.481774825284264629e+00
9.196836701483610682e-03 9.603949538078344617e+00 3.721146693847814824e+00
1.043887709276072884e-02 9.539618506119962760e+00 3.051357068280502904e+00
1.184865606455596729e-02 9.599143613658794649e+00 2.711892389309226825e+00
1.344882685068671258e-02 1.022264714862599178e+01 2.939477748875918728e+00
1.526510202290441015e-02 1.004645327787212139e+01 2.523097021446856658e+00
1.732666665700895170e-02 9.683222772600188932e+00 2.163027831854262839e+00
1.966664729738804712e-02 9.885807547851342747e+00 1.930011018101556397e+00
2.232264425560483156e-02 1.008378768823799554e+01 1.806102981600478552e+00
2.533733579634935701e-02 9.846581042363061087e+00 1.630273832409535384e+00
2.875916391920173287e-02 9.867016089054853722e+00 1.468222672399668527e+00
3.264311275578875987e-02 9.823594487945690901e+00 1.328780936441105842e+00
3.705159209011928134e-02 1.033586706729914617e+01 1.350259267930142171e+00
4.205544019907049569e-02 1.036664334831194267e+01 1.273353073156983539e+00
4.773506212731008780e-02 9.864283092947815135e+00 1.122384051927829418e+00
5.418172168718653203e-02 1.028035340460368374e+01 1.140295775785143517e+00
6.149900794427155815e-02 1.054563924195902302e+01 1.085158643957498059e+00
6.980449975298613774e-02 1.036501361881563277e+01 9.758152294064315058e-01
7.923165508913734834e-02 1.041118441225287583e+01 9.434672277359698045e-01
8.993195553837449174e-02 9.917433806070949487e+00 8.653095432829631672e-01
1.020773403995822864e-01 1.003301658806577024e+01 8.437841277010726948e-01
1.158629695159471007e-01 1.013643069150495890e+01 8.123716988544409379e-01
1.315103592286404610e-01 1.002999139577625876e+01 7.851141816028273102e-01
1.492709418436373725e-01 1.016014468987337693e+01 7.535156605005939312e-01
1.694301058074671462e-01 1.022796853516308069e+01 7.564479590099895123e-01
1.923117815120365948e-01 1.050189236376729518e+01 7.501847047647763889e-01
2.182836464161810319e-01 1.045891021224189998e+01 7.167492725375744778e-01
2.477630331231793492e-01 1.026811094446318506e+01 6.613694082641817795e-01
2.812236353490160656e-01 1.002205069408795524e+01 6.378436710621691041e-01
3.192031195371954899e-01 9.872758943227958994e+00 6.318299837875799296e-01
3.623117644284219452e-01 9.689861100656592896e+00 5.936460652960546813e-01
4.112422674112994336e-01 9.668320178860305703e+00 5.757458582322363405e-01
4.667808752287920804e-01 9.587960582605999704e+00 5.667923882157164250e-01
5.298200178957831463e-01 9.627157576203872580e+00 5.539835346566114316e-01
6.013726488376344159e-01 9.476158126424142125e+00 5.338903890367907579e-01
6.825885216762985763e-01 9.270501375784519382e+00 5.034915299522297882e-01
7.747726652098390066e-01 9.391467722256910733e+00 5.032885221830852851e-01
8.794063534531901816e-01 9.315944991840158451e+00 4.928167855485317550e-01
9.981709077002374197e-01 9.060028379087885497e+00 4.821660873973508399e-01
1.132974713074040185e+00 8.996341250493275155e+00 4.725468711406894395e-01
1.285983883684469253e+00 9.019747076111920947e+00 4.750154582621081145e-01
1.459657069140709584e+00 8.748580119374564035e+00 4.588192758768827595e-01
1.656784961712019610e+00 8.431285873033194989e+00 4.504787027278089329e-01
1.880535138963170150e+00 8.205664018449875030e+00 4.588902221780596369e-01
2.134502962424839279e+00 8.016698772189743138e+00 4.472046779089276503e-01
2.422769350171470215e+00 7.690153135501128112e+00 4.392261661625780911e-01
2.749966351633478467e+00 7.609391988912736160e+00 4.594632017248651557e-01
3.121351578342002053e+00 7.419872573017926243e+00 4.659862345645142678e-01
3.542892686607188146e+00 7.086247372568130309e+00 4.609824316205125005e-01
4.021363269651962113e+00 6.799291860020874267e+00 4.496286306670470578e-01
4.564451700057627903e+00 6.479976789150682315e+00 4.554536939528109896e-01
5.180884671471652325e+00 6.133145534411254651e+00 4.716419326884916385e-01
5.880567424725086312e+00 5.825722602835027963e+00 4.682039267886109468e-01
6.674742911602958628e+00 5.467568987744455988e+00 4.983544930606336187e-01
7.576172453813287078e+00 5.085517183907890093e+00 4.863077999997706957e-01
8.599340800099046334e+00 4.773870135671688608e+00 4.924354935220461305e-01
9.760688876482451093e+00 4.562705548746624373e+00 5.208788101804870951e-01
1.107887796962192795e+01 4.004079397396623108e+00 5.174941415106100173e-01
1.257508958834958790e+01 3.624724514730232272e+00 5.495395695789598856e-01
1.427336582175698432e+01 3.407345184799806859e+00 5.870810188725319456e-01
1.620099566292145710e+01 3.193777743455515683e+00 6.218486685021779037e-01
1.838895350597065459e+01 2.942087492011308036e+00 7.456021581158953637e-01
2.087239686253783333e+01 2.482388395460194630e+00 8.009606832329256854e-01
2.369123129523531901e+01 1.868141005431778634e+00 8.352375477832201245e-01