1.067735074721697357e-03 9.569827958159331516e+00 3.358043574895256711e+01
1.212381304860200891e-03 9.569469308002812369e+00 2.956417375542079640e+01
1.376622781411990975e-03 9.569004744432152876e+00 2.602570078140479026e+01
1.563114075337056035e-03 9.568402159171126797e+00 2.290780412311729464e+01
1.774869372720041995e-03 9.567619136928012580e+00 2.016005787840078511e+01
2.015311191884931654e-03 9.566599243774055239e+00 1.773800222809935079e+01
2.288325700224530610e-03 9.565266689264639410e+00 1.560241580855048760e+01
2.598325524809110519e-03 9.563518435797840667e+00 1.371866712747912231e+01
2.950321071957589299e-03 9.561212132717317402e+00 1.205613031184315709e+01
3.350001508481682561e-03 9.558146877891525506e+00 1.058764746459764972e+01
3.803826713471296535e-03 9.554030900492074707e+00 9.289011505293171211e+00
4.319131686802032272e-03 9.548423549242121666e+00 8.138420805954948989e+00
4.904245101878808126e-03 9.540621660657482295e+00 7.115790963102178956e+00
5.568623918737367409e-03 9.529408296987991633e+00 6.201579731233397119e+00
6.323006233202786014e-03 9.512384223524822602e+00 5.373707842702036608e+00
7.179584832546291595e-03 9.483433164662923076e+00 4.591771684513272334e+00
8.152204262752872979e-03 9.427289245556282893e+00 3.859158360473708527e+00
9.256584592521086008e-03 9.452397269174754868e+00 3.396820288464702298e+00
1.051057549060534918e-02 9.354124686896529539e+00 3.111583105727114162e+00
1.193444472305374773e-02 9.644366563114171953e+00 2.937275314597725284e+00
1.355120573320978128e-02 9.622947120268404930e+00 2.659608552505431156e+00
1.538698959902590549e-02 9.771303350014090228e+00 2.346770800294673887e+00
1.747146737948991613e-02 9.960099059329591498e+00 2.224783619322443950e+00
1.983832967638481798e-02 9.868236039871446152e+00 2.051466487332433530e+00
2.252583116235200994e-02 9.880009491159423618e+00 1.937562314219248627e+00
2.557740887625253173e-02 1.003592444655330951e+01 1.709148636964071377e+00
2.904238427909329456e-02 1.013912327388865009e+01 1.504633744747136515e+00
3.297676041757457988e-02 1.047763883061256962e+01 1.401571612364171937e+00
3.744412707950245389e-02 9.791739829006768758e+00 1.270373764234853375e+00
4.251668857074014651e-02 1.003006915246312403e+01 1.251926157924370342e+00
4.827643072525661383e-02 9.751250146597662649e+00 1.163949952346998273e+00
5.481644601020085189e-02 9.880805380917921710e+00 1.124678288777130497e+00
6.224243814315857937e-02 9.991443220838103656e+00 1.051442628682438318e+00
7.067443054013357318e-02 1.000910734943068015e+01 1.003941113228767223e+00
8.024870620723234538e-02 1.020826833672206568e+01 9.818401331728957571e-01
9.112001042976523857e-02 1.036545848567473804e+01 9.264868303111644110e-01
1.034640518599692638e-01 1.043217504759902958e+01 9.195803629493086717e-01
1.174803424274585006e-01 1.042237264691331511e+01 9.261758008239715512e-01
1.333954219727675750e-01 1.038581129568033390e+01 8.628508774270161608e-01
1.514665197224832061e-01 1.032626534693531895e+01 8.192785029547892117e-01
1.719857117849590000e-01 9.825224680128640031e+00 7.413099180124081977e-01
1.952846418625961422e-01 9.955470269061974520e+00 7.457877689990055625e-01
2.217398814797219841e-01 9.846966605216778134e+00 7.224778742793133146e-01
2.517790163613407017e-01 9.833933019621101224e+00 6.827375558889121621e-01
2.858875573345226462e-01 9.832830140704816202e+00 6.593914785121524069e-01
3.246167874506377116e-01 9.834468568086141005e+00 6.358460956932027175e-01
3.685926721584105170e-01 9.534125342212405485e+00 6.010596923750700649e-01
4.185259765394506726e-01 9.408100153375608343e+00 5.805480007418440946e-01
4.752237531271931159e-01 9.269008363968614717e+00 5.701450696061542978e-01
5.396023859823851909e-01 9.167171777313120273e+00 5.477453369594612598e-01
6.127024018514316550e-01 9.151364212542866028e+00 5.390649302051574443e-01
6.957052877945724134e-01 9.106201373605005145e+00 5.255482054697104832e-01
7.899525871006636280e-01 9.184783762736381973e+00 5.320835982476816994e-01
8.969675821283873418e-01 9.086638543836725646e+00 5.240480666171896118e-01
1.018479914525201036e+00 8.995562679843828846e+00 5.066762769132827637e-01
1.156453540751026576e+00 8.594485690637837294e+00 4.846965561994757143e-01
1.313118474740911923e+00 8.563662937868398828e+00 4.669967289600056026e-01
1.491006830750946754e+00 8.434626162123070259e+00 4.655606523766677718e-01
1.692993748933901088e+00 8.301922855826655123e+00 4.603521639180039315e-01
1.922343865108710581e+00 8.117907510522895720e+00 4.480276598291079715e-01
2.182764075796582048e+00 7.997516227284782175e+00 4.469063320335866507e-01
2.478463451344420143e+00 7.930896081739977177e+00 4.508324445271080783e-01
2.814221265488042523e+00 7.410832953336841555e+00 4.367456402122171788e-01
3.195464240890489194e+00 7.167172246660061141e+00 4.340560583280572149e-01
3.628354259144948024e+00 7.110800013010177167e+00 4.396845649450396576e-01
4.119887952864894842e+00 6.774993183321121215e+00 4.564884964201114115e-01
4.678009789529546048e+00 6.433394475697924442e+00 4.475566884618957242e-01
5.311740474814780733e+00 5.965966671890287287e+00 4.630341585665510018e-01
6.031322750742471150e+00 5.489584846042404820e+00 4.687162348376120447e-01
6.848386945126904379e+00 5.216948232661927420e+00 4.715298525608128122e-01
7.776138948029444720e+00 4.973574786434048711e+00 4.811456859980053347e-01
8.829573653411600276e+00 4.693800054536172439e+00 4.949854361213505416e-01
1.002571731576073688e+01 4.282640404325951167e+00 4.897573251018316198e-01
1.138390273880407655e+01 3.871413975208852776e+00 4.726841128776954060e-01
1.292608174407894950e+01 3.740130836902330724e+00 5.332879750492925952e-01
1.467717996966687721e+01 3.584949610692055977e+00 5.820626292685675551e-01
1.666549973356525172e+01 2.965690957229003111e+00 5.407600761329268702e-01
1.892317747302019626e+01 2.664062867925422573e+00 5.401089017590742225e-01
2.148670315323414570e+01 2.209754897421007946e+00 6.687298593664714463e-01
2.439751004044866889e+01 2.151641750952927978e+00 1.165872548695854549e+00