2.228321947735725672e+01 1.902108463844854924e+01
2.586279368785001154e+01 1.902106605739345468e+01
3.001739035151408785e+01 1.902104101127744329e+01
3.483938101932388065e+01 1.902100724238695051e+01
4.043597579922203522e+01 1.902096169821497185e+01
4.693160702046829869e+01 1.902090024857858808e+01
5.447069580959750112e+01 1.902081729191624859e+01
6.322086308887052297e+01 1.902070521612422382e+01
7.337665638920438482e+01 1.902055364396881387e+01
8.516387533796891773e+01 1.902034837021092173e+01
9.884459199272265550e+01 1.902006983721877376e+01
1.147229776408719033e+02 1.901969090883074642e+01
1.331520656158607210e+02 1.901917353121180909e+01
1.545416004914963537e+02 1.901846354758092517e+01
1.793671481700871482e+02 1.901748227798914925e+01
2.081806694142544529e+02 1.901611196169099927e+01
2.416227919098661516e+02 1.901416792624876706e+01
2.804370537119668825e+02 1.901132048407916031e+01
3.254864347564776494e+02 1.900721425882578330e+01
3.777725439923275985e+02 1.900062062288484199e+01
4.384578887326268273e+02 1.898872599683908646e+01
5.088917213522457246e+02 1.895954321951966648e+01
5.906400379963812384e+02 1.893555462776897969e+01
6.855203962787496721e+02 1.905090887375139985e+01
7.956423260914342563e+02 1.903970185547565563e+01
9.234542320032967382e+02 1.901821225135587312e+01
1.071797830055108989e+03 1.896178363042718473e+01
1.243971329276164170e+03 1.896106778475182963e+01
1.443802762673572033e+03 1.916034400124363657e+01
1.675735098104549706e+03 1.915013333702824028e+01
1.944925021350955376e+03 1.915869317596618870e+01
2.257357587697316376e+03 1.914302092302821734e+01
2.619979291127209308e+03 1.915502314997809563e+01
3.040852509742398524e+03 1.914379229461199827e+01
3.529334761279106260e+03 1.913268929746826785e+01
4.096286754212967026e+03 1.914876002838444080e+01
4.754313860173276225e+03 1.914487208940488827e+01
5.518046376462387343e+03 1.911998763199785856e+01
6.404464809918949868e+03 1.914052202751106435e+01
7.433277414349354331e+03 1.914793154187738367e+01
8.627358375535437517e+03 1.920744048993022091e+01
1.001325638623922168e+04 1.919702412627868426e+01
1.162178491864699936e+04 1.914948776511316098e+01
1.348870731812140366e+04 1.920640142256857885e+01
1.565553195034723649e+04 1.919283426856723196e+01
1.817043508083754932e+04 1.921277970517273204e+01
2.108933200571373163e+04 1.932651365213394357e+01
2.447712024883008417e+04 1.929783294290233542e+01
2.840912246596362820e+04 1.932619593043045114e+01
3.297276113699259440e+04 1.937954291841393939e+01
3.826950228046379198e+04 1.942401056419457106e+01
4.441711140627888381e+04 1.944975549216867705e+01
5.155227186440114019e+04 1.941655541978058963e+01
5.983362380484379537e+04 1.965929055348118837e+01
6.944529131589530152e+04 1.986588538531484716e+01
8.060097616148641100e+04 2.002136005346226000e+01
9.354870913612995355e+04 2.015549309004297740e+01
1.085763646770559717e+05 2.041644462185747955e+01
1.260180613431043894e+05 2.080484149891272949e+01
1.462615904659243824e+05 2.116943294746254622e+01
1.697570381389806571e+05 2.153351097619206911e+01
1.970267922420353279e+05 2.199301463348367847e+01
2.286771569930693659e+05 2.258232218776154454e+01
2.654118332606960903e+05 2.313549966966015603e+01
3.080475643526501372e+05 2.358653711408513942e+01
3.575322951422167243e+05 2.424460316652269043e+01
4.149662482749686460e+05 2.479970345288908362e+01
4.816263860553005943e+05 2.538150583916241132e+01
5.589948018880402669e+05 2.575370930550073822e+01
6.487916725184802199e+05 2.634530871099679317e+01
7.530135037170408759e+05 2.714297088903370181e+01
8.739775197470074054e+05 2.782374982912886452e+01
1.014373183552041301e+06 2.825613590835933664e+01
1.177321993141603656e+06 2.848658581169570425e+01
1.366446883661930682e+06 2.930959637246207450e+01
1.585952778208932141e+06 2.978376011997333350e+01
1.840720078315842198e+06 3.041215554528388765e+01
2.136413172743731644e+06 3.232272713117895080e+01
2.479606377113562077e+06 3.305588180079170257e+01
2.877930104468498845e+06 3.440868216152631476e+01
