2.201585874242521257e+01 1.746104856792737792e+01
2.498174493889936087e+01 1.746080415626393290e+01
2.834718315981872294e+01 1.746048735988117429e+01
3.216599941523993778e+01 1.746007593648426592e+01
3.649927093453868565e+01 1.745954025448005353e+01
4.141630302093702909e+01 1.745884044818447123e+01
4.699573750386632298e+01 1.745792219917388621e+01
5.332681051748637913e+01 1.745671027305444767e+01
6.051077972196823396e+01 1.745509822585637139e+01
6.866254379417463838e+01 1.745293122407220920e+01
7.791248008948313952e+01 1.744997568716285485e+01
8.840852986587309204e+01 1.744586170226613220e+01
1.003185644208495830e+02 1.743996337449621237e+01
1.138330699846295602e+02 1.743111782640358598e+01
1.291681943111266548e+02 1.741683753560319303e+01
1.465692036931781104e+02 1.739036238900999365e+01
1.663144056926853978e+02 1.731967592033530678e+01
1.887196003248707825e+02 1.730219796507900298e+01
2.141431308878214566e+02 1.758211908105878507e+01
2.429916152190750438e+02 1.758144004463700227e+01
2.757264490435866833e+02 1.758054665692143459e+01
3.128711854260623682e+02 1.757936044977453349e+01
3.550199083528447659e+02 1.757775978841288378e+01
4.028467343684093862e+02 1.757551333016068185e+01
4.571165942333594785e+02 1.757182424495162110e+01
5.186974670431678760e+02 1.756983692080468273e+01
5.885742624772199179e+02 1.756278481352604004e+01
6.678645732075132173e+02 1.755649493691381480e+01
7.578365494072503452e+02 1.753483604830294951e+01
8.599291812399238779e+02 1.753982272300925160e+01
9.757753137221427551e+02 1.756307046370789138e+01
1.107227762054391178e+03 1.753665600478856490e+01
1.256388945102040452e+03 1.751219501538547618e+01
1.425644510977386290e+03 1.753742542898226731e+01
1.617701492522189710e+03 1.756410250889226887e+01
1.835631602940343100e+03 1.752063623506772672e+01
2.082920364040594450e+03 1.751123415645166759e+01
2.363522852834651076e+03 1.745849354641715934e+01
2.681926958088339234e+03 1.737973813498387798e+01
3.043225158535907667e+03 1.768395315718493066e+01
3.453195970760978526e+03 1.765702444387588699e+01
3.918396369401977609e+03 1.755840390087631420e+01
4.446266657828597090e+03 1.771863634454729208e+01
5.045249466565696821e+03 1.776730665701050071e+01
5.724924782696807597e+03 1.776278562472995404e+01
6.496163169875105268e+03 1.766591889999044440e+01
7.371299629505837402e+03 1.778775489836051804e+01
8.364330883794218607e+03 1.807953836094747402e+01
9.491139235956406992e+03 1.812152913620117900e+01
1.076974658795999312e+04 1.811756591600978439e+01
1.222060267849268348e+04 1.816276593150785601e+01
1.386691215116800777e+04 1.824770456394546869e+01
1.573500568401824239e+04 1.832176067046330914e+01
1.785476111603056779e+04 1.836659996167414022e+01
2.026008130612300374e+04 1.863067828561852224e+01
2.298943636732171217e+04 1.874769236646578463e+01
2.608647894850286320e+04 1.887581803544612313e+01
2.960074240436727996e+04 1.917495281284497111e+01
3.358843302001069242e+04 1.939890103783054798e+01
3.811332896073891607e+04 1.977335399316012854e+01
4.324780032471541926e+04 2.014927408291015354e+01
4.907396661291780038e+04 2.043436919065434410e+01
5.568501012869995611e+04 2.060638301975262010e+01
6.318666631315642735e+04 2.097358711622558047e+01
7.169891485235487926e+04 2.140839882617935785e+01
8.135789860359915474e+04 2.174067012673319610e+01
9.231810103156845435e+04 2.213143378302353170e+01
1.047548169797228620e+05 2.241357095162452850e+01
1.188669562938994059e+05 2.284468070214578006e+01
1.348802251385802520e+05 2.331997051181393132e+01
1.530507358870414027e+05 2.375018611491775289e+01
1.736691033210969181e+05 2.423139290258702871e+01
1.970650926540727669e+05 2.456086197964020101e+01
2.236128937163732480e+05 2.531004070924239713e+01
2.537371056576956180e+05 2.589224116929521102e+01
2.879195278837823425e+05 2.659299311167442781e+01
3.267068658403209993e+05 2.801784027414765532e+01
3.707194748884474975e+05 2.921843089932650273e+01
4.206612821192960255e+05 3.096195060916027941e+01
4.773310447947129724e+05 3.374841626168144870e+01
