22.12502914223461 18.095187264689024
25.33982573326347 18.095183774163786
29.021736607182127 18.0951791953479
33.238634099642724 18.09517318899113
38.06825248825809 18.09516530849266
43.599620946076875 18.095154969754493
49.934704705132305 18.095141404174356
57.190284683269184 18.095123603803614
65.50011022328539 18.095100243624852
75.01736462797564 18.09506958254954
85.91748894074425 18.095029331035093
98.40141602535135 18.094976475522895
112.69927456181078 18.094907045705533
129.0746312378899 18.09481580330273
147.8293493367591 18.09469582414075
169.3091532839835 18.094537932881554
193.91000173070154 18.094329930749428
222.0853866543889 18.09405552650857
254.35469302881424 18.09369283058414
291.3127731653197 18.093212182860313
333.64091221881006 18.092572914777776
382.1193869965594 18.091718293461376
437.64184957888466 18.090567067940313
501.23180089931355 18.08899774459258
574.06145795818 18.08681363555272
657.4733624678174 18.083634934367094
753.0051292630563 18.078173445487405
862.4177906891658 18.07361302440605
987.7282594676108 18.072535737964653
1131.2465084600112 18.060942157268315
1295.6181527019785 18.04381239892102
1483.8732186639281 18.009648810323043
1699.4819997513018 17.91865784441779
1946.4190276843456 18.04974811273224
2229.2363390056985 18.18744733451228
2553.147387310395 18.18077547448132
2924.1231480361375 18.16743207320313
3349.002187409268 18.16316073640221
3835.6167245571332 18.15901298289116
4392.937010615485 18.156365755215756
5031.236686315024 18.151298471195894
5762.282166248402 18.144148084611103
6599.549540926799 18.105362929958122
7558.472994997997 18.065463409889468
8656.7293209668 18.0317490494259
9914.563773142934 18.014108113303436
11355.163268607328 18.18691673974837
13005.0838147824 18.02219097372063
14894.740042805086 18.318249261194982
17058.96587075962 18.53591428241483
19537.656632034563 18.62546539438008
22376.50450579666 18.614482533735643
25627.840806504988 18.77559623639832
29351.600659228126 18.903286493817525
33616.427843586665 19.067609628103007
38500.940173011564 19.349598477524268
44095.17873531625 19.512060037049146
50502.267709879554 19.63249410844901
57840.315358505155 19.876919719539362
66244.59123281826 20.080379227478087
75870.01973283495 20.29390113690402
86894.03598295664 20.480757794989636
99519.85667060045 20.630105043660496
113980.22614209642 21.257024809779267
130541.70681137354 21.791546660515124
149509.59297081782 22.181169722037147
171233.53858547896 22.709855841852736
196114.00281336965 23.049352366835386
224609.63206856203 23.32572361836003
257245.71470801454 24.116802288344374
294623.8641958023 24.70345153524034
337433.1092441796 25.249651541267095
386462.5953671028 25.71484836473369
442616.131986619 26.21115352968919
506928.85325344594 26.48567674976806
580586.2997072656 27.483938885677443
664946.2725280053 28.739657250875855
761563.8632393224 29.240145802722765
872220.1202617825 30.93731950705864
998954.8807549005 34.09461287052708