22.123925868982663 18.026831796549693
25.336195417347092 18.026831136849893
29.01486842920422 18.026830270845398
33.22766406307508 18.02682913546919
38.05213391825304 18.02682764632176
43.577089649878346 18.026825693103188
49.90423786568856 18.026823131427342
57.150052400577785 18.02681977133919
65.447918434887 18.026815364004104
74.9505879266056 18.026809582664164
85.83299155851203 18.026801998482032
98.29545896421698 18.026792048329472
112.56740651290848 18.026778992654798
128.91156053969118 18.026761859561823
147.62879376520772 18.026739371051395
169.06366393617503 18.026709845273935
193.61075664536173 18.026671066312677
221.72194909333604 18.0266201103053
253.91472850754766 18.026553111381673
290.7817183490537 18.026464944232696
333.00158767085844 18.02634878823322
381.3515444537001 18.026195519322002
436.721642903894 18.025992841998765
500.1311680903192 18.02572400985354
572.7473995385009 18.025365850350262
655.9070991929746 18.02488550355532
751.1411193108752 18.02423447852185
860.2025832832114 18.023336105727395
985.0991581528202 18.022052326241337
1128.1300129203357 18.020052662298706
1291.9281429882244 18.015896818774586
1479.5088398759463 18.015626991951326
1694.3251984650208 18.01838359969769
1940.3316835837475 18.015428272310178
2222.056926102351 18.009574933350635
2544.6870886115257 18.002442587426497
2914.161335328426 17.991158501593475
3337.281163695803 17.981428513960253
3821.835610314151 17.96359421016005
4376.744636070683 17.954852309807727
5012.223329982239 17.94164487717544
5739.969954512218 17.961484303364813
6573.3812940094485 17.96570186024616
7527.799270528633 17.952648985659998
8620.793366880262 17.88658110473844
9872.484055918212 17.94644194057297
11305.91318994006 17.99881555179703
12947.468168544137 17.96521596158125
14827.367693272765 17.925371723987226
16980.218051096384 17.808948610559302
19445.650167129465 18.099030003672194
22269.049153816173 18.410414326597838
25502.38978655278 18.421306665955672
29205.193285669306 18.618667760705
33445.62301777119 18.903829385804343
38301.73928675066 19.002224906890255
43862.936313392114 19.192706555380106
50231.58785633082 19.296532757046403
57524.93176791495 19.859822963096086
65877.22817697501 20.053816184276215
75442.23102758716 20.479042124569027
86396.01847135855 20.802649658193076
98940.23421674591 21.099345773380964
113305.7995040568 21.40113114061404
129757.16403833435 21.868456178045033
148597.1741337775 22.234138594537196
170172.64768533883 22.609365729576652
194880.758594829 23.065447438010047
223176.34817976708 23.38286723809425
255580.29815765625 24.066192074195534
292689.1193404622 24.530277858807594
335185.9325535773 24.807650356900165
383853.04392242857 25.14828249864303
439586.3460199423 26.478963632831544
503411.809979589 26.822233390039997
576504.3721704427 27.221593033998765
660209.5631111868 28.069926402782308
756068.2767807319 28.836759158947537
865845.13629336 30.66485536352865
991560.978110295 33.13825338954009