2.215292948625160108e+01 1.366282339313195138e+01
2.543171015914006716e+01 1.366238982799814750e+01
2.919577214471356541e+01 1.366179830589441480e+01
3.351694029981250367e+01 1.366097807258664432e+01
3.847767003705036615e+01 1.365980926643675097e+01
4.417262071766155884e+01 1.365805732947339912e+01
5.071046191693888261e+01 1.365512293168950286e+01
5.821594702895055207e+01 1.364806694553508137e+01
6.683229377852526909e+01 1.364740758478555627e+01
7.672391706481917595e+01 1.366289083667786564e+01
8.807956628387843523e+01 1.365971348996489354e+01
1.011159269957746858e+02 1.365541508639136481e+01
1.160817556623943148e+02 1.364954058466524600e+01
1.332626263538768683e+02 1.364138850928380364e+01
1.529863799991281041e+02 1.362979751315744892e+01
1.756293801615949519e+02 1.361259750947924374e+01
2.016236947113974622e+02 1.358462819160522805e+01
2.314653404326268742e+02 1.351764828542238206e+01
2.657237478872727934e+02 1.350978943528449250e+01
3.050526271418646616e+02 1.342682309808923335e+01
3.502024416938107834e+02 1.365256986308830456e+01
4.020347286216696148e+02 1.356667352156575035e+01
4.615385382127565208e+02 1.327306587878163668e+01
5.298493067648049646e+02 1.370894112984683133e+01
6.082705226876003053e+02 1.389228431388820972e+01
6.982985993315318183e+02 1.393064142835728170e+01
8.016514291599411308e+02 1.405085871677917275e+01
9.203011641285953601e+02 1.397220680461113851e+01
1.056511847779002437e+03 1.388286562020076786e+01
1.212882617131440838e+03 1.420748656237776331e+01
1.392397298745039279e+03 1.452209040554056863e+01
1.598481345324101312e+03 1.451305835520756204e+01
1.835067199320255213e+03 1.453771550728020401e+01
2.106669330781780900e+03 1.456001020123532896e+01
2.418470381302929582e+03 1.484655927089198357e+01
2.776420057849794830e+03 1.527351960703266442e+01
3.187348663529121950e+03 1.542677799449322329e+01
3.659097431664818487e+03 1.551756793267582246e+01
4.200668150183295438e+03 1.597043931911926862e+01
4.822394931401412578e+03 1.635175875417310820e+01
5.536141404883717769e+03 1.646138755324545144e+01
6.355527096152027298e+03 1.679543452160949002e+01
7.296187310947314472e+03 1.709418857869146535e+01
8.376071484088153738e+03 1.726058400547238847e+01
9.615785685941436896e+03 1.761325308187154093e+01
1.103898582212518886e+04 1.789260470282219373e+01
1.267282902937850304e+04 1.810716420687457884e+01
1.454849188101777145e+04 1.853547331612003291e+01
1.670176529024159390e+04 1.880009909311963767e+01
1.917373746307540569e+04 1.898291370108281839e+01
2.201157793288708126e+04 1.932356150851566667e+01
2.526943763721732103e+04 1.939515341730860598e+01
2.900948221195801671e+04 1.964494423114679833e+01
3.330307821993067773e+04 1.989105906469593066e+01
3.823215494917178876e+04 2.033968126516111852e+01
4.389076776640748722e+04 2.060636336639069199e+01
5.038689285722422210e+04 2.077701449443770088e+01
5.784448759970279934e+04 2.123075862194733432e+01
6.640585588703234680e+04 2.165421123003469361e+01
7.623436353357834741e+04 2.191931058887739781e+01
8.751755557908081391e+04 2.230061992967218742e+01
1.004707349745742395e+05 2.251136590559141482e+01
1.153410709375888109e+05 2.284046189917678404e+01
1.324123153712031490e+05 2.339004907186486903e+01
1.520102173444366490e+05 2.418936027791720988e+01
1.745087389516955300e+05 2.464311199697846888e+01
2.003371911606938811e+05 2.503434176356422114e+01
2.299884258132530958e+05 2.537118919036430142e+01
2.640282400966204586e+05 2.599727372448167984e+01
3.031061729389929678e+05 2.629686269710844471e+01
3.479678993432744173e+05 2.661560407232209968e+01
3.994694591645342298e+05 2.724899542148837384e+01
4.585935918410158483e+05 2.772094284695879196e+01
5.264684887738118414e+05 2.841956678248946133e+01
6.043893211832527304e+05 2.885183225064168155e+01
6.938429542310026009e+05 2.934927378394870701e+01
7.965363189963412005e+05 2.943764391832586114e+01
9.144289836933404440e+05 3.029208978994252277e+01
1.049770545644480735e+06 3.111903962711631166e+01
1.205143557514663786e+06 3.213984715937612435e+01
