2.215310411614078490e+01 1.150086261583887293e+01
2.543228574453102198e+01 1.148625799848469953e+01
2.919686355467519689e+01 1.322294569259694086e+01
3.351868762380644995e+01 1.320795078750384022e+01
3.848024353432347056e+01 1.318129895225494330e+01
4.417622667926785596e+01 1.311879080604718339e+01
5.071534960212325416e+01 1.300406428814208759e+01
5.822241686550965056e+01 1.338923909093136544e+01
6.684070704935577112e+01 1.338434931868825295e+01
7.673470734095216983e+01 1.337755645002248706e+01
8.809325290879500869e+01 1.336787218012421619e+01
1.011331309777642389e+02 1.335338128235679811e+01
1.161032183923871344e+02 1.332884124869050346e+01
1.332892316370005972e+02 1.328186819145997433e+01
1.530191799708707663e+02 1.328504974505167624e+01
1.756696257558577940e+02 1.320491597051346666e+01
2.016728714601510433e+02 1.333275161972698442e+01
2.315252105079774481e+02 1.319833811488907926e+01
2.657963994495660245e+02 1.324146046635809171e+01
3.051405322355554972e+02 1.350309207239740061e+01
3.503085241403560985e+02 1.354243798118144149e+01
4.021624436004553331e+02 1.354105431277448091e+01
4.616919655026383111e+02 1.349987422134542037e+01
5.300332599467226373e+02 1.366984058122839230e+01
6.084906769904459907e+02 1.357330207214561568e+01
6.985616412477754693e+02 1.389072972891945312e+01
8.019652314746107322e+02 1.380543366310197229e+01
9.206749906068855580e+02 1.369767128039053716e+01
1.056956592457741635e+03 1.414716124696228583e+01
1.213411083973812310e+03 1.427006538600075913e+01
1.393024528364791422e+03 1.449239921413726329e+01
1.599224996586424140e+03 1.456787551836947081e+01
1.835947994906454142e+03 1.459386496823054458e+01
2.107711577292665879e+03 1.474003499371963777e+01
2.419702576204993875e+03 1.505686782469229712e+01
2.777875597577595272e+03 1.542859565270370936e+01
3.189066669391908363e+03 1.565529214065787933e+01
3.661123712917572448e+03 1.574503975737696493e+01
4.203056326772619286e+03 1.610334895262362664e+01
4.825207742555481673e+03 1.640107924274652973e+01
5.539452233964063453e+03 1.669035053671058932e+01
6.359421747117990890e+03 1.690841511425117005e+01
7.300766077510978903e+03 1.717431375118011161e+01
8.381451559285322219e+03 1.717628390934050486e+01
9.622103967560062301e+03 1.748502823138841578e+01
1.104640217838707395e+04 1.795504741314314856e+01
1.268153009966040372e+04 1.813206113993018676e+01
1.455869549845367510e+04 1.846935478492785165e+01
1.671372562703385847e+04 1.875134433204118523e+01
1.918775101556584559e+04 1.884382329147528878e+01
2.202799048225647130e+04 1.897109537755443753e+01
2.528865234350511309e+04 1.948544327828246736e+01
2.903196902440085978e+04 1.965708903939450281e+01
3.332938481596237398e+04 1.990181574617884763e+01
3.826291944844854879e+04 2.032752112439771608e+01
4.392673350566277804e+04 2.068693444813147764e+01
5.042892555747609003e+04 2.105326515956633315e+01
5.789359531032796804e+04 2.133145865475773562e+01
6.646321215263620252e+04 2.171181900485680671e+01
7.630133430076137302e+04 2.215528037262723160e+01
8.759573044267352088e+04 2.240053434855806813e+01
1.005619634584681189e+05 2.263597900247357586e+01
1.154475046159980557e+05 2.298466830601201139e+01
1.325364567644443596e+05 2.356914954823837149e+01
1.521549766718756000e+05 2.400156787637472533e+01
1.746774999965878378e+05 2.432373367374342621e+01
2.005338877009459829e+05 2.496103983110823776e+01
2.302176303029363044e+05 2.549080387924574254e+01
2.642952665503499447e+05 2.606437162868391866e+01
3.034171962807733798e+05 2.632988303362488480e+01
3.483300938397503924e+05 2.687929757067534453e+01
3.998911589774580207e+05 2.728150856877462616e+01
4.590844772140269051e+05 2.749616351763113187e+01
5.270398019245954929e+05 2.818491168313073203e+01
6.050541166157074040e+05 2.860040180654851838e+01
6.946163889269053470e+05 2.937270933419956975e+01
7.974359888080921955e+05 2.974979637037846203e+01
9.154753132570504677e+05 3.149869455635788995e+01
1.050987240287179826e+06 3.295897825101798162e+01
1.206558126965370029e+06 3.635769224128500809e+01
