1.073383324728543987e-03 6.806868603154685005e+00 4.016307552591382546e+01
1.230920198882062659e-03 6.806736885130940884e+00 3.501772126745213143e+01
1.411578232221035942e-03 6.806563173445264958e+00 3.053011788831364726e+01
1.618750839810676693e-03 6.806333872599569013e+00 2.661596707779223081e+01
1.856329476875537851e-03 6.806030831287404936e+00 2.320173955268973387e+01
2.128776734484990382e-03 6.805629699990553227e+00 2.022329257813311898e+01
2.441210163247553577e-03 6.805097608918225127e+00 1.762466306089045887e+01
2.799498399527989342e-03 6.804389818610092178e+00 1.535701310055627289e+01
3.210371399787193859e-03 6.803444767022474693e+00 1.337770744672255674e+01
3.681546853646824186e-03 6.802176517625082575e+00 1.164950424549500596e+01
4.221875150175854324e-03 6.800462804385243309e+00 1.013984156480228904e+01
4.841505620393305592e-03 6.798125216668008619e+00 8.820201955645449843e+00
5.552077178626090362e-03 6.794894443799037731e+00 7.665534458663263884e+00
6.366936943660207390e-03 6.790344838378882919e+00 6.653704599629540972e+00
7.301390946185771710e-03 6.783759437903261080e+00 5.764917966520047621e+00
8.372991631733779638e-03 6.773815087946765345e+00 4.980987316963867428e+00
9.601867559455586065e-03 6.757704916632145675e+00 4.284039083233408540e+00
1.101110148968758966e-02 6.727869776793355072e+00 3.652892486894611768e+00
1.262716396216099005e-02 6.649008054397865131e+00 3.041781063634278137e+00
1.448041050903265368e-02 6.628394031724595514e+00 2.516881496016114550e+00
1.660565184220658477e-02 6.963314982851895429e+00 2.291934345300386866e+00
1.904280772513817360e-02 6.961388736075962314e+00 2.143017505637529130e+00
2.183765681121226446e-02 6.903204749175627875e+00 2.095705162886797979e+00
2.504269653338764973e-02 7.079390778691681874e+00 1.845081208811395035e+00
2.871812919696359670e-02 7.042869443697720833e+00 1.643045214467053539e+00
3.293299279787773037e-02 6.949284569708554571e+00 1.508153526572681091e+00
3.776645780741667846e-02 7.556061674741981093e+00 1.452053883617486330e+00
4.330931428167371366e-02 7.088823705341103398e+00 1.294901681253954662e+00
4.966567722907898330e-02 6.992406844403333821e+00 1.196097652516713072e+00
5.695494226900812973e-02 6.790252615949482262e+00 1.008803987913385214e+00
6.531402831585234048e-02 6.748022837871426205e+00 9.252790066639285937e-01
7.489994941431538100e-02 7.033695033825275722e+00 9.635632553439055226e-01
8.589276403435987250e-02 7.262888051866729811e+00 8.759356092374331881e-01
9.849895722429119482e-02 7.004556289786426859e+00 7.968592015679740737e-01
1.129553191511174781e-01 6.866968678575193330e+00 7.706158466892552017e-01
1.295333928812830160e-01 6.758326562779974900e+00 6.830373890252638969e-01
1.485445749472776300e-01 6.877518359268788295e+00 6.826805040497248012e-01
1.703459645073169271e-01 6.964452949062727605e+00 6.721407165055239830e-01
1.953470709665918736e-01 6.734230545294029646e+00 6.048274677079638062e-01
2.240175060536146734e-01 6.602626131229609285e+00 5.853476067283228668e-01
2.568958048368367164e-01 6.511739027539197977e+00 5.708621492186600754e-01
2.945995413723212497e-01 6.510433998163121849e+00 5.741032222685619191e-01
3.378369289911318241e-01 6.539668525709596558e+00 5.558076509408697019e-01
3.874201231220325559e-01 6.788319097410752789e+00 5.686656739178024278e-01
4.442804765249057652e-01 6.418606486977845194e+00 5.401080647055181982e-01
5.094860334836648352e-01 6.534228699021850773e+00 5.339506447552421209e-01
5.842615915632443091e-01 6.387828515521855266e+00 5.104582818800611488e-01
6.700117077634473173e-01 6.106353326717417040e+00 4.887565927221146911e-01
7.683470812089105983e-01 6.053902192691127837e+00 4.601638728514631516e-01
8.811148079380758391e-01 5.872999557396003212e+00 4.466030794710800222e-01
1.010433076086173276e+00 5.742610703341338940e+00 4.499799235931151165e-01
1.158730953163960464e+00 5.756358096737592689e+00 4.460529767551192903e-01
1.328794012782052780e+00 5.629174942194370423e+00 4.313376382576588064e-01
1.523816657856714496e+00 5.615711148181238066e+00 4.402470804156138895e-01
1.747462123117243138e+00 5.404722813326106490e+00 4.157126790579215858e-01
2.003931283980330047e+00 5.248037967885484711e+00 4.149024346996859069e-01
2.298041564272364834e+00 5.082674113412308792e+00 3.965137355472298508e-01
2.635317424973746547e+00 4.904937514077712279e+00 3.984810943308594866e-01
3.022094133693023821e+00 4.836670214129894951e+00 4.100585835604452778e-01
3.465636764039071949e+00 4.831961830248733492e+00 4.102575075208692024e-01
3.974276660132392891e+00 4.605602921765097335e+00 4.226870714730991407e-01
4.557567929555530029e+00 4.482988321450076086e+00 4.356210866330063602e-01
5.226466904249475576e+00 4.291054645066902040e+00 4.250681649979943799e-01
5.993537940284532795e+00 4.037897112580697723e+00 3.974258497453973527e-01
6.873189422174030838e+00 3.814362256066498258e+00 3.888248587628476138e-01
7.881944404750416133e+00 3.348533461110623666e+00 3.898523094968860958e-01
9.038750976242681645e+00 3.334096989392410837e+00 4.078674651209168167e-01
1.036533817230280619e+01 3.088980621321404829e+00 3.997267875782489766e-01
1.188662412634135279e+01 2.807286291409399226e+00 4.095847428958223069e-01
1.363118412272025815e+01 2.499237882103654496e+00 4.075334433463184691e-01
1.563178734454456631e+01 2.403588561178251926e+00 4.690800594264570855e-01
1.792601239812908176e+01 2.398286562300671498e+00 4.463578043335440504e-01
2.055695317592872584e+01 2.279595891256510409e+00 4.268614818904210573e-01
2.357402831660605358e+01 2.069733903090921867e+00 4.615966444662255030e-01
2.703390946684083929e+01 1.912053227451960380e+00 4.419559811364072166e-01
3.100158578101532214e+01 1.785943684695319167e+00 3.897800617724795358e-01
3.555158465395143708e+01 1.310402668436645435e+00 4.113557499258458927e-01
4.076937161650191399e+01 9.514655551325699179e-01 3.468839530064092846e-01
4.675295568912686406e+01 9.998307018046327377e-01 4.346050399307565537e-01
5.361473034783574576e+01 9.623739112149116703e-01 7.281576565101366416e-01
