22.008193474620676 18.4532106549546
24.956689565772614 18.453209616340516
28.300203503780693 18.453208278429408
32.09165687799456 18.453206559427333
36.39106132354672 18.45320434872786
41.266468393603716 18.453201505427867
46.795046688523605 18.453197848704175
53.06430329086557 18.453193146468355
60.17346883928933 18.45318709889005
68.23506816448135 18.453179320842857
77.37670134734424 18.453169316685543
87.74306339027913 18.45315644839833
99.49823446918994 18.45313989454464
112.82827701662725 18.453118597055873
127.94418074305376 18.453091192653325
145.085202210425 18.453055923363063
164.52265181730593 18.453010520885904
186.5641881364353 18.452952055220617
211.55868757608982 18.452876736740016
239.90176644290653 18.452779655631105
272.0420428101174 18.452654436590397
308.48823730489045 18.452492777186045
349.81722520699714 18.452283823719906
396.6831673085091 18.452013314716098
449.82786405900276 18.451662382160634
510.0924968830768 18.451205829863945
578.4309425133404 18.450609572359205
655.9248710799288 18.449826635297505
743.800866931144 18.448790456928066
843.4498431758742 18.447402403735477
956.4490572437908 18.44550393991
1084.5870759285742 18.44278855521802
1229.8920850642423 18.43790893892611
1394.6639919239499 18.43506664837237
1581.5108284623589 18.430106440182705
1793.3900315970045 18.41620514232804
2033.6552539185184 18.406280595549713
2306.109445755938 18.417126839891374
2615.0650487871917 18.407472115390878
2965.4122539473374 18.374466142988908
3362.6964040299217 18.412606991126154
3813.2057661202953 18.4185738976266
4324.071063134754 18.464054806081204
4903.378339864144 18.47597353868571
5560.296949980902 18.457967969483562
6305.2246898050935 18.43840244398505
7149.952376026304 18.41520040618019
8107.850472339698 18.46638643058408
9194.080718947887 18.462659792403514
10425.836114628793 18.480449575247427
11822.613049838084 18.52380835263374
13406.51989820562 18.516196394470903
15202.626950853713 18.56499248404557
17239.363232344713 18.494712478806985
19548.96647911429 18.56359584702165
22167.99340270971 18.725299734358916
25137.898314348444 18.748156644668768
28505.689269344537 18.820951602684005
32324.67211694523 18.840423230871817
36655.294232499116 18.9783114295586
41566.10128666197 19.032389348306452
47134.822195512534 19.0973385049627
53449.59942431484 19.154982676798333
60610.384118340946 19.360762623934484
68730.51814307267 19.628501135321926
77938.52807452795 19.830084919527152
88380.15953523292 19.982916247297354
100220.68407558306 20.342778973819605
113647.51511422303 20.657810828542143
128873.17434290229 20.951579064410936
146138.65554846215 21.358519098087918
165717.23909498236 21.94000002900072
187918.81744222407 22.46637664863958
213094.8001652606 23.048029685060342
241643.67611260372 23.75640188477539
274017.32074141956 24.382500120648125
310728.14846318145 25.05318811342346
352357.2232080527 26.09065185449594
399563.455583107 27.521004125387
453094.0321982447 31.139540266865197