1.065277895104066713e-03 4.528851640499707898e+00 4.860069352572027697e+02
1.204356092490634685e-03 4.528851644050528868e+00 4.298830515334880147e+02
1.361591753837728454e-03 4.528851648684563358e+00 3.802402957865199937e+02
1.539355441200891423e-03 4.528851654810589267e+00 3.363302295973881542e+02
1.740327207238063579e-03 4.528851662451070403e+00 2.974908430361588785e+02
1.967537000999742061e-03 4.528851672042900844e+00 2.631365745388114874e+02
2.224410348929003328e-03 4.528851684470487804e+00 2.327494822836358708e+02
2.514819999780578807e-03 4.528851700377269474e+00 2.058714355305107802e+02
2.843144312083149827e-03 4.528851720474592391e+00 1.820972076096357739e+02
3.214333264422923869e-03 4.528851746342501094e+00 1.610683666214177379e+02
3.633983083751945835e-03 4.528851779184130955e+00 1.424678713886422656e+02
4.108420616854168220e-03 4.528851821210300166e+00 1.260152917142430624e+02
4.644798716994949853e-03 4.528851874733013538e+00 1.114625803943006872e+02
5.251204083849949321e-03 4.528851942886849891e+00 9.859033356990872221e+01
5.936779182561156831e-03 4.528852029615253016e+00 8.720448288402805304e+01
6.711860080031623738e-03 4.528852139854355308e+00 7.713336958962283063e+01
7.588132276546574739e-03 4.528852279729756347e+00 6.822515653632798660e+01
8.578806882114951848e-03 4.528852456804223436e+00 6.034553898425098595e+01
9.698819793652439791e-03 4.528852680401890041e+00 5.337571974276466591e+01
1.096505687589901558e-02 4.528852961655203124e+00 4.721061809045234980e+01
1.239660854100913499e-02 4.528853313761856292e+00 4.175728549097696174e+01
1.401505756498147570e-02 4.528853751690321339e+00 3.693350418937761503e+01
1.584480448019010695e-02 4.528854291575883373e+00 3.266654756958254779e+01
1.791343544979468599e-02 4.528854949036518640e+00 2.889208356029141811e+01
2.025213817028501812e-02 4.528855735801890603e+00 2.555320454055525303e+01
2.289617207251087166e-02 4.528856653205408200e+00 2.259956908809997600e+01
2.588539991017892172e-02 4.528857680266428432e+00 1.998664258539475824e+01
2.926488875030586884e-02 4.528858752236054386e+00 1.767502516198613094e+01
3.308558942645515449e-02 4.528859722580164338e+00 1.562985672911130841e+01
3.740510469852785513e-02 4.528860295893463395e+00 1.382028995434691154e+01
4.228855770026211658e-02 4.528859909418455842e+00 1.221902293040233545e+01
4.780957376758207533e-02 4.528857522421369630e+00 1.080188398050194465e+01
5.405139045032276990e-02 4.528851237091446436e+00 9.547461435310449218e+00
6.110811244241300122e-02 4.528837603053928795e+00 8.436771124875916072e+00
6.908613035045968465e-02 4.528810306279216213e+00 7.452953303812813068e+00
7.810572469078602698e-02 4.528757602495363521e+00 6.580987626787101696e+00
8.830287929757049681e-02 4.528657024215997140e+00 5.807406464020122172e+00
9.983133148191818129e-02 4.528463641525977579e+00 5.119963517275915699e+00
1.128648898510700854e-01 4.528081151094192514e+00 4.507140854635303562e+00
1.276000547323304646e-01 4.527278359002111507e+00 3.957091871641433833e+00
1.442589807085108700e-01 4.525372584038462875e+00 3.454077329196582724e+00
1.630928259295303107e-01 4.518982236119339468e+00 2.953181717743230905e+00
1.843855386960376874e-01 4.519917306618596697e+00 2.597330489529375619e+00
2.084581384034512597e-01 4.554211569974822460e+00 2.582031963376671513e+00
2.356735553880301426e-01 4.558106185864681414e+00 2.272578393187105306e+00
2.664421026428746009e-01 4.563851748310860934e+00 1.996176403156994406e+00
3.012276618981316600e-01 4.573008798647064665e+00 1.747554470074631938e+00
3.405546773297905006e-01 4.590245327602825220e+00 1.520006433493132247e+00
3.850160623376570057e-01 4.667506280667534924e+00 1.293363079841045149e+00
4.352821385989738001e-01 4.614236712006598573e+00 1.124503189720656993e+00
4.921107421672490378e-01 4.481724777896167744e+00 9.951407602298032451e-01
5.563586489808050040e-01 4.483368118629377896e+00 9.693798802707366269e-01
6.289944920376231430e-01 4.441006981260120945e+00 8.855951776947080800e-01
7.111133649821586022e-01 4.539580108117034385e+00 7.809301241829612605e-01
8.039533322749690125e-01 4.473972076237933138e+00 6.736983678369197204e-01
9.089140948605891612e-01 4.485055673375842211e+00 6.198346888614699735e-01
1.027578092746423088e+00 4.404094681789569421e+00 5.463072880490260630e-01
1.161734362645499008e+00 4.338124418180892228e+00 4.885113836947806987e-01
1.313405510372623652e+00 4.341598941549242419e+00 4.407870917623291640e-01
1.484878204643037769e+00 4.452026347454816069e+00 4.237891858097252995e-01
1.678737652013043924e+00 4.480374348158102649e+00 3.891866801334367687e-01
1.897906572723753182e+00 4.429183281219484236e+00 3.583899142234657220e-01
2.145689265066911933e+00 4.372770398065846109e+00 3.229758672098537176e-01
2.425821422608830602e+00 4.228455573635925724e+00 2.956441149623158515e-01
2.742526455341344871e+00 4.140444526085772736e+00 2.847527281018077394e-01
3.100579163885143430e+00 4.147582618902107221e+00 2.765435111162674597e-01
3.505377726729040244e+00 4.087901310244329345e+00 2.629389688544925829e-01
3.963025085820140347e+00 4.058233919815949164e+00 2.615106856182546347e-01
4.480420957514043678e+00 3.946505447462469895e+00 2.520223001753728043e-01
5.065365856087369778e+00 3.830464832635364303e+00 2.496022916437946049e-01
5.726678698122151800e+00 3.702468924695308417e+00 2.512728254562043295e-01
6.474329760823573920e+00 3.516530718259466060e+00 2.565057406628528103e-01
7.319590998815925786e+00 3.412954453000117905e+00 2.572902694549454861e-01
8.275205985666676867e+00 3.122971643983949441e+00 2.570023639455740749e-01
9.355582042260465414e+00 2.969668655508609589e+00 2.738633330190800019e-01
1.057700744864479603e+01 2.855997489216977492e+00 3.039744805598731392e-01
1.195789701413992390e+01 2.507088934713262329e+00 3.126179062724415703e-01
1.351906970804844121e+01 2.291537019676817444e+00 3.785411896702947088e-01
1.528406253666154413e+01 1.947353529923469662e+00 3.843059449047999676e-01
1.727948539872592448e+01 1.729579644929928994e+00 5.887488434171983531e-01