1.066099538933295166e-03 4.635513430992460826e+00 5.049493916407831193e+02
1.207036914894273928e-03 4.635513410541598489e+00 4.459898386603589415e+02
1.366606081994231310e-03 4.635513384814706761e+00 3.939145735160716981e+02
1.547270145840742156e-03 4.635513351613704813e+00 3.479197637049762761e+02
1.751817832331393609e-03 4.635513308905018448e+00 3.072954344952529482e+02
1.983406534355853460e-03 4.635513254260819060e+00 2.714145098140903087e+02
2.245611049232266489e-03 4.635513184110480189e+00 2.397231325820446273e+02
2.542478759187798924e-03 4.635513094340387497e+00 2.117321155567714186e+02
2.878592106647819178e-03 4.635512979082205831e+00 1.870093900571809797e+02
3.259139328700705416e-03 4.635512831455561589e+00 1.651733367610189873e+02
3.689994542593675979e-03 4.635512642101128122e+00 1.458868948741649376e+02
4.177808418457312073e-03 4.635512399372116121e+00 1.288523593788590915e+02
4.730110838880647282e-03 4.635512088166492184e+00 1.138067856074536905e+02
5.355427129987431686e-03 4.635511689105175748e+00 1.005179304560617766e+02
6.063409658153492282e-03 4.635511177404432637e+00 8.878066748478791226e+01
6.864986823688763035e-03 4.635510521137041984e+00 7.841382057664854699e+01
7.772531751346707998e-03 4.635509679424949958e+00 6.925736732422386410e+01
8.800053281563538499e-03 4.635508599621796400e+00 6.116996890450715085e+01
9.963412210563103028e-03 4.635507214131914466e+00 5.402678838462942679e+01
1.128056611720427115e-02 4.635505435931956519e+00 4.771756372791514167e+01
1.277184655571178204e-02 4.635503152905758206e+00 4.214490578046395086e+01
1.446027289303046526e-02 4.635500220451794995e+00 3.722279495885041456e+01
1.637190763518834441e-02 4.635496451685912511e+00 3.287525342776201143e+01
1.853625872747723807e-02 4.635491604596257531e+00 2.903517227179971982e+01
2.098673503834626655e-02 4.635485364847562906e+00 2.564327554981806045e+01
2.376116205784610524e-02 4.635477322755034990e+00 2.264720523478082725e+01
2.690236577093197551e-02 4.635466941957821163e+00 2.000071290095348076e+01
3.045883371827890623e-02 4.635453516299650190e+00 1.766294566427125545e+01
3.448546344872718827e-02 4.635436109581232422e+00 1.559781532698744400e+01
3.904440991645093811e-02 4.635413469846215051e+00 1.377344094731360613e+01
4.420604490325090452e-02 4.635383905042496089e+00 1.216165616688461171e+01
5.005004327558976174e-02 4.635345098566366673e+00 1.073757359145017709e+01
5.666661284380567626e-02 4.635293828893684243e+00 9.479199341970005577e+00
6.415788680757986140e-02 4.635225531747149574e+00 8.367091565422438038e+00
7.263950028141100135e-02 4.635133595716076194e+00 7.384057193659236518e+00
8.224237523530347760e-02 4.635008190712346376e+00 6.514881498704998108e+00
9.311474140296871482e-02 4.634834244041062590e+00 5.746084861405759803e+00
1.054244243522271529e-01 4.634587784972134195e+00 5.065700287472790997e+00
1.193614360362077326e-01 4.634228977831170937e+00 4.463062670082135419e+00
1.351409078130264285e-01 4.633687917260242983e+00 3.928594161614060276e+00
1.530064112079623784e-01 4.632832999172777022e+00 3.453551784286852389e+00
1.732337176773313669e-01 4.631391439055533077e+00 3.029646728399004729e+00
1.961350554096758514e-01 4.628710584838644948e+00 2.648229103174189358e+00
2.220639288721475424e-01 4.622793506140741471e+00 2.297578525046629849e+00
2.514205754964776163e-01 4.602485668309708622e+00 1.942827347220947409e+00
2.846581437337994958e-01 4.648990397442016587e+00 1.667303754950794525e+00
3.222896878426230183e-01 4.697873951975691575e+00 1.703542194099670448e+00
3.648960873813290595e-01 4.711722680973189803e+00 1.481454441394634447e+00
4.131350136502676129e-01 4.665824003590472557e+00 1.367270568776481232e+00
4.677510814892340552e-01 4.671168007411113265e+00 1.164991141399627228e+00
5.295873431332113190e-01 4.699126244357890059e+00 1.012996956114289526e+00
5.995983015452395204e-01 4.720083808874634634e+00 9.647659258587519826e-01
6.788646440998937770e-01 4.709054905625231768e+00 8.309583291731262866e-01
7.686099240461309323e-01 4.630589451077719687e+00 7.210491247551791272e-01
8.702194472441395767e-01 4.620472024569910019e+00 6.316182457924168769e-01
9.852616557113885731e-01 4.606401907187003708e+00 5.738167771520646943e-01
1.115512338053744390e+00 4.619713809553947392e+00 5.423204229774403196e-01
1.262982040493253688e+00 4.574195498375843272e+00 4.933109134417745789e-01
1.429947101608526339e+00 4.489920405768214273e+00 4.333780123350284841e-01
1.618984789839177374e+00 4.538208431408587984e+00 4.060331641883838105e-01
1.833013086135952374e+00 4.519183965109887957e+00 3.759127479351893619e-01
2.075335725840517842e+00 4.584877969126060826e+00 3.506554868996502039e-01
2.349693195060226003e+00 4.410281918493063280e+00 3.240666788526348485e-01
2.660320468716590447e+00 4.379643372412536095e+00 2.983199401575811205e-01
3.012012381510538184e+00 4.281227843919147347e+00 2.759176271228512278e-01
3.410197640868984692e+00 4.193887403537660319e+00 2.662412531103980906e-01
3.861022624334687237e+00 4.101740278233331871e+00 2.491457933719812834e-01
4.371446254893774253e+00 3.984272870653852827e+00 2.469779193425491459e-01
4.949347418734092230e+00 3.899894184494208105e+00 2.398568217977700145e-01
5.603646583532128744e+00 3.821336927604598976e+00 2.455092020328802360e-01
6.344443494565344288e+00 3.691299222512919531e+00 2.499943215304421262e-01
7.183173074123573087e+00 3.555573562482400085e+00 2.564517036008346351e-01
8.132781930678831372e+00 3.268453210415371846e+00 2.601372084207068669e-01
9.207928202404637830e+00 2.996784818261114758e+00 2.647351187668449124e-01
1.042520781982430478e+01 2.876771832093784287e+00 2.935284513088112779e-01
1.180341068017263950e+01 2.727942608670672175e+00 3.209524722264762708e-01
1.336381068777212455e+01 2.587631119561987880e+00 4.052596732530029944e-01
1.513049413747929606e+01 2.273186573492790963e+00 4.681233863066170953e-01
1.713073151011990092e+01 1.876200364974515145e+00 5.400051835181594040e-01
1.939539841893788719e+01 1.362361230442177273e+00 9.364993869067281818e-01