22.128092105880853 17.452558936247165
25.34990563938341 17.452553202684683
29.04080988323698 17.452545676347007
33.26910366735501 17.452535796327528
38.113030018081716 17.45252282517076
43.66222401670986 17.452505794212716
50.01937146379909 17.45248342934498
57.302109042269805 17.452454054618265
65.64520114109379 17.45241546319047
75.20303362090644 17.452364746597063
86.15247066775837 17.452298066117876
98.69612760003848 17.45221034623465
113.06612019065997 17.45209485992406
129.5283598843425 17.451942662233535
148.387474391411 17.451741806935896
169.99244471189587 17.451476243891314
194.74306290099932 17.451124230491658
223.09733007450905 17.45065596828207
255.57993155153895 17.450029926569517
292.7919459640046 17.449186748343873
335.42196799634587 17.448038159879516
384.25885057771774 17.44644367142305
440.20630231624375 17.444148575580552
504.2996102955009 17.440526064219018
577.7247976824561 17.429797268228178
661.8405706513643 17.43851938375708
758.2034607434083 17.430117541620028
868.5966279122297 17.418962811546727
995.0628572451496 17.376912128260585
1139.9423599523047 17.39598240547703
1305.9160781171483 17.454712566133
1496.0552945468478 17.43000360640244
1713.8784657346703 17.422883458341087
1963.4163296074923 17.366524595796857
2249.286492853431 17.451976967935895
2576.7788780407523 17.451346796798447
2951.9536116956656 17.43470160505956
3381.753164721986 17.37290485436125
3874.130820280043 17.51739754511614
4438.197846375818 17.495513813936988
5084.3920965351135 17.506891691690928
5824.671158456441 17.490998132746533
6672.733624787627 17.45023062247158
7644.2725805607215 17.294094734060202
8757.26599797729 17.410822643752148
10032.309412193139 17.790784817062562
11492.997034145816 17.885701083457963
13166.3583527782 18.061862500210207
15083.358305822121 18.12288306895447
17279.470274619056 18.255152401854435
19795.332506036986 18.34057065488067
22677.50010833034 18.558565694790293
25979.306536350698 18.483146013626914
29761.85050757638 18.953940208364653
34095.12661147989 19.144141141060814
39059.320533745566 19.416110550375354
44746.29286298635 19.915469981917514
51261.278937259085 20.304822467380127
58724.836185415064 20.62080956846014
67275.07499812356 20.918526306545495
77070.21441001847 21.207696661852495
88291.50988492972 21.571089660111795
101146.60738179178 21.751194824156443
115873.38576698836 22.29237555592885
132744.35867556682 22.756065938371396
152071.71727614844 23.123949029120396
174213.10725405166 23.47837333069112
199578.2469135828 24.053220409082353
228636.50886505074 24.495004156578357
261925.6055928444 24.962345537029314
300061.53962782637 25.611830956886564
343750.00244833383 26.14192317964159
393799.43304227333 26.491735307797143
451135.9777742092 27.055307510852682
516820.62838430714 27.711079238281577
592068.8552515174 28.88097856982496
678273.0992273343 30.19192315121081
777028.5382432707 31.285874418743717
890162.6054936762 32.752712671876424
1019768.8054170419 35.35984071087696