22.12514945100434 16.399560569257524
25.340221623029322 16.399554627426564
29.022485625519437 16.399546832218196
33.239830511900166 16.39953660522482
38.070010498629514 16.399523187053163
43.60207850178085 16.39950558072515
49.938027985148565 16.399482476976786
57.19467339025192 16.399452155573336
65.50580381729223 16.39941235547787
75.02464966398296 16.399360102761943
85.92670769910487 16.39929148250241
98.41297665601698 16.39920133532793
112.7136630000155 16.39908285163861
129.09242519192028 16.398927026053386
147.85123469839894 16.398721917980602
169.3359433703568 16.39845163900125
193.94265983386606 16.398094946855817
222.12505245368476 16.397623256663636
254.40271351242228 16.396997756646865
291.3707388137973 16.396165078193345
333.71069932692615 16.395050467840804
382.20320715332144 16.393546182463936
437.7423074924409 16.391489029755107
501.35196194713944 16.388602013549683
574.2049270679335 16.3837819467121
657.6443761954488 16.379856429436817
753.2086632379817 16.37083558768151
862.6596849482394 16.352716441864963
988.015364608022 16.321586964059456
1131.5868560150632 16.38118372517475
1296.0211536933607 16.357909509655276
1484.3498949216412 16.317024001618485
1700.0452533317125 16.36502921320534
1947.0839545741055 16.35739338429803
2230.020594293093 16.334930037300122
2554.0716101577054 16.372651172783186
2925.211456121743 16.341169895225256
3350.282752055466 16.274685411427033
3837.1224395523486 16.08664810832735
4394.706269816481 16.37101141207636
5033.314287520482 16.513103177866533
5764.7203616217475 16.46850101379067
6602.409257473004 16.628699873584544
7561.825252335718 16.57244288492058
8660.656877963302 16.828899336694057
9919.163039987558 17.01758356111594
11360.546526696395 17.18263499545416
13011.381793498113 17.275452596581196
14902.104910035943 17.484149785160152
17067.57470299495 17.638270661192628
19547.715440261956 17.84969393465281
22388.252905458437 17.970816479541185
25641.557433682963 18.26790127345175
29367.60945131905 18.621604755923883
33635.105321343464 18.92940611750553
38522.72388235038 19.18448676191945
44120.577032179586 19.512234733968075
50531.87110022512 19.956606008624846
57874.80963876288 20.208080872110234
66284.77271462281 20.502768508836592
75916.81288030455 20.805248505820224
86948.51384218053 21.243277353013063
99583.26453039494 21.556416463354992
114054.0089337301 21.99307053421149
130627.54083428314 22.362783871327405
149609.42262298655 22.855861645191602
171349.6188830418 23.381708142722196
196248.94860634676 23.922151772619678
224766.47500094413 24.47325959645979
257427.969133671 24.92984975638418
294835.60345023836 25.541475019075037
337679.05388993805 26.066091861194057
386748.2152821104 26.492781577095247
442947.76445520733 26.83469272304985
507313.8395551415 27.442094338063708
581033.1430856694 28.4336404445024
665464.8208691676 28.951562544667226
762165.5203051632 29.830533844353916
872918.0899199568 30.82410786902918
999764.449334332 34.55505699427884