1.071201757045162160e-03 4.349045324437246229e+00 2.123893903362939000e+02
1.223744651548122663e-03 4.349046127386880123e+00 1.859143916674005652e+02
1.398010190277814216e-03 4.349047175276040456e+00 1.627395522077227952e+02
1.597091754107457170e-03 4.349048542910525228e+00 1.424534962782446428e+02
1.824523232217038771e-03 4.349050327827240103e+00 1.246961268771866997e+02
2.084341752024182481e-03 4.349052657392989296e+00 1.091522336241204556e+02
2.381159342077608307e-03 4.349055697835634504e+00 9.554589746418150753e+01
2.720244799998463442e-03 4.349059666126726675e+00 8.363559284736311383e+01
3.107617218704174580e-03 4.349064845546115166e+00 7.320990040955419431e+01
3.550152831095247739e-03 4.349071605879770708e+00 6.408375408040072330e+01
4.055707069800925865e-03 4.349080429992567609e+00 5.609515597889738814e+01
4.633254008661547019e-03 4.349091948424860021e+00 4.910230079518191815e+01
5.293045661168031477e-03 4.349106984718404512e+00 4.298105860726541749e+01
6.046793963558901031e-03 4.349126614778970890e+00 3.762277145310544313e+01
6.907878672949846997e-03 4.349152244602652040e+00 3.293232454210254190e+01
7.891584870887511510e-03 4.349185712325191133e+00 2.882645786993748871e+01
9.015374288243928336e-03 4.349229422299551118e+00 2.523228826324823260e+01
1.029919526772941386e-02 4.349286521688902951e+00 2.208601561813085823e+01
1.176583686615651977e-02 4.349361133662641876e+00 1.933179036443362619e+01
1.344133338211069527e-02 4.349458666446825106e+00 1.692072204840582117e+01
1.535542648978283770e-02 4.349586224744693475e+00 1.481001142932749381e+01
1.754209318228355796e-02 4.349753160659687978e+00 1.296219067519923307e+01
2.004014889594064874e-02 4.349971816961832438e+00 1.134445815690788528e+01
2.289393652161592421e-02 4.350258539461250962e+00 9.928096011843955182e+00
2.615411353365484567e-02 4.350635072708590734e+00 8.687960105540273759e+00
2.987855120876459908e-02 4.351130513718021398e+00 7.602033285610342972e+00
3.413336189682037586e-02 4.351784099481363910e+00 6.651033913502723216e+00
3.899407257864435927e-02 4.352649279533309823e+00 5.818072585183705847e+00
4.454696554253645413e-02 4.353799842894519934e+00 5.088350707717173016e+00
5.089060997785423146e-02 4.355339474567854197e+00 4.448895155430634851e+00
5.813761167290078247e-02 4.357417340326466437e+00 3.888323500619085937e+00
6.641661187594050109e-02 4.360254952007108997e+00 3.396634071304498015e+00
7.587457080104756391e-02 4.364195857118121857e+00 2.965013701308782057e+00
8.667937631321180614e-02 4.369806454987065436e+00 2.585651558922775983e+00
9.902282409937077090e-02 4.378108629187659417e+00 2.251532727033946024e+00
1.131240222262691886e-01 4.391233172704654741e+00 1.956126045275909497e+00
1.292332805193218415e-01 4.415058319705356560e+00 1.692513665439881354e+00
1.476365538026939150e-01 4.500736952713177530e+00 1.440596813475561566e+00
1.686605178723827037e-01 4.472575994467834271e+00 1.249357445630678409e+00
1.926783683057038954e-01 4.351921313820353632e+00 1.075477491300109500e+00
2.201164450416258078e-01 4.233253356938335266e+00 9.163872329511557613e-01
2.514618003246229527e-01 4.368136143548035477e+00 8.418316978708847431e-01
2.872708443503287912e-01 4.046535479775295485e+00 6.967281114558885324e-01
3.281792220815100691e-01 4.075605706785855098e+00 6.427086660389046413e-01
3.749130965573459484e-01 4.129575550772208281e+00 5.913522454874041712e-01
4.283020389855968779e-01 3.978243505344349895e+00 5.445866411149057340e-01
4.892937544291967589e-01 3.937716619611235647e+00 5.087838875805729133e-01
5.589709044823623074e-01 4.078846591153998169e+00 4.915100136752754145e-01
6.385703255548975665e-01 4.232821298048975223e+00 4.562961957810688918e-01
7.295049839077174525e-01 4.250664392985317619e+00 4.702946371595796426e-01
8.333890571625816035e-01 4.107133258564091172e+00 4.331292757635585300e-01
9.520665875069550532e-01 4.113668428713925351e+00 4.245448008852538702e-01
1.087644215215928245e+00 3.950338502156918175e+00 3.657906882791882586e-01
1.242528573542688974e+00 3.910560957507598356e+00 3.618375291629962187e-01
1.419469008772806129e+00 3.948378315235907987e+00 3.692758802639558580e-01
1.621606383764362391e+00 4.015394692871634419e+00 3.905017046416150994e-01
1.852528831283710042e+00 3.974787620151706946e+00 3.939358538137210375e-01
2.116335446812151133e+00 3.865675420765834591e+00 3.839609893314077094e-01
2.417709051432117118e+00 3.820925445216165173e+00 3.939189230308950407e-01
2.761999316404035731e+00 3.814379623757303328e+00 3.985075467931581961e-01
3.155317724975042815e+00 3.641569806478771376e+00 3.846049707580787014e-01
3.604646057082975030e+00 3.505265812268878900e+00 3.835156451203575734e-01
4.117960322663420492e+00 3.445834484065792847e+00 3.889151736255609948e-01
4.704372343495215603e+00 3.368154042877947507e+00 4.093241519259170902e-01
5.374291496798269563e+00 3.152202764284746106e+00 4.014940377823661977e-01
6.139609491688089449e+00 2.985955342669051493e+00 3.855237695484253213e-01
7.013911458446781211e+00 2.811442285575871836e+00 3.851541969972285262e-01
8.012717097647991338e+00 2.592929467255666420e+00 3.685264259377621365e-01
9.153756169764687201e+00 2.417675941116340432e+00 4.070793720782144853e-01
1.045728321546516604e+01 2.236528783111112251e+00 4.349601421979573113e-01
1.194643709318517466e+01 2.130682287828934207e+00 4.278369138684349759e-01
1.364765171611372807e+01 2.034784172288224724e+00 4.994399544183379946e-01
1.559112527956915528e+01 1.641316245123871642e+00 5.055616718177321500e-01
1.781135630800229563e+01 1.505290603311275399e+00 4.256348925404594974e-01
2.034775603697669055e+01 1.445825980115921450e+00 4.075497375900224428e-01
2.324534800049478633e+01 1.332766685226586478e+00 3.704832874355569738e-01
2.655556724201771246e+01 1.346025336829888452e+00 5.144266052126780231e-01
3.033717333594291432e+01 1.266773980415496492e+00 6.541178480456688593e-01
3.465729342654847756e+01 8.693117762907499602e-01 4.752765831993547851e-01
3.959261379934847724e+01 9.705866026549504477e-01 9.870145731205962614e-01