2.231960077520139762e+01 1.628070282340607378e+01
2.598375449732383657e+01 1.628067471584387960e+01
3.024944328427866225e+01 1.628063656502544987e+01
3.521541966165951010e+01 1.628058475382683312e+01
4.099664811323374636e+01 1.628051433791868874e+01
4.772696655806685584e+01 1.628041853588773336e+01
5.556218475577119165e+01 1.628028800298039513e+01
6.468369136929061369e+01 1.628010977418772853e+01
7.530265319027179771e+01 1.627986567764997972e+01
8.766490374089079296e+01 1.627952983944943810e+01
1.020566344253654307e+02 1.627906445114850342e+01
1.188110199837521606e+02 1.627841156968072767e+01
1.383159316301254762e+02 1.627747131465751096e+01
1.610229164375983260e+02 1.627608830617459290e+01
1.874576508467989129e+02 1.627388336441197936e+01
2.182321103010105219e+02 1.627065237745849657e+01
2.540587367402491168e+02 1.626995364333266991e+01
2.957669319378448449e+02 1.626742843390963600e+01
3.443222585073455662e+02 1.626602870169159942e+01
4.008487930912917818e+02 1.625729594226405084e+01
4.666551492177708269e+02 1.624225872760353795e+01
5.432647722650481228e+02 1.625603598998193888e+01
6.324512078757009022e+02 1.624868180387096928e+01
7.362791602991767377e+02 1.622144822550050236e+01
8.571522911810197911e+02 1.613984035925070870e+01
9.978688653612480266e+02 1.617622966642304050e+01
1.161686531905981155e+03 1.596056156824604777e+01
1.352397740081002894e+03 1.637312536616055070e+01
1.574417536179397302e+03 1.645864759861582627e+01
1.832885773737490581e+03 1.647224858175734141e+01
2.133786103349451878e+03 1.646946204961515647e+01
2.484084496745804245e+03 1.653316338485038273e+01
2.891890512027708610e+03 1.651026052460001381e+01
3.366645033416376918e+03 1.646919007502015120e+01
3.919338831773365200e+03 1.649254478661221412e+01
4.562767005661559779e+03 1.645756601573010869e+01
5.311825193366595158e+03 1.645954493537310981e+01
6.183854413314067642e+03 1.673086914883133147e+01
7.199042516086192336e+03 1.673571210159190770e+01
8.380891541824283195e+03 1.672594591955056842e+01
9.756761802541472207e+03 1.674216542120665352e+01
1.135850528508464413e+04 1.687873323117393198e+01
1.322320303829590193e+04 1.697463947617722724e+01
1.539402361520272461e+04 1.708610537918351113e+01
1.792122244354183931e+04 1.714728661671787791e+01
2.086330526047320382e+04 1.724801893088574545e+01
2.428838254549689736e+04 1.740046520633731220e+01
2.827574630727606200e+04 1.755456251123145606e+01
3.291770572765731777e+04 1.780646082260365048e+01
3.832172415883545909e+04 1.802599619218620930e+01
4.461290694606339093e+04 1.829192108843077591e+01
5.193689767007064074e+04 1.862101014209837757e+01
6.046324985844505863e+04 1.899862540445150927e+01
7.038935222254261316e+04 1.933644850423361206e+01
8.194499829084420344e+04 1.977308206493917453e+01
9.539770622773176001e+04 2.016919417701050321e+01
1.110589119937713695e+05 2.068346961162970388e+01
1.292911792218205519e+05 2.125527700020225197e+01
1.505165927206852648e+05 2.184518108104728995e+01
1.752265299195376865e+05 2.237736681633240110e+01
2.039930364662248758e+05 2.307119379764131750e+01
2.374820693294496159e+05 2.364289407882848337e+01
2.764689139883228345e+05 2.432063429910430230e+01
3.218561326238371548e+05 2.508334996794250316e+01
3.746944588205975597e+05 2.573518357246582156e+01
4.362071225001186831e+05 2.643460824944320464e+01
5.078181682183281519e+05 2.696152124482105705e+01
5.911854224080166314e+05 2.784379333687407154e+01
6.882388727720415918e+05 2.859864551323331483e+01
8.012253483267000411e+05 2.913293624287184258e+01
9.327605344574488699e+05 2.978325559205267226e+01
1.085889527157827513e+06 3.010065716382283085e+01
1.264157328308192315e+06 3.080740383418810069e+01
1.471690913990215864e+06 3.151044593933521298e+01
1.713294775753839407e+06 3.277435692061721539e+01
1.994562146657997742e+06 3.347666260502769120e+01
2.322004487015695311e+06 3.453917357732419191e+01
2.703202227493953891e+06 3.551269743781050181e+01
3.146980259336114861e+06 3.618061655366649632e+01
3.663612234380401671e+06 3.878386307467722816e+01
