2.232015673313129511e+01 1.618899642052418741e+01
2.598560494156352974e+01 1.618897186703208746e+01
3.025299832131956279e+01 1.618893856900239925e+01
3.522118917331216181e+01 1.618889340359626772e+01
4.100526346534147137e+01 1.618883212520955439e+01
4.773920674819590459e+01 1.618874895543219949e+01
5.557900787232547657e+01 1.618863601810984676e+01
6.470627240132665747e+01 1.618848255407757719e+01
7.533242942538161913e+01 1.618827382234713141e+01
8.770362922364458313e+01 1.618798953848278899e+01
1.021064452277825865e+02 1.618760161043876877e+01
1.188745123701611845e+02 1.618707074260120038e+01
1.383962555911074048e+02 1.618634102448671896e+01
1.611238875327397295e+02 1.618533013344789140e+01
1.875838838470068026e+02 1.618390446820452411e+01
2.183891787738631933e+02 1.618146500603569393e+01
2.542533634948161421e+02 1.617979845191947419e+01
2.960072161604913390e+02 1.617595676344298994e+01
3.446179465030766096e+02 1.617014955311206137e+01
4.012116008266717699e+02 1.616046463486155815e+01
4.670991463773447094e+02 1.613316422050361609e+01
5.438068393259177356e+02 1.615361294067686160e+01
6.331115798245183441e+02 1.615335795267288432e+01
7.370820731213148065e+02 1.612411666344829442e+01
8.581267502126574982e+02 1.609103882202528624e+01
9.990495580935630642e+02 1.598183296060012992e+01
1.163114911963295071e+03 1.592476065673534791e+01
1.354123313975468363e+03 1.622993731901089021e+01
1.576499390207947954e+03 1.642021114637069346e+01
1.835394385190429603e+03 1.648789301576463728e+01
2.136805488230610536e+03 1.647411869097411241e+01
2.487714755681092356e+03 1.648215863835176975e+01
2.896250847220555897e+03 1.646508777585933814e+01
3.371877322699412616e+03 1.643451389641291627e+01
3.925611861364004199e+03 1.644576276060704600e+01
4.570281481576761507e+03 1.648755075582697316e+01
5.320819673085523391e+03 1.647064493053730772e+01
6.194612324781040115e+03 1.646923308011693265e+01
7.211900461207825174e+03 1.651011811045032474e+01
8.396249117043507795e+03 1.644702570716838608e+01
9.775093210818842635e+03 1.652508242477035338e+01
1.138037306280433040e+04 1.661343341859135236e+01
1.324927427855732094e+04 1.658936380221705420e+01
1.542508913720827513e+04 1.691270884707400413e+01
1.795821943816900966e+04 1.700480877434524274e+01
2.090734403676831789e+04 1.708080302972253506e+01
2.434077811426718472e+04 1.730672559125527954e+01
2.833805566914885276e+04 1.747593379636878552e+01
3.299177188740239944e+04 1.767038724891776624e+01
3.840972806950125960e+04 1.792511234719093949e+01
4.471742880037204304e+04 1.819760904531327839e+01
5.206098920820367493e+04 1.851288346753053915e+01
6.061051965747525537e+04 1.888903351537756947e+01
7.056406628113608167e+04 1.929142510902203966e+01
8.215219863264204469e+04 1.972794477750485242e+01
9.564335072880121879e+04 2.016113574702959710e+01
1.113500392063492909e+05 2.060858448312620084e+01
1.296361026331320900e+05 2.112086161781170546e+01
1.509251296693722834e+05 2.162075838118930449e+01
1.757102713136887760e+05 2.227161733766932628e+01
2.045656645302554534e+05 2.286014072109848883e+01
2.381597318804257957e+05 2.353303609973125532e+01
2.772706652389721712e+05 2.418751606057752213e+01
3.228044522684517433e+05 2.496102357876567623e+01
3.758158632270943490e+05 2.581404871061327810e+01
4.375328842604368692e+05 2.643287162851733285e+01
5.093851631632120116e+05 2.735809240980857737e+01
5.930371265451295767e+05 2.783058550923204777e+01
6.904265355452019721e+05 2.845597085076417088e+01
8.038093732208760921e+05 2.903141832736838879e+01
9.358121034087011358e+05 2.964010421988141530e+01
1.089492511610179674e+06 3.006244353062550445e+01
1.268410537255317438e+06 3.116578335538294198e+01
1.476710738142249640e+06 3.204380465548496915e+01
1.719218297305647749e+06 3.263352798133740862e+01
2.001550796270982129e+06 3.389866625830335778e+01
2.330248343873206526e+06 3.451165821872781692e+01
2.712925075017018244e+06 3.560069615807228871e+01
3.158445528781186324e+06 3.602670065652495168e+01
3.677129991588612087e+06 3.880210753857301142e+01
