1.081077035420085434e-03 1.288062299352046658e+01 2.724902365380399374e+02
1.256378077605276207e-03 1.288062315872867281e+01 2.344696659306110575e+02
1.460104897403320104e-03 1.288062338207662982e+01 2.017540132517241602e+02
1.696866850370938812e-03 1.288062368312420958e+01 1.736030809953749667e+02
1.972020717832327109e-03 1.288062408858221630e+01 1.493799492759288512e+02
2.291791905009996251e-03 1.288062463461856133e+01 1.285365654169258676e+02
2.663415291925918041e-03 1.288062536895226273e+01 1.106013440916193247e+02
3.095298923849668007e-03 1.288062635521346877e+01 9.516849765387797788e+01
3.597214244819092570e-03 1.288062767689774013e+01 8.188885508248880285e+01
4.180517178300759487e-03 1.288062944313584524e+01 7.046196191333841341e+01
4.858405056979493708e-03 1.288063179430901428e+01 6.062928236036676566e+01
5.646215214759194370e-03 1.288063490688270818e+01 5.216834983130585357e+01
6.561771996672108656e-03 1.288063899555234038e+01 4.488773348735529822e+01
7.625790037857528222e-03 1.288064430644926084e+01 3.862270692802260896e+01
8.862342935868551541e-03 1.288065109113368756e+01 3.323152097831194141e+01
1.029940792010127122e-02 1.288065953925676865e+01 2.859219618792905848e+01
1.196949884158919272e-02 1.288066962674838223e+01 2.459976237821132017e+01
1.391040180466959070e-02 1.288068079375169717e+01 2.116388261851365016e+01
1.616603008431923005e-02 1.288069128060423374e+01 1.820680759141350080e+01
1.878741767181627345e-02 1.288069677263881729e+01 1.566161355914040598e+01
2.183387392787585271e-02 1.288068762319230842e+01 1.347068311933958462e+01
2.537432546749200657e-02 1.288064306791169322e+01 1.158439251781240920e+01
2.948887563686926339e-02 1.288051879534773470e+01 9.959971905960127714e+00
3.427061686588715739e-02 1.288021892456720252e+01 8.560503788797445779e+00
3.982773690089458363e-02 1.287952805048683302e+01 7.354013991543053130e+00
4.628596657172594220e-02 1.287792712076469215e+01 6.312565641631242563e+00
5.379142447410339978e-02 1.287399757942539402e+01 5.411076347395284536e+00
6.251392292887089641e-02 1.286275727699197802e+01 4.624397605462759131e+00
7.265081001597600840e-02 1.280542232458376084e+01 3.900149615005186643e+00
8.443143460990241989e-02 1.290865920481050466e+01 3.409634949837032192e+00
9.812233543877382780e-02 1.302903912344978821e+01 2.970689185101438756e+00
1.140332715705157929e-01 1.304007980891837271e+01 2.488598921841461920e+00
1.325242307668976771e-01 1.322664741885431638e+01 2.169692451760206975e+00
1.540135742707123834e-01 1.330031912033930475e+01 1.923551969280871798e+00
1.789875023033534185e-01 1.290103417115631679e+01 1.653586258147167865e+00
2.080110544313566456e-01 1.291121956810444793e+01 1.423825771005183372e+00
2.417408936871576763e-01 1.279084360895477879e+01 1.190067648640606768e+00
2.809401636870714203e-01 1.277608731510527029e+01 1.038507430125065412e+00
3.264957548914341201e-01 1.266068857008540505e+01 9.077616758558199050e-01
3.794383706591147876e-01 1.260865038382945613e+01 7.893502289946248140e-01
4.409658470944519681e-01 1.245932588641466232e+01 6.808957080875709389e-01
5.124702543023018642e-01 1.248577593185162371e+01 6.045709295680358197e-01
5.955693922219177372e-01 1.245373316343339631e+01 5.430403689673730661e-01
6.921433936385086305e-01 1.220781920827070977e+01 4.759048347075088281e-01
8.043772625221241590e-01 1.201284207049559427e+01 4.203778887307082490e-01
9.348103101313595120e-01 1.201526713887313491e+01 3.816237218683835031e-01
1.086393607382522219e+00 1.185326664133680552e+01 3.420730661862610433e-01
1.262556753354336703e+00 1.168190527262088985e+01 3.118728427357412292e-01
1.467285470577492257e+00 1.158980502981389549e+01 2.908620874389999944e-01
1.705211782716268498e+00 1.150428807458082581e+01 2.760614363505454749e-01
1.981718814928336680e+00 1.133464304471869610e+01 2.645772695063023372e-01
2.303062588029526125e+00 1.114630612182958913e+01 2.596906066857747608e-01
2.676513562078215003e+00 1.099176296289676813e+01 2.531871523263795609e-01
3.110521131828126506e+00 1.087642254184218871e+01 2.588114404772829946e-01
3.614904795788433489e+00 1.065851978211250817e+01 2.636481017505458713e-01
4.201076324125184946e+00 1.046705138644385791e+01 2.717363662997465124e-01
4.882297951992345730e+00 1.021347320785034363e+01 2.833660545915753226e-01
5.673982439962534485e+00 9.809186348113778209e+00 2.915190505307818647e-01
6.594041790478105902e+00 9.406887329915676332e+00 3.147053984066546795e-01
7.663292510094345644e+00 8.900543638079154718e+00 3.366130548138045464e-01
8.905926586645140475e+00 8.096605634071519120e+00 3.491096692495436749e-01
1.035005883727335885e+01 7.197604919214512620e+00 3.610798973646567878e-01
1.202836301117251594e+01 6.422681954879994493e+00 3.851129725042372054e-01
1.397881103897747934e+01 5.832305684328709994e+00 4.018062060386035084e-01
1.624553215445321541e+01 5.422865981742720720e+00 4.488735557696071354e-01
1.887981132626269698e+01 4.972146164925588252e+00 4.934349676997838996e-01
2.194124958951056215e+01 4.307460430668363927e+00 4.836645766525305978e-01
2.549911252976993126e+01 4.216164463043212685e+00 5.676050924756919080e-01
2.963389742928374204e+01 3.740542837068880022e+00 6.275947095399345699e-01
3.443915453230217594e+01 3.021490424375611106e+00 5.592521029962429502e-01
4.002360363600870130e+01 3.386731158648383921e+00 7.923164371310880139e-01
4.651359389528098376e+01 3.334592629544995468e+00 8.892290104673368223e-01
5.405596249480733206e+01 2.761233925931826150e+00 9.135243731693963865e-01
6.282135686652401318e+01 2.266456707284404626e+00 7.444153498284159509e-01
7.300809561813400705e+01 2.260635156413153712e+00 6.757569339965562305e-01
8.484665552690290724e+01 1.793294863661598182e+00 7.175676294946485845e-01
9.860488611776389689e+01 2.039018164788914511e+00 1.371292776429169358e+00
1.145940698064908077e+02 1.557052816757570346e+00 1.699217706821674057e+00
1.331759647197559957e+02 7.893289139742784011e-01 9.040447311499451022e-01
1.547709895371314701e+02 8.430305903821520008e-01 6.274824708739736856e-01
