2.193093913204610956e+01 1.390372372996582584e+01
2.470480529512391499e+01 1.389913389154307133e+01
2.782951523394431703e+01 1.389193918232617975e+01
3.134944432487396782e+01 1.387778630475368757e+01
3.531458062480525939e+01 1.385172068282108881e+01
3.978123477347741499e+01 1.390237011421359803e+01
4.481283968556984831e+01 1.388643434530476028e+01
5.048085138934568050e+01 1.385183263555695632e+01
5.686576380505037775e+01 1.376320188429291314e+01
6.405825187437856982e+01 1.398551370925808612e+01
7.216045927509171065e+01 1.397879326743135486e+01
8.128744900818739438e+01 1.396982091980097529e+01
9.156883745804384489e+01 1.395752353126027856e+01
1.031506351315455277e+02 1.393976944310558252e+01
1.161973202173330293e+02 1.391037201800019929e+01
1.308941744127012612e+02 1.382485547830063055e+01
1.474499141902491317e+02 1.393491378646724677e+01
1.660996548720518149e+02 1.389107598887522599e+01
1.871082496054731337e+02 1.376632730564858775e+01
2.107740506588781386e+02 1.384004660709256740e+01
2.374331464530564517e+02 1.379385327675372253e+01
2.674641345002967228e+02 1.367242114629912031e+01
3.012934980337153661e+02 1.341250636485255043e+01
3.394016626827091159e+02 1.309541764359005711e+01
3.823298192080371223e+02 1.546726006953293719e+01
4.306876091891853093e+02 1.539599858799221366e+01
4.851617828118311877e+02 1.541155815205468116e+01
5.465259517084452909e+02 1.557772072559418852e+01
6.156515753563969611e+02 1.552361369640940403e+01
6.935203370562214786e+02 1.546422819686451433e+01
7.812380852467474597e+02 1.519615492401018386e+01
8.800505381438097174e+02 1.558644403202832507e+01
9.913609747310174498e+02 1.632924875893960248e+01
1.116750163340089330e+03 1.664957705782830999e+01
1.257998810835272252e+03 1.660684762784399382e+01
1.417112851212553551e+03 1.676185835262783996e+01
1.596351932748159470e+03 1.692643353117328786e+01
1.798261508254825912e+03 1.691322589667858622e+01
2.025708984173653107e+03 1.696004317978638198e+01
2.281924441870642568e+03 1.714418909939157487e+01
2.570546509438920111e+03 1.744078361858935367e+01
2.895674035452218959e+03 1.746227221920572248e+01
3.261924298511267807e+03 1.757495195169212465e+01
3.674498579242380401e+03 1.757982090114608908e+01
4.139256025964953551e+03 1.777192132349853537e+01
4.662796863026631399e+03 1.792755542779075029e+01
5.252556123484175259e+03 1.793525938980457113e+01
5.916909237268982906e+03 1.789794890319252829e+01
6.665290974341072797e+03 1.858243806736126658e+01
7.508329431995471168e+03 1.869021924641198495e+01
8.457996969133464518e+03 1.878256500880519297e+01
9.527780230982545618e+03 1.884084520522396744e+01
1.073287167886065617e+04 1.902965569485887443e+01
1.209038534498289482e+04 1.946952125984850923e+01
1.361959987633939090e+04 1.956270982971863859e+01
1.534223231921699153e+04 1.985116162041299859e+01
1.728274653249885159e+04 1.993929417711256491e+01
1.946870060965451557e+04 2.010454651621045485e+01
2.193113824331250362e+04 2.039206414493760633e+01
2.470502959035535605e+04 2.056880252015597677e+01
2.782976789845576786e+04 2.064781094667186423e+01
3.134972894686497239e+04 2.100400481105806705e+01
3.531490124631754588e+04 2.136782740136726488e+01
3.978159594779771578e+04 2.152873718773103917e+01
4.481324654189310240e+04 2.177493506581574678e+01
5.048130970561697904e+04 2.205933209128132688e+01
5.686628009002011095e+04 2.245253866547194832e+01
6.405883346003602492e+04 2.267667704847454146e+01
7.216111442078996333e+04 2.300772648735378212e+01
8.128818701793780201e+04 2.344558863363371515e+01
9.156966881264660333e+04 2.373181437576000263e+01
1.031515716374320036e+05 2.402608810630379210e+01
1.161983751742340392e+05 2.421662230844715680e+01
1.308953628025224607e+05 2.482195411889738068e+01
1.474512528898355667e+05 2.533343148066816752e+01
1.661011628928634163e+05 2.595388452472112562e+01
1.871099483635749784e+05 2.636620266404973378e+01
2.107759642790791695e+05 2.827167424167718224e+01
2.374353021115165320e+05 3.018029937233441373e+01
2.674665628104669740e+05 3.384582415199075456e+01
