2.205588303630153746e+01 1.532090149293208192e+01
2.511275696670563917e+01 1.532012252599465718e+01
2.859330371995724818e+01 1.531911022767011410e+01
3.255624297665368516e+01 1.531779375176967406e+01
3.706843277487826782e+01 1.531608007789205850e+01
4.220599746018064025e+01 1.531384660564471467e+01
4.805561196576986305e+01 1.531093094549147615e+01
5.471596408978123094e+01 1.530711660942573360e+01
6.229941943943504157e+01 1.530211253546449512e+01
7.093391713106112206e+01 1.529552302707696398e+01
8.076512822800512481e+01 1.528680219771217352e+01
9.195891333103553222e+01 1.527518216948492480e+01
1.047041207828189471e+02 1.525955423513327425e+01
1.192157726944693650e+02 1.523825960961443116e+01
1.357386925450551303e+02 1.520868991713997431e+01
1.545516355546448324e+02 1.516643362352872160e+01
1.759719915136749080e+02 1.510310096111326672e+01
2.003611394092309865e+02 1.499820326061973930e+01
2.281305441851843625e+02 1.482038995579999607e+01
2.597486984935294458e+02 1.431759986659201012e+01
2.957490265499667430e+02 1.534538982998905965e+01
3.367388834382624054e+02 1.658664609783845023e+01
3.834098016890341682e+02 1.660595500748911491e+01
4.365491580011607766e+02 1.653080837910539813e+01
4.970534569329792021e+02 1.655192987136106808e+01
5.659434556700442727e+02 1.638523998632475553e+01
6.443813850366967699e+02 1.663434464276217284e+01
7.336905572840430523e+02 1.682366905010913882e+01
8.353776914538177607e+02 1.670092953899895605e+01
9.511583329653510646e+02 1.671187328227308555e+01
1.082985796274930635e+03 1.709568721422878212e+01
1.233084118893978257e+03 1.707612757316049823e+01
1.403985582727384099e+03 1.710613677702473723e+01
1.598573435747765416e+03 1.738753062280635930e+01
1.820130534755363897e+03 1.746390667384739714e+01
2.072394729866871330e+03 1.758150067990731458e+01
2.359621925114965961e+03 1.773659597480695993e+01
2.686657879042632430e+03 1.777296486060974701e+01
3.059019956627233569e+03 1.773001324499350062e+01
3.482990211756394274e+03 1.787004027789769367e+01
3.965721370633458719e+03 1.788158500704000886e+01
4.515357504139572484e+03 1.838832257503637635e+01
5.141171424994195149e+03 1.861179848825233307e+01
5.853721127716897172e+03 1.873929142940447434e+01
6.665027910661013266e+03 1.908138589514639349e+01
7.588779185184086600e+03 1.942372577670830225e+01
8.640559393512241513e+03 1.951082953724262126e+01
9.838112931072393621e+03 1.944078121274629112e+01
1.120164350900792488e+04 1.968152245047931004e+01
1.275415500736907597e+04 1.987598536841843710e+01
1.452183956945121099e+04 1.997786673034951122e+01
1.653451948475103563e+04 2.000270971211389082e+01
1.882615031546883984e+04 2.032370549563766815e+01
2.143539375471387393e+04 2.085727872138166106e+01
2.440626988100110975e+04 2.101232802557217028e+01
2.778889981310787334e+04 2.114146064078758158e+01
3.164035129448757652e+04 2.123902850069915971e+01
3.602560147294361377e+04 2.161071684941500592e+01
4.101863311844675627e+04 2.214158999509214709e+01
4.670368277319030312e+04 2.222710516161395944e+01
5.317666189119929913e+04 2.216030130510366902e+01
6.054677494328500325e+04 2.299584088968667928e+01
6.893836178610353090e+04 2.329071152651322052e+01
7.849299537759739906e+04 2.349861501961047239e+01
8.937187022900047305e+04 2.366088844657273071e+01
1.017585218885524955e+05 2.414403980546689255e+01
1.158619233368462155e+05 2.435837048933700899e+01
1.319200105325369514e+05 2.445959191275018441e+01
1.502036965872653236e+05 2.478548095119349881e+01
1.710214422922195517e+05 2.567173768293655201e+01
1.947244601048703480e+05 2.602870306702843806e+01
2.217126393914071959e+05 2.651798840109958277e+01
2.524412928885799774e+05 2.678250754493799590e+01
2.874288382032930385e+05 2.710771329011956610e+01
3.272655439431561390e+05 2.769724648131413147e+01
3.726234880323950201e+05 2.809546889073301301e+01
4.242678962180797826e+05 2.858628561324579564e+01
4.830700520565846236e+05 2.962474637787547849e+01
5.500219961823435733e+05 3.221027215195273641e+01
6.262532628476286773e+05 3.580393188393784243e+01
