2.205965644524000524e+01 1.498055611052376079e+01
2.512512453864178141e+01 1.497757294607722933e+01
2.861657817062127407e+01 1.497355051219038202e+01
3.259321341614915468e+01 1.496804269920976083e+01
3.712245239304170497e+01 1.496031945269811381e+01
4.228108637458999652e+01 1.494905234085513790e+01
4.815657775213763614e+01 1.493134991519859334e+01
5.484854292181525892e+01 1.489824991865727100e+01
6.247044123713027375e+01 1.474993834099804957e+01
7.115149866286708402e+01 1.500504851452966193e+01
8.103889874501126656e+01 1.498030048417069615e+01
9.230027804363827215e+01 1.494138455294449663e+01
1.051265683377439473e+02 1.487177642361850971e+01
1.197352337903609225e+02 1.468769229777551644e+01
1.363739579586855939e+02 1.472377206518445547e+01
1.553248431608653561e+02 1.535999936153440970e+01
1.769091933978796476e+02 1.533390445875635422e+01
2.014929619228724107e+02 1.529874710916023517e+01
2.294929558190994499e+02 1.525671083142068518e+01
2.613839027824061532e+02 1.515184811703851153e+01
2.977064999224534176e+02 1.503682324529462555e+01
3.390765810466099879e+02 1.483188029931803342e+01
3.861955578538137956e+02 1.561247354827227696e+01
4.398623120642956792e+02 1.559684190218517230e+01
5.009867401110430478e+02 1.569012946315747392e+01
5.706051800373438709e+02 1.563586577319821558e+01
6.498979821567390900e+02 1.584341327336732164e+01
7.402095213782654355e+02 1.620995321735454553e+01
8.430709904972416098e+02 1.626443292300651677e+01
9.602263609019152000e+02 1.623684716598442890e+01
1.093661950848434117e+03 1.636274356954602993e+01
1.245640102621366395e+03 1.615204860078413773e+01
1.418737539561344875e+03 1.670620746899478704e+01
1.615889053286532089e+03 1.690655007550951083e+01
1.840437261805705475e+03 1.739181735186956246e+01
2.096189282150089639e+03 1.753322313770490481e+01
2.387481278383714198e+03 1.756830660333037741e+01
2.719251979375686460e+03 1.762147754492999141e+01
3.097126412796181285e+03 1.772742240746691422e+01
3.527511275009540441e+03 1.817302323554604371e+01
4.017703553819489116e+03 1.818154800220014522e+01
4.576014245717782615e+03 1.831415243399413484e+01
5.211909265208293618e+03 1.851364715271175498e+01
5.936169935262776562e+03 1.882186662282519762e+01
6.761075779954006066e+03 1.902164257953117499e+01
7.700612718435780153e+03 1.902493656074875616e+01
8.770710190107987728e+03 1.907855798597415031e+01
9.989511231320549996e+03 1.888900265421425217e+01
1.137768008264913078e+04 1.944398326221731566e+01
1.295875254208990009e+04 2.005477084430229340e+01
1.475953500425909260e+04 2.014968042388257885e+01
1.681055895113320003e+04 2.021522247326812050e+01
1.914659860002212008e+04 2.042703540340500368e+01
2.180726048527119929e+04 2.086376975223184616e+01
2.483765496979295858e+04 2.115613618630788650e+01
2.828916107161403488e+04 2.123946362322312709e+01
3.222029757273795985e+04 2.143905277830059219e+01
3.669771517959520133e+04 2.169275352479704466e+01
4.179732655672840338e+04 2.196051758651226038e+01
4.760559339294167876e+04 2.194530604263743712e+01
5.422099232155965001e+04 2.223306984256628738e+01
6.175568454883546656e+04 2.250929325102755740e+01
7.033741749832979986e+04 2.267883881250354960e+01
8.011169071281295328e+04 2.318709843204599963e+01
9.124422273561290058e+04 2.331461833981686382e+01
1.039237607963074697e+05 2.356124716887281068e+01
1.183652809377574595e+05 2.437811149294960344e+01
1.348136328412400035e+05 2.459202094715390530e+01
1.535476911461044219e+05 2.498810105303776652e+01
1.748850836477659759e+05 2.535320521322514509e+01
1.991875765385747945e+05 2.590177815944244344e+01
2.268672079959714902e+05 2.629406558615813339e+01
2.583932741102449654e+05 2.684248316445886928e+01
2.943002855952535174e+05 2.746579345491687363e+01
3.351970301846711664e+05 2.808430475088582057e+01
3.817768943627401604e+05 2.862413686055575468e+01
4.348296194299762137e+05 2.920542294994849541e+01
4.952546912227994762e+05 3.085832840963913171e+01
5.640765905039483914e+05 3.207067112787946428e+01
6.424621625874080928e+05 3.488803516555174156e+01
