1.067387266940821814e-03 3.328946252283557339e+00 3.946868468080870684e+01
1.211243888313971295e-03 3.329415350169211862e+00 3.476790011823567994e+01
1.374488718778474772e-03 3.330022211956956024e+00 3.062358240793184905e+01
1.559734795177420124e-03 3.330808361626662162e+00 2.696936640935944141e+01
1.769947325176437223e-03 3.331828566019740645e+00 2.374671841255504035e+01
2.008491150922151781e-03 3.333155561697289215e+00 2.090399218233203626e+01
2.279184609593087885e-03 3.334886823215491791e+00 1.839559127250207027e+01
2.586360652981210123e-03 3.337154507967713624e+00 1.618122160163564160e+01
2.934936204436575276e-03 3.340140534080585866e+00 1.422521766890078254e+01
3.330490863361872632e-03 3.344100328057665106e+00 1.249592286921040341e+01
3.779356217068536965e-03 3.349402006175992152e+00 1.096509653841304122e+01
4.288717189596637919e-03 3.356594841635475834e+00 9.607300837366745228e+00
4.866727049774715111e-03 3.366537924179650254e+00 8.399169771748651314e+00
5.522637919437285367e-03 3.380666138576181812e+00 7.318315587281281509e+00
6.266948870826526824e-03 3.401618121517142157e+00 6.341124582845208302e+00
7.111573983752259714e-03 3.435053402590634963e+00 5.436458347552651560e+00
8.070033052577290505e-03 3.497345473227322366e+00 4.536221868791212586e+00
9.157667995647846698e-03 3.649537523790624238e+00 3.346641316370262853e+00
1.039188843120411945e-02 2.785895290767946619e+00 4.192154993850699007e+00
1.179245035066969066e-02 2.813564689853769174e+00 3.562680863212539961e+00
1.338177235000361127e-02 2.892658267305076247e+00 2.838902817176125470e+00
1.518529448098560400e-02 2.770634478905203313e+00 2.725595567360711069e+00
1.723188546651591851e-02 2.399654182447537476e+00 2.623860208290667462e+00
1.955430479816745726e-02 2.346481843373711129e+00 2.104025736037289818e+00
2.218972711272004794e-02 2.299368534167995026e+00 1.591836868833160112e+00
2.518033724129773929e-02 2.707260740309160418e+00 2.296280707116603370e+00
2.857400545597621119e-02 2.805185977467478331e+00 2.328735629562878273e+00
3.242505372243691814e-02 2.739584266850648042e+00 1.666121400359930949e+00
3.679512522396558016e-02 2.701852043962035932e+00 2.360759400145897580e+00
4.175417107514221848e-02 2.717727164546765106e+00 2.038460895176098742e+00
4.738157001940887514e-02 2.757799873822460501e+00 1.733295462286103872e+00
5.376739903335513160e-02 2.755024027544044074e+00 1.442552463565769827e+00
6.101387517610384892e-02 2.570410341416641042e+00 1.233189069012392558e+00
6.923699176327598181e-02 2.642717517180164677e+00 1.143412759960632297e+00
7.856837505553863898e-02 2.703681991154028630e+00 1.001797412375269758e+00
8.915739118148693909e-02 2.614294386058642061e+00 1.204784724492901304e+00
1.011735370200751716e-01 2.315335889555616866e+00 1.027150261682050925e+00
1.148091533131129216e-01 2.271136307292475731e+00 8.610108716947975083e-01
1.302825034362337098e-01 2.155627823947868116e+00 8.181414250085200512e-01
1.478412671097856235e-01 2.291189836691216897e+00 8.407990004080007074e-01
1.677665049729784863e-01 2.367387259838649172e+00 7.867588109749843461e-01
1.903771574816639500e-01 2.309606685611296228e+00 7.690252543390115880e-01
2.160351501429672028e-01 2.188561374676007532e+00 7.207850924820472516e-01
2.451511868055363252e-01 2.352936452761147379e+00 7.187879822494499527e-01
2.781913237377841019e-01 2.455395681503806937e+00 6.952702170836311257e-01
3.156844297244612019e-01 2.450796230915884166e+00 6.892290633960733715e-01
3.582306515942674796e-01 2.401858515742823386e+00 6.491634191503909967e-01
4.065110206850020003e-01 2.253679060617483465e+00 6.297058182980596053e-01
4.612983540155741746e-01 1.957080991619167820e+00 6.126517100885107148e-01
5.234696246583921964e-01 1.888183860816063930e+00 5.640721249168085816e-01
5.940199993229251518e-01 1.829515690171050757e+00 5.060835819758695564e-01
6.740787678480462120e-01 1.764713695237461133e+00 4.501030777909718061e-01
7.649274195842790114e-01 1.794804145546749163e+00 4.647177783333322765e-01
8.680201560120379689e-01 1.968168416730548431e+00 5.461943706559322376e-01
9.850071679384306833e-01 1.843087623151523191e+00 4.976045784311384224e-01
1.117761049867409540e+00 1.837491961299257071e+00 4.967950434340351329e-01
1.268406774354346123e+00 1.788735161447111421e+00 5.135294022827320282e-01
1.439355706140271085e+00 1.884520187586836037e+00 4.972419279287524363e-01
1.633344200525208123e+00 1.616340068786440209e+00 3.973236667680875023e-01
1.853477403819277392e+00 1.692983116300363244e+00 4.132696975559539965e-01
2.103278956979178993e+00 1.727260568413871100e+00 4.113937252979227854e-01
2.386747398029115175e+00 1.683901120380095096e+00 3.999334520631473433e-01
2.708420166091711323e+00 1.664031531662091057e+00 3.973442727322518686e-01
3.073446231532363182e+00 1.544324317001685154e+00 3.365771567323505575e-01
3.487668514797430674e+00 1.501082195600931923e+00 3.134634828937573614e-01
3.957717413212935575e+00 1.395503516435828262e+00 2.822847020974382226e-01
4.491116932813967288e+00 1.497276986440569058e+00 3.245198568449500498e-01
5.096405124041922363e+00 1.429177018153538592e+00 3.125502390706975664e-01
5.783270749106691255e+00 1.436290038273375869e+00 3.337501360604606671e-01
6.562708368628884514e+00 1.321480985664216456e+00 2.987645309191724885e-01
7.447194330011994268e+00 1.206193381737037829e+00 2.846726920840431663e-01
8.450886474565374229e+00 1.165857172202740877e+00 2.923607551019996031e-01
9.589850760061606749e+00 1.014963262435176095e+00 3.159114109903413126e-01
1.088231842624343315e+01 1.053724595208844983e+00 3.024134674732826822e-01
1.234897781969199571e+01 8.877974422436762936e-01 3.003748598232156009e-01
1.401330554925572258e+01 7.647621243073138286e-01 2.978714804326049181e-01
1.590194227279770800e+01 6.898291135789182960e-01 2.717085526141911900e-01
1.804511913042679794e+01 5.486471825378843592e-01 2.588332068203552661e-01
2.047714165006877707e+01 3.649110547784358283e-01 2.222730920419098422e-01
2.323693887118518830e+01 4.461563832896797144e-01 4.588671211412334583e-01
