2.216981111215476830e+01 1.659914585349170224e+01
2.548737985564114439e+01 1.659893705988458379e+01
2.930140128932313104e+01 1.659866023113112732e+01
3.368616634510267716e+01 1.659829281356838138e+01
3.872708311200845799e+01 1.659780447506288326e+01
4.452234044680632508e+01 1.659715417740610022e+01
5.118482053317038094e+01 1.659628594002672841e+01
5.884429764295531129e+01 1.659512252338832994e+01
6.764996592786216922e+01 1.659355562441152898e+01
7.777334547876624526e+01 1.659142980472828910e+01
8.941162325801451516e+01 1.658851409091823825e+01
1.027914939806179717e+02 1.658444617594989978e+01
1.181735757584550868e+02 1.657860420247472533e+01
1.358574865170507451e+02 1.656972771979555148e+01
1.561876800652708823e+02 1.655407838077611871e+01
1.795601554950729621e+02 1.651802556842054770e+01
2.064301705995051748e+02 1.655159922869855649e+01
2.373211095537846234e+02 1.650017058386014668e+01
2.728346775874554169e+02 1.653982076061648954e+01
3.136626212232525290e+02 1.653051352005326180e+01
3.606002023738537900e+02 1.658897254776106323e+01
4.145616887500036682e+02 1.653570205987520936e+01
4.765981623079537712e+02 1.641919469946827093e+01
5.479179926158014950e+02 1.645183730795822186e+01
6.299103739265912054e+02 1.639510171270647376e+01
7.241723844220678075e+02 1.659587566260066183e+01
8.325400946971212761e+02 1.653216792131844315e+01
9.571243314275849343e+02 1.650243999915507587e+01
1.100351792839448080e+03 1.654661271475774598e+01
1.265012316841924758e+03 1.748859441550010274e+01
1.454313222530703342e+03 1.762312627460786629e+01
1.671941783545441922e+03 1.780348187030145368e+01
1.922137050160868966e+03 1.784968126266889499e+01
2.209772419088963034e+03 1.786567255717589831e+01
2.540450559317613624e+03 1.778404048107515578e+01
2.920612542986647441e+03 1.782881493518738125e+01
3.357663306993134029e+03 1.855427184772712224e+01
3.860115889113886169e+03 1.846869779356133634e+01
4.437757248130167682e+03 1.907150045754847056e+01
5.101838897860820907e+03 1.904521242494179845e+01
5.865296068344623563e+03 1.922222368778566448e+01
6.742999663075088392e+03 1.931915587476598972e+01
7.752045920004730760e+03 1.933389673148369781e+01
8.912089418443860268e+03 1.932560753800804321e+01
1.024572591828643090e+04 1.967549582233753114e+01
1.177893248864820998e+04 1.978705239184579057e+01
1.354157349890701335e+04 1.996196667946965064e+01
1.556798232802720122e+04 2.002528342805447537e+01
1.789763012291955602e+04 2.041027270623675705e+01
2.057589463216132208e+04 2.038134182066359301e+01
2.365494409070641996e+04 2.074104079509312726e+01
2.719475337222166854e+04 2.102475941772357260e+01
3.126427220204332843e+04 2.135378257321509210e+01
3.594276818564160203e+04 2.162834954822489308e+01
4.132137081260241393e+04 2.168662069006420978e+01
4.750484651081173797e+04 2.199483755498512849e+01
5.461363932600992121e+04 2.216576434001063944e+01
6.278621697583356581e+04 2.230570753025824970e+01
7.218176797566046298e+04 2.258991916761392815e+01
8.298330237188033061e+04 2.276272483203116082e+01
9.540121647983096773e+04 2.296965903393179431e+01
1.096773910616946669e+05 2.315084338022297317e+01
1.260899027701918094e+05 2.328260110548141526e+01
1.449584406293295324e+05 2.368900607580690121e+01
1.666505330564375327e+05 2.340140438053391136e+01
1.915887067177486315e+05 2.494925846319805274e+01
2.202587166603819060e+05 2.551604502210282277e+01
2.532190080303106515e+05 2.578704743716157566e+01
2.911115936751838308e+05 2.625906928152893371e+01
3.346745595100075006e+05 2.651457261531793108e+01
3.847564412298626848e+05 2.681418864318512618e+01
4.423327524046301842e+05 2.745742585000151337e+01
5.085249858961162390e+05 2.801977240125086510e+01
5.846224587142700329e+05 2.819513305507086187e+01
6.721074258147458313e+05 2.843009758179773172e+01
7.726839520137269283e+05 2.938154097723676017e+01
8.883111043979363749e+05 3.040202820707613185e+01
1.021241111763976165e+06 3.147937440238397144e+01
1.174063234370781342e+06 3.242716951611878784e+01
1.349754198516593082e+06 3.608037546473238422e+01
