2.217712401707445125e+01 1.640044200490832083e+01
2.551151241360457433e+01 1.640012680907683418e+01
2.934723479601830576e+01 1.639970710276246280e+01
3.375966803572733710e+01 1.639914706704148273e+01
3.883552211321595848e+01 1.639839767597309717e+01
4.467454408052780224e+01 1.639739106095412069e+01
5.139147821895340940e+01 1.639603181309122704e+01
5.911832091153506497e+01 1.639418296522664775e+01
6.800691454152959636e+01 1.639164212531316878e+01
7.823193139026550114e+01 1.638809790405244371e+01
8.999430617182001413e+01 1.638304284701956703e+01
1.035251846582308133e+02 1.637557712099327745e+01
1.190904659908000838e+02 1.636388330912160782e+01
1.369960279397418503e+02 1.634338662068181947e+01
1.575937377952352278e+02 1.629563426488857303e+01
1.812883670116146675e+02 1.622037923445221352e+01
2.085455454863358113e+02 1.647468216866013435e+01
2.399009117855146087e+02 1.646335214643607969e+01
2.759706391297251571e+02 1.644135400835046923e+01
3.174635439891961823e+02 1.644469827293953657e+01
3.651950152378538519e+02 1.641467270508374554e+01
4.201030375919796711e+02 1.634784632823093276e+01
4.832666242146308946e+02 1.630560378722768178e+01
5.559270207101779988e+02 1.635493464501146121e+01
6.395120971946855661e+02 1.633770417924761631e+01
7.356644077776476252e+02 1.643887697796013825e+01
8.462734688599327910e+02 1.641325061020493337e+01
9.735128905579546199e+02 1.633920225244481728e+01
1.119883090934240954e+03 1.626031944220466841e+01
1.288260432423898692e+03 1.669186526728142894e+01
1.481953746050856580e+03 1.686100708033509932e+01
1.704769354207345941e+03 1.678656640674853762e+01
1.961085869777744392e+03 1.747723926235946834e+01
2.255940241505639733e+03 1.781669915767147927e+01
2.595126736506089856e+03 1.787375176291118350e+01
2.985310805056585195e+03 1.787888373647274065e+01
3.434160065256096914e+03 1.782494720090128482e+01
3.950494981569004267e+03 1.832634757432050066e+01
4.544462198280808479e+03 1.830613988640345013e+01
5.227733934090681942e+03 1.825658042637947176e+01
6.013737356200698741e+03 1.864235288259418510e+01
6.917918441397179777e+03 1.866447435644394659e+01
7.958045509333356677e+03 1.866902403588904491e+01
9.154558392832141180e+03 1.883906771169043992e+01
1.053097010685400710e+04 1.890694022920506612e+01
1.211432890944106657e+04 1.899788228214400121e+01
1.393574983472831627e+04 1.927121015938858761e+01
1.603102614332852318e+04 1.962009759243260376e+01
1.844133270587608422e+04 1.967952067021600016e+01
2.121403514211994843e+04 1.927034582594595236e+01
2.440362061618804000e+04 2.049757661111420859e+01
2.807276857934558575e+04 2.088293328740264343e+01
3.229358250171790132e+04 2.102568334666901961e+01
3.714900679808803397e+04 2.111525179817926556e+01
4.273445679218083387e+04 2.127054269216535687e+01
4.915969375032556127e+04 2.148220395740953492e+01
5.655098183131647238e+04 2.148230577077061554e+01
6.505356933930671221e+04 2.143579600386339123e+01
7.483454303954160423e+04 2.270453827325753338e+01
8.608611162790175877e+04 2.280585862666320196e+01
9.902938287864977610e+04 2.318481591323739366e+01
1.139187086961851164e+05 2.342636033582756738e+01
1.310466834566547477e+05 2.332244869917999708e+01
1.507498938632523059e+05 2.454607831546732655e+01
1.734155333072475041e+05 2.491358000232920489e+01
1.994890107154352590e+05 2.512136678748759522e+01
2.294827034076300333e+05 2.568879609333557212e+01
2.639860259690965177e+05 2.593024132982570151e+01
3.036770130041942466e+05 2.634274780150274253e+01
3.493356433872196940e+05 2.718195345085704417e+01
4.018591678490894847e+05 2.771466096028808579e+01
4.622797411066320492e+05 2.794657074723451018e+01
5.317847050284713041e+05 2.852541615165221955e+01
6.117399214277636493e+05 2.902272413939289564e+01
7.037166130011404166e+05 2.917832969605947113e+01
8.095222398727730615e+05 3.016060220696773087e+01
9.312360185073090252e+05 3.115767856311565609e+01
1.071249780983950477e+06 3.266116072969235518e+01
1.232314977568873670e+06 3.374302514190826230e+01
1.417596746246919734e+06 3.596318666270957465e+01
