2.217562494463492584e+01 1.488176851950489699e+01
2.550656463528553530e+01 1.488135013664687101e+01
2.933783562439796810e+01 1.488079594146934959e+01
3.374459130154667719e+01 1.488006155243167861e+01
3.881327364045405659e+01 1.487908786049486132e+01
4.464330882619749730e+01 1.487779597050698044e+01
5.134905757792008529e+01 1.487608027287312851e+01
5.906205842415680252e+01 1.487379885165497129e+01
6.793360793438358769e+01 1.487076001810631354e+01
7.813772852005759262e+01 1.486670305868726238e+01
8.987458202089706560e+01 1.486127005861580130e+01
1.033743960365768118e+02 1.485396338868382671e+01
1.189019800219190302e+02 1.484407894582439269e+01
1.367619197323341211e+02 1.483059552002500325e+01
1.573045519126378906e+02 1.481197678001049312e+01
1.809328364274596765e+02 1.478576975127542070e+01
2.081102606354763225e+02 1.474754658459752577e+01
2.393699310579806081e+02 1.468122980300800151e+01
2.753250306820039555e+02 1.462412859205485560e+01
3.166808470262085393e+02 1.448938244862017655e+01
3.642486069095057815e+02 1.418704786779742477e+01
4.189613893022564071e+02 1.412122614842870405e+01
4.818924284031245406e+02 1.605210460760378055e+01
5.542761659708146453e+02 1.621167949226028426e+01
6.375324658687127339e+02 1.633550032371494254e+01
7.332944658097433148e+02 1.620245189294840316e+01
8.434406126352944284e+02 1.602824539695283335e+01
9.701315095253623895e+02 1.670431415186655855e+01
1.115852297926891652e+03 1.670097796739094065e+01
1.283461405555112378e+03 1.677209800854175015e+01
1.476246616698216940e+03 1.698130838901435169e+01
1.697989564688434939e+03 1.676013455513542283e+01
1.953039911609982710e+03 1.718661054523362353e+01
2.246400670337116026e+03 1.742192648182991377e+01
2.583826342561083948e+03 1.798617581254488229e+01
2.971935797860450293e+03 1.819159052786208974e+01
3.418342108026412461e+03 1.822548280193632309e+01
3.931801883445377371e+03 1.819727114647248811e+01
4.522387040889229866e+03 1.833299278633049312e+01
5.201682372073407350e+03 1.870488869169759738e+01
5.983012788445226761e+03 1.876609395611584929e+01
6.881704699787454956e+03 1.879071438515852321e+01
7.915386653783733891e+03 1.885802916492060533e+01
9.104335133827049503e+03 1.923792526815320869e+01
1.047187229816686522e+04 1.933059732619747706e+01
1.204482346236066587e+04 1.958399043786252491e+01
1.385404329890752524e+04 1.970191905753940986e+01
1.593502107588277795e+04 1.973120068010719308e+01
1.832857680680495832e+04 2.031899868858994651e+01
2.108166196726152702e+04 2.036309051046140439e+01
2.424828048497865166e+04 2.049211592389959335e+01
2.789054806927890604e+04 2.070051472779937640e+01
3.207991065950597840e+04 2.082533806169092827e+01
3.689854589323932305e+04 2.142796036623890643e+01
4.244097508519854455e+04 2.157130170081381948e+01
4.881591733706971718e+04 2.194164611929163300e+01
5.614842214807411801e+04 2.212396929441869631e+01
6.458232235911075259e+04 2.224929130997487547e+01
7.428305554689851124e+04 2.241298608966457095e+01
8.544090921198003343e+04 2.255921683759193286e+01
9.827475341749875224e+04 2.303656233576157319e+01
1.130363340973904851e+05 2.336806971302797464e+01
1.300152112506015983e+05 2.362880269541924605e+01
1.495444388878920872e+05 2.396280903008629082e+01
1.720070981478408794e+05 2.402607799043174808e+01
1.978438117342553451e+05 2.406332961855241948e+01
2.275613870765760075e+05 2.553966881559323099e+01
2.617427577556582983e+05 2.613714485375364305e+01
3.010584182038029539e+05 2.659494503295286805e+01
3.462795759796588682e+05 2.697980335379499195e+01
3.982932796102011926e+05 2.771780198757909730e+01
4.581198187442871858e+05 2.798451138449010855e+01
5.269327379354642471e+05 2.850336183053617845e+01
6.060818566401021089e+05 2.882947537152432105e+01
6.971197469861933496e+05 2.905203641465420006e+01
8.018321886950528715e+05 2.955489497425562462e+01
9.222731985531214159e+05 3.049508292387588781e+01
1.060805321564479033e+06 3.065889301136463629e+01
1.220145974126668181e+06 3.112598465432884609e+01
1.403420748287625611e+06 3.103864467337318800e+01
