2.217607682691213000e+01 1.623194632271528803e+01
2.550805605390710085e+01 1.623149288637396737e+01
2.934066871826701828e+01 1.623089076633096184e+01
3.374913552862574306e+01 1.623009024586854565e+01
3.881997918542403170e+01 1.622902423347921896e+01
4.465272251724901764e+01 1.622760159357590837e+01
5.136184176397205192e+01 1.622569742900753553e+01
5.907901334276425587e+01 1.622313851022607878e+01
6.795569819310527748e+01 1.621968060808782042e+01
7.816611442238992424e+01 1.621497152605534353e+01
8.991065659471168203e+01 1.620848701047747653e+01
1.034198287714375937e+02 1.619941033109631690e+01
1.189587684953305882e+02 1.618637983191219121e+01
1.368324505081168923e+02 1.616686901407443955e+01
1.573916723321761140e+02 1.613522361610403166e+01
1.810399391922721577e+02 1.607217469394474563e+01
2.082413834041282428e+02 1.596077978389967100e+01
2.395298736595918285e+02 1.611648161503101306e+01
2.755194929916251567e+02 1.600358910928624567e+01
3.169165910647252531e+02 1.639434260038867919e+01
3.645336473348519348e+02 1.628974425707479767e+01
4.193052171639401422e+02 1.630021813405542375e+01
4.823062738551476514e+02 1.633474875773467261e+01
5.547733065984895120e+02 1.619312213925111621e+01
6.381285884053335167e+02 1.645342372948316267e+01
7.340080903259744218e+02 1.677403493145234492e+01
8.442935898082087078e+02 1.681453617474001661e+01
9.711496033710766369e+02 1.678933448334296585e+01
1.117065868452280029e+03 1.675163565436474400e+01
1.284906208198540526e+03 1.696407735628330116e+01
1.477964738242899557e+03 1.689542227110535322e+01
1.700030518610333502e+03 1.698975819210209437e+01
1.955461919641237500e+03 1.743879682660772446e+01
2.249272161474331824e+03 1.746952813397648541e+01
2.587227705928230989e+03 1.783618376327484967e+01
2.975961431868297950e+03 1.784108969272589462e+01
3.423102815293244930e+03 1.781326239606694628e+01
3.937427669118767426e+03 1.835478100557881476e+01
4.529030381523591132e+03 1.875599476344474681e+01
5.209522033290970285e+03 1.883327452778481970e+01
5.992258282492321086e+03 1.890523954806385731e+01
6.892601489087950540e+03 1.920765470292277755e+01
7.928222224028989331e+03 1.923989181821500338e+01
9.119446080423917010e+03 1.917009706549979242e+01
1.048965259345322738e+04 1.935679383690305144e+01
1.206573409842729234e+04 1.965375784792421143e+01
1.387862353275753048e+04 1.966687224565814773e+01
1.596390154073740086e+04 1.989234164437353414e+01
1.836249479646507098e+04 2.040100780594846697e+01
2.112147925053112340e+04 2.048573496532542748e+01
2.429500406537885283e+04 2.047958117046724880e+01
2.794535437293922223e+04 2.061471276062419733e+01
3.214417371273549361e+04 2.106326971145221805e+01
3.697387014261867444e+04 2.132301474880516423e+01
4.252923361914257839e+04 2.157566469032101608e+01
4.891929639106755349e+04 2.175402231472651948e+01
5.626947291897524701e+04 2.206750631479626890e+01
6.472402132009066554e+04 2.225219949136436171e+01
7.444887464781747258e+04 2.241980212629909985e+01
8.563489757404764532e+04 2.281368680990481579e+01
9.850163239146579872e+04 2.311655975091361626e+01
1.133016078567005898e+05 2.330065365938858690e+01
1.303252954417612928e+05 2.385427423396255264e+01
1.499068102675465052e+05 2.426007090115642484e+01
1.724304686087001755e+05 2.477229659089585923e+01
1.983383306705759023e+05 2.518609197669125166e+01
2.281388766764962638e+05 2.563787622614703920e+01
2.624169865463880706e+05 2.581057202566555731e+01
3.018454190327909891e+05 2.616428166847024528e+01
3.471980156093108235e+05 2.669033887476835076e+01
3.993648882574149175e+05 2.695119612784259289e+01
4.593698892344140331e+05 2.801521243045275611e+01
5.283907056927408557e+05 2.855580208900942196e+01
6.077819735372338910e+05 2.881125545058258552e+01
6.991018641641668510e+05 2.931977652829348102e+01
8.041426658862101613e+05 2.980791780298715565e+01
9.249659602491522674e+05 3.109611265707561856e+01
1.063943083627776708e+06 3.122858188449349015e+01
1.223801668219735846e+06 3.396129468768502591e+01
1.407679175873453030e+06 3.728765583139034590e+01
