2.217162030183512655e+01 1.653404827051559423e+01
2.549334920910929014e+01 1.653289235370804988e+01
2.931273605852798170e+01 1.653134325414037420e+01
3.370433944120231473e+01 1.652925756590607520e+01
3.875388823819102413e+01 1.652643149886399243e+01
4.455995514162867011e+01 1.652256830750676286e+01
5.123588090103457660e+01 1.651722129955269480e+01
5.891198685818631020e+01 1.650968650970358809e+01
6.773811896164815494e+01 1.649878038465482177e+01
7.788657292288884548e+01 1.648231594838769354e+01
8.955545761622188650e+01 1.645561407011127741e+01
1.029725623797987737e+02 1.640572523718817521e+01
1.183998037115817681e+02 1.626371972699811863e+01
1.361383381646454325e+02 1.635052110320826557e+01
1.565344412510914651e+02 1.674077248775477500e+01
1.799862671171840418e+02 1.672897705740055585e+01
2.069516209459267770e+02 1.671153822633493036e+01
2.379568958128444933e+02 1.668402504034000344e+01
2.736073484521280648e+02 1.663404096812697475e+01
3.145989145272895371e+02 1.642819811126762630e+01
3.617317940532788043e+02 1.655515175828110941e+01
4.159260721722968697e+02 1.684945521309905203e+01
4.782396802178650432e+02 1.686995271965838583e+01
5.498890476866806694e+02 1.673819249416943933e+01
6.322728482672420114e+02 1.680906656087897488e+01
7.269993034735869060e+02 1.678927553383236670e+01
8.359175768808088378e+02 1.689009704296356063e+01
9.611538718120245903e+02 1.692615696553249904e+01
1.105152937142952851e+03 1.669268478610828410e+01
1.270725791462618645e+03 1.683848984524679082e+01
1.461104597217777837e+03 1.722071394159090119e+01
1.680005756044124837e+03 1.801954094351383517e+01
1.931702456973865537e+03 1.784479042025922624e+01
2.221108093739687774e+03 1.797139007775236053e+01
2.553872179571749257e+03 1.827735825514901435e+01
2.936490631848987960e+03 1.827756268437510911e+01
3.376432579481257562e+03 1.819578099340552768e+01
3.882286168440510664e+03 1.836698011999842350e+01
4.463926211723776760e+03 1.829525273248458461e+01
5.132706956457820525e+03 1.822742703461632630e+01
5.901683731169318889e+03 1.830809932170565446e+01
6.785867800016654655e+03 1.965172886981137879e+01
7.802519399015514864e+03 1.972168546312774495e+01
8.971484674644558254e+03 1.973561416652952616e+01
1.031558310223973604e+04 1.971042236876557752e+01
1.186105294700622471e+04 2.022857721160168509e+01
1.363806346353211848e+04 2.057799222716470311e+01
1.568130383249625083e+04 2.058288908216345803e+01
1.803066033125609465e+04 2.073017539291644340e+01
2.073199495742311774e+04 2.074298855714759071e+01
2.383804070500587841e+04 2.092977036615526032e+01
2.740943096988617253e+04 2.117532193549183717e+01
3.151588317974430902e+04 2.143190333844119522e+01
3.623755975417883747e+04 2.162646647033583491e+01
4.166663296244444064e+04 2.176958081523633481e+01
4.790908422653535672e+04 2.183351517980127809e+01
5.508677299397033494e+04 2.240138648806100719e+01
6.333981556692904269e+04 2.268526725552377599e+01
7.282932032507557597e+04 2.288497094198502779e+01
8.374053273659739352e+04 2.309696156534377565e+01
9.628645155150105711e+04 2.354615345671088633e+01
1.107119867691956169e+05 2.389348164248832873e+01
1.272987405484200281e+05 2.415273937306547580e+01
1.463705043880831799e+05 2.427143277897762275e+01
1.682995798899739748e+05 2.460001995403014874e+01
1.935140464915129414e+05 2.507934931808625123e+01
2.225061180426052306e+05 2.555758829721204251e+01
2.558417513560759835e+05 2.569639644269207324e+01
2.941716943010572577e+05 2.603619308264935128e+01
3.382441891101426445e+05 2.680849488897630195e+01
3.889195788827013457e+05 2.704828388930260274e+01
4.471871024192033219e+05 2.765713970920570119e+01
5.141842052400143584e+05 2.813475395776787735e+01
5.912187437607813627e+05 2.842353218066243414e+01
6.797945160740910796e+05 2.893437824086905152e+01
7.816406177260691766e+05 2.963187541428590066e+01
8.987451955446522916e+05 3.160612964339696518e+01
1.033394258431018912e+06 3.243570796306410386e+01
1.188216302743104985e+06 3.416493212911923649e+01
1.366233623407283565e+06 3.720607349628480875e+01
