1.073292560803226336e-03 3.343192046317438937e+00 1.927962499977282960e+02
1.230621281347868932e-03 3.343197843910907796e+00 1.681453204848680798e+02
1.411012051525735184e-03 3.343205467385729435e+00 1.466454619596281645e+02
1.617845424686806038e-03 3.343215492532913835e+00 1.278937631684051865e+02
1.854997493004965133e-03 3.343228677155249073e+00 1.115388136842938991e+02
2.126912526096762408e-03 3.343246018996733238e+00 9.727411833704994137e+01
2.438686257380945355e-03 3.343268832454656003e+00 8.483235333359392882e+01
2.796161378979116884e-03 3.343298850067609518e+00 7.398035638763731470e+01
3.206037034748037036e-03 3.343338357495255764e+00 6.451475695713580194e+01
3.675994363361370643e-03 3.343390373402893356e+00 5.625816464630065639e+01
4.214840444139333030e-03 3.343458890262610783e+00 4.905584427076502152e+01
4.832673343195291633e-03 3.343549198531567512e+00 4.277281516626985081e+01
5.541071352891837991e-03 3.343668326083528708e+00 3.729132020461283759e+01
6.353309970985521714e-03 3.343825639358310120e+00 3.250861681367872791e+01
7.284610685685921627e-03 3.344033675247874093e+00 2.833504816482070154e+01
8.352426228902861544e-03 3.344309309190846680e+00 2.469235767115288027e+01
9.576767643375517711e-03 3.344675425552202430e+00 2.151221402986217157e+01
1.098057929297646326e-02 3.345163360927648100e+00 1.873491716019141862e+01
1.259016884394671687e-02 3.345816578973304978e+00 1.630825725656979941e+01
1.443570027498241801e-02 3.346696388723412241e+00 1.418649911311136869e+01
1.655175915526502575e-02 3.347891219316870615e+00 1.232946025187149175e+01
1.897800078384026881e-02 3.349532445126109703e+00 1.070164013048636953e+01
2.175989333658685104e-02 3.351823138670780189e+00 9.271327831702439681e+00
2.494956994747388537e-02 3.355094662784262383e+00 8.009534033672490949e+00
2.860680569225305253e-02 3.359930570212685819e+00 6.888343685077952472e+00
3.280013778342413810e-02 3.367482460821056289e+00 5.877365381617701168e+00
3.760814996911578112e-02 3.380500468014517867e+00 4.932307439008351224e+00
4.312094520573232781e-02 3.409127718723096834e+00 3.923576077397793238e+00
4.944183420249980560e-02 3.414296036669666190e+00 3.328288541169805548e+00
5.668927148151931689e-02 3.167302464783791738e+00 4.420441999661512966e+00
6.499907523541904875e-02 3.163008154614645129e+00 3.786081706574039973e+00
7.452697258310994610e-02 3.155572243143629052e+00 3.209438220816489995e+00
8.545151792216591768e-02 3.140278973340455693e+00 2.659423929055009239e+00
9.797743906824260551e-02 3.080625354786304282e+00 1.941577216977391496e+00
1.123394738887497774e-01 3.169734154170385398e+00 2.030054918136384501e+00
1.288067693299371208e-01 3.511019867281675033e+00 2.172082050351090032e+00
1.476879252759003280e-01 3.117818774626172296e+00 1.822183697644891076e+00
1.693367777622728498e-01 3.351135950101735261e+00 1.644849743437683198e+00
1.941590299230005479e-01 3.310985026077026827e+00 1.919856856826945846e+00
2.226198549352545464e-01 3.256201073257614098e+00 2.112211020802564843e+00
2.552526134429496940e-01 3.298112124503816744e+00 1.758975190266901745e+00
2.926688488248494480e-01 3.295198851399372852e+00 1.402556221297140304e+00
3.355697476202605944e-01 3.031540409105062839e+00 1.298067086167423945e+00
3.847592798826231508e-01 3.186230817691435124e+00 1.207785577607605410e+00
4.411592657134287832e-01 3.521497308375284518e+00 1.342495133815495123e+00
5.058266503258452840e-01 2.750654204767340794e+00 9.184048918916092319e-01
5.799733113756441183e-01 3.178563548396381666e+00 1.029625872484262628e+00
6.649887697521401630e-01 2.745033609641708505e+00 9.072492033363386277e-01
7.624662294331829848e-01 2.609414280701459532e+00 7.434615932894617085e-01
8.742324343954599453e-01 2.503079178293921458e+00 6.834278629314500808e-01
1.002381902103623990e+00 2.593987335489741142e+00 7.185993095960497845e-01
1.149316175119591499e+00 2.571896734030504561e+00 6.934980631167281251e-01
1.317788826413760273e+00 2.524769605754676238e+00 6.284162415667311485e-01
1.510957061785245692e+00 2.524460872997780214e+00 5.277595433051702756e-01
1.732440886429165161e+00 2.496937455735669609e+00 5.731896358321262319e-01
1.986390944442375961e+00 2.373858652604212693e+00 4.941577358755350757e-01
2.277566302591417902e+00 2.345991937391521454e+00 5.043138792448538243e-01
2.611423636023540773e+00 2.357430191807786457e+00 4.735316432662130537e-01
2.994219487276017055e+00 2.103672007892285922e+00 4.488899567459016526e-01
3.433127514934781743e+00 1.921151448618684032e+00 3.800950499133788907e-01
3.936372929201957582e+00 1.888174882696598500e+00 3.517466564897813175e-01
4.513386633717376029e+00 1.900982992443981834e+00 3.798175001191956834e-01
5.174981962277778180e+00 1.992327474745398286e+00 4.094422816577043545e-01
5.933557322529467548e+00 1.922735971651247100e+00 4.319446834598398843e-01
6.803328544211306728e+00 2.011106761659241737e+00 4.754666758097372270e-01
7.800595286193175326e+00 1.757410567655574463e+00 4.038531796167686427e-01
8.944046494822526228e+00 1.631587371027701794e+00 4.068639343397955077e-01
1.025511063791985755e+01 1.551241975587467792e+00 3.768252627166399638e-01
1.175835727786696339e+01 1.381317986066002534e+00 3.814876982459891042e-01
1.348195750933520998e+01 1.409222207490194334e+00 3.861039654261225751e-01
1.545821189033415521e+01 1.311228365653116956e+00 3.285545201501581247e-01
1.772415576009711558e+01 1.059216995556979457e+00 3.354418480083938836e-01
2.032225328756265625e+01 1.071217129066147189e+00 3.512120287112498462e-01
2.330119325703715916e+01 9.081723325682168335e-01 3.309744222350786691e-01
2.671680150419543054e+01 8.776640888497975190e-01 3.214620095845672210e-01
3.063308710162336723e+01 9.390071401512870564e-01 3.451218632086512916e-01
3.512344189959588903e+01 7.479972718058832681e-01 4.955742929587003687e-01
4.027201590168536427e+01 6.404643363263181621e-01 4.345347211361832440e-01
4.617529424997089649e+01 4.797073777829061747e-01 5.705226182559093306e-01
5.294390537281660158e+01 5.067219845401025324e-01 5.122693811449589019e-01
