1.075525897168255621e-03 9.854097265129738048e+00 1.193962808207892010e+02
1.237986013790906732e-03 9.854103726451061362e+00 1.037269467762820767e+02
1.424986022537529182e-03 9.854112288994695490e+00 9.011373258105435013e+01
1.640232718146271982e-03 9.854123636907264228e+00 7.828679104172952918e+01
1.887992813351719538e-03 9.854138677643016209e+00 6.801168312309262376e+01
2.173177515502936440e-03 9.854158615380857356e+00 5.908473074614831688e+01
2.501439878631417455e-03 9.854185048809236847e+00 5.132897930588883639e+01
2.879286860723598296e-03 9.854220101860295955e+00 4.459068987024568997e+01
3.314208307445438376e-03 9.854266598740027305e+00 3.873629149814006212e+01
3.814825419090043905e-03 9.854328299408722458e+00 3.364973322630464736e+01
4.391061643724131214e-03 9.854410217669787642e+00 2.923018316963626617e+01
5.054339384050894959e-03 9.854519053856060751e+00 2.539002902561534469e+01
5.817806417197479707e-03 9.854663788578452710e+00 2.205314018138085075e+01
6.696596515617632764e-03 9.854856507293153101e+00 1.915335669718735900e+01
7.708129435249309880e-03 9.855113564237960588e+00 1.663317473950271008e+01
8.872456217421796631e-03 9.855457262475814773e+00 1.444260156579215248e+01
1.021265664923549574e-02 9.855918354823282712e+00 1.253815581444854388e+01
1.175529676104522352e-02 9.856539930324398568e+00 1.088199027572091637e+01
1.353095542975929141e-02 9.857383830822913140e+00 9.441113530448827618e+00
1.557483052651179728e-02 9.858542196299044491e+00 8.186681056402775880e+00
1.792743662402847271e-02 9.860160962393690554e+00 7.093306909476941868e+00
2.063540809394207032e-02 9.862497027509524727e+00 6.138282190050390774e+00
2.375242351339820063e-02 9.866099768428952643e+00 5.300331382788520784e+00
2.734026970493774744e-02 9.872704503759115013e+00 4.556134449294285460e+00
3.147006650151275287e-02 9.898368679307386842e+00 3.854835592439656899e+00
3.622367651445560638e-02 9.804805825250662465e+00 3.309484352600295054e+00
4.169532784942948933e-02 9.908434094113616197e+00 3.088613736876490989e+00
4.799348193653493744e-02 9.915123000108520657e+00 2.665018028901550373e+00
5.524298349950548109e-02 9.912428417075284770e+00 2.308618219831894081e+00
6.358753528160809854e-02 9.924832977140033208e+00 1.964993007475779763e+00
7.319254658333124164e-02 9.926379050225577316e+00 1.779069639710304074e+00
8.424841207680214272e-02 9.984481957919726369e+00 1.533387618444348899e+00
9.697428589100491603e-02 9.922063703175863836e+00 1.352507070362906072e+00
1.116224257793430319e-01 9.713216812114739085e+00 1.204503247514448150e+00
1.284831934815069410e-01 9.676879678343546232e+00 1.048007694639769616e+00
1.478908103989737821e-01 9.647145452231614016e+00 8.985320257344513450e-01
1.702299826756195622e-01 9.575932370172619557e+00 7.860975033791728350e-01
1.959435270086452574e-01 9.407505913438315659e+00 6.920366426434206852e-01
2.255411483519258742e-01 9.571192768940102624e+00 6.306269697812780795e-01
2.596095435072015567e-01 9.432110780278012641e+00 5.571135260304128645e-01
2.988240308808469692e-01 9.540249590429144888e+00 5.262989880121471398e-01
3.439619369362679757e-01 9.509933031789017832e+00 4.736335486075214929e-01
3.959180046939534403e-01 9.294009098916871991e+00 4.313617904846505091e-01
4.557221297131066051e-01 9.274881186486473084e+00 4.064737888841407076e-01
5.245597751251277474e-01 9.292560088063881452e+00 3.913598771850619884e-01
6.037954703945354051e-01 9.306576313955014612e+00 3.790714037413951409e-01
6.949998596098883041e-01 9.277436894620402441e+00 3.658121357349406466e-01
7.999808354675852495e-01 9.243058819874200083e+00 3.608962938402999199e-01
9.208193760997855914e-01 9.243229262583346539e+00 3.515317967671954258e-01
1.059910795119485050e+00 9.177939133693376661e+00 3.497362696091313450e-01
1.220012222558922277e+00 9.029896245602628824e+00 3.580523630044580852e-01
1.404297257888923234e+00 9.006007210200177582e+00 3.650238364936655988e-01
1.616418878474887855e+00 8.685480084217338970e+00 3.608489831565922512e-01
1.860581850467931897e+00 8.650187184142037466e+00 3.669948533359221887e-01
2.141626077491060709e+00 8.544163969750462329e+00 3.715974473532981937e-01
2.465122539293949977e+00 8.403689259483378748e+00 3.839096676946201492e-01
2.837483722113677942e+00 8.249650868484589950e+00 4.022444167132320225e-01
3.266090729739591580e+00 8.112811352450341573e+00 4.141966251998576154e-01
3.759439594932604933e+00 7.733878649640708147e+00 4.281478567128544355e-01
4.327309691446904694e+00 7.220651002095445747e+00 4.353647633485817070e-01
4.980957584989734066e+00 7.057437740501380397e+00 4.643418194425559808e-01
5.733340165716493075e+00 6.673749102499791697e+00 4.702561695531966013e-01
6.599371485289562855e+00 6.333882811631329268e+00 4.769355651613045866e-01
7.596218389635759571e+00 5.812789620348418396e+00 4.593623946761537513e-01
8.743640807562245598e+00 5.481569191269080932e+00 4.658157009931252479e-01
1.006438344057846557e+01 5.146361864678799414e+00 5.125055054699889645e-01
1.158462661816852091e+01 4.521349275229260556e+00 5.055550575643641409e-01
1.333450525556138544e+01 4.120022386182020213e+00 5.219625893302239916e-01
1.534870620100357286e+01 4.032548705582009063e+00 5.386845551875333316e-01
1.766715581340911712e+01 3.664126246371282480e+00 5.199058279417483330e-01
2.033581139984729447e+01 3.319066972561673268e+00 5.611655483379488496e-01
2.340757220108310932e+01 3.024539128182933467e+00 5.617144132294906722e-01
2.694332798311818067e+01 3.077630141139814146e+00 6.790030633959457385e-01
3.101316602036531833e+01 2.380699381306703444e+00 6.232724682963866059e-01
3.569776039579762283e+01 2.012342303659834464e+00 5.415790486240579238e-01
4.108997115737774664e+01 2.107064669571747650e+00 6.241577602406767067e-01
4.729668502993514778e+01 1.565851402237901979e+00 6.357796590867291764e-01
5.444093416987566769e+01 1.385494651509334041e+00 6.821228635353668857e-01
6.266433496159127969e+01 1.215276696930098321e+00 9.196808037722592477e-01
7.212989519844379060e+01 5.355342696975060601e-01 5.381155144951343949e-01