22.04614071369015 18.084493426116175
25.08083869317252 18.084492377121833
28.533269279294558 18.084491020949105
32.46093425043083 18.084489265395227
36.929250626580995 18.084486991543876
42.01264021914996 18.08448404983247
47.79576915956365 18.08448024088782
54.374958051625114 18.08447530880668
61.85978623433002 18.08446892359939
70.37491687485793 18.08446065463178
80.06217328948074 18.084449945371873
91.08290107444309 18.084436071998258
103.62065538916363 18.08441809503651
117.88425814966243 18.084394792792562
134.1112760511407 18.0843645735506
152.57197734773862 18.084325360635113
173.57383329140936 18.084274437102543
197.4666392033917 18.08420823695397
224.64834047202166 18.084122058608383
255.57166051148633 18.084009665748727
290.7516410731429 18.08386271731702
330.774220496667 18.08366992445766
376.30599277564716 18.083415737277893
428.1053099792349 18.083078119980982
487.0349129456581 18.08262416742462
554.0763006174586 18.081998346560848
630.3460773461686 18.081053077804768
717.1145504381136 18.080027801432458
815.8268876917978 18.079158947714838
928.1271873151367 18.077023921182928
1055.885861117798 18.07371111476302
1201.230787057983 18.06781186831309
1366.582750003279 18.055340166718818
1554.6957609873339 18.024891430524292
1768.7029264976354 18.103145779557252
2012.1686317679396 18.100865022678253
2289.147907211469 18.096868271730294
2604.2539667694164 18.088478367604857
2962.7350430562283 18.089836677139765
3370.5617990254113 18.084627352320364
3834.5267720363618 18.081141906398422
4362.357506607684 18.075764432547103
4962.845260133693 18.064647566046787
5645.991425215506 18.058063751828456
6423.174107336219 18.0709262637291
7307.337632306027 18.059452385501853
8313.20813980869 18.013862012206374
9457.538853856422 18.022642477663037
10759.389115242611 18.113057414576986
12240.441823402807 18.106184889218433
13925.364574820478 18.056582010395374
15842.220512899521 17.93950569772913
18022.935732192134 18.107306134903617
20503.831021808986 18.21298523190425
23326.226804436497 18.215424131451552
26537.131346491475 18.279510040974454
30190.023701861744 18.284946190783018
34345.7444295115 18.2964133835799
39073.508920252185 18.407678336440796
44452.06021009052 18.412762811994305
50570.98048077633 18.47988520175252
57532.18309117948 18.518681925470037
65451.60998994707 18.6776264346909
74461.16278060935 18.84529962144201
84710.89960188903 18.949381811077224
96371.53441323953 19.155763398575132
109637.2803123331 19.459804414992544
124729.08424122536 19.805172189936073
141898.30695667703 20.12657300756817
161430.9095561875 20.70108831596303
183652.2162882067 21.04501230715669
208932.3329732641 21.455546589479717
237692.31128224643 21.82849066006935
270411.16154064116 22.436329716339742
307633.83086014196 23.112463194477463
349980.2794769724 24.096574445854067
398155.8064674136 24.937011515146732
452962.7968199486 25.99317173411295
515314.08551677625 27.667148929723897
586248.1612094651 30.592652229130433