22.047431080400745 18.084710385210244
25.085065198174945 18.084696123092037
28.541216149035797 18.084677651287585
32.473546025515134 18.084653729648885
36.94766144388262 18.084622742050442
42.038208118668635 18.084582594911847
47.83011624463968 18.084530570499552
54.420017464060244 18.084463134315083
61.917857059787536 18.084375685163028
70.44872827187517 18.084262226914085
80.15495934124841 18.0841149264778
91.19848810048896 18.08392352456398
103.76356372917459 18.083674538985424
118.05982074960238 18.08335017099269
134.32577654914667 18.082926789490966
152.8328107815805 18.08237278139439
173.88969303931242 18.081645443107043
197.84773433579056 18.080686352423562
225.10664834491413 18.07941424949368
256.1212201858109 18.077713631903467
291.40889401435004 18.07541556222455
331.5584060120419 18.07226334957957
377.2396068042885 18.067846290803097
429.2146371842723 18.061458191489322
488.3506435971938 18.051749567742444
555.6342455287826 18.035659896532184
632.1879961706136 18.00280727703034
719.2891109903929 17.924245506983773
818.3907766728955 17.990981115353165
931.1463959478884 18.190263652208102
1059.437172803437 18.182799791327707
1205.403498313659 18.180336499921122
1371.4806607190756 18.18905002097887
1560.4394755431395 18.18768916156511
1775.43251361392 18.190993322190067
2020.0466982548464 18.178995832310612
2298.363149171019 18.210780695274895
2615.0252714607736 18.196814744160935
2975.31622574308 18.195616411246135
3385.2470719049575 18.212350247341163
3851.657057050801 18.22927134922116
4382.327720848182 18.22588058137116
4986.1127219928185 18.20539520296709
5673.085551805061 18.203894811976106
6454.707599397453 18.231203812985296
7344.019372396525 18.22994105222031
8355.85806352719 18.246861462334827
9507.105092919766 18.231715837317502
10816.967756111862 18.221709773408662
12307.299676733595 18.202153804128923
14002.965410277986 18.185011842600897
15932.255281971244 18.250602266033248
18127.357379858124 18.21668436238565
20624.894577790117 18.17674959300402
23466.53554795671 18.281556913011215
26699.689957034414 18.303335934541238
30378.299444539694 18.33882193399559
34563.73757999332 18.33532376114999
39325.83381369535 18.37506182708914
44744.03850460793 18.389767344310584
50908.7484625596 18.34728902775622
57922.81511999098 18.584545800573515
65903.2604954353 18.760213798720066
74983.22957770429 18.900555013080805
85314.21170417115 19.059729053615634
97068.56799441387 19.273172188587704
110442.40700668012 19.491150208103587
125658.85659435233 19.71106360326541
142971.78654975293 20.044746298036188
162670.04414352443 20.411075533843032
185082.27322491916 20.838185426279683
210582.39728440676 21.263438557775125
239595.85795749343 21.801540529383654
272606.71305235534 22.317993594848836
310165.7125241008 23.11822922381012
352899.4871344451 23.860086230880967
401521.0030995202 24.53870615189261
456841.457150163 25.52270250687413
519783.81046073267 27.204393956556768
591398.1872452364 30.15422584969296