1.068432273860618230e-03 7.297204831578317119e+00 9.003302250675332061e+02
1.214662773793324588e-03 7.297205101599369748e+00 7.919409195220162019e+02
1.380907044962371294e-03 7.297205449708323854e+00 6.966002755581005204e+02
1.569904263116216319e-03 7.297205899774731996e+00 6.127373842662294692e+02
1.784768500053259162e-03 7.297206482169827702e+00 5.389704521767890810e+02
2.029040033600158430e-03 7.297207234089969852e+00 4.740840353160534733e+02
2.306743680107127721e-03 7.297208206364551586e+00 4.170090123169675280e+02
2.622455110593811117e-03 7.297209462519370859e+00 3.668049686276884245e+02
2.981376243224478743e-03 7.297211086550080772e+00 3.226447016906065528e+02
3.389420954340238105e-03 7.297213185623482090e+00 2.838005909043258725e+02
3.853312520292898405e-03 7.297215898459712413e+00 2.496326090106241509e+02
4.380694395611364061e-03 7.297219405420452887e+00 2.195777765033008961e+02
4.980256152771670927e-03 7.297223938364298945e+00 1.931408852438186443e+02
5.661876658656674055e-03 7.297229797790957484e+00 1.698863392366932317e+02
6.436786846797146189e-03 7.297237372452880955e+00 1.494309772226871758e+02
7.317754767362044666e-03 7.297247164772649342e+00 1.314377593522442851e+02
8.319295963931981966e-03 7.297259824931590089e+00 1.156102137446346489e+02
9.457912643394645463e-03 7.297276194449420217e+00 1.016875514336399391e+02
1.075236557971981713e-02 7.297297362701420376e+00 8.944036916197794085e+01
1.222398323172156458e-02 7.297324740685163569e+00 7.866686921667401577e+01
1.389701316808312354e-02 7.297360157257443802e+00 6.918953395771009696e+01
1.579902159000888887e-02 7.297405984782572297e+00 6.085220015561506557e+01
1.796134753436351428e-02 7.297465304036582445e+00 5.351748481884171582e+01
2.041961924111813237e-02 7.297542121446245922e+00 4.706451990474143088e+01
2.321434119319363415e-02 7.297641656971283197e+00 4.138695828637024476e+01
2.639156150124656597e-02 7.297770728411311580e+00 3.639121764732911402e+01
3.000363062977188036e-02 7.297938269615456441e+00 3.199493259347467244e+01
3.411006396591065304e-02 7.298156038084644415e+00 2.812558818218927570e+01
3.877852244334748649e-02 7.298439598001266404e+00 2.471931013269388089e+01
4.408592737885407009e-02 7.298809716706622375e+00 2.171978780500747419e+01
5.011972789043221688e-02 7.299294408925775635e+00 1.907730477032223249e+01
5.697934178006769379e-02 7.299932051171666103e+00 1.674784631005056568e+01
6.477779362225044579e-02 7.300776389122618504e+00 1.469223807460456399e+01
7.364357704873938926e-02 7.301905198043437295e+00 1.287523016968756018e+01
8.372277191408916686e-02 7.303436839229379807e+00 1.126432762854003578e+01
9.518145122607926667e-02 7.305566688196631908e+00 9.827798709058484405e+00
1.082084174995875947e-01 7.308665753180997982e+00 8.529786405100924895e+00
1.230183136202993854e-01 7.313658050236228725e+00 7.311445201730202292e+00
1.398551594753709715e-01 7.325692085887640204e+00 5.891999185463129507e+00
1.589963726234490671e-01 7.314410600259362738e+00 5.834065840283138016e+00
1.807573392518746214e-01 7.299643619205804512e+00 5.868556118296287316e+00
2.054966107358766614e-01 7.307283484999232748e+00 5.149131578143504306e+00
2.336218114224895281e-01 7.318443326947730476e+00 4.512802312193031185e+00
2.655963549806445445e-01 7.336071652703282986e+00 3.947117930246776485e+00
3.019470799814796269e-01 7.369950740427047009e+00 3.435890015907564266e+00
3.432729305188930713e-01 7.461806009898933389e+00 2.940496285171810165e+00
3.902548248993049640e-01 7.260856224981307783e+00 2.586111456434518896e+00
4.436668750051788734e-01 7.361613916017121895e+00 2.416710175236882474e+00
5.043891411916570089e-01 7.555188089552994590e+00 2.095440777850724690e+00
5.734221328763564607e-01 7.157631543767498883e+00 1.811195071575772975e+00
6.519032937458260069e-01 7.225598472139187045e+00 1.601024424121273437e+00
7.411257432023332647e-01 7.390549778326317210e+00 1.378284695247357750e+00
8.425595828502863149e-01 7.239075384537864366e+00 1.277580587248601685e+00
9.578761190852844720e-01 7.093811026601057890e+00 1.138912847420640029e+00
1.088975400896865731e+00 6.799734028297148569e+00 9.788084718205543044e-01
1.238017526620168063e+00 6.953852860686352777e+00 8.382443298033546153e-01
1.407458235472001107e+00 6.880898498450394030e+00 7.632597744378110116e-01
1.600089370306406966e+00 6.712614787803753202e+00 6.646585974888483683e-01
1.819084878286952645e+00 6.681911616340411086e+00 6.020246840305707448e-01
2.068053107420237069e+00 6.553801048273208529e+00 5.247099862446261698e-01
2.351096260630806789e+00 6.563120677497344957e+00 4.861197675860138290e-01
2.672877986991133437e+00 6.483447273517651155e+00 4.489734150466753726e-01
3.038700223794725375e+00 6.385253819061704306e+00 4.081753247133092510e-01
3.454590555584812428e+00 6.198279349025750840e+00 3.601051048325121795e-01
3.927401529536983293e+00 6.133257858021407216e+00 3.429557861904770077e-01
4.464923563596757461e+00 6.022242365719834289e+00 3.275669673728053288e-01
5.076013307738321600e+00 5.887723928412411212e+00 3.133397493850390014e-01
5.770739573328906857e+00 5.751954082708696347e+00 3.047425097073575562e-01
6.560549235049612626e+00 5.607670325911136011e+00 2.959109453121984146e-01
7.458455838907582347e+00 5.252920395989949753e+00 2.964809778909755500e-01
8.479254023998489487e+00 5.039677234224469338e+00 3.043342518531712559e-01
9.639763291006525847e+00 4.735646313236598459e+00 3.067051881142757730e-01
1.095910513396991171e+01 4.437291701946691092e+00 3.170982587413095355e-01
1.245901810156018641e+01 4.003327083607595149e+00 3.208641912005407715e-01
1.416421597908093233e+01 3.477750918268092128e+00 3.181691513471208710e-01
1.610279499288375504e+01 3.189263924310121290e+00 3.529306981000077670e-01
1.830669674663258206e+01 2.983383865148805825e+00 4.074973484661640888e-01
2.081223451713030315e+01 2.474575871317653775e+00 4.734089233782045603e-01
2.366069158138564887e+01 2.067525035981484294e+00 5.462184592942443961e-01
2.689900143344365802e+01 1.383005141194659338e+00 6.698334179839596780e-01
