1.068657160588551988e-03 7.128086963418171607e+00 1.006802667810650064e+03
1.215399093165819497e-03 7.128087467023631163e+00 8.852456737243769567e+02
1.382290794603150200e-03 7.128088115652654544e+00 7.783649247221321730e+02
1.572099116733440601e-03 7.128088955186971276e+00 6.843884745464503112e+02
1.787970839770817392e-03 7.128090040531241733e+00 6.017583135784884689e+02
2.033484841918402515e-03 7.128091445401310899e+00 5.291045391731107657e+02
2.312711432610355805e-03 7.128093262120484219e+00 4.652226439970525576e+02
2.630279833057773062e-03 7.128095612101233769e+00 4.090535475958232610e+02
2.991454922839927033e-03 7.128098651983730605e+00 3.596660380418302907e+02
3.402224524901595847e-03 7.128102584093311656e+00 3.162413332737150995e+02
3.869398676030548836e-03 7.128107670408947882e+00 2.780595069742194028e+02
4.400722528593265653e-03 7.128114250168270161e+00 2.444875531385190754e+02
5.005004755295838423e-03 7.128122761573036925e+00 2.149688914846056207e+02
5.692263585757460255e-03 7.128133772455329975e+00 1.890141402220628208e+02
6.473892895996886249e-03 7.128148016846063584e+00 1.661930026033777494e+02
7.362851104383970335e-03 7.128166445858955313e+00 1.461271332454238063e+02
8.373876005710545467e-03 7.128190289453820050e+00 1.284838655399881304e+02
9.523729105055920435e-03 7.128221141452180554e+00 1.129706965644480476e+02
1.083147350219129321e-02 7.128261065622033321e+00 9.933043767902015020e+01
1.231878993349247095e-02 7.128312736413072059e+00 8.733695068770069270e+01
1.401033621093332460e-02 7.128379621226743623e+00 7.679139874048313175e+01
1.593415601720062080e-02 7.128466218507009344e+00 6.751894984906773800e+01
1.812214383423257913e-02 7.128578369686842997e+00 5.936587837560963266e+01
2.061057371310405506e-02 7.128723668543131886e+00 5.219701641439105799e+01
2.344070065158958965e-02 7.128912001622327743e+00 4.589351282525518627e+01
2.665944454947829362e-02 7.129156265118555602e+00 4.035086274863572697e+01
3.032016808074853437e-02 7.129473322732420293e+00 3.547717492106477266e+01
3.448356137873219429e-02 7.129885297136759448e+00 3.119164804437124872e+01
3.921864820122177714e-02 7.130421330859193496e+00 2.742323091441916105e+01
4.460393025645616877e-02 7.131120021230771044e+00 2.410944404155763365e+01
5.072868866145230360e-02 7.132032846631110701e+00 2.119534313930694935e+01
5.769446410920424373e-02 7.133229092018289919e+00 1.863260715100964049e+01
6.561674028403637060e-02 7.134803117945319073e+00 1.637873544654613411e+01
7.462685843399310959e-02 7.136885435180862380e+00 1.439634043628644022e+01
8.487419484143667037e-02 7.139660241868523549e+00 1.265252305176073122e+01
9.652863729154173567e-02 7.143394529009244209e+00 1.111831912028217673e+01
1.097834015953806364e-01 7.148489247157833404e+00 9.768204044632922134e+00
1.248582348619636517e-01 7.155575957626322925e+00 8.579639741233398453e+00
1.420030586254054650e-01 7.165717079164120484e+00 7.532636207873181888e+00
1.615021122256253827e-01 7.180875756732815418e+00 6.609260471954515381e+00
1.836786651345556076e-01 7.205236046949350381e+00 5.792863172005718653e+00
2.089003763522235546e-01 7.250193063148657302e+00 5.065849413659686107e+00
2.375853897246704149e-01 7.371817970156950395e+00 4.392452366247775686e+00
2.702092662363110298e-01 7.340682142560159384e+00 3.862510568494589069e+00
3.073128682053134497e-01 6.921712363252139788e+00 3.482374156763580864e+00
3.495113260919146536e-01 6.926299282744325936e+00 3.041946692012924114e+00
3.975042365779348774e-01 6.931894271485698589e+00 2.647560316804239200e+00
4.520872609886567028e-01 6.935682963344952157e+00 2.283681691359761956e+00
5.141653163441303187e-01 6.954958850429413530e+00 1.954316250679333011e+00
5.847675777307350664e-01 6.986846189356268333e+00 1.690098425929342785e+00
6.650645407132096398e-01 7.181395451430890198e+00 1.547931784675685485e+00
7.563874266602059748e-01 7.059036934740987590e+00 1.421136266817258464e+00
8.602502526989486142e-01 6.722510339756026632e+00 1.249745917704524922e+00
9.783749321907362351e-01 6.928541213101499174e+00 1.129089260940358885e+00
1.112719821861201108e+00 6.853113131291164173e+00 9.941484773319324564e-01
1.265512188860379306e+00 6.829709130812708473e+00 8.751141804484882103e-01
1.439285136015093114e+00 6.768468388611355024e+00 8.136013407531610397e-01
1.636919597447300312e+00 6.638664798314847459e+00 6.983329028042032371e-01
1.861692100792272431e+00 6.526727722791478392e+00 6.138532905234872494e-01
2.117329087853338621e+00 6.636876101450146948e+00 5.635532013526971529e-01
2.408068694260456333e+00 6.477247765555507186e+00 5.101310060066966967e-01
2.738731012360664518e+00 6.335095095412651034e+00 4.492603223476250296e-01
3.114798002209648420e+00 6.170407073538014764e+00 4.132095730757685548e-01
3.542504375486863921e+00 6.164821156006966341e+00 3.843257702358349737e-01
4.028940959073763040e+00 6.076953078491579063e+00 3.549674779083122900e-01
4.582172251931604379e+00 5.946675651285632469e+00 3.399212418720160001e-01
5.211370124222147737e+00 5.798288361060956575e+00 3.136993305900547813e-01
5.926965875232347969e+00 5.609757405296245558e+00 3.060582347943606729e-01
6.740823171029737715e+00 5.352383090738396021e+00 3.010821591814814013e-01
7.666434728934574672e+00 5.066882922643022091e+00 2.965069269028747234e-01
8.719146009586790314e+00 4.737924497083283448e+00 2.881986943007869284e-01
9.916409625137251993e+00 4.534549118391060674e+00 3.023327174542544959e-01
1.127807468132707136e+01 4.222171854874682495e+00 2.982523222703072352e-01
1.282671585037817863e+01 3.860944348244384372e+00 3.150874769872404890e-01
1.458800763030444259e+01 3.445612614405678897e+00 3.378188912739128469e-01
1.659114999538608970e+01 3.141581629148254784e+00 3.887030242729960228e-01
1.886935249455004282e+01 2.797097027610503162e+00 4.684641606955468052e-01
2.146038482339065112e+01 2.285433543377808352e+00 4.703505288414667196e-01
2.440720299761393619e+01 1.952529423281428533e+00 6.732055909066224642e-01
2.775866150906305307e+01 1.081412229778359935e+00 9.115568829186077027e-01
