1.067873044279984626e-03 8.774287493694796325e+00 1.056035158212840315e+03
1.212832633119619724e-03 8.774296072958625459e+00 9.298159703158307821e+02
1.377469919143495345e-03 8.774307136765123971e+00 8.186826531212328746e+02
1.564456072776241290e-03 8.774321414612849424e+00 7.208321174348568547e+02
1.776824865379506967e-03 8.774339828815696407e+00 6.346767776375750145e+02
2.018021890910868133e-03 8.774363582055828559e+00 5.588188002501040046e+02
2.291960469230410607e-03 8.774394226521108564e+00 4.920274222342169423e+02
2.603085138062510417e-03 8.774433757033680337e+00 4.332189810027792873e+02
2.956443763743083972e-03 8.774484754192364733e+00 3.814393346708135937e+02
3.357769440718721965e-03 8.774550546731397560e+00 3.358483803499045166e+02
3.813573508582482341e-03 8.774635429371782536e+00 2.957064238862355978e+02
4.331251195808471371e-03 8.774744947668724038e+00 2.603621789080933695e+02
4.919201604210160853e-03 8.774886262262199921e+00 2.292421998711043898e+02
5.586963980819613373e-03 8.775068620260821461e+00 2.018415779857138261e+02
6.345372488141308789e-03 8.775303970791814123e+00 1.777157494479856439e+02
7.206731983862531450e-03 8.775607758953960058e+00 1.564732823889176814e+02
8.185017661971898464e-03 8.775999963109974544e+00 1.377695260687043799e+02
9.296101794378848482e-03 8.776506444741769997e+00 1.213010189181844112e+02
1.055801125182108391e-02 8.777160715714495964e+00 1.068005648616102974e+02
1.199121998222793528e-02 8.778006259153416480e+00 9.403289794513496247e+01
1.361898119187752304e-02 8.779099592600424273e+00 8.279086489500230073e+01
1.546770461884668102e-02 8.780514338051753853e+00 7.289206363651148024e+01
1.756738501985607992e-02 8.782346672370257679e+00 6.417588311985211647e+01
1.995208882252853810e-02 8.784722701630759190e+00 5.650089629919926892e+01
2.266050683878786942e-02 8.787808565531856075e+00 4.974256373616514537e+01
2.573658200693975523e-02 8.791824502378092987e+00 4.379121019945846172e+01
2.923022234728469421e-02 8.797064810702266868e+00 3.855024080569638301e+01
3.319811069866679398e-02 8.803926861994199271e+00 3.393456667628466761e+01
3.770462437359167751e-02 8.812954508265502085e+00 2.986921259845255250e+01
4.282287965292962129e-02 8.824905355571745602e+00 2.628808038075658970e+01
4.863591806668909195e-02 8.840859592410945211e+00 2.313284038237599205e+01
5.523805370776527224e-02 8.862405547664225836e+00 2.035191725565798038e+01
6.273640343825991061e-02 8.891977514796677085e+00 1.789951620906960983e+01
7.125262481532389225e-02 8.933524713814618323e+00 1.573457742610348831e+01
8.092488993363508576e-02 8.993993712141797658e+00 1.381935301053067811e+01
9.191012720927205226e-02 9.087188123598837208e+00 1.211652769953397879e+01
1.043865674769799412e-01 9.246804659613134802e+00 1.057951396475494654e+01
1.185566357101812129e-01 9.603818139219523431e+00 9.082525975240962168e+00
1.346502352806674407e-01 9.732977387635855848e+00 7.886517981882437134e+00
1.529284780436976354e-01 7.608158303369743969e+00 7.160907419293950582e+00
1.736879207675587344e-01 7.653213092809495244e+00 6.281690748168791139e+00
1.972653766418686894e-01 7.741873383610412773e+00 5.490928193156789483e+00
2.240433799293113926e-01 8.147507252550155954e+00 4.638779125380718682e+00
2.544563924224704232e-01 7.259872509838801946e+00 4.323083915009426015e+00
2.889978524029014340e-01 7.285678478920585732e+00 3.786958627296529656e+00
3.282281804688264581e-01 7.329830716081453090e+00 3.305525601484116560e+00
3.727838721226252039e-01 7.433301093340774379e+00 2.845646351907131777e+00
4.233878246415113678e-01 7.446609180550066043e+00 2.517724187105242706e+00
4.808610657805106881e-01 7.260098185329838749e+00 2.191597276547304851e+00
5.461360746009931155e-01 7.307040135955948479e+00 2.025508210275586141e+00
6.202719105495733132e-01 6.987598233383248036e+00 1.798600347000312683e+00
7.044713962502966442e-01 6.740379701188894401e+00 1.527819365637155924e+00
8.001006327936547313e-01 6.875219630367030987e+00 1.358547691063445306e+00
9.087111641497491732e-01 6.921223012277558873e+00 1.210358442502111442e+00
1.032065150313853374e+00 6.990253735831130300e+00 1.061352836947440759e+00
1.172163957608015838e+00 6.951854903809530306e+00 9.385118744024936177e-01
1.331280630004277654e+00 6.825635581430854693e+00 8.141937610536951198e-01
1.511996768303009997e+00 6.744144148565111685e+00 7.335299046036769521e-01
1.717244415515456923e+00 6.518366072163293445e+00 6.539995317049189794e-01
1.950353628023129948e+00 6.479179458871788810e+00 5.714824336833698171e-01
2.215106504336015192e+00 6.342644243340801680e+00 5.150806869705710778e-01
2.515798548043374883e+00 6.348510939047404378e+00 4.718516919795398001e-01
2.857308360545111725e+00 6.269672879112268227e+00 4.197851480745233843e-01
3.245176794298809231e+00 6.354789143250582306e+00 4.055936836892040653e-01
3.685696850810452840e+00 6.172377656098754883e+00 3.704456942116875484e-01
4.186015781925768842e+00 6.048725471705428625e+00 3.440645085003632975e-01
4.754251050972490233e+00 5.874425589731817610e+00 3.261424222708075304e-01
5.399622035174127532e+00 5.682020465097759931e+00 3.086438059349080332e-01
6.132599606151236671e+00 5.495771702084359944e+00 2.992815648814018403e-01
6.965076015390671671e+00 5.175579176490526123e+00 2.950013349066412660e-01
7.910557841002807677e+00 4.932592612044611968e+00 2.899674279943743049e-01
8.984385126246333897e+00 4.673956482440039473e+00 2.962427245627636263e-01
1.020398026525064239e+01 4.630169926850095763e+00 3.153322692851269204e-01
1.158913067400153452e+01 4.228605582754218162e+00 3.185013010498884412e-01
1.316230983280760469e+01 3.831376918154806077e+00 3.221699690083751899e-01
1.494904190902564345e+01 3.513131829663410866e+00 3.554526706116928891e-01
1.697831587589491420e+01 3.164168796299723585e+00 3.918304462798670174e-01
1.928305584638328085e+01 2.692421241011944577e+00 5.134841714537471402e-01
2.190065525301325877e+01 2.193571057273680402e+00 5.630411188232450348e-01
2.487358354051013976e+01 1.796651109947261293e+00 5.594561655831065128e-01