2.199029246604491306e+01 1.444087427039808524e+01
2.489822112008862831e+01 1.444039000530680639e+01
2.819068531726190230e+01 1.443976561734320541e+01
3.191853485531486356e+01 1.443895915870717772e+01
3.613934375288550882e+01 1.443791512150340850e+01
4.091829943979242046e+01 1.443655929348276601e+01
4.632920953111752027e+01 1.443479103489490001e+01
5.245564173399774432e+01 1.443247110522786159e+01
5.939221449218526061e+01 1.442940117828326763e+01
6.724605830147582708e+01 1.442528614351239291e+01
7.613847026499557558e+01 1.441965543326457144e+01
8.620678744179099340e+01 1.441166546265552384e+01
9.760650792127616171e+01 1.439943059525545976e+01
1.105136923820416541e+02 1.437579657019387902e+01
1.251276832254162628e+02 1.434966190792215102e+01
1.416741832788889894e+02 1.439687930980839070e+01
1.604087416178040257e+02 1.437249397175962073e+01
1.816207003413980487e+02 1.430986564544075534e+01
2.056376632583640571e+02 1.433027570043902088e+01
2.328305554976521705e+02 1.427316618386356772e+01
2.636193521866445053e+02 1.430607482910447104e+01
2.984795646721157709e+02 1.435025046693073136e+01
3.379495844591081095e+02 1.444499435305157498e+01
3.826389982896988613e+02 1.435198607577830998e+01
4.332380027822171655e+02 1.431817696964758468e+01
4.905280640333973565e+02 1.404247518477070855e+01
5.553939868135438473e+02 1.446881170759993651e+01
6.288375797549502977e+02 1.456156825783024900e+01
7.119931275828141679e+02 1.512236709584549210e+01
8.061449093463901363e+02 1.548567152048712003e+01
9.127470332071585517e+02 1.543929449698595135e+01
1.033445894118390925e+03 1.577179233984004014e+01
1.170105601239202997e+03 1.584601697688797373e+01
1.324836767791645570e+03 1.577700677133604046e+01
1.500029107999974030e+03 1.629413571904975555e+01
1.698388344548922305e+03 1.645003889865898827e+01
1.922977996570769392e+03 1.645216978299817612e+01
2.177266693547314844e+03 1.640833927427527783e+01
2.465181745856755697e+03 1.663873686139468333e+01
2.791169799324954511e+03 1.660881517885612624e+01
3.160265510548039401e+03 1.690179347471273275e+01
3.578169303628493253e+03 1.689156330181747379e+01
4.051335409222919225e+03 1.709849825559307845e+01
4.587071545602744663e+03 1.703358387902168758e+01
5.193651781231861605e+03 1.732803253325352699e+01
5.880444321944517469e+03 1.759233372378917437e+01
6.658056196306579295e+03 1.765177445513469578e+01
7.538497073724129223e+03 1.774947305105062512e+01
8.535364745354954721e+03 1.780151809765810711e+01
9.664055132445395429e+03 1.805109283256320651e+01
1.094200006552388550e+04 1.826305554699499822e+01
1.238893650678386257e+04 1.848228597030166043e+01
1.402721137360669672e+04 1.859057165631230646e+01
1.588212667100997714e+04 1.877490548168353968e+01
1.798233026334938768e+04 1.884645937507353963e+01
2.036025832046884898e+04 1.904735849693720340e+01
2.305263627156901202e+04 1.931306251971474097e+01
2.610104600367476087e+04 1.948016110616402585e+01
2.955256806468397190e+04 1.965325688361033940e+01
3.346050878937265952e+04 1.978180617982008016e+01
3.788522357830691180e+04 2.001119433781077461e+01
4.289504904462664126e+04 2.024202111399876358e+01
4.856735842505366600e+04 2.037244883173425691e+01
5.498975655520577857e+04 2.060808856936850120e+01
6.226143286477196671e+04 2.081804355794892558e+01
7.049469328860900714e+04 2.106427860193864987e+01
7.981669475305060041e+04 2.146976949775583421e+01
9.037140902535241912e+04 2.183040885474055059e+01
1.023218462565490918e+05 2.201297629381153698e+01
1.158525725587804773e+05 2.237482607746745700e+01
1.311725604993022862e+05 2.261481030118572022e+01
1.485184165350591647e+05 2.274904462564897756e+01
1.681580352332807961e+05 2.368819652406770615e+01
1.903947367149730562e+05 2.442026094966062288e+01
2.155719512212135305e+05 2.509158506081197615e+01
2.440785231520882808e+05 2.568611700215971538e+01
2.763547164954271284e+05 2.680227706228401985e+01
3.128990143949680496e+05 2.769149378013805674e+01
3.542758178725076723e+05 2.914499208411658771e+01
4.011241626053930959e+05 3.285370248056624121e+01
