2.199215412927789259e+01 1.380654600526979259e+01
2.490429880708209964e+01 1.380147578996774094e+01
2.820206221848608408e+01 1.379459566787091518e+01
3.193650700774529128e+01 1.378505278084739949e+01
3.616545740357974381e+01 1.377136014972397682e+01
4.095439457085701918e+01 1.375056119882841799e+01
4.637747052245006785e+01 1.371526450408170739e+01
5.251865629070427133e+01 1.363396391216850390e+01
5.947304213682713225e+01 1.358224012084840382e+01
6.734830993067252791e+01 1.383004583799472087e+01
7.626640049928185761e+01 1.363997519084963095e+01
8.636540176144517034e+01 1.399233660394603262e+01
9.780168688420101830e+01 1.395272344940784670e+01
1.107523355685393938e+02 1.389348674553500018e+01
1.254178759555508975e+02 1.399668458819942884e+01
1.420253896087601788e+02 1.394336003244755595e+01
1.608320276502606418e+02 1.385610567371532653e+01
1.821289924945836560e+02 1.372725536182130845e+01
2.062460468335602854e+02 1.388117548438391147e+01
2.335566196894004065e+02 1.399269606574595137e+01
2.644835885982328136e+02 1.392014374050365255e+01
2.995058274555680100e+02 1.442513244521757443e+01
3.391656214106731682e+02 1.441025486148708445e+01
3.840770636222541725e+02 1.441542571904456338e+01
4.349355638910016069e+02 1.450144887271638439e+01
4.925286164008848573e+02 1.442218408620198566e+01
5.577479932971489234e+02 1.458782862638775057e+01
6.316035529066522258e+02 1.523898204969587411e+01
7.152388764073486982e+02 1.516690190441162223e+01
8.099489750654607860e+02 1.521911079172375736e+01
9.172003422196114570e+02 1.526935853983189162e+01
1.038653660497293913e+03 1.554471251089673345e+01
1.176189515862743747e+03 1.576326723979594213e+01
1.331937516653117655e+03 1.586669800993972856e+01
1.508309268482799780e+03 1.585335259773091465e+01
1.708035715600017966e+03 1.585179284950376655e+01
1.934209426890181931e+03 1.592841662776554656e+01
2.190332481283394827e+03 1.598741822320796935e+01
2.480370694024883960e+03 1.593901074411630248e+01
2.808815023449163164e+03 1.628323114605923649e+01
3.180751109081832965e+03 1.641076231413718745e+01
3.601938017798564942e+03 1.631196746034271072e+01
4.078897417348623094e+03 1.680804175299925518e+01
4.619014558007782398e+03 1.694929857065220702e+01
5.230652625962891761e+03 1.703004239278633491e+01
5.923282239078491330e+03 1.704662009033209458e+01
6.707628090160929787e+03 1.708463518670139436e+01
7.595835008347597977e+03 1.737056140376677504e+01
8.601656009919697681e+03 1.765175309822883420e+01
9.740665250321591884e+03 1.765500828176468673e+01
1.103049917474069844e+04 1.781784916593002777e+01
1.249112960122905133e+04 1.803495354968812592e+01
1.414517296479182187e+04 1.802741228007879926e+01
1.601824051078537377e+04 1.828819586761181171e+01
1.813933486002741120e+04 1.852294808631530643e+01
2.054129908604257071e+04 1.864135186429403390e+01
2.326132525796570189e+04 1.874711227283520643e+01
2.634153032339289712e+04 1.890603000329242533e+01
2.982960824816348759e+04 1.928297583876637589e+01
3.377956851082039066e+04 1.954878379708859271e+01
3.825257238661388692e+04 1.960936904134620207e+01
4.331787997008959792e+04 1.983006381659373574e+01
4.905392259997996734e+04 2.016277971421713744e+01
5.554951729185118165e+04 2.026954472914720284e+01
6.290524198280797282e+04 2.051101018116001029e+01
7.123499288257736771e+04 2.071925629150290860e+01
8.066774804503083578e+04 2.091135857157016176e+01
9.134956446732688346e+04 2.112842214515839956e+01
1.034458396398032637e+05 2.174035485430551162e+01
1.171438725645084924e+05 2.225623697457560723e+01
1.326557638972430141e+05 2.251527529327414356e+01
1.502217001189755101e+05 2.333776755028429761e+01
1.701136725888200453e+05 2.368163197150570909e+01
1.926396890644750674e+05 2.435569983409511607e+01
2.181485429014041147e+05 2.485424796771113876e+01
2.470352137771472917e+05 2.534164573836510215e+01
2.797469835657018702e+05 2.561660704696876678e+01
3.167903620603117743e+05 2.607873521484337687e+01
3.587389297827173723e+05 2.957421915774568077e+01
4.062422193171024555e+05 3.222979985316335672e+01
