2.199711333354348497e+01 1.440069626697119354e+01
2.492049217478380285e+01 1.440023914501575319e+01
2.823238307757629428e+01 1.439965032991205440e+01
3.198441863221070136e+01 1.439889108261418471e+01
3.623509331215586116e+01 1.439791072624109169e+01
4.105067540662978587e+01 1.439664258986674206e+01
4.650624014745271495e+01 1.439499830287463666e+01
5.268684013669702892e+01 1.439285956571822211e+01
5.968883132217498400e+01 1.439006589786222889e+01
6.762137519280749132e+01 1.438639564155457506e+01
7.660814061319467783e+01 1.438153493338482569e+01
8.678923182909832690e+01 1.437502345959553196e+01
9.832337270156419606e+01 1.436615063503935907e+01
1.113903812220333975e+02 1.435373040540287448e+01
1.261939728862915189e+02 1.433551436034202808e+01
1.429649366320337549e+02 1.430612501972265527e+01
1.619647328531147537e+02 1.424281319934588019e+01
1.834895695837561220e+02 1.417937928603758557e+01
2.078750204006809668e+02 1.436907494299713761e+01
2.355012560365664740e+02 1.430630450792834019e+01
2.667989712659999668e+02 1.419690957968640532e+01
3.022560994644692300e+02 1.398863381371183578e+01
3.424254195207894895e+02 1.457620642630640617e+01
3.879331736952169649e+02 1.447409886231513276e+01
4.394888307762053046e+02 1.438755227439700946e+01
4.978961467440429942e+02 1.462536192435534232e+01
5.640656953778204752e+02 1.488434387907975776e+01
6.390290641586910851e+02 1.482066715409430557e+01
7.239549367844604149e+02 1.486925268481402718e+01
8.201673130229312392e+02 1.484215917145803942e+01
9.291661499526826447e+02 1.489627531890852019e+01
1.052650746389538881e+03 1.531122003305908308e+01
1.192546235063428867e+03 1.540945782903659911e+01
1.351033595560363665e+03 1.534818008698417913e+01
1.530583655933206956e+03 1.556207960583236272e+01
1.733995613068521152e+03 1.568355654445844571e+01
1.964440672344463792e+03 1.578421316340931568e+01
2.225511486924780002e+03 1.608514646772804468e+01
2.521278167450634555e+03 1.616719856174004732e+01
2.856351735324962192e+03 1.619229589996089658e+01
3.235956008830059545e+03 1.616093860533293025e+01
3.666009042787602084e+03 1.631945190577993543e+01
4.153215391410554730e+03 1.639855237360598039e+01
4.705170632730731086e+03 1.652213112515977045e+01
5.330479784144489713e+03 1.653871083055084767e+01
6.038891455182464597e+03 1.654529320576669349e+01
6.841449828953572251e+03 1.697409572279393331e+01
7.750666841663679406e+03 1.711671688627355792e+01
8.780717244498631771e+03 1.731005086697201278e+01
9.947659588898799484e+03 1.763802253038530310e+01
1.126968658039966795e+04 1.792351201786446069e+01
1.276740870407084731e+04 1.798863559471041285e+01
1.446417554329209634e+04 1.805198290780937498e+01
1.638643980124663358e+04 1.833538295869237089e+01
1.856416970024998591e+04 1.844588816234369588e+01
2.103131618824614998e+04 1.861457568275714891e+01
2.382634223625032246e+04 1.888326962337745130e+01
2.699282247851874490e+04 1.902465483682555814e+01
3.058012254387446956e+04 1.930722920666364217e+01
3.464416866900748573e+04 1.946493772495540497e+01
3.924831959206964530e+04 1.957321089944984749e+01
4.446435431944137963e+04 1.995788493889338611e+01
5.037359116501652170e+04 2.035209648197646359e+01
5.706815550789966801e+04 2.055046558171252968e+01
6.465241603293884691e+04 2.073407564987965657e+01
7.324461184517515358e+04 2.107575628111514732e+01
8.297869582502765115e+04 2.144054683086876878e+01
9.400642296223770245e+04 2.164293256630257289e+01
1.064997162258326716e+05 2.217350158107949909e+01
1.206533468541722978e+05 2.252599610670931085e+01
1.366879708509700722e+05 2.293216468905736249e+01
1.548535690264571167e+05 2.340011434394429912e+01
1.754333442141484411e+05 2.378096320897727622e+01
1.987481364210700849e+05 2.407686612482718758e+01
2.251614247439204773e+05 2.505989974865986269e+01
2.550849940313580446e+05 2.613680179889115607e+01
2.889853546360403416e+05 2.690073706193961911e+01
3.273910153407595935e+05 2.746173028187616083e+01
3.709007228440569015e+05 2.974954163159518572e+01
4.201927962594184792e+05 3.262427791828369550e+01
