2.198902007672104730e+01 8.692562624736190457e+00
2.489406759539407687e+01 8.691664735656267737e+00
2.818291125670115349e+01 8.690511683495389050e+00
3.190625573178929386e+01 8.689030131810570268e+00
3.612150446594768027e+01 8.687125125262433301e+00
4.089364467744481146e+01 8.684673356497347285e+00
4.629624927670450063e+01 8.681514091735941463e+00
5.241261115258183878e+01 8.677436768716667359e+00
5.933702731322629376e+01 8.672163728867648302e+00
6.717625267935395073e+01 8.665325520512856983e+00
7.605114594331107014e+01 8.656423756029052896e+00
8.609853286842235320e+01 8.644761068328088882e+00
9.747331575543196891e+01 8.629494273837858387e+00
1.103508615980466345e+02 8.609064117069788580e+00
1.249297057461865705e+02 8.582423722750560202e+00
1.414346127597886493e+02 8.544859659350924730e+00
1.601200416428738151e+02 8.495358741297861727e+00
1.812740688819910986e+02 8.421866793112144478e+00
2.052228297711993150e+02 8.310885765205654252e+00
2.323355464962631629e+02 8.120273577753895466e+00
2.630302204969044624e+02 7.662998844843347257e+00
2.977800768672432241e+02 7.999442416256922428e+00
3.371208601488621071e+02 1.440144856250255856e+01
3.816590939969984220e+02 1.449951632068305862e+01
4.320814320605648504e+02 1.457554066308622431e+01
4.891652442401299368e+02 1.448159855805197971e+01
5.537906015340315662e+02 1.469002244849471772e+01
6.269538442450627826e+02 1.525569692753379236e+01
7.097829427311207837e+02 1.528175452946070223e+01
8.035548875191648222e+02 1.502331412096901886e+01
9.097153768888771310e+02 1.544761064879482504e+01
1.029901105452903494e+03 1.557283588196615653e+01
1.165964997360574216e+03 1.542068461418986303e+01
1.320004773149756602e+03 1.578302107643305163e+01
1.494395290666945357e+03 1.602935610024120194e+01
1.691825158661137266e+03 1.612276321736524665e+01
1.915338187529589732e+03 1.604071211306762734e+01
2.168380316268791375e+03 1.628836118293577684e+01
2.454852739111537630e+03 1.635080033080812001e+01
2.779172050912678060e+03 1.650599067308404955e+01
3.146338338555325663e+03 1.661037549476325026e+01
3.562012268154509457e+03 1.673874903083396859e+01
4.032602356525022515e+03 1.692415174139479106e+01
4.565363772392758619e+03 1.694062628939606796e+01
5.168510190584895099e+03 1.688360087592126391e+01
5.851340423674295380e+03 1.706112020091969583e+01
6.624381783380078559e+03 1.718966654154584006e+01
7.499552381951871212e+03 1.711618237327324010e+01
8.490344875766193582e+03 1.704972567243687109e+01
9.612034483941797589e+03 1.786738044321018748e+01
1.088191448903289165e+04 1.798118068772540568e+01
1.231956285055510853e+04 1.816812264055713655e+01
1.394714404177107281e+04 1.817979031966334347e+01
1.578975076320547669e+04 1.871158457704877165e+01
1.787579080114588942e+04 1.883138440289538096e+01
2.023742499539374694e+04 1.905904756986280901e+01
2.291106306849004250e+04 1.933113576913757825e+01
2.593792496070051493e+04 1.945932810369157906e+01
2.936467632495894941e+04 1.959080480997892693e+01
3.324414797930378700e+04 1.967107168546006690e+01
3.763615040873067483e+04 1.986928019289154790e+01
4.260839587377694261e+04 2.018722465023795465e+01
4.823754234214521421e+04 2.045188667478713995e+01
5.461037533784052357e+04 2.049356298845097513e+01
6.182514592859316326e+04 2.076516454846364823e+01
6.999308547955108224e+04 2.100909672990512789e+01
7.924012052646066877e+04 2.127889461673093763e+01
8.970881420683281613e+04 2.165019414560432409e+01
1.015605641804733459e+05 2.199612569271826601e+01
1.149780909250990953e+05 2.218611817743814996e+01
1.301682547695230023e+05 2.255950656815428346e+01
1.473652450950959173e+05 2.306341816606562034e+01
1.668341908738742932e+05 2.378053597125923702e+01
1.888752482078053872e+05 2.420632827031814571e+01
2.138282278872281313e+05 2.427883773470383844e+01
2.420778343125578540e+05 2.557832238868785524e+01
2.740595965485175839e+05 2.645805062612024727e+01
3.102665829510019976e+05 2.778434508969036543e+01
3.512570028871398536e+05 2.845521480804821834e+01
3.976628127455830690e+05 3.242881227378246933e+01
