2.198911185581041394e+01 1.241921707571560951e+01
2.489436718400169113e+01 1.241440496451808784e+01
2.818347196356376116e+01 1.240796905493006719e+01
3.190714132438139927e+01 1.239922709447280624e+01
3.612279100354369632e+01 1.238707492203312910e+01
4.089542264598333787e+01 1.236954301194955264e+01
4.629862607320508516e+01 1.234245557124337367e+01
5.241571397421423484e+01 1.229187485217123310e+01
5.934100651459016262e+01 1.223422176481551382e+01
6.718128567125793893e+01 1.207556654408164931e+01
7.605744171753264027e+01 1.238057136912621559e+01
8.610633724580161186e+01 1.257569375874331108e+01
9.748291746944975955e+01 1.252472437887669443e+01
1.103625993430453889e+02 1.242310957217329914e+01
1.249439763389379294e+02 1.207856526971845490e+01
1.414518805855657035e+02 1.292681000979020922e+01
1.601408495829788876e+02 1.289245792023926285e+01
1.812990509493104412e+02 1.282618260577823222e+01
2.052527257143658517e+02 1.282830519538594416e+01
2.323712186720464103e+02 1.305007171543173783e+01
2.630726733552593259e+02 1.300222870181380763e+01
2.978304794448642383e+02 1.296495761849747552e+01
3.371805720260848602e+02 1.295811785048952558e+01
3.817296952405594652e+02 1.305147412409181307e+01
4.321647577523460200e+02 1.313401188650671614e+01
4.892634242810139540e+02 1.315338100990393500e+01
5.539061065140357414e+02 1.312486635928243039e+01
6.270895382879008366e+02 1.300667210499604920e+01
7.099421443554134612e+02 1.307402920913034272e+01
8.037414397121783622e+02 1.304302853151387609e+01
9.099337277647271094e+02 1.286155344046635207e+01
1.030156401068873492e+03 1.229846557461234369e+01
1.166263188496254770e+03 1.331220448180483729e+01
1.320352738118367597e+03 1.409139472626355527e+01
1.494800976531267224e+03 1.512439261463168094e+01
1.692297743573518574e+03 1.591657059056550594e+01
1.915888267312833705e+03 1.602356225913399612e+01
2.169020118809553423e+03 1.593725678014832070e+01
2.455596370658506203e+03 1.655805187077647034e+01
2.780035778967653641e+03 1.661093252429943234e+01
3.147340916727184322e+03 1.669311966170147699e+01
3.563175309126252159e+03 1.677840951642391332e+01
4.033950760176734093e+03 1.690930592855486481e+01
4.566926217144447946e+03 1.691449322155492041e+01
5.170319697191227533e+03 1.688282535536478690e+01
5.853435002039155734e+03 1.686110878025511539e+01
6.626805174486658871e+03 1.691756888253461000e+01
7.502354908750961840e+03 1.770716331071749039e+01
8.493584418862861639e+03 1.788512501719677061e+01
9.615777600204259215e+03 1.789863306829570888e+01
1.088623769385801461e+04 1.797424586308855865e+01
1.232455408750901552e+04 1.803149776514791114e+01
1.395290436673394652e+04 1.837046513663029046e+01
1.579639627404741441e+04 1.852168851735106259e+01
1.788345484841500365e+04 1.860058601478880647e+01
2.024626071458721344e+04 1.872874752874731996e+01
2.292124628029397718e+04 1.897715792478655317e+01
2.594965749222804516e+04 1.934850107650949980e+01
2.937818981260518194e+04 1.948274989410837676e+01
3.325970822250552737e+04 1.969005193885277549e+01
3.765406235382021987e+04 2.010181651263744840e+01
4.262900931842789578e+04 2.023745530485287958e+01
4.826125846382268355e+04 2.044423590411577152e+01
5.463765416441518755e+04 2.076120902411829405e+01
6.185651488611796231e+04 2.095699709045528891e+01
7.002914917142453487e+04 2.116569680986204816e+01
7.928157192015062901e+04 2.147187692457649888e+01
8.975644742939199205e+04 2.180298514003736443e+01
1.016152891526813619e+05 2.207544239003891207e+01
1.150409500967142667e+05 2.231910377467286111e+01
1.302404422553914774e+05 2.261279792119265863e+01
1.474481285543940612e+05 2.276701817352367740e+01
1.669293365232958167e+05 2.311405922074848007e+01
1.889844494148877275e+05 2.417883070039568594e+01
2.139535378532103787e+05 2.474601414952974565e+01
2.422216034262709727e+05 2.547808531448633573e+01
2.742245150750766625e+05 2.619518398677659832e+01
3.104557298129294650e+05 2.709216573330840205e+01
3.514739014026199002e+05 2.946675617209271536e+01
3.979114943106900901e+05 3.186790513522348078e+01
