1.064373223051666732e-03 6.424838279635636695e+00 1.541054042980541681e+02
1.201407492847119274e-03 6.424805924223378817e+00 1.365244901112619971e+02
1.356084437873101298e-03 6.424764683493813244e+00 1.209484378864463565e+02
1.530675489865298937e-03 6.424712111212226517e+00 1.071485128302841190e+02
1.727744519322935157e-03 6.424645083806682422e+00 9.492206241682077916e+01
1.950185485960275172e-03 6.424559610334232396e+00 8.408954035758722512e+01
2.201264936519962793e-03 6.424450587814897418e+00 7.449186985742859690e+01
2.484669974028788295e-03 6.424311484808372441e+00 6.598810741208754393e+01
2.804562402924656341e-03 6.424133931235001427e+00 5.845337282815655300e+01
3.165639845176229390e-03 6.423907183570612744e+00 5.177701502592152849e+01
3.573204724885773766e-03 6.423617423987368902e+00 4.586098665147435582e+01
4.033242134414456379e-03 6.423246834763325808e+00 4.061840355273906056e+01
4.552507725494540219e-03 6.422772365216179224e+00 3.597226786560344891e+01
5.138626916009933140e-03 6.422164070702100602e+00 3.185433579802300486e+01
5.800206869297143408e-03 6.421382845244171911e+00 2.820411324664048180e+01
6.546962890383293057e-03 6.420377276289961799e+00 2.496796412306571966e+01
7.389861095290545592e-03 6.419079197120273861e+00 2.209831770656620620e+01
8.341279448506485478e-03 6.417397252889873727e+00 1.955296243151381219e+01
9.415189533456470861e-03 6.415207340234041489e+00 1.729441415882992317e+01
1.062736172527829238e-02 6.412337947004937533e+00 1.528934694176469300e+01
1.199559677886245963e-02 6.408546824777928030e+00 1.350807307812759817e+01
1.353998723302959201e-02 6.403482210163520705e+00 1.192405571057918223e+01
1.528321246956666074e-02 6.396614886934311350e+00 1.051342866699256007e+01
1.725087176006551148e-02 6.387111244184859871e+00 9.254477476089675747e+00
1.947186019135829782e-02 6.373575895140040082e+00 8.126981622090520219e+00
2.197879299001665593e-02 6.353469998137867947e+00 7.111160168296818185e+00
2.480848447712215299e-02 6.321577308814751106e+00 6.185405957177938951e+00
2.800248868676134123e-02 6.264834200527569230e+00 5.319362214437519221e+00
3.160770958723065766e-02 6.133686268304646028e+00 4.436833915382412563e+00
3.567708986605286348e-02 5.882053383894043641e+00 3.511826876532227359e+00
4.027038839361640754e-02 6.599560832424745449e+00 3.865441931489684180e+00
4.545505778249543660e-02 6.738320233590288311e+00 3.402240049322164062e+00
5.130723492941340058e-02 7.542898388230274698e+00 3.468646001599099638e+00
5.791285908596417037e-02 7.483595062276813259e+00 3.138552523737415889e+00
6.536893387696518509e-02 5.880588085512698626e+00 2.330258619771850004e+00
7.378495179918825864e-02 6.471077361111235327e+00 2.554818929006049011e+00
8.328450211923947577e-02 6.454853928331226065e+00 2.364708845144769089e+00
9.400708578257707670e-02 6.473250378095348090e+00 2.268415151492609194e+00
1.061101639856150691e-01 7.319927756641801508e+00 2.495354536065097495e+00
1.197714704942049319e-01 7.051407908402922864e+00 2.086644371599551295e+00
1.351916216649040603e-01 6.714533489376850461e+00 1.936387239440603425e+00
1.525970624972068368e-01 7.071100923065707811e+00 1.895068063557266091e+00
1.722433919795303692e-01 6.719161838117521768e+00 1.999930492001615434e+00
1.944191165616783179e-01 6.487929862788159419e+00 1.792855205633277160e+00
2.194498868735441366e-01 6.567878531544147691e+00 1.457302895558097777e+00
2.477032799062914847e-01 6.065341391486522404e+00 1.436374682810870107e+00
2.795941968823657531e-01 5.894199425159734496e+00 1.293429439622294286e+00
3.155909560820859272e-01 6.039537446588437497e+00 1.274620445701221794e+00
3.562221701000075069e-01 5.727242526213834672e+00 1.105330196878895777e+00
4.020845085236005589e-01 5.651810746882340197e+00 1.063437243208321670e+00
4.538514600292196111e-01 5.643603755866899441e+00 1.010455234532265711e+00
5.122832225667908190e-01 5.547343913770575341e+00 9.445323331050192728e-01
5.782378668706280589e-01 5.699047625837119213e+00 9.343502098682440193e-01
6.526839372325938804e-01 5.551575357314787240e+00 8.086788160925552083e-01
7.367146745800210450e-01 5.574789035960012740e+00 7.712888588461122019e-01
8.315640707243722174e-01 5.517685989779081090e+00 8.274913761084820019e-01
9.386249895373561802e-01 5.344705449068892555e+00 7.774257332599716630e-01
1.059469621164069286e+00 5.261236182404271489e+00 7.545934652152530564e-01
1.195872569643388061e+00 5.344963582286101911e+00 7.572280900706870321e-01
1.349836912977435688e+00 5.155113446261065491e+00 6.521310815219376611e-01
1.523623618342374142e+00 4.991677689643871929e+00 6.470711539752138641e-01
1.719784744403055621e+00 4.716820055895794006e+00 5.841166261593421227e-01
1.941200918307678602e+00 4.630995834979178660e+00 5.525090307260787093e-01
2.191123637712319550e+00 4.422756134091710756e+00 5.313765519725071051e-01
2.473223019040788895e+00 4.520849082555315590e+00 5.086094383976733635e-01
2.791641693163247062e+00 4.258466067732137539e+00 4.849265973260805107e-01
3.151055639951907850e+00 4.140432057679907629e+00 4.848391278077323063e-01
3.556742855069578990e+00 3.972030073307614817e+00 4.767947248341174449e-01
4.014660857363208990e+00 3.995443246682904181e+00 4.816657928997799543e-01
4.531534175058883562e+00 4.029654034904370796e+00 4.832193194102330502e-01
5.114953095493515178e+00 3.743797580158196858e+00 4.684395331245353455e-01
5.773485128523550003e+00 3.343052831745940701e+00 4.287627126430356705e-01
6.516800820451404519e+00 3.360153719292788832e+00 4.582952115068741339e-01
7.355815766047806292e+00 3.056463974085565916e+00 4.413448521742710517e-01
8.302850904117327957e+00 2.754011025026618764e+00 4.926894507391358369e-01
9.371813450548280855e+00 2.743200561021844397e+00 5.715496470277646734e-01
1.057840112584978698e+01 2.452555030799641766e+00 6.191639518073361881e-01
1.194033267625844807e+01 2.487838848073274267e+00 8.334100330333347184e-01
1.347760807361822621e+01 1.838290033232954812e+00 8.925885041222246796e-01
1.521280221507016606e+01 1.383228424985886829e+00 7.550679445129505618e-01
