22.28318814364847 16.618801632357332
25.862689619930954 16.618794463706912
30.01719099012945 16.618784798866066
34.839058434337524 16.61877176552305
40.43549554621235 16.618754182990067
46.93092676856808 16.618730451518296
54.46976369658986 16.618698398302403
63.219615751322735 16.6186550647499
73.37501660568275 16.618596406058778
85.16174921185863 16.618516863587445
98.84186558755488 16.618408742939277
114.71951296495747 16.618261286862506
133.1476958340018 16.618059246475195
154.53612421906982 16.61778057987263
179.36032267824785 16.6173925194472
208.1722025436652 16.616844284807534
241.61233245337138 16.616051893981613
280.4241799829814 16.614859737714536
325.47064100837565 16.61288964255602
377.7532242933965 16.609607502830475
438.43431782956094 16.605795075842387
508.863031970771 16.58160804380109
590.6051939281544 16.62658932661759
685.4781604865113 16.623180981472334
795.5912229263785 16.616498654200104
923.3925024660882 16.611080117579977
1071.7233788406018 16.62605440181582
1243.8816621165909 16.615939909202268
1443.6949122298233 16.608001007139023
1675.605536343149 16.628922654548838
1944.7695559772517 16.617210285284692
2257.1712397836172 16.60293500449013
2619.75615056672 16.59558955370199
3040.585564562697 16.591665046575116
3529.015696146792 16.556462113381368
4095.9057126358443 16.49836652978751
4753.859163936437 16.623899957636798
5517.50419469474 16.65155677467201
6403.818768847544 16.640404554914262
7432.508137225428 16.664572697045877
8626.442940368193 16.66931307078074
10012.16768680292 16.659091431692097
11620.490911678356 16.670163365507126
13487.170136631908 16.69171880458757
15653.706859462032 16.770329087930925
18168.269248448953 16.875538432996358
21086.763055398093 17.0349814776542
24474.074556797015 17.106803623820817
28405.51315714261 17.26049238794501
32968.48572754365 17.431361185013976
38264.43990482675 17.617176596173625
44411.119556117614 17.865301063232415
51545.182554180756 18.145190391424713
59825.23906398192 18.429687192377493
69435.3778900778 18.76966952018406
80589.25928539375 19.193450392126877
93534.86521597083 19.63650953007163
108560.01269334757 20.10212402625134
125998.75275136952 20.457434752054223
146238.79733456956 21.08182951705948
169730.13921861124 21.622735269475854
196995.05660772472 21.985076168652306
228639.72483930778 22.58581188901998
265367.69335634453 23.149004670617025
307995.5275784179 23.642346132712365
357470.9634338388 24.06348115359269
414893.9781788931 24.641061549896097
481541.24596742867 25.270578174330222
558894.5218864598 25.56867510415387
648673.5855142561 26.05050124965283
752874.4764283134 26.658655315763987
873813.871745438 27.221266232519884
1014180.5923307268 27.642929016580016
1177095.3828024692 28.45263638724471
1366180.2944095947 29.122115444688628
1585639.21335702 29.68045881306053
1840351.324948677 30.370487123880768
2135979.5915174307 31.369533270747063
2479096.6559095476 33.62067404843265
2877330.969710137 35.767329291171315