22.280356180904764 16.943789670581523
25.853284674110018 16.943750214969462
29.99917609097351 16.943696846410916
34.8099120665493 16.943624539422746
40.39210858345852 16.94352635056246
46.869478805311914 16.943392591689104
54.38557481946361 16.94320955914692
63.106969051856765 16.942957482770165
73.2269458607753 16.942606991602734
84.96978512294984 16.94211242491102
98.59573274525522 16.941397265161587
114.40676825894631 16.94031434114289
132.75329731839875 16.93847943504835
154.04191742413866 16.931618904233726
178.74442897484602 16.93899066096041
207.40829135211237 16.934967514933632
240.66875576668477 16.926524735188273
279.2629437554751 16.880217961709405
324.0461833383082 16.96552382951251
376.0109648778481 16.963694141239884
436.30893674425243 16.961118475571418
506.2764282545394 16.957419577152745
587.4640655284501 16.951927595460134
681.671136610182 16.943116031084237
790.9854674590539 16.92960570433935
917.8296925445509 16.902648410923888
1065.0149454990249 16.852084865494614
1235.803159725337 16.884530526998123
1433.9793596713664 17.013394374033542
1663.935544897396 17.002330405235853
1930.7680259829617 16.985430372334765
2240.3903694406704 17.035614246778113
2599.66445473279 17.03027032603081
3016.552547888513 16.998492929461992
3500.293761991675 17.02989512529151
4061.608815272875 17.040190395058108
4712.937624674018 17.0148512026863
5468.715000456217 17.046261504024336
6345.690551820834 17.064875728852222
7363.299893322093 17.081602278752793
8544.095378782658 17.1520558124208
9914.245908677649 17.180999274886045
11504.11688776536 17.21532999641357
13348.94318604007 17.225134316721427
15489.610017230914 17.355407886924237
17973.559040749376 17.380372985288247
20855.839768201935 17.5031511210463
24200.329575837764 17.514712927050596
28081.149360961914 17.703024114127516
32584.306216224493 17.8087338988079
37809.59952688763 18.092062762157546
43872.832734177 18.29350163456516
50908.37978202512 18.577577033771547
59072.16312504014 18.87081103617127
68545.10929659248 19.182968561611407
79537.15861964409 19.549429214737245
92291.91792390814 20.003411150681476
107092.059383294 20.42361360528013
124265.58512318021 20.858680406817257
144193.0964343303 21.239058694230607
167316.22869445343 21.727317971018408
194147.43893293288 22.383595400177065
225281.3629516527 22.823861632728594
261407.99369950034 23.319103548465712
303327.97296091955 23.85510271163387
351970.3352543508 24.3778820773825
408413.0971825047 24.86271170785758
473907.14853758167 25.341510644621845
549903.974638358 25.94650557753356
638087.824284177 26.516067072304573
740413.0362350622 27.116801423030505
859147.3514509086 27.651875361051886
996922.1709796737 28.11315357920837
1156790.873314605 28.588670150875423
1342296.4836552422 29.327487589465154
1557550.1947647342 30.067023851586452
1807322.4796100636 31.00233432620299
2097148.8150320905 32.023674681426826
2433452.3595033213 33.28140995799243
2823686.3037693733 35.50871220247099