2.228016680021060836e+01 1.799482262418472089e+01
2.585265579646909373e+01 1.799479875458889921e+01
2.999797163656732479e+01 1.799476658719669331e+01
3.480796361475564282e+01 1.799472322324910323e+01
4.038920849999164631e+01 1.799466474060934473e+01
4.686537199677685805e+01 1.799458582228351844e+01
5.437994885185065641e+01 1.799447924355832029e+01
6.309944232029717170e+01 1.799433515632620839e+01
7.321705343967070689e+01 1.799414007860773523e+01
8.495696185674867706e+01 1.799387544646840098e+01
9.857929305877172510e+01 1.799351549756785573e+01
1.143858820699488490e+02 1.799302409888425913e+01
1.327269613215794948e+02 1.799234983883177108e+01
1.540089208814014512e+02 1.799141812246622862e+01
1.787033129884321738e+02 1.799011778409963114e+01
2.073573004101095592e+02 1.798827693404940931e+01
2.406057801298385641e+02 1.798561572474712023e+01
2.791854509939683453e+02 1.798164367852089285e+01
3.239511370202499734e+02 1.797540144244932492e+01
3.758947280493497942e+02 1.796465156737554736e+01
4.361671574144290275e+02 1.794211781726469468e+01
5.061039035961345576e+02 1.779980784143321415e+01
5.872545809125882670e+02 1.806252601442250949e+01
6.814172748962247397e+02 1.805899328691852190e+01
7.906783831391037438e+02 1.805528365345575637e+01
9.174588443750220677e+02 1.804813046972187962e+01
1.064567780113277422e+03 1.805253446097731285e+01
1.235264737381571194e+03 1.805022862314245558e+01
1.433331911713500858e+03 1.804708343082457844e+01
1.663157950652052023e+03 1.803650107550413750e+01
1.929835194634269556e+03 1.802887789223007786e+01
2.239272509859310958e+03 1.803455956311061215e+01
2.598326213219418150e+03 1.802470421925493582e+01
3.014951990245854176e+03 1.804677835121262675e+01
3.498381172171865728e+03 1.802435267845393341e+01
4.059325277948654730e+03 1.802968327982112839e+01
4.710213353327354525e+03 1.802210260273589526e+01
5.465467365816736674e+03 1.799703310233164189e+01
6.341821757544432330e+03 1.803554665871397233e+01
7.358694236472458215e+03 1.813792654520650771e+01
8.538616021724983511e+03 1.815289376659951870e+01
9.907731076132951785e+03 1.821375667592084113e+01
1.149637538767547994e+04 1.824515927308787511e+01
1.333974913517091227e+04 1.823707483066070267e+01
1.547869663164101439e+04 1.823878059958767039e+01
1.796061132684149925e+04 1.830649274886722466e+01
2.084048592143430142e+04 1.841598385298866347e+01
2.418213086056915199e+04 1.851907647816988955e+01
2.805958820548676158e+04 1.867583642317170245e+01
3.255877221081918105e+04 1.883409917351589158e+01
3.777937295846431516e+04 1.907213233819359743e+01
4.383706522755374317e+04 1.927846545307942350e+01
5.086607154326145246e+04 1.953433382632035276e+01
5.902213619487261167e+04 1.983012835548136366e+01
6.848597611952970328e+04 2.017254022407421843e+01
7.946728511416114634e+04 2.058694900689015483e+01
9.220938009839583538e+04 2.091775704110915868e+01
1.069945923774268886e+05 2.132559033002795346e+01
1.241505233610273863e+05 2.177478344505205499e+01
1.440573033489945228e+05 2.227340100326230754e+01
1.671560142186137673e+05 2.270102580822214833e+01
1.939584626387386234e+05 2.316814921868353849e+01
2.250585203592021135e+05 2.366665669794123517e+01
2.611452828465398052e+05 2.434386372613085214e+01
3.030183378267769585e+05 2.481959617582029409e+01
3.516054820460233605e+05 2.543355089470291119e+01
4.079832788056826103e+05 2.604967160954485905e+01
4.734009117731783772e+05 2.654854431945302196e+01
5.493078636058920529e+05 2.703324960402640187e+01
6.373860326738068834e+05 2.762441539057228468e+01
7.395869995029460406e+05 2.806590218321683494e+01
8.581752686659550527e+05 2.859661170193322022e+01
9.957784442463691812e+05 2.906844027619766990e+01
1.155445450632871129e+06 2.969509682431529285e+01
1.340714088663168019e+06 3.016530727851296589e+01
1.555689423983935267e+06 3.099950425549341304e+01
1.805134744506660383e+06 3.170811726277119291e+01
2.094577102337346179e+06 3.248348271528271169e+01
2.430429778711583931e+06 3.405438736553305290e+01
2.820134385435802862e+06 3.635779608233542604e+01
