22.282450600068636 16.681035345931083
25.860240088559998 16.681027314663513
30.012498599947783 16.68101649348107
34.83146595419041 16.68100191268161
40.42419249025926 16.680982263060326
46.91491712231364 16.68095577734811
54.44782722929891 16.680920068132146
63.19026168718477 16.680871907119737
73.33642819719742 16.68080692197244
85.11171748816197 16.68071918056686
98.77771023025528 16.68060061311317
114.63798788562073 16.680440204315726
133.0448765802471 16.680222846832162
154.40727380799962 16.679927687965122
179.19973183212582 16.67952569177686
207.9729995663074 16.67897593898737
241.3662571165367 16.67821979770642
280.12131476649677 16.677171282686178
325.09909182800465 16.675700065072206
377.2987414238502 16.67359887302308
437.87984604809253 16.670513029968443
508.1881769642735 16.66575749700441
589.7855896704309 16.657639168412263
684.4847195399277 16.63882108757934
794.389248380008 16.630446886427166
921.9406364044374 16.612040064754925
1069.972357741707 16.667091656272568
1241.7728442866116 16.712776271693226
1441.1585361534198 16.71060631880508
1672.5586615006475 16.69683865216274
1941.1136290581103 16.720550773623714
2252.7892190845514 16.72845502755095
2614.5091094364016 16.711858891888333
3034.3086807312056 16.693546710435857
3521.5135172910027 16.681071665207366
4086.946569152237 16.694906662562293
4743.168577116372 16.725646695045995
5504.757101733011 16.709895867911342
6388.630354669467 16.6722115581235
7414.4230261776365 16.69401450168365
8604.922457429824 16.7240044064069
9986.574847018463 16.696880311979072
11590.072736679875 16.853350613484224
13451.036826869124 16.850840157826287
15610.807268291499 17.023193032820025
18117.362007436117 17.105130107992746
21026.38258658184 17.15402099998903
24402.49107435466 17.30884453214382
28320.68560447342 17.446434025536856
32868.00641227726 17.596402371037556
38145.46937899197 17.744130117423136
44270.310036208815 18.034416549335212
51378.587879729035 18.230424419586463
59628.20884597311 18.52681424979986
69202.43309337398 18.815573014028327
80313.94601191884 19.249690468011266
93209.58289576412 19.65232702690987
108175.81223456503 20.13341837128825
125545.0994313983 20.645469493620382
145703.2923132833 21.152019733452953
169098.19249878818 21.677382251336496
196249.50303027846 22.169798061582213
227760.37325122356 22.768316148252943
264330.7973907741 23.297740768888083
306773.1644967663 23.808385273306694
356030.30514916725 24.32572788948155
413196.43585039023 24.699225113758942
479541.46635897673 25.068155087011394
556539.2099388319 25.532855036908707
645900.1231970126 26.235644343220052
749609.3028050412 26.807441587870926
869970.5831770916 27.001188060791954
1009657.7147073243 27.688280393577806
1171773.7594588355 28.435579922740025
1359920.0237422124 29.142995350143423
1578276.0588777198 29.83210672878025
1831692.5073078987 30.59182617951175
2125798.8565787645 31.928296644643346
2467128.4948767624 33.07361005908399
2863263.846151831 35.351924475391215