22.282479129679192 16.609982810315476
25.86033483920438 16.609963999623456
30.012680101875027 16.609938619079927
34.83175962331036 16.609904352845206
40.424629667787535 16.609858052398888
46.91553632232088 16.60979542049739
54.448675634125514 16.60971056732033
63.191396938155165 16.60959536871628
73.33792053690998 16.609438522976994
85.11365232108986 16.609224124408584
98.78019118076026 16.608929425068812
114.64114044709811 16.60852115587494
133.0488524663951 16.607949104290707
154.412256137606 16.6071339857444
179.20594130285974 16.60594200412667
207.9807018014464 16.60412298789658
241.37577140212755 16.601120300455666
280.13302443605363 16.595065445955317
325.1134565985644 16.583033555029246
377.31631204229774 16.584427432305375
437.90128167161583 16.624650667846637
508.2142657753623 16.622082891224615
589.8172733170423 16.618335388326297
684.5231220977182 16.61130611489627
794.435710658711 16.594648506994353
921.9967565678744 16.59605261572561
1070.0400393844745 16.59907022728468
1241.854353314786 16.621592231868878
1441.256568057038 16.604174016739773
1672.6764208886386 16.602625953966744
1941.254923659158 16.619626605033396
2252.958570808847 16.5776312959807
2614.711885553598 16.586241657304072
3034.5512487612073 16.52354820328282
3521.8034278405917 16.637898301112017
4087.292771678533 16.667006436992036
4743.581674477191 16.74462544883
5505.2496504171595 16.744658811500745
6389.217218813584 16.731571374060408
7415.121794901841 16.71462593864017
8605.753936698722 16.77199016319993
9987.563639200609 16.796714329669296
11591.247923287483 16.800507050378286
13452.432772670689 16.819427107995494
15612.464568172098 16.93488912691683
18119.328601115034 16.979775351062017
21028.715070680475 17.034877792287844
24405.25624645115 17.16777140643706
28323.962279815576 17.313960092130582
32871.88756090497 17.43055495767655
38150.064639325414 17.66278152874935
44275.74867089981 17.9097885301176
51385.022250996386 18.171267902699054
59635.818501038884 18.43553279571485
69211.42956632447 18.714146171683712
80324.57846672872 19.14839461596287
93222.14475681001 19.56009792936809
108190.64897625681 19.998450638961298
125562.6177282145 20.483501698728162
145723.97078625235 20.900364462205218
169122.5943351835 21.510870139094056
196278.2908010175 22.111750117688675
227794.3263063711 22.618775716359366
264370.83227904525 23.193231001305293
306820.35893165367 23.642941518555695
356085.92613418406 24.0191140243195
413261.9726811692 24.527707671100448
479618.6693432362 25.044742430090082
556630.135819556 25.48490774772502
646007.1884332012 26.007936795591746
749735.3460622815 26.535834153767706
870118.9386118604 27.13508420490505
1009832.2979001388 27.589755546708105
1171979.168168833 28.250840394430796
1360161.6560273028 28.79681713645313
1578560.2515593693 29.58024754435875
1832026.6982685488 30.617860786421875
2126191.7749754833 31.17323346714943
2467590.3840516647 32.485511107724314
2863806.7248352794 35.14694585799411