1.078605016676481652e-03 8.985853968959039761e+00 3.690533048953766411e+02
1.248172547322865065e-03 8.985858475063478679e+00 3.189161824511033956e+02
1.444397795117745124e-03 8.985864509484205342e+00 2.755902796454886357e+02
1.671471620663151627e-03 8.985872591065847459e+00 2.381502679710429220e+02
1.934243729896137440e-03 8.985883414274194791e+00 2.057965261882480945e+02
2.238326251185869531e-03 8.985897909672784678e+00 1.778380625884623214e+02
2.590213595789613455e-03 8.985917324003501960e+00 1.536777571311927204e+02
2.997421161574995684e-03 8.985943328025197019e+00 1.327996085633353971e+02
3.468645842359077691e-03 8.985978160725519359e+00 1.147577139326057676e+02
4.013951770925965404e-03 8.986024824100214303e+00 9.916674528218470641e+01
4.644985262710423640e-03 8.986087344487023287e+00 8.569372003383199399e+01
5.375223550785152016e-03 8.986171124727359683e+00 7.405088932542987834e+01
6.220262624483717182e-03 8.986283420247335840e+00 6.398959243367178118e+01
7.198150319142993664e-03 8.986433983270126546e+00 5.529494599005832356e+01
8.329771770895107869e-03 8.986635938698487536e+00 4.778125458487368604e+01
9.639295468820096441e-03 8.986906980558631020e+00 4.128804471735715254e+01
1.115468943097237126e-02 8.987271017169444320e+00 3.567663738060257828e+01
1.290831852845748112e-02 8.987760452812128875e+00 3.082718605037511139e+01
1.493763571484695366e-02 8.988419388200668436e+00 2.663611677995534777e+01
1.728598192379245460e-02 8.989308176534521522e+00 2.301391566624830531e+01
2.000351171857058657e-02 8.990510034164742592e+00 1.988321633122502163e+01
2.314826446302345811e-02 8.992140870783012829e+00 1.717714640682201122e+01
2.678740389131858274e-02 8.994364372053253120e+00 1.483789743352335577e+01
3.099865255051207497e-02 8.997416078106427406e+00 1.281548716029382540e+01
3.587195175187499890e-02 9.001643800592132649e+00 1.106668699525740962e+01
4.151138248322314844e-02 9.007579913750396017e+00 9.554090233472534166e+00
4.803738830793826547e-02 9.016081613303617459e+00 8.245298444704802776e+00
5.558934772601849261e-02 9.028633699887871344e+00 7.112203483150662642e+00
6.432855093609532449e-02 9.048105252825820344e+00 6.130340096357003610e+00
7.444164457430665904e-02 9.081098857290083259e+00 5.278280914025842208e+00
8.614461800068282105e-02 9.148573788061030498e+00 4.537091423502852550e+00
9.968741626974843284e-02 9.449113744446949070e+00 3.890670501060440767e+00
1.153592783063863286e-01 8.873710365534439148e+00 3.264663803697718247e+00
1.334949142965071167e-01 8.578460231587637708e+00 2.660712572315699909e+00
1.544816542255118830e-01 8.981837311532874679e+00 2.449677286381111152e+00
1.787677202387254749e-01 9.030585476381709498e+00 2.266889246399787172e+00
2.068717994998887089e-01 9.337194104693617547e+00 1.898484571293114653e+00
2.393941219990537717e-01 8.578241443289178036e+00 1.601284679628581564e+00
2.770292799030283915e-01 8.679652446950125722e+00 1.484351628090553987e+00
3.205810622363307605e-01 8.473151564476829378e+00 1.237374615558357371e+00
3.709796217228325532e-01 8.333047119514441547e+00 1.129130143825352039e+00
4.293013404271487921e-01 8.250138985059093599e+00 9.722690081012792529e-01
4.967918184741727528e-01 8.256884746834213473e+00 8.583121686713662823e-01
5.748924768259766616e-01 8.142478878913156137e+00 7.384825696409484941e-01
6.652713422821562306e-01 8.302123432879440657e+00 6.575251875293037784e-01
7.698586721911042652e-01 8.366321657703389647e+00 5.888336680984485039e-01
8.908881797233354494e-01 8.209673190775102825e+00 5.255362627581352530e-01
1.030944740171401808e+00 8.174987808627125929e+00 4.690071574595751080e-01
1.193019597158810008e+00 8.046088637389429365e+00 4.153342191707312114e-01
1.380574247818885603e+00 7.850986002680367726e+00 3.758233130285677515e-01
1.597614371364733943e+00 7.783849784926299087e+00 3.450872589067874308e-01
1.848775379972156463e+00 7.697309559343132435e+00 3.319179634422564917e-01
2.139421419119716727e+00 7.453553437436675644e+00 3.077384519433599697e-01
2.475759931775571410e+00 7.371677056453876276e+00 3.022359059573571649e-01
2.864974233223939404e+00 7.109981245301918662e+00 2.876296619327522452e-01
3.315376927984455602e+00 6.945021800906648224e+00 2.786015925100087109e-01
3.836587445410534869e+00 6.830348744448639486e+00 2.846638074263374008e-01
4.439737485665083305e+00 6.740983442557850758e+00 2.900993214842603751e-01
5.137708763864893058e+00 6.363159309744648162e+00 2.869118498629726899e-01
5.945408129989905532e+00 6.026000093209602504e+00 2.973372502739016210e-01
6.880085940402597799e+00 5.731055101385779338e+00 3.010053258729114556e-01
7.961704480564539388e+00 5.199451948477467944e+00 3.123132017574432595e-01
9.213364307500523154e+00 4.842534845561773160e+00 3.294479051928883018e-01
1.066179761757568301e+01 4.607707560484417542e+00 3.451833826611227507e-01
1.233793917663729545e+01 4.455597115985614032e+00 3.452906149941400438e-01
1.427758700610327836e+01 4.170446417440405895e+00 3.537899161457277453e-01
1.652216693553260995e+01 3.795401078940451089e+00 3.589202817457334826e-01
1.911961735053092326e+01 3.533377194187218961e+00 3.585413558390835309e-01
2.212541303190378272e+01 3.316518679407509218e+00 3.674466196242752170e-01
2.560374995259743969e+01 2.945056284281617920e+00 3.445583290707635027e-01
2.962891633660622404e+01 2.547305565667791871e+00 3.241967666978111673e-01
3.428687926209624237e+01 2.478374340220693028e+00 3.676010161232349249e-01
3.967712069445942547e+01 2.285589809326471045e+00 3.364091301714909887e-01
4.591476216218494244e+01 1.833733950682293390e+00 3.020921854023850828e-01
5.313302345309536179e+01 1.827669761166130558e+00 3.103696006111145156e-01
6.148606784230027245e+01 1.805476756034933405e+00 3.254388032129398312e-01
7.115229461853085979e+01 1.414560918897733721e+00 3.499659728403367032e-01
8.233814922864998209e+01 1.344116314473665197e+00 3.789942604452166686e-01
9.528253241510731186e+01 1.088694083573497950e+00 4.526022746184930612e-01
1.102619025140410258e+02 6.699699995944808917e-01 4.653758923356407506e-01
