1.078460089518217110e-03 8.854316086582400658e+00 3.959283086878162408e+02
1.247692239849064553e-03 8.854322182382208695e+00 3.422259225770554849e+02
1.443480329508550026e-03 8.854330341190310705e+00 2.958074887551460961e+02
1.669991521250603454e-03 8.854341262479017871e+00 2.556850352183461155e+02
1.932046889754574902e-03 8.854355881631780889e+00 2.210045937782275018e+02
2.235224033601648438e-03 8.854375450972748141e+00 1.910280242921037654e+02
2.585975789140959949e-03 8.854401648244609291e+00 1.651173040729892989e+02
2.991767572956844940e-03 8.854436719871509709e+00 1.427209481230108565e+02
3.461236276140632843e-03 8.854483675636004136e+00 1.233622713309546128e+02
4.004374092280021079e-03 8.854546548695260810e+00 1.066292426728370089e+02
4.632741191769460670e-03 8.854630745789465962e+00 9.216571550261271284e+01
5.359711769011387197e-03 8.854743519134629537e+00 7.966384730957604177e+01
6.200758699388337833e-03 8.854894603110189166e+00 6.885754754506197628e+01
7.173782864658083055e-03 8.855097076569554915e+00 5.951681410595003996e+01
8.299494156148737312e-03 8.855368534457172203e+00 5.144283789155760189e+01
9.601852265043439583e-03 8.855732688243609374e+00 4.446377124467434783e+01
1.110857664155544614e-02 8.856221566246144761e+00 3.843107018115708939e+01
1.285173647698828123e-02 8.856878565354714183e+00 3.321633252788640078e+01
1.486843326588635668e-02 8.857762731789460275e+00 2.870856461461392684e+01
1.720159047596052371e-02 8.858954855151063512e+00 2.481181825697537846e+01
1.990086713315967343e-02 8.860566309751522596e+00 2.144314758198161286e+01
2.302371476667537664e-02 8.862752196700292018e+00 1.853084195100023379e+01
2.663660020994587652e-02 8.865731487385104970e+00 1.601289690047402914e+01
3.081642028381250883e-02 8.869819114867523169e+00 1.383568968816808109e+01
3.565213847201036818e-02 8.875479640628505251e+00 1.195282955040022266e+01
4.124667842406998242e-02 8.883422659385724174e+00 1.032415463200888084e+01
4.771911458703328307e-02 8.894786194726904682e+00 8.914846128177387641e+00
5.520720659149066373e-02 8.911527488160032817e+00 7.694620237225315407e+00
6.387033133392880369e-02 8.937383607667635843e+00 6.636920461312988628e+00
7.389287516196529904e-02 8.980803017482706707e+00 5.717873790232872011e+00
8.548815836189779804e-02 9.068153695413315063e+00 4.913829690664793581e+00
9.890297547754184349e-02 9.533189976196155158e+00 4.167101281403717827e+00
1.144228480967137696e-01 8.632704483494469727e+00 3.523447342294301787e+00
1.323781019059088182e-01 8.610067306725524006e+00 3.242380583765156032e+00
1.531508973574874366e-01 8.749113954132658577e+00 2.786981208226079421e+00
1.771833635904149773e-01 8.562221694834988739e+00 2.377677646912070841e+00
2.049870087273004959e-01 8.456668507233173315e+00 1.981026607847590659e+00
2.371536068369315686e-01 8.395552825008069320e+00 1.715288853890587051e+00
2.743677932809189812e-01 8.562196722494983092e+00 1.550417563243135621e+00
3.174216365243923144e-01 8.553069051241907417e+00 1.331849503689684910e+00
3.672314965578380441e-01 8.280929461034070016e+00 1.100248233416210031e+00
4.248575287455116367e-01 8.240438753509044645e+00 9.504689842474333128e-01
4.915262482212343076e-01 8.336311693228573461e+00 8.737735886362708593e-01
5.686566350932171776e-01 8.216062637930763302e+00 7.810903194767929714e-01
6.578903360823009638e-01 8.154335364392155228e+00 6.903225010063506195e-01
7.611266054066758713e-01 8.226000046128186582e+00 6.104169607687425225e-01
8.805627285964852113e-01 8.028981935084017252e+00 5.200808352094056231e-01
1.018740789620656617e+00 7.970642540678587906e+00 4.658042585198863828e-01
1.178601776719648164e+00 7.663575626633947202e+00 4.184605495946429610e-01
1.363548178535154864e+00 7.703517451760222734e+00 3.817882316435705081e-01
1.577516402835696052e+00 7.621125714042127797e+00 3.511737402421893917e-01
1.825060559201585830e+00 7.543327961680884819e+00 3.271107614798100527e-01
2.111449388903833047e+00 7.474919032221920112e+00 3.154553426282504236e-01
2.442778405036992062e+00 7.241300236105440824e+00 2.958033536594422697e-01
2.826099629701731786e+00 7.084054468234607604e+00 2.860714957693365479e-01
3.269571689569327866e+00 6.884626560287069985e+00 2.793367744808257225e-01
3.782633464469005169e+00 6.601133558999967121e+00 2.759007207169456577e-01
4.376204984942690501e+00 6.610334222795372305e+00 2.823201033075029565e-01
5.062919854680034248e+00 6.389564010387611681e+00 2.844890835103913163e-01
5.857394144723541807e+00 6.060558789503097898e+00 2.992489882471223717e-01
6.776537482600520690e+00 5.805831707641931239e+00 3.122983932083081005e-01
7.839912957617304556e+00 5.319049272216198609e+00 3.014954033052891780e-01
9.070153502556676628e+00 4.987698629733882782e+00 3.052776684231378046e-01
1.049344361406581072e+01 4.622147803980666936e+00 3.065641798106978899e-01
1.214007666469374414e+01 4.299635266579277193e+00 3.323995772960338657e-01
1.404509966843352231e+01 3.978650077695602416e+00 3.307692515923824628e-01
1.624905922298867367e+01 3.804240302870611323e+00 3.414690456999231460e-01
1.879886450543367715e+01 3.600547519091986004e+00 3.567702664881181041e-01
2.174878568930799716e+01 3.302914912836802053e+00 3.531597587706644670e-01
2.516160903349927125e+01 2.981879985019153967e+00 3.465499986847943581e-01
2.910997322788076147e+01 2.622418439852730376e+00 3.398948255378906325e-01
3.367791543854561098e+01 2.431633363658631364e+00 3.336937950749899739e-01
3.896265995873608290e+01 2.275792669711417915e+00 3.426347345235283282e-01
4.507668753519665472e+01 2.089069588609532513e+00 3.359915323913572616e-01
5.215012941358911291e+01 1.755656064492458146e+00 3.295156533494158491e-01
6.033353705794272059e+01 1.609460478492013236e+00 3.446428251102416351e-01
6.980108649497643114e+01 1.258554166812694275e+00 2.958394761269070861e-01
8.075428548470576118e+01 1.067212915676377438e+00 2.657304126354687601e-01
9.342626242092509870e+01 1.268984194561743051e+00 3.976346748696059641e-01
1.080867282467216057e+02 1.038087940464201608e+00 5.399333895501003955e-01