1.080071463478032585e-03 8.526007735489768535e+00 3.669247686566562265e+02
1.253037268961125538e-03 8.526009523111092392e+00 3.162750133392926273e+02
1.453702324797594495e-03 8.526011929849500959e+00 2.726167346681603476e+02
1.686502470013517569e-03 8.526015169112028502e+00 2.349848362616347970e+02
1.956583911880114407e-03 8.526019529511623674e+00 2.025474391298011767e+02
2.269916986363744015e-03 8.526025399684472816e+00 1.745874922866086081e+02
2.633428136507324699e-03 8.526033302674866476e+00 1.504869217822553935e+02
3.055153026216061996e-03 8.526043943438967432e+00 1.297129678323760800e+02
3.544414174132982411e-03 8.526058272337017740e+00 1.118064077200299522e+02
4.112027034323202136e-03 8.526077570870045363e+00 9.637140433264490014e+01
4.770539079322188430e-03 8.526103568811040034e+00 8.306675587196866672e+01
5.534507170643135181e-03 8.526138602671615274e+00 7.159835323948259145e+01
6.420819348209257788e-03 8.526185832962779543e+00 6.171267842381180913e+01
7.449068152087622539e-03 8.526249541868804016e+00 5.319120008059775273e+01
8.641983729058142633e-03 8.526335544884821260e+00 4.584554239029458245e+01
1.002593629813619894e-02 8.526451764448870208e+00 3.951332031368890085e+01
1.163151908239478359e-02 8.526609038731683299e+00 3.405454904724531673e+01
1.349422459319480835e-02 8.526822279182852071e+00 2.934854809144140830e+01
1.565522921655154026e-02 8.527112159419605319e+00 2.529127111708977083e+01
1.816230344545820274e-02 8.527507641408092809e+00 2.179300194727455420e+01
2.107086787947810846e-02 8.528049875147937442e+00 1.877636452522522958e+01
2.444521833520226645e-02 8.528798463152504894e+00 1.617460059616771417e+01
2.835994714948162840e-02 8.529842039583133584e+00 1.393007243956284213e+01
3.290159209431893494e-02 8.531317294576940213e+00 1.199294763376202333e+01
3.817054935381768849e-02 8.533446031625276262e+00 1.032001331583174597e+01
4.428329285085898237e-02 8.536615288629569420e+00 8.873531246142556839e+00
5.137494898324813930e-02 8.541577178586106101e+00 7.619912597554838740e+00
5.960228368564401275e-02 8.550065748478752781e+00 6.527401650347147921e+00
6.914716784832877772e-02 8.567571962347873438e+00 5.557946703576511993e+00
8.022059769828243647e-02 8.664854275105483339e+00 4.477876761226757374e+00
9.306735901585033721e-02 8.468077014218820864e+00 4.335312751061799474e+00
1.079714382927195460e-01 8.457760245823191525e+00 3.733537734118304030e+00
1.252623004485718394e-01 8.456145507788145110e+00 3.187408010394378266e+00
1.453221718796561535e-01 8.449226236873434104e+00 2.697808102332031943e+00
1.685944898360766664e-01 8.414382770472204953e+00 2.226047169650933188e+00
1.955937049070905487e-01 8.511657665306632481e+00 1.973307605504142970e+00
2.269166533050929191e-01 8.605231172818168517e+00 1.751976904491059139e+00
2.632557503404450161e-01 8.872731152936243149e+00 1.610858447490337575e+00
3.054142967379789297e-01 8.583735234162720218e+00 1.340243505518069700e+00
3.543242361518270656e-01 8.329993403767415927e+00 1.123104673722338909e+00
4.110667564206526015e-01 8.404270648511513286e+00 1.039850009256753527e+00
4.768961899681918304e-01 8.182166787985485357e+00 8.934792038128723801e-01
5.532677416838936990e-01 8.225077049378377581e+00 7.922288885127047875e-01
6.418696572275246481e-01 8.282008011045739693e+00 6.862529490075813809e-01
7.446605428602266485e-01 8.311771829348057139e+00 6.149002203630438146e-01
8.639126617825556576e-01 8.336338993860154645e+00 5.477099275948621449e-01
1.002262164074819273e+00 8.306187343928867151e+00 4.950871384377725226e-01
1.162767360607080747e+00 8.118076162453970568e+00 4.432412552589046206e-01
1.348976329103676486e+00 8.057968835844038225e+00 3.905693021211067428e-01
1.565005346840786737e+00 7.770896286042670020e+00 3.478703541798484622e-01
1.815629883785762289e+00 7.654566484393967585e+00 3.171013937760928103e-01
2.106390167644114353e+00 7.597135898377342933e+00 2.969719836558634696e-01
2.443713654402119850e+00 7.397767476112701246e+00 2.863227997394797719e-01
2.835057111660577167e+00 7.284671173269252620e+00 2.784721582800165351e-01
3.289071455609509975e+00 7.082565091663612478e+00 2.765854066892278196e-01
3.815792985478462462e+00 6.907562854939557795e+00 2.737658428631775664e-01
4.426865242831405922e+00 6.677091306462939357e+00 2.857101282417238153e-01
5.135796400058499245e+00 6.424127875242255037e+00 2.860162446969394812e-01
5.958257867814285902e+00 6.061783347265430777e+00 2.941913104709581450e-01
6.912430722325066057e+00 5.619765882624012221e+00 3.041238517820055720e-01
8.019407610579229129e+00 5.319033476754975176e+00 3.081118346370231853e-01
9.303659017791131802e+00 5.118600529486253770e+00 3.356981448312029159e-01
1.079357420430140024e+01 4.598796442675003426e+00 3.360615239661717824e-01
1.252208876969570639e+01 4.377568845564308475e+00 3.561781577208837368e-01
1.452741271687843394e+01 4.111855227528333323e+00 3.684569668995689162e-01
1.685387511045810882e+01 3.713389248932723596e+00 3.545770259370939481e-01
1.955290400119884708e+01 3.594718723796606064e+00 3.582041802716381951e-01
2.268416327844178682e+01 3.462740171166408754e+00 3.867590533636844907e-01
2.631687158140073990e+01 3.157646566877127636e+00 3.682798133774032867e-01
3.053133242477315079e+01 2.666253090840001061e+00 3.409988970864006319e-01
3.542070936314493679e+01 2.422083006856899257e+00 3.186963117547590429e-01
4.109308543541907000e+01 2.262568997589843534e+00 3.232728034087997693e-01
4.767385241470272206e+01 2.145802460145377566e+00 3.562518494580308448e-01
5.530848267966469223e+01 1.846433175427391937e+00 3.516542971804323403e-01
6.416574498148503380e+01 1.478922167548488487e+00 2.829808064518029020e-01
7.444143519313641377e+01 1.261808216147882300e+00 3.083085703249220377e-01
8.636270451177551877e+01 1.278990109606131131e+00 3.974473337787918781e-01
1.001930807921330029e+02 1.098512034798992731e+00 4.141636476136061340e-01
1.162382940109307015e+02 9.189111194131788229e-01 4.225137071240395725e-01
1.348530346382207767e+02 4.630333728182066677e-01 2.261951827099637768e-01