1.067410836684884977e-03 5.819755328082115042e+00 1.375974668811671563e+03
1.211320951859767110e-03 5.819756429828615296e+00 1.212502556158089646e+03
1.374633269577363141e-03 5.819757852407958509e+00 1.068451574166156888e+03
1.559963627251541437e-03 5.819759684867110927e+00 9.415143993446541799e+02
1.770280533873570730e-03 5.819762041432696265e+00 8.296578293490879332e+02
2.008952717784334620e-03 5.819765079057490631e+00 7.310902141871232516e+02
2.279803084916764977e-03 5.819768990116758189e+00 6.442327576989969202e+02
2.587169951778807084e-03 5.819774026594980221e+00 5.676942295166550139e+02
2.935976533969614048e-03 5.819780512274986606e+00 5.002486822660250709e+02
3.331809803253773204e-03 5.819788866728796251e+00 4.408158144765254178e+02
3.781009976278249755e-03 5.819799625887054795e+00 3.884436662326501164e+02
4.290772068307876705e-03 5.819813481837159408e+00 3.422933721082735588e+02
4.869261138605411599e-03 5.819831329270208187e+00 3.016257251309111211e+02
5.525743073386585498e-03 5.819854315180211124e+00 2.657893351381731577e+02
6.270733001151981845e-03 5.819883923030392481e+00 2.342101967470958073e+02
7.116163717622332220e-03 5.819922060763017768e+00 2.063824941710837209e+02
8.075576818005414381e-03 5.819971189254928845e+00 1.818604998956765826e+02
9.164339598035024792e-03 5.820034481521627612e+00 1.602514350784164776e+02
1.039989119797095005e-02 5.820116029244957190e+00 1.412091781549069367e+02
1.180202193214493524e-02 5.820221112567956823e+00 1.244287208436625463e+02
1.339319027818344082e-02 5.820356547986460960e+00 1.096412825181970732e+02
1.519888260324786522e-02 5.820531142059912177e+00 9.661000482944872658e+01
1.724802138916842892e-02 5.820756283369219908e+00 8.512615756206881201e+01
1.957342849517369060e-02 5.821046716198515547e+00 7.500579480901861018e+01
2.221235087847654374e-02 5.821421559323878725e+00 6.608680796477331398e+01
2.520705719338922970e-02 5.821905652793170738e+00 5.822632812102150268e+01
2.860551482492946357e-02 5.822531352338001120e+00 5.129843612251597307e+01
3.246215820123021095e-02 5.823340942528962394e+00 4.519214333779606818e+01
3.683876069111426121e-02 5.824389919033417407e+00 3.980961036854952084e+01
4.180542405235879166e-02 5.825751517482552266e+00 3.506457449209658250e+01
4.744170127903063472e-02 5.827523074108383661e+00 3.088095954257972764e+01
5.383787083297829346e-02 5.829835154598092650e+00 2.719164408616468265e+01
6.109638266934593054e-02 5.832865008340934132e+00 2.393736490305559172e+01
6.933349921766696067e-02 5.836857046899117663e+00 2.106573228691728872e+01
7.868115760277444304e-02 5.842155260617473367e+00 1.853033010483121856e+01
8.928908293345108604e-02 5.849257051958518971e+00 1.628986337923231531e+01
1.013271865081911555e-01 5.858908098951037147e+00 1.430729007663519958e+01
1.149882873510762182e-01 5.872282565502637830e+00 1.254880466508596193e+01
1.304912006696722360e-01 5.891360979374975493e+00 1.098233774524435979e+01
1.480842427039879006e-01 5.919839450458955099e+00 9.574529311225953521e+00
1.680492081050346531e-01 5.965831718664947658e+00 8.281932929069803606e+00
1.907058835502200567e-01 6.053815168655038548e+00 7.008538115187943340e+00
2.164171698919212794e-01 6.268330395748929362e+00 5.384405707774746475e+00
2.455948948826999489e-01 5.333522977074127702e+00 6.612590537750105746e+00
2.787064095818582166e-01 5.338655710222638184e+00 5.822700113986675419e+00
3.162820741005647474e-01 5.345632326846128990e+00 5.125877656733636378e+00
3.589237525876645130e-01 5.355308904295379868e+00 4.510832929055995422e+00
4.073144535236905561e-01 5.369147373255511724e+00 3.967474468830400003e+00
4.622292697354477564e-01 5.389950686662951185e+00 3.486607190890852692e+00
5.245477933616676802e-01 5.424273224216825895e+00 3.059352070916925737e+00
5.952682046251080994e-01 5.495789198728941116e+00 2.675064639382334075e+00
6.755232600764835560e-01 5.622854833648087691e+00 2.303714844072386470e+00
7.665984364001972029e-01 5.294792378826569390e+00 2.042854389087728428e+00
8.699525203983211608e-01 5.698808661522339669e+00 1.899252642717181860e+00
9.872409749506719789e-01 4.968180087604188166e+00 1.618934193616480277e+00
1.120342455212724353e+00 4.984170219833427673e+00 1.411290714049248329e+00
1.271388899771699776e+00 5.022160082586683671e+00 1.218254673009977473e+00
1.442799678742671565e+00 4.959978355869257172e+00 1.043792324811904315e+00
1.637320345768124463e+00 4.981312471749676618e+00 9.160971584375776633e-01
1.858066614626952884e+00 5.041790690924229601e+00 8.517866184291312814e-01
2.108574264843462220e+00 4.948225731432332353e+00 7.469885498113075784e-01
2.392855775654090689e+00 4.939400340252981358e+00 6.548162217997093304e-01
2.715464595460293395e+00 4.914651404096929355e+00 5.920135432023335698e-01
3.081568076196614214e+00 4.792140117356390228e+00 5.163745067660787669e-01
3.497030240832305292e+00 4.761411388652978083e+00 4.608456085499830768e-01
3.968505709726005026e+00 4.721257521625275011e+00 4.120306590966791305e-01
4.503546290288750420e+00 4.832107181403656249e+00 3.774088878489899046e-01
5.110721937243700275e+00 4.745099344105774719e+00 3.450199364568577454e-01
5.799758020950489090e+00 4.594628343483074140e+00 3.048311891253145944e-01
6.581691102474776400e+00 4.517725320505544317e+00 2.856639656886952316e-01
7.469045710513350755e+00 4.376577388691520909e+00 2.605494728003683313e-01
8.476034951680063045e+00 4.270993787660509078e+00 2.454779383133733339e-01
9.618788167406229661e+00 4.047747152926542746e+00 2.298493191635262445e-01
1.091560928392528140e+01 3.975863726892303607e+00 2.243540069937686177e-01
1.238726999343467483e+01 3.771047291569431970e+00 2.331585414315671678e-01
1.405734246243266483e+01 3.506130491535449423e+00 2.293810451485689683e-01
1.595257689634976117e+01 3.120617565761790946e+00 2.490101297212929665e-01
1.810333000807557369e+01 2.767372497587513802e+00 2.846778107604084340e-01
2.054405125332949567e+01 2.293874547793415708e+00 3.762339139158471513e-01
2.331383462109770832e+01 1.783163914087404711e+00 5.878622146868186515e-01
