22.172835777503348 13.558571840480145
25.497359981945163 13.558032053993653
29.32035273126898 13.557314941403614
33.71655280761535 13.556360762809257
38.77190508749768 13.555088466956457
44.58524074781441 13.553387108394674
51.270209396586196 13.55110295645811
58.95750090120688 13.54801934520695
67.79740035052905 13.543823484621612
77.96272609980699 13.538047896262526
89.65220833671826 13.529957144897061
103.0943742187876 13.518299618052605
118.55201553591169 13.500657408788738
136.32732623993925 13.471192259902146
156.76781027903345 13.406856915511785
180.27307523385622 13.322659963036248
207.30264456987192 13.596026162679898
238.38494123381906 13.56832858106906
274.1276182219545 13.522429344321235
315.2294380807173 13.440484242770587
362.49393358179486 13.372382243399098
416.84511663519226 13.194456738391006
479.3455425465734 12.540309950611835
551.2170827716741 14.857246181227456
633.864812271188 14.829399329322495
728.9044784593807 14.817735551232088
838.1940887591558 14.84924343471765
963.8702342942777 14.901149374403046
1108.3898598400344 15.12605795498986
1274.5782966269405 15.3689415683208
1465.684497029676 15.261002865660998
1685.4445509689274 15.542738296922845
1938.154725759737 15.576296110362506
2228.75545732151 15.995057715615689
2562.9279347618976 16.215191841715942
2947.205166544807 16.18666520966196
3389.099699565041 16.35015485656893
3897.250488013228 16.518846405103336
4481.591783289425 16.852282784120295
5153.547346731158 17.07631495611638
5926.253781977836 17.341911581809768
6814.817353076845 17.698185854442016
7836.609309076493 17.771277775854923
9011.605488645564 17.786420265103025
10362.776843925247 18.045266061844213
11916.538518280546 18.416999323608707
13703.266257336023 18.320822055872174
15757.890249033411 19.286988113239904
18120.5780021715 19.301645798182644
20837.519613574103 19.657136808707918
23961.830775709925 19.975765660106333
27554.59117839201 20.145952573002223
31686.038605112553 20.215747040390045
36436.94206836978 20.48102903237015
41900.18082852171 21.166327431177564
48182.56016568536 21.371479647751944
55406.899402677256 21.66616613100966
63714.43299944728 21.962547778761543
73267.57165994571 22.336994117276262
84253.07743053828 22.808650225075855
96885.7148625409 23.16558762451669
111412.44961840687 23.49554835185919
128117.27660352128 23.83478091548382
147326.77201266165 24.064579798151247
169416.47783257856 24.373178026386423
194818.24361650887 24.498352763066045
224028.66906091958 25.141414933689113
257618.812435254 25.513523480711513
296245.35466263705 26.31411765001684
340663.4373071966 26.89792080924618
391741.42544821784 27.285132509468635
450477.8840525124 27.680152851619717
518021.0997298594 28.157439667574266
595691.5295181323 28.336243995825416
685007.6155675909 29.528181602286647
787715.4703965175 30.40193292771849
905823.0130593072 30.727680189754068
1041639.2235826136 31.76783846135045
1197819.283086319 32.750238015948675
1377416.4820701282 35.173496240981386