2.217458340163488018e+01 1.120324597491296714e+01
2.550312721684728245e+01 1.111558514942469778e+01
2.933130630047119780e+01 1.096522705817482901e+01
3.373411903477203566e+01 1.062689487877013050e+01
3.879782152879727164e+01 1.056376911792313678e+01
4.462161747365690445e+01 1.341900700231873422e+01
5.131960165566253806e+01 1.331360624521225944e+01
5.902299520295804314e+01 1.335020634478377843e+01
6.788271635666558268e+01 1.346045088021965341e+01
7.807233713087768479e+01 1.367478454401259746e+01
8.979148378582689816e+01 1.364929539102356593e+01
1.032697477333707354e+02 1.361190532953557231e+01
1.187711834938780413e+02 1.355389758143818746e+01
1.365994818246082900e+02 1.345265553468817998e+01
1.571039193670515601e+02 1.322392829700839911e+01
1.806862013735885455e+02 1.326241658784059929e+01
2.078083315702685923e+02 1.330943485813732785e+01
2.390016633352671249e+02 1.455147635096199998e+01
2.748773095159042441e+02 1.462407422618971964e+01
3.161381148243788175e+02 1.467479329829016521e+01
3.635924253650681521e+02 1.472544125018109540e+01
4.181699250540926869e+02 1.468736324035062601e+01
4.809398491846183674e+02 1.458245533703623664e+01
5.531319319623548836e+02 1.432726235373833212e+01
6.361604983972962373e+02 1.509210840767174666e+01
7.316521725392619828e+02 1.507927206509067730e+01
8.414777448930917672e+02 1.523159782052686317e+01
9.677888233323953955e+02 1.560942997019020062e+01
1.113059985544950678e+03 1.541794138768736744e+01
1.280137258824091759e+03 1.594108921600930096e+01
1.472293876980342930e+03 1.649205497440857116e+01
1.693294406714610886e+03 1.663369589721627406e+01
1.947468499761523390e+03 1.682986532009472569e+01
2.239795715691283931e+03 1.727304360590519039e+01
2.576003077145202042e+03 1.723148178443822687e+01
2.962677268722917233e+03 1.738974133486077989e+01
3.407393677625145301e+03 1.772637043347087271e+01
3.918864804104880022e+03 1.773487127531884155e+01
4.507110949256595632e+03 1.815907068193098439e+01
5.183656524111369436e+03 1.830704799440585262e+01
5.961755825956389344e+03 1.848427827565032899e+01
6.856652705093727491e+03 1.868534260638126199e+01
7.885879209205481857e+03 1.920433768762956817e+01
9.069599056108119839e+03 1.938098810750704359e+01
1.043100266391791229e+04 1.939948802328986233e+01
1.199676147771769320e+04 1.974606351341567745e+01
1.379755049350103945e+04 1.998552476246154797e+01
1.586864921623229748e+04 1.991200503220738227e+01
1.825063282547434574e+04 2.030813508249305954e+01
2.099016708930481764e+04 2.064237188300129588e+01
2.414092259978848597e+04 2.086349887561640415e+01
2.776462624091858015e+04 2.089253263147407580e+01
3.193227048847994956e+04 2.105551355878036546e+01
3.672550423339365807e+04 2.153216880793458898e+01
4.223823237635427358e+04 2.180566046993739704e+01
4.857845553163812292e+04 2.224813154792608572e+01
5.587038588197259378e+04 2.254872069978456040e+01
6.425688063646975206e+04 2.303602973319058123e+01
7.390224076583277201e+04 2.315452725922975574e+01
8.499542984524133499e+04 2.343794340074317617e+01
9.775377606570918579e+04 2.386565651812145461e+01
1.124272299405263329e+05 2.472972062099447754e+01
1.293032611200980173e+05 2.504882468940357398e+01
1.487124902493525879e+05 2.543934856977765691e+01
1.710351662022104720e+05 2.577802656923859459e+01
1.967086155895039556e+05 2.605340695296646203e+01
2.262358104846814531e+05 2.639414111584409994e+01
2.601952222187858424e+05 2.702270154669907853e+01
2.992521542917600600e+05 2.751199604924713071e+01
3.441717764247013838e+05 2.772382383911958925e+01
3.958341151049694163e+05 2.834401129661529950e+01
4.552512943059809622e+05 2.899713515863531654e+01
5.235873641469994327e+05 2.947703538771498444e+01
6.021811059589138022e+05 2.954822305447103048e+01
6.925722605331882369e+05 3.020004348876516076e+01
7.965316933952039108e+05 3.144823413519812050e+01
9.160960880740139401e+05 3.232204552862251035e+01
1.053607847049122211e+06 3.277900575338558298e+01
1.211760982079206500e+06 3.469828459512837071e+01
1.393653892956533236e+06 3.838133097661183513e+01
