2.217568576767047972e+01 1.645643658255111319e+01
2.550676537687299827e+01 1.645636956352196734e+01
2.933821694656847967e+01 1.645628083053038537e+01
3.374520292503820684e+01 1.645616331913839403e+01
3.881417614867007160e+01 1.645600764442757225e+01
4.464457580671913917e+01 1.645580132171443921e+01
5.135077816227683201e+01 1.645552771238853396e+01
5.906434029718129608e+01 1.645516458734998722e+01
6.793658089691845703e+01 1.645468215017275782e+01
7.814154870335192982e+01 1.645404028087624937e+01
8.987943686808782218e+01 1.645318462468301135e+01
1.033805101866128950e+02 1.645204090762290861e+01
1.189096222546432671e+02 1.645050640126017782e+01
1.367714111607559744e+02 1.644843651617373936e+01
1.573162756403768867e+02 1.644562236985835568e+01
1.809472489266832156e+02 1.644174968767982037e+01
2.081279051443008825e+02 1.643631264238432266e+01
2.393914533473040080e+02 1.642839053728392074e+01
2.753511976013068647e+02 1.641580028357672560e+01
3.167125683074341964e+02 1.637929207612998539e+01
3.642869607893620127e+02 1.637717236940722643e+01
4.190076526181079544e+02 1.641149811954316817e+01
4.819481119283146882e+02 1.637547875483491921e+01
5.543430558843909921e+02 1.631823515630563293e+01
6.376126724051830479e+02 1.622391246853486280e+01
7.333904803102034293e+02 1.628682088926039029e+01
8.435553744261791280e+02 1.638438450702004445e+01
9.702684842899928981e+02 1.630513733043746782e+01
1.116015569513493574e+03 1.652105557504994238e+01
1.283655783489589567e+03 1.651490676113164824e+01
1.476477762048237310e+03 1.667178950565139672e+01
1.698264137366114028e+03 1.666761621436101137e+01
1.953365742713871441e+03 1.659759367373255401e+01
2.246786963732212371e+03 1.686205339807424508e+01
2.584283910591982476e+03 1.723776634392048024e+01
2.972477336903661580e+03 1.728717902456766708e+01
3.418982520531925729e+03 1.723821366544191847e+01
3.932558654216476953e+03 1.762594515038031417e+01
4.523280676628573929e+03 1.793040884802325152e+01
5.202736914711806094e+03 1.793345008797824747e+01
5.984256414501431209e+03 1.823340661816511954e+01
6.883170420022132930e+03 1.826688216402356346e+01
7.917113129754633519e+03 1.849126833451547469e+01
9.106367630678494606e+03 1.842083794920123196e+01
1.047426379615710721e+04 1.904301083976982767e+01
1.204763595331733814e+04 1.933595126778648066e+01
1.385734929808783636e+04 1.936603691019455198e+01
1.593890538469837884e+04 2.021871031759985016e+01
1.833313856766410026e+04 2.053067524697480550e+01
2.108701705851383304e+04 2.064288778288080906e+01
2.425456431177291233e+04 2.141217134133936995e+01
2.789791881523660413e+04 2.152582019548128045e+01
3.208855307467869716e+04 2.167486882875720511e+01
3.690867570609277027e+04 2.162603534249094039e+01
4.245284414062543510e+04 2.195950904018250327e+01
4.882981957899742702e+04 2.243824092513330370e+01
5.616470058447097836e+04 2.264604682330016772e+01
6.460137716953743802e+04 2.313903662712391807e+01
7.430535351869606529e+04 2.335613094069797668e+01
8.546699472131283255e+04 2.382368608152983569e+01
9.830526120644852926e+04 2.420600121549189154e+01
1.130720041389052494e+05 2.434915046511276771e+01
1.300569060402428731e+05 2.488962498384718813e+01
1.495931635560406139e+05 2.515643124402986075e+01
1.720640238495291269e+05 2.511343694619715095e+01
1.979103028474980965e+05 2.607196194793564104e+01
2.276390328256037610e+05 2.643494887219267042e+01
2.618334089747030812e+05 2.696015194402166415e+01
3.011642300722481450e+05 2.757132095995495291e+01
3.464030576929659583e+05 2.795820287914556701e+01
3.984373521060247440e+05 2.842952796179393360e+01
4.582878817829901236e+05 2.866079897794218212e+01
5.271287480428072158e+05 2.903342562404235139e+01
6.063104176617803751e+05 2.984558426964002820e+01
6.973862152844477678e+05 3.034480926244837917e+01
8.021427953429401387e+05 3.052610856071556711e+01
9.226351912593286252e+05 3.253617892767478992e+01
1.061227129499058472e+06 3.376316894472691388e+01
1.220637399325325619e+06 3.538186474460250253e+01
1.403993187900323886e+06 3.889576172632808237e+01
