22.169582789839858 14.194077847410487
25.486626559837855 14.19376487409087
29.299971025991702 14.193350170393073
33.68387338780921 14.192800204961612
38.72370131012983 14.19207003722851
44.51759528637985 14.191099156644839
51.1783797269266 14.18980558250554
58.83575998712679 14.188077315982623
67.638848117763 14.185759609489477
77.75906652176874 14.182635320972608
89.39348606010574 14.17839317891641
102.76866360967922 14.172573397382623
118.1450538019986 14.16446697826742
135.82208085230457 14.152908865973965
156.14396924281476 14.135786402529945
179.50644680089505 14.108580302100293
206.36445070109772 14.057855443751489
237.2409864499276 13.886940452008455
272.73731236421406 14.1144564835374
313.5446478652827 14.184323056605647
360.45763358436415 14.126489461479098
414.389805387669 14.13985039557905
476.3913836465884 14.139920100065744
547.66972416321 14.345315582387085
629.6128289917162 14.257680643281153
723.8163749815355 14.226459662788388
832.1147863686622 14.031168736201161
956.6169564912474 14.724205937488483
1099.7473142378963 14.616651924893228
1264.293034914997 14.88240159173063
1453.4583148695924 15.115540217611347
1670.9267667567194 15.547865410429388
1920.933150473303 15.838983354198785
2208.3458365740194 16.047378885426113
2538.7616079779777 16.04934860961813
2918.614646038432 16.198836763617702
3355.3018232596237 16.086774060362597
3857.3267424839446 16.596525820826777
4434.465327422351 16.916971471413383
5097.956189069941 17.132619545424976
5860.719475009041 17.50161936809352
6737.608463248999 17.663608777098553
7745.698799885744 17.800736238956016
8904.621012901713 18.199130923647306
10236.942777142373 18.45428888633638
11768.608374309497 18.677897602500355
13529.443905569013 18.948910059284874
15553.738094770995 19.21416665503748
17880.90999225411 19.26047727937608
20556.27658142075 19.865801656528415
23631.93523567411 20.114946484353172
27167.77820978788 20.493769027241946
31232.658920883805 20.854389370004483
35905.732729989 20.975604958741712
41277.99833319224 21.08423094198241
47454.06977788593 21.31918452807315
54554.213610539606 21.525282631682586
62716.6908253527 21.584658080910913
72100.44921851772 21.463188515323306
82888.21857626793 22.42341446361462
95290.06896925982 22.680193336616313
109547.50144390343 23.088678335922516
125938.15076861138 23.595142900316894
144781.19181147387 24.060649754104624
166443.5548276704 24.67922997480111
191347.0706868171 24.8910910758457
219976.68517915462 25.21798911502676
252889.90235763608 25.462580001355697
290727.6408059766 26.032378915229557
334226.7142366068 26.389182531493887
384234.1794530261 27.359653878301337
441723.83107421285 27.584637318973513
507815.1642226133 27.716495177271078
583795.1744358456 27.980047585509066
671143.4193114686 29.411266801559737
771560.8299098543 29.952496758447435
887002.8329591788 30.051475224637944
1019717.4288507269 30.14407871694057
1172288.966916741 32.44068981673735
1347688.4704261462 36.68676813321944