2.216853674691282805e+01 1.477750784284562968e+01
2.548317551636249334e+01 1.477674775011083597e+01
2.929341894828358051e+01 1.477573856120714346e+01
3.367336983291894370e+01 1.477439644854779921e+01
3.870821080688414639e+01 1.477260756893645599e+01
4.449586101137482785e+01 1.477021573197204241e+01
5.114888045384599025e+01 1.476700346970300792e+01
5.879665910977708165e+01 1.476266127063867728e+01
6.758793333884965193e+01 1.475673324411465970e+01
7.769367855557578650e+01 1.474850839857831630e+01
8.931043441192862531e+01 1.473675611244917683e+01
1.026641271611533028e+02 1.471882940323353495e+01
1.180144635412690661e+02 1.468434097798573035e+01
1.356599816318652643e+02 1.466295511515640904e+01
1.559438569148123861e+02 1.469240831703474015e+01
1.792605764569504743e+02 1.464798979983086546e+01
2.060636110163176511e+02 1.457395602939314472e+01
2.368742342814097697e+02 1.442178176915151511e+01
2.722916607627586814e+02 1.412862121148288352e+01
3.130046995016716664e+02 1.466295416613696290e+01
3.598051502410586409e+02 1.513640548574007205e+01
4.136032025912103336e+02 1.521448030103858251e+01
4.754451376782561738e+02 1.526883930919076349e+01
5.465336765424257237e+02 1.496543881299777468e+01
6.282513710280425130e+02 1.602112676689613835e+01
7.221874920784974847e+02 1.630997449265757382e+01
8.301689383680622996e+02 1.640814164747857262e+01
9.542957663911549844e+02 1.635275445542046668e+01
1.096982033009194765e+03 1.650964706396868209e+01
1.261002744773508766e+03 1.675437871473805274e+01
1.449547827109211084e+03 1.679625821761567295e+01
1.666284162969394629e+03 1.686626678148957481e+01
1.915426907506536736e+03 1.677400888374804566e+01
2.201821465710853772e+03 1.694469962271944041e+01
2.531037727342017206e+03 1.732257282107532248e+01
2.909478391864268360e+03 1.771177242332687740e+01
3.344503490121706363e+03 1.810697903325956659e+01
3.844573524489715965e+03 1.817464131732439370e+01
4.419414011336371914e+03 1.820891595326543211e+01
5.080204625866425886e+03 1.821757032949684074e+01
5.839796627895132588e+03 1.902376597938912894e+01
6.712962797115493231e+03 1.925131028713129311e+01
7.716684738677149653e+03 1.969139058517053087e+01
8.870483146684477106e+03 1.978610450081371397e+01
1.019679744868029229e+04 1.983220766660506484e+01
1.172142221455835534e+04 1.992785567806615177e+01
1.347400881731978188e+04 2.023843834470771696e+01
1.548864210212665421e+04 2.028243893262033737e+01
1.780450327889055916e+04 2.068090894338668306e+01
2.046663193053568830e+04 2.075105160000909876e+01
2.352680195670836110e+04 2.113339659000515880e+01
2.704452848855669072e+04 2.154310680644861264e+01
3.108822535736964710e+04 2.155137162243355675e+01
3.573653562788291310e+04 2.229508217599954634e+01
4.107986107287403865e+04 2.257333223237494479e+01
4.722212033474062628e+04 2.288090692514028390e+01
5.428276996733066335e+04 2.324136082821789984e+01
6.239912766387050215e+04 2.339313980104297386e+01
7.172904285384390096e+04 2.360315868322276600e+01
8.245396660741447704e+04 2.376234862195479280e+01
9.478248055184091209e+04 2.402820191782986470e+01
1.089543534313395212e+05 2.438160777484657871e+01
1.252452042036229977e+05 2.450466129446506613e+01
1.439718623624562169e+05 2.494171087817536048e+01
1.654985297354359645e+05 2.532636851459286831e+01
1.902438635935395141e+05 2.571332412031631520e+01
2.186891188269440026e+05 2.575281231172535001e+01
2.513875075386628159e+05 2.629230197862728247e+01
2.889749580842658179e+05 2.709256490351912561e+01
3.321824828028105549e+05 2.734591256167902174e+01
3.818503949704272090e+05 2.820199279956236538e+01
4.389446514722642605e+05 2.873871138115488222e+01
5.045756390301219071e+05 2.947046735469196221e+01
5.800197693461201852e+05 2.974913618671434534e+01
6.667443031514300965e+05 3.024945594297734885e+01
7.664358859458250226e+05 3.088700832812631347e+01
8.810333503999154782e+05 3.230894587702337617e+01
1.012765423371324665e+06 3.323524859401919684e+01
1.164194070872481912e+06 3.404035498915939684e+01
1.338264323976343032e+06 3.691110833727730522e+01
