1.072879791906471494e-03 2.962130468830269425e+00 3.477171088881362238e+01
1.229262303856076648e-03 2.962010452118268411e+00 3.034115920519508691e+01
1.408439065663079836e-03 2.961852324063536823e+00 2.647320522591865810e+01
1.613732557700021681e-03 2.961643742615250652e+00 2.309611540966716703e+01
1.848949543695773638e-03 2.961368191510347803e+00 2.014725312788162270e+01
2.118451659676002120e-03 2.961003436284255663e+00 1.757191438876847656e+01
2.427236291918217180e-03 2.960519309905540908e+00 1.532230905309176094e+01
2.781029243643889752e-03 2.959874462423075947e+00 1.335666763995144457e+01
3.186390908769047743e-03 2.959011452942924336e+00 1.163845540915085941e+01
3.650837921496572283e-03 2.957849080127081809e+00 1.013567600125856849e+01
4.182982537502428003e-03 2.956269891466704713e+00 8.820245806267276834e+00
4.792692331265593388e-03 2.954098796377357061e+00 7.667415684632057804e+00
5.491273170814351019e-03 2.951064130515206774e+00 6.655204171825895187e+00
6.291678862795435992e-03 2.946721100671857219e+00 5.763772937459266110e+00
7.208751355321198033e-03 2.940285376958029051e+00 4.974578780654204557e+00
8.259495952683810691e-03 2.930217601253425119e+00 4.268811066894879325e+00
9.463396645251694744e-03 2.912943424679070414e+00 3.623218001028079005e+00
1.084277740172039095e-02 2.877069656742368142e+00 2.991904984582447469e+00
1.242321612317154669e-02 2.736047701379387576e+00 2.091740444371508634e+00
1.423401893490328605e-02 3.164361220198780522e+00 3.075399109479784343e+00
1.630876361084035442e-02 3.173785688208411226e+00 2.628525173912955371e+00
1.868592220726012637e-02 3.202206791934590235e+00 2.206961237124582809e+00
2.140957445135140830e-02 3.198847502757104166e+00 1.822653689133843180e+00
2.453022511299262493e-02 2.810042784784869685e+00 1.419499022112549413e+00
2.810574051630025313e-02 3.253103240476647784e+00 1.673416570673546433e+00
3.220242155671076967e-02 3.600410133707153015e+00 1.461342706502186672e+00
3.689623312058590288e-02 3.007706537606835706e+00 1.176298085790390191e+00
4.227421270450786028e-02 2.844791257428294529e+00 1.140705490198633321e+00
4.843608435433679332e-02 2.803308232275468992e+00 1.082770575911468525e+00
5.549610785135356689e-02 3.097212960699426532e+00 1.090553953815094346e+00
6.358519743500511134e-02 3.024684274176268506e+00 1.037254762787291895e+00
7.285334934979531551e-02 2.779383895427657070e+00 8.584683510112901539e-01
8.347242323040049428e-02 2.894493095037755204e+00 8.536069764687062023e-01
9.563932890032156298e-02 3.219682368458623323e+00 9.967714706800452351e-01
1.095796776769817210e-01 3.026016589902432052e+00 8.669789466630384300e-01
1.255519658895350998e-01 2.799202307093598296e+00 8.311099429968469288e-01
1.438523681844905977e-01 2.827772935867777893e+00 8.258853655962595797e-01
1.648202295015683272e-01 2.529098781467410184e+00 6.703890075590795972e-01
1.888443575576709277e-01 2.561438935982057075e+00 6.539417454288116716e-01
2.163702325206997845e-01 2.512353405253303862e+00 5.522257249843429694e-01
2.479082675624267318e-01 2.614130423493021382e+00 5.707972919908949061e-01
2.840432734661140213e-01 2.526191743811386115e+00 5.575728153409079679e-01
3.254453027914011587e-01 2.717658014072472650e+00 5.507374542862863986e-01
3.728820746801532193e-01 2.677577780740542757e+00 5.292408335549469989e-01
4.272332106968392273e-01 2.487418835352621205e+00 4.646574723594940615e-01
4.895065456790782532e-01 2.522615000811940789e+00 4.912417201680114309e-01
5.608568160509728173e-01 2.361870355175288427e+00 4.624657538516999677e-01
6.426070721372154626e-01 2.325503707126980402e+00 4.332705622093658282e-01
7.362732115271899414e-01 2.302025570945211097e+00 4.283346182800742974e-01
8.435920884120127194e-01 2.313385112218383277e+00 3.958438344973919110e-01
9.665537201268403766e-01 2.090620905944163166e+00 3.926529624473752422e-01
1.107438188105381194e+00 2.279651946300315313e+00 4.105918294357883691e-01
1.268857917502181465e+00 2.213339421610767133e+00 3.873853915772682566e-01
1.453806119475058223e+00 2.028378228227072810e+00 3.649047326639121569e-01
1.665712294394454673e+00 2.078149617067763355e+00 3.641438098817008084e-01
1.908505825177494231e+00 1.933442739833669544e+00 3.689362759026420524e-01
2.186688839959943564e+00 1.967506949115669368e+00 3.598998990711304580e-01
2.505419695200914010e+00 2.008845111951520934e+00 3.374025811902073846e-01
2.870608627250153422e+00 1.926397567327727600e+00 3.273694737986359016e-01
3.289027346047981748e+00 1.900107151927891369e+00 3.261446618352118465e-01
3.768434603157325036e+00 1.890121737427724824e+00 3.461051838713021800e-01
4.317720062539833314e+00 1.801007124467982168e+00 3.148112034387995917e-01
4.947069141876440312e+00 1.957652102559920504e+00 3.339299498482106165e-01
5.668151881090206956e+00 1.790238855621382852e+00 3.116666685691844574e-01
6.494339340266465754e+00 1.721036461277893670e+00 2.911289080833576737e-01
7.440951539643735124e+00 1.609154153163234069e+00 2.990885036204679048e-01
8.525541539234493982e+00 1.513136551965185594e+00 2.908064735853028715e-01
9.768220925773277941e+00 1.505633228814454938e+00 2.902241101987168004e-01
1.119203274250687485e+01 1.363860002224993595e+00 3.090046985650363731e-01
1.282337877707552565e+01 1.229606691002160579e+00 3.322819548767768083e-01
1.469250913069779685e+01 1.079126322996977416e+00 2.753152211132250393e-01
1.683408314675617845e+01 9.221266652317688939e-01 2.563459867936176972e-01
1.928781210009984193e+01 8.880647880745629053e-01 2.581901916471068814e-01
2.209919556447264455e+01 9.410148160951590235e-01 2.399496975944165889e-01
2.532036511255104827e+01 8.122826601632078258e-01 2.437460054603036996e-01
2.901105099334828452e+01 6.369579325255485536e-01 2.190362470488548263e-01
3.323968971211480294e+01 6.256282951977061302e-01 2.144689721265850280e-01
3.808469305062406818e+01 5.592349251953310230e-01 2.371044372009182832e-01
4.363590205932676724e+01 5.102082387749022896e-01 3.169641267286003039e-01
4.999625298279659802e+01 6.169516196492711435e-01 4.847761653059514120e-01