1.073540705068363067e-03 2.932323091081785016e+00 3.266476224344224022e+01
1.231438585808993392e-03 2.932327379789690713e+00 2.847247780552322993e+01
1.412560309506555572e-03 2.932333117597287764e+00 2.481715442507212188e+01
1.620321671731949449e-03 2.932340832513740558e+00 2.162985351949187773e+01
1.858640868085382385e-03 2.932351272199733128e+00 1.885046174437378497e+01
2.132012387901128288e-03 2.932365513895040632e+00 1.642655664969225526e+01
2.445591776342593941e-03 2.932385141223887270e+00 1.431241702150638950e+01
2.805292863425844305e-03 2.932412535885130733e+00 1.246815903987321583e+01
3.217899293625012085e-03 2.932451371822968778e+00 1.085898162710770443e+01
3.691192459409354566e-03 2.932507476372895550e+00 9.454506196815820829e+00
4.234098251425330584e-03 2.932590378082809313e+00 8.228197395858039442e+00
4.856855392902413929e-03 2.932716188765689846e+00 7.156852214661896028e+00
5.571208532920665299e-03 2.932913199759779044e+00 6.220144664409862578e+00
6.390629740108394810e-03 2.933233325514504219e+00 5.400211177848140309e+00
7.330572573945234698e-03 2.933777103879928294e+00 4.681255569183359277e+00
8.408763525230711008e-03 2.934753318911920150e+00 4.049134571785304892e+00
9.645536322027914444e-03 2.936639600753951473e+00 3.490830230535806766e+00
1.106421540579678904e-02 2.940700930422144754e+00 2.993509285401275477e+00
1.269155580973786723e-02 2.951266871321309715e+00 2.541737617252783910e+00
1.455824773506306929e-02 2.997685906053789484e+00 2.095002291130436234e+00
1.669949534105594907e-02 2.893598044301354477e+00 1.784363866781244479e+00
1.915568066439014144e-02 2.627017906360078037e+00 1.409876449411459065e+00
2.197312518863745595e-02 2.727956136268408383e+00 1.365961599014277938e+00
2.520496342649306692e-02 3.149102607400916742e+00 1.637940308573208270e+00
2.891214498970628294e-02 3.165999023178747152e+00 1.548367362300698380e+00
3.316458404486975764e-02 2.905047207720230507e+00 1.304847469249142300e+00
3.804247783278715683e-02 3.046325989404789603e+00 1.210923837519416013e+00
4.363781911752863396e-02 2.870958790385587545e+00 1.003799240979576402e+00
5.005613108862613791e-02 3.129189855558429212e+00 1.165711432022160876e+00
5.741845743513008388e-02 3.144546768288826399e+00 9.666013927056329447e-01
6.586364512256458192e-02 3.403956747650291881e+00 1.077864375791622642e+00
7.555096292393627400e-02 3.306654470101722865e+00 9.672956790169691121e-01
8.666310508797635259e-02 3.031810462595933675e+00 8.249973928273854895e-01
9.940963679114321605e-02 3.177768837138345237e+00 7.618160424242798046e-01
1.140309463515642857e-01 3.037988101235719718e+00 8.080971358430886209e-01
1.308027787401776776e-01 3.003781991956451680e+00 6.845124595177045634e-01
1.500414358870852394e-01 2.837140270889818350e+00 7.532597933990456962e-01
1.721097418562968495e-01 2.894965229880209101e+00 7.014193653849927212e-01
1.974238853867888444e-01 2.970688214297002805e+00 6.360354956876387300e-01
2.264612688441491883e-01 2.845504877784246656e+00 6.527934508093862220e-01
2.597695116070989352e-01 2.584498661198589620e+00 6.100117324977261113e-01
2.979767776847996874e-01 2.660911635547416942e+00 5.528138315835825489e-01
3.418036223346776481e-01 2.734715695229759991e+00 5.256977062320541405e-01
3.920765810975029297e-01 2.246080737252359238e+00 4.317681396479998157e-01
4.497437575269102039e-01 2.488644194579700208e+00 4.620831614192994485e-01
5.158927035841578412e-01 2.603381694489081966e+00 4.607199296456097048e-01
5.917709299065636586e-01 2.358788522452281100e+00 4.282931019151376417e-01
6.788094327551428275e-01 2.439708215587782725e+00 4.506754995874479586e-01
7.786496813388804616e-01 2.322299706507245265e+00 3.913341518450828560e-01
8.931745744727155323e-01 2.226390396647067949e+00 3.724953868699267812e-01
1.024543950384432467e+00 2.294602814308556393e+00 3.929464281737661269e-01
1.175235319354026364e+00 2.245362226125065419e+00 3.492946065604847772e-01
1.348090587367102522e+00 2.161265640594204562e+00 3.376464701313229289e-01
1.546369651949102808e+00 2.188577922302734624e+00 3.387181037543246509e-01
1.773811880950414643e+00 2.273409892310771507e+00 3.823442892954070360e-01
2.034706633717880742e+00 2.199041485356721726e+00 3.602559621708807946e-01
2.333974154619657959e+00 2.097269877137580618e+00 3.613406857121181925e-01
2.677258364503790844e+00 2.037478106658017207e+00 3.528863695129434985e-01
3.071033300055352466e+00 1.910959571414810432e+00 3.434554610472716485e-01
3.522725208404335895e+00 1.786440462601057266e+00 3.084829489894797550e-01
4.040852599580638582e+00 1.692494209118652115e+00 2.853604583743269973e-01
4.635186898081613549e+00 1.830702460746667537e+00 3.019496219998908382e-01
5.316936723298733014e+00 1.915135656278037279e+00 3.283030605133220869e-01
6.098959274169255096e+00 1.588095739107847626e+00 3.017187638866192789e-01
6.996002804580534473e+00 1.566379334388497302e+00 2.956518501935103127e-01
8.024984762398730709e+00 1.714444870705183144e+00 3.370504843248988691e-01
9.205310837578071670e+00 1.505866733296558291e+00 3.164209409577116161e-01
1.055924093631594474e+01 1.443162800458942074e+00 3.298689954229120369e-01
1.211230898320273397e+01 1.233119591920723401e+00 2.788032716913230180e-01
1.389380446846391592e+01 1.160388547226234968e+00 2.777949641641892509e-01
1.593732482184953980e+01 1.347984275731484827e+00 3.793506466251606035e-01
1.828140903045422050e+01 1.100667237576799407e+00 3.248696386152342130e-01
2.097026444993970529e+01 9.907475978401567573e-01 2.621553869142089765e-01
2.405460051617690098e+01 9.015695238165637448e-01 2.707563275069097553e-01
2.759258508037182622e+01 8.348995664199003741e-01 2.839291568048578074e-01
3.165094140331047612e+01 7.368480573867811634e-01 2.469747881248242904e-01
3.630620649706423819e+01 6.429783332425812459e-01 2.403810206739510069e-01
4.164617454536762864e+01 5.014679486213350357e-01 2.294689790940997176e-01
4.777155262430052574e+01 4.738989602739981932e-01 3.682874236444644844e-01
5.479785994870348986e+01 3.507086248561800956e-01 2.829772746231455360e-01