22.15878543147847 18.181392776001996
25.451014757434095 18.181391327523112
29.232385239984183 18.181389416491765
33.575570756731466 18.18138689605353
38.56404266656729 18.181383568812908
44.2936740394997 18.181379179844306
50.87458223404373 18.18137338792737
58.433245234531306 18.18136574463671
67.11493242206977 18.181355657163408
77.08649649595529 18.181342341794608
88.53958020327048 18.18132476266213
101.69429950656391 18.18130154875764
116.80347397613612 18.181270884158177
134.15748571052706 18.181230360154366
154.08986016843528 18.18117677673581
176.98367616966158 18.181105872208743
203.27892825840917 18.181011954040784
233.48098292564956 18.180887386953273
268.1702912100649 18.180721873951107
308.0135443433178 18.180501425703817
353.7764868391667 18.180206846317347
406.33863328022926 18.17981143522351
466.7101716432251 18.179277350410672
536.0513780264439 18.178549533262782
615.6949159096405 18.177544811991634
707.1714485141737 18.1761303855627
812.2390565054271 18.174074993781982
932.9170264141449 18.170907421297038
1071.5246591538348 18.16509270815517
1230.7258444922443 18.15644896248941
1413.5802581503544 18.119177063775417
1623.602165482123 18.18873435745456
1864.8279618785211 18.18739858185042
2141.893747949852 18.179507080441795
2460.1244303979997 18.176884012468708
2825.636061001652 18.156806455334227
3245.4533805597976 18.165944816638017
3727.6448268618196 18.170403785538518
4281.477601392296 18.16836473837414
4917.5957749859535 18.151448833362362
5648.224855432084 18.146579424562486
6487.406748597979 18.143216453315194
7451.269628771717 18.104911514716598
8558.337904842292 18.05823962269112
9829.888239534052 18.101150137225087
11290.358464002533 18.238400246138475
12967.817246690896 18.29827369323682
14894.503542977682 18.3493082899048
17107.446193258547 18.352464502138396
19649.175577471262 18.32946258404856
22568.541003299375 18.302859676047536
25921.6495373774 18.403560411134894
29772.944322824653 18.512056744619894
34196.443107212086 18.570758267347905
39277.1607841387 18.63576597383536
45112.743288138256 18.77871430357645
51815.34424462068 18.95701438707204
59513.780442043775 19.183674729264684
68356.00755217412 19.378205553733743
78511.96367912041 19.594634834210485
90176.83538709639 19.964552072407844
103574.8089764576 20.25206427501314
118963.37910350687 20.564440727623914
136638.29755111106 20.975711937710123
156939.25726018316 21.500367876314783
180256.42086300775 21.78048995892285
207037.91918980476 22.299634054352463
237798.46386177087 22.922609358529357
273129.2394953828 23.449378102740255
313709.2656355003 23.883630174837148
360318.4467814133 24.542119696461814
413852.56131331256 25.350632183639227
475340.4773902466 26.043927395238676
545963.926690622 26.554542900404936
627080.2160252953 27.384212853342667
720248.3133160556 28.152969788454627
827258.8092839739 28.74530324605026
950168.3306790773 30.04070573262888
1091339.0664366472 31.051152927983345
1253484.166410389 34.31679650682927