1.071997902125786713e-03 4.902998297191568433e+00 5.143693918375836347e+02
1.226361102198388238e-03 4.902998315684878428e+00 4.496251986003063053e+02
1.402951955412290452e-03 4.902998338613065776e+00 3.930304095624931620e+02
1.604971150558200631e-03 4.902998369551666791e+00 3.435592515638065265e+02
1.836080262183400775e-03 4.902998409204749386e+00 3.003150650911059643e+02
2.100468116206938470e-03 4.902998461796200580e+00 2.625140545243744441e+02
2.402926711904943956e-03 4.902998530215601392e+00 2.294710807998470727e+02
2.748938076343283507e-03 4.902998619913594425e+00 2.005872438873903150e+02
3.144773625484106362e-03 4.902998737287033393e+00 1.753390275681961157e+02
3.597607832874824725e-03 4.902998890848351721e+00 1.532688108397699409e+02
4.115648266151392988e-03 4.902999091897971340e+00 1.339765735799979325e+02
4.708284348252456467e-03 4.902999354920842379e+00 1.171126462163137631e+02
5.386257539624164127e-03 4.902999699236401554e+00 1.023713720176370714e+02
6.161856025948443324e-03 4.903000149837203558e+00 8.948556708484147748e+01
7.049137440087289985e-03 4.903000739589860046e+00 7.822167769700128304e+01
8.064183655052532124e-03 4.903001511443520144e+00 6.837554715033233776e+01
9.225392266094209828e-03 4.903002521683641923e+00 5.976871545966395161e+01
1.055381004498669173e-02 4.903003843944062190e+00 5.224518478260486631e+01
1.207351441033288099e-02 4.903005574654460297e+00 4.566859197413965887e+01
1.381204982799171845e-02 4.903007840078894120e+00 3.991973701939127750e+01
1.580092705133618811e-02 4.903010805584375298e+00 3.489442254013630418e+01
1.807619425001377733e-02 4.903014687802117244e+00 3.050156522258319924e+01
2.067909037885216905e-02 4.903019770576200642e+00 2.666154493053048213e+01
2.365679262914595349e-02 4.903026426002315752e+00 2.330476158225557270e+01
2.706327150979251361e-02 4.903035142084258169e+00 2.037037363077019592e+01
3.096026905652376343e-02 4.903046559276601712e+00 1.780519527754270470e+01
3.541841789916298777e-02 4.903061518856095979e+00 1.556273242590746975e+01
4.051852146987127562e-02 4.903081127181572185e+00 1.360233988931192783e+01
4.635301855601001858e-02 4.903106841482395062e+00 1.188848456271412424e+01
5.302765874247075684e-02 4.903140585122382156e+00 1.039010117609762673e+01
6.066341911067080206e-02 4.903184903784984172e+00 9.080028911960877025e+00
6.939869693416209073e-02 4.903243179548637087e+00 7.934518609074173057e+00
7.939181811320791815e-02 4.903319928883016487e+00 6.932801511303265940e+00
9.082390681341391547e-02 4.903421226246113207e+00 6.056711560267220129e+00
1.039021683202813739e-01 4.903555323702905255e+00 5.290354063358685188e+00
1.188636446110426237e-01 4.903733593476466091e+00 4.619814144998064087e+00
1.359795107130828407e-01 4.903972040795633092e+00 4.032898573862493841e+00
1.555599897199485548e-01 4.904293916690025235e+00 3.518903995396846174e+00
1.779599755490390289e-01 4.904734700975060591e+00 3.068402297375803389e+00
2.035854653528131331e-01 4.905352957190407537e+00 2.673026738097894928e+00
2.329009181702221820e-01 4.906258595308846893e+00 2.325219488480245289e+00
2.664376731930732101e-01 4.907707115665020048e+00 2.017811605125900520e+00
3.048035802274274841e-01 4.910562016493015491e+00 1.742807851946742481e+00
3.486940169010347423e-01 4.921924126394310761e+00 1.481683873346806735e+00
3.989044923024109845e-01 4.875770955259174144e+00 1.275279628357096406e+00
4.563450654910620186e-01 4.862292608797588400e+00 1.154489919124801478e+00
5.220568402126841701e-01 4.981282977751412488e+00 1.019433226887796140e+00
5.972308347841447373e-01 4.980382067648717381e+00 8.835207763939585401e-01
6.832295691627259249e-01 4.882120886320140407e+00 7.572499119821568536e-01
7.816117604627681459e-01 4.920942923158674098e+00 6.878779003167457828e-01
8.941605745230921665e-01 4.972195412130797187e+00 6.165941036492168514e-01
1.022915945581593267e+00 4.903829280479966357e+00 5.458469047339146174e-01
1.170211549847373522e+00 4.772792062958908232e+00 4.824702014573654663e-01
1.338717103112125439e+00 4.803264609206403080e+00 4.476755777994645968e-01
1.531486749040091855e+00 4.879734527479844708e+00 4.142947076977125942e-01
1.752014415168747341e+00 4.842515224394655426e+00 3.663692296236744084e-01
2.004297139941320083e+00 4.878310926144688864e+00 3.376823038161810286e-01
2.292907518566297931e+00 4.839291678711860278e+00 3.011015052635165334e-01
2.623076580776730893e+00 4.621667368489014827e+00 2.864246922957024988e-01
3.000788602639142155e+00 4.616715151818861607e+00 2.715350656675792340e-01
3.432889570865119033e+00 4.490226232200358325e+00 2.544345141607647909e-01
3.927211265528680606e+00 4.523463433736782058e+00 2.552125109606120379e-01
4.492713210174319904e+00 4.487816484335864331e+00 2.552133808675772220e-01
5.139645062145037357e+00 4.447070278699194468e+00 2.587237893696340829e-01
5.879732386436239189e+00 4.249851308564703167e+00 2.552010632418250102e-01
6.726389180205144314e+00 4.090555758004429165e+00 2.682527096536961309e-01
7.694960999917862310e+00 3.784551373779521111e+00 2.552404148430765241e-01
8.803003097785527586e+00 3.571540605173403993e+00 2.578460148996567503e-01
1.007059860868023904e+01 3.366428976877610779e+00 2.734468041348843692e-01
1.152072255463192185e+01 3.152073983147655856e+00 2.937880454194864432e-01
1.317965826444538635e+01 3.058647329364523770e+00 3.032534076594411432e-01
1.507747375599509709e+01 2.757620444916593527e+00 3.210420949449656614e-01
1.724856671557158450e+01 2.549925315886904631e+00 3.336253007457823938e-01
1.973228795196721563e+01 2.518840125991843149e+00 4.096909170938464739e-01
2.257365462533436329e+01 2.095570235746446741e+00 3.834899904306096619e-01
2.582416617800663516e+01 2.041852695525306238e+00 4.243330019894571148e-01
2.954273775593498286e+01 2.043103548244167733e+00 5.240361627459990679e-01
3.379676803889416448e+01 1.587125131773307496e+00 4.862442234310572764e-01
3.866336083375855992e+01 1.371050997069981348e+00 4.957747228057690081e-01
4.423072257208433911e+01 1.401255583038434116e+00 8.925871581456495951e-01
