2.228606451556651535e+01 1.706248428364556347e+01
2.587224364063962412e+01 1.706244271989625716e+01
3.003549552380903265e+01 1.706238659248865375e+01
3.486868026952645749e+01 1.706231074581695850e+01
4.047960063700908506e+01 1.706220815490245002e+01
4.699340654896546710e+01 1.706206921135983023e+01
5.455538652368286279e+01 1.706188070378525268e+01
6.333420829254519191e+01 1.706162433641738119e+01
7.352568088399857515e+01 1.706127452328265548e+01
8.535712208613674079e+01 1.706079499670942923e+01
9.909242870287063454e+01 1.706013337484215597e+01
1.150379626942496145e+02 1.705921197962694436e+01
1.335493844895557629e+02 1.705791119394833188e+01
1.550395858882046127e+02 1.705603635070662705e+01
1.799878994894642119e+02 1.705324282480265197e+01
2.089507900646046323e+02 1.704883119384001233e+01
2.425742663393780276e+02 1.704097748871783580e+01
2.816082900279739647e+02 1.702054813377070985e+01
3.269235035077003886e+02 1.702256915352828059e+01
3.795306492402351637e+02 1.705316517327116088e+01
4.406031140839086220e+02 1.702460895368275828e+01
5.115031013412482821e+02 1.709585990979307368e+01
5.938120143015815984e+02 1.708831157088355823e+01
6.893657289746461174e+02 1.707343656129341625e+01
8.002955427631186467e+02 1.703767009128180021e+01
9.290757124221217964e+02 1.698397263871824947e+01
1.078578641625857927e+03 1.713890266764995474e+01
1.252138949083759599e+03 1.712782338506053392e+01
1.453627846226575912e+03 1.713618471863292569e+01
1.687539483434730982e+03 1.716211112323959398e+01
1.959091190736088947e+03 1.715040068039864707e+01
2.274339848812307082e+03 1.714850932486571367e+01
2.640316985934728109e+03 1.713307928128717705e+01
3.065185614127083682e+03 1.716402036613906645e+01
3.558422302739331826e+03 1.715136411599374355e+01
4.131028550529957101e+03 1.717155656858190227e+01
4.795776170848641414e+03 1.715725054149117668e+01
5.567492163163369696e+03 1.716323116483471978e+01
6.463389424907300054e+03 1.717232320153821590e+01
7.503450680075553464e+03 1.721790683137153621e+01
8.710874187985942626e+03 1.716824640917077716e+01
1.011259117360597338e+04 1.727441905592575466e+01
1.173986652057686479e+04 1.734241158467947486e+01
1.362899612521523159e+04 1.742791902569697982e+01
1.582211646576750536e+04 1.754877127860800812e+01
1.836814444412044395e+04 1.768175519566532827e+01
2.132386846285968204e+04 1.783410505062228069e+01
2.475521507382808340e+04 1.800338721413003640e+01
2.873871945040602077e+04 1.812413361726374106e+01
3.336323248196395434e+04 1.839183054198142742e+01
3.873190256672514806e+04 1.857777756051172702e+01
4.496447630634329107e+04 1.885002645955802691e+01
5.219996941850858275e+04 1.921266968120004393e+01
6.059976744149976730e+04 1.953067402118659857e+01
7.035122539098181005e+04 1.995776990892208147e+01
8.167184665833161853e+04 2.046844841686521477e+01
9.481413435958554328e+04 2.086661125047651311e+01
1.100712233429151092e+05 2.131167193329865128e+01
1.277834184748956905e+05 2.174272523060161078e+01
1.483457850401126198e+05 2.231143143033947496e+01
1.722169605557287869e+05 2.284764149615501694e+01
1.999293845459361328e+05 2.331411786672035547e+01
2.321011744483904331e+05 2.413731504410774420e+01
2.694499125412186841e+05 2.467670324863509990e+01
3.128086514039350441e+05 2.537297054589928536e+01
3.631444949093465111e+05 2.612744729725699244e+01
4.215801691899927100e+05 2.667065754928984234e+01
4.894190647131539881e+05 2.738458407728135313e+01
5.681743080205207225e+05 2.793103061682103316e+01
6.596025115691026440e+05 2.865234305589473962e+01
7.657429544536084868e+05 2.937169587807268911e+01
8.889630679247522494e+05 3.007685759623291233e+01
1.032011240244541899e+06 3.012882122087918191e+01
1.198078118675262202e+06 3.143960200293987839e+01
1.390867775924930815e+06 3.169535463732128022e+01
1.614680328395776451e+06 3.286958196681272426e+01
1.874507849011383252e+06 3.372750977591654475e+01
2.176145713929832913e+06 3.440382131177093328e+01
2.526321866698370781e+06 3.556045975436924778e+01
2.932846883048440330e+06 3.820656646168326631e+01
