2.228578807664461436e+01 1.727452784277703657e+01
2.587132536452234177e+01 1.727451898420937582e+01
3.003373602113835616e+01 1.727450704125359948e+01
3.486583260339578771e+01 1.727449093768854738e+01
4.047536018404218794e+01 1.727446921992936879e+01
4.698739882862822981e+01 1.727443992362549707e+01
5.454715260448818981e+01 1.727440039082969037e+01
6.332318731047719496e+01 1.727434702048986992e+01
7.351118912168199415e+01 1.727427492471775494e+01
8.533832795857377107e+01 1.727417745217927347e+01
9.906832287409005744e+01 1.727404552072557209e+01
1.150073224055816752e+02 1.727386667126455322e+01
1.335107310104738474e+02 1.727362370307681161e+01
1.549911338000682406e+02 1.727329266133037322e+01
1.799274962755326328e+02 1.727283978115240615e+01
2.088758441998541002e+02 1.727221666660249966e+01
2.424816617432952057e+02 1.727135229599157995e+01
2.814942843535897623e+02 1.727013886798430775e+01
3.267836072800696456e+02 1.726840446634082227e+01
3.793594823148775959e+02 1.726585359389152785e+01
4.403942352557204458e+02 1.726191346675793525e+01
5.112488061798073318e+02 1.725520870712653476e+01
5.935030953993011735e+02 1.724027212937142650e+01
6.889911917460131008e+02 1.722303937219432513e+01
7.998422686982170262e+02 1.725664029659154863e+01
9.285280602428149450e+02 1.727837128372162212e+01
1.077917975079636335e+03 1.726264981143035371e+01
1.251343078092803353e+03 1.724906504238383675e+01
1.452670365734541065e+03 1.727821111541745935e+01
1.686388991498319228e+03 1.729196570483610174e+01
1.957710364118771395e+03 1.730159969473070802e+01
2.272684350466998239e+03 1.728027991087554582e+01
2.638334174208951481e+03 1.728046081019089542e+01
3.062813018168800227e+03 1.725593394356134169e+01
3.555585822283833750e+03 1.725740048881278099e+01
4.127640330843421907e+03 1.729356682151632896e+01
4.791732094898970900e+03 1.727070575397972618e+01
5.562668892857050196e+03 1.728034374098551851e+01
6.457640911206218334e+03 1.727744121821674028e+01
7.496604047677932613e+03 1.733218680765829589e+01
8.702724883654727819e+03 1.736007606370699463e+01
1.010289724772683621e+04 1.743769131586026333e+01
1.172834188862265000e+04 1.748501064887674872e+01
1.361530262889395817e+04 1.757278831440253697e+01
1.580585452204419744e+04 1.766692153708980939e+01
1.834884203321741370e+04 1.783399056907408564e+01
2.130096816280343774e+04 1.798662223361353796e+01
2.472805879800825642e+04 1.803541558967985381e+01
2.870653048463488085e+04 1.825326863615466166e+01
3.332509434714084637e+04 1.844736539582756052e+01
3.868673415062349522e+04 1.867372783733910069e+01
4.491100261114266323e+04 1.902876489529723969e+01
5.213668715702527697e+04 1.931801192393315247e+01
6.052490458173640218e+04 1.970416019008398933e+01
7.026269359223530046e+04 2.010898333942228078e+01
8.156718535870367486e+04 2.053245854577046359e+01
9.469044505968615704e+04 2.088677259854645385e+01
1.099250923783983308e+05 2.136700079382757167e+01
1.276108262748454727e+05 2.186697848579425951e+01
1.481419995217479882e+05 2.239659638075177384e+01
1.719764118996819598e+05 2.294947663468878218e+01
1.996455181202489766e+05 2.356818709761542152e+01
2.317662780913991446e+05 2.411367794433189360e+01
2.690549137596277287e+05 2.472020059886057552e+01
3.123428792762199300e+05 2.553595127475229631e+01
3.625954005869493121e+05 2.622226620425361432e+01
4.209329978370981989e+05 2.675246839809641486e+01
4.886564704938615905e+05 2.727686548560040336e+01
5.672759022991319653e+05 2.782727554569548900e+01
6.585443327989999671e+05 2.830761238150198622e+01
7.644968462506523356e+05 2.900390529041775167e+01
8.874959495028869715e+05 2.982378298359349600e+01
1.030284250676671276e+06 3.024615985444764732e+01
1.196045613263879903e+06 3.104421882528541943e+01
1.388476149245442590e+06 3.200329009119982260e+01
1.611866634218498599e+06 3.242086805850988185e+01
1.871198182207737816e+06 3.328412989995258187e+01
2.172253313497716561e+06 3.374994695161300484e+01
2.521744892053314485e+06 3.350348387910304382e+01
2.927465807547801640e+06 3.945105383209204319e+01
