21.94017365865225 16.981840703416424
24.734853143938416 16.981830291324904
27.88551128039626 16.981817049718103
31.437491657785227 16.98180020685884
35.4419136086671 16.981778778641985
39.95640790677244 16.981751509625553
45.04594617661865 16.981716795712806
50.783775951063284 16.9816725848331
57.252474833938194 16.981616247318076
64.5451389390453 16.98154440523483
72.76672270927034 16.981452707146225
82.03554939820171 16.98133552629783
92.48501395277798 16.981185551839342
104.26550280448332 16.980993225584065
117.54655819830994 16.980745950363072
132.51931820804054 16.980426949274708
149.39926755402354 16.980013571164857
168.42933881261425 16.97947467748511
189.88340864921742 16.97876642343882
214.07023939195886 16.977825049421618
241.33792267226312 16.97655366040547
272.0788890842484 16.974795683657106
306.7355559608727 16.9722747998965
345.8066945484036 16.96843405146791
389.8546082142067 16.96187499176853
439.51322499506597 16.947060085799492
495.4972209522395 16.914762163459816
558.6123056345999 17.001446356477928
629.7668176760201 16.999029621049367
709.9847974083298 16.99585182176928
800.4207246280598 16.991616395606428
902.3761336197191 16.985846397209535
1017.3183445554275 16.977659117908242
1146.901580849145 16.964706982555512
1292.9907763818965 16.942848657793167
1457.6884152264142 16.929909990209154
1643.3647901427107 16.905513597773105
1852.6921153182925 16.90125757496628
2088.6829842961965 16.976433231870047
2354.73372656901 16.934954583467807
2654.673286817599 16.89747748782321
2992.8183302539614 16.895611861202358
3374.035367132371 16.90756471622053
3803.810790511315 16.901661967584225
4288.32983523455 16.81096875546255
4834.565594491836 16.456928242884782
5450.379375066381 17.309608967733336
6144.633835560037 17.33345011365767
6927.320535857092 17.330099186024764
7809.703733490844 17.480780558326643
8804.482496399245 17.51133574628807
9925.973465161227 17.559982717076764
11190.31689498825 17.674251105041957
12615.708942782821 17.67993846454094
14222.663542289034 18.023643811842344
16034.307636185611 18.286081961358295
18076.714014037767 18.393004668278063
20379.276546239686 18.584514069442903
22975.133214233272 18.770774785105562
25901.643025162393 19.09447521970987
29200.92367461524 19.260911734694965
32920.457695380464 19.429469394798925
37113.77581577872 19.668342254095727
41841.22736231484 19.806748597993476
47170.84879411886 20.103956087512074
53179.34286893548 20.428053842520537
59953.182532606705 20.685350632541734
67589.85541898642 20.882592114764893
76199.26687086013 21.322105916963377
85905.32167384295 21.59778576225925
96847.70726722779 22.03013173082244
109183.90409536842 22.777447296314314
123091.45203213906 23.223037585809536
138770.5054963602 23.749142648855603
156446.71403085958 24.2136863126587
176374.46980183796 24.709575706560138
198840.56875584673 25.663468509557095
224168.33812495825 26.979102515320175
252722.28968228603 28.68017653182109
284913.3657165044 31.51142053140442