1.060749866960435236e-03 3.539120396398315105e+00 1.079880837825744351e+02
1.189630693552727082e-03 3.539124529076643544e+00 9.628815790194836666e+01
1.334170506283484077e-03 3.539129727887478261e+00 8.585566300060636991e+01
1.496271867802001238e-03 3.539136268150396170e+00 7.655327717482460059e+01
1.678068501613229260e-03 3.539144496443126009e+00 6.825855401354412777e+01
1.881953378060230485e-03 3.539154849160635496e+00 6.086231083652454288e+01
2.110610212746031906e-03 3.539167875943135311e+00 5.426719152530264267e+01
2.367048792005346791e-03 3.539184269283780715e+00 4.838638501657756308e+01
2.654644590411714584e-03 3.539204902064312819e+00 4.314248259554419462e+01
2.977183201801215928e-03 3.539230875158732026e+00 3.846645894050768533e+01
3.338910168653749441e-03 3.539263577956640372e+00 3.429676350388101014e+01
3.744586865730870941e-03 3.539304765538464626e+00 3.057851026354440549e+01
4.199553173560760348e-03 3.539356657414916896e+00 2.726275517143173133e+01
4.709797766734940237e-03 3.539422064386882116e+00 2.430585177519271411e+01
5.282036942214345110e-03 3.539504552427416684e+00 2.166887651481832577e+01
5.923803025253597011e-03 3.539608655783334168e+00 1.931711610218548003e+01
6.643543516621560653e-03 3.539740156369020507e+00 1.721961019797565129e+01
7.450732286182804726e-03 3.539906453789374741e+00 1.534874330722049507e+01
8.355994276469654730e-03 3.540117061540101862e+00 1.367988043221376238e+01
9.371245357705039469e-03 3.540384282644018832e+00 1.219104154689371100e+01
1.050984917517339481e-02 3.540724146910610770e+00 1.086261038397367429e+01
1.178679305350544340e-02 3.541157741002534554e+00 9.677073334250207992e+00
1.321888527328672104e-02 3.541713148793751209e+00 8.618784397059792823e+00
1.482497631672157617e-02 3.542428378771066200e+00 7.673751984896842515e+00
1.662620699458645934e-02 3.543355965464117574e+00 6.829442729956974212e+00
1.864628672054202685e-02 3.544570576203612156e+00 6.074595685874081497e+00
2.091180559570015446e-02 3.546182401028701747e+00 5.399035968782884609e+00
2.345258441138269728e-02 3.548362680881576026e+00 4.793465664079398891e+00
2.630206717712245401e-02 3.551397746636673958e+00 4.249177759276738797e+00
2.949776134071169231e-02 3.555821114105266023e+00 3.757531045421713678e+00
3.308173149486951653e-02 3.562813593325206973e+00 3.308558610408409262e+00
3.710115306913785993e-02 3.575968947939687670e+00 2.884970762778539921e+00
4.160893329519559092e-02 3.640255453396225693e+00 2.312888906035947212e+00
4.666440761929312175e-02 3.500568816798462546e+00 2.451513495623022010e+00
5.233412072861229336e-02 3.501847940205208953e+00 2.139501525181333186e+00
5.869270247212139691e-02 3.493913928087226672e+00 1.827266766737763115e+00
6.582385020558097211e-02 3.519244393016958572e+00 1.577304476345721351e+00
7.382143049120631906e-02 3.649826469774601900e+00 1.401866180986691468e+00
8.279071465354595483e-02 3.854289581524616981e+00 1.340889138122684843e+00
9.284976445507049647e-02 3.087307921124597510e+00 1.170624683869308402e+00
1.041309861309770990e-01 3.060880446122162368e+00 1.070626591828513385e+00
1.167828732388087043e-01 3.232168492732486520e+00 1.065579453877110172e+00
1.309719612638386987e-01 3.324698661025306201e+00 9.130369064840850868e-01
1.468850197084896614e-01 3.485208809387156048e+00 1.085372855890759602e+00
1.647315105200329866e-01 3.313312049060938680e+00 9.173533384490593079e-01
1.847463452166001052e-01 3.187345535070241986e+00 8.308101229169982949e-01
2.071929770032704121e-01 3.180126354786179999e+00 7.809846049638129450e-01
2.323668685794409161e-01 3.316813828293221356e+00 7.000622400392890743e-01
2.605993812838688917e-01 3.511484509691391143e+00 7.044909290330646501e-01
2.922621367698024497e-01 3.459505045363823417e+00 6.668696376435800932e-01
3.277719086224785139e-01 3.388719753519039646e+00 6.124098867905186649e-01
3.675961083068455260e-01 3.201573911173893006e+00 5.772874026628445066e-01
4.122589376564748109e-01 3.449786483375519630e+00 6.537193696003069654e-01
4.623482888882374797e-01 3.376538655860481963e+00 5.999748635507250460e-01
5.185234829669284062e-01 3.391705115276741456e+00 6.201906595724020477e-01
5.815239481791332210e-01 3.473816862506699188e+00 5.553950233253107660e-01
6.521789531515120864e-01 3.479371615574357701e+00 5.735169724904063404e-01
7.314185224282125919e-01 3.447266132793314064e+00 5.315547765916804890e-01
8.202856782880367792e-01 3.246317602364328980e+00 4.695464948924300552e-01
9.199501699391339216e-01 3.224940473454895873e+00 4.659294357445519230e-01
1.031723870807198962e+00 3.064815691080010396e+00 4.788289817717857333e-01
1.157078046590084952e+00 2.965926325481333503e+00 4.567148486677466979e-01
1.297662721376460659e+00 2.982904487031369012e+00 4.330021585747128032e-01
1.455328396742733510e+00 3.147546071746850860e+00 4.864035884014841771e-01
1.632150409714462791e+00 2.961651077349121586e+00 4.610610120035634196e-01
1.830456250213609692e+00 2.837435320228799629e+00 4.462396165598856990e-01
2.052856197568357910e+00 2.667875360212251579e+00 4.417833649299314769e-01
2.302277679350724693e+00 2.616913829242497602e+00 4.147795374664218770e-01
2.582003804803798097e+00 2.551337703219711095e+00 4.080564488895346842e-01
2.895716580070135215e+00 2.532161517516832827e+00 4.062068152256863018e-01
3.247545374058909751e+00 2.455052725824443005e+00 4.015511273579447926e-01
3.642121272903021456e+00 2.284753416347185428e+00 3.806731509739207375e-01
4.084638038468280996e+00 2.197045125025780976e+00 3.881163211746269659e-01
4.580920473305242879e+00 1.995906420268834358e+00 3.618008236051449833e-01
5.137501091924502106e+00 1.944346330824700209e+00 3.850242456496682508e-01
5.761706107611512806e+00 1.934948321754319300e+00 4.366101474691869155e-01
6.461751866616566531e+00 1.644947849009329666e+00 4.339681638864947844e-01
7.246852999073167823e+00 1.381907289765071933e+00 3.894840768562408129e-01
8.127343710224220530e+00 1.327725927464041833e+00 4.135456215781361800e-01
9.114813808499924619e+00 1.179926849197082017e+00 5.503287987867581110e-01