1.063078917070760547e-03 2.738480294695653683e+00 1.507063118068065819e+02
1.197194650769921407e-03 2.738454480998777640e+00 1.338203085131878822e+02
1.348230134956869206e-03 2.738421736947468599e+00 1.188255645770449007e+02
1.518319928707358157e-03 2.738380199894252520e+00 1.055101615811101397e+02
1.709867882446986257e-03 2.738327505049559463e+00 9.368591484501753541e+01
1.925581111164646926e-03 2.738260649703616600e+00 8.318571381013616417e+01
2.168508253613002108e-03 2.738175819639338204e+00 7.386116023365632088e+01
2.442082558206829651e-03 2.738068167852456991e+00 6.558047080808185569e+01
2.750170404544987918e-03 2.737931531566192067e+00 5.822661457136794638e+01
3.097125946302493882e-03 2.737758069671371253e+00 5.169565874571701158e+01
3.487852647751525648e-03 2.737537797075742851e+00 4.589529961698769966e+01
3.927872583596627408e-03 2.737257984476848982e+00 4.074355765170925991e+01
4.423404481527038433e-03 2.736902381590807121e+00 3.616761836000188168e+01
4.981451610448387607e-03 2.736450206560089526e+00 3.210280244814806139e+01
5.609900756503347075e-03 2.735874822736673373e+00 2.849165059641387998e+01
6.317633685692686241e-03 2.735141992153317769e+00 2.528310976251707487e+01
7.114652668379191358e-03 2.734207547565706165e+00 2.243180926382237317e+01
8.012221839691101299e-03 2.733014251971542130e+00 1.989741603003961501e+01
9.023026393647919779e-03 2.731487499791040996e+00 1.764405932841066615e+01
1.016135186087232037e-02 2.729529327926681681e+00 1.563981590557830792e+01
1.144328600358988576e-02 2.727009894316592131e+00 1.385624677156560125e+01
1.288694618126476864e-02 2.723755044062242003e+00 1.226797658497601162e+01
1.451273540019147601e-02 2.719527616004218995e+00 1.085230540086142526e+01
1.634363066574861384e-02 2.713998320888598492e+00 9.588839596119006714e+00
1.840550771254839679e-02 2.706698402868106257e+00 8.459122268604403416e+00
2.072750670183855920e-02 2.696938627572412539e+00 7.446228958871544457e+00
2.334244405449637308e-02 2.683661557835454126e+00 6.534260834722785738e+00
2.628727623998126234e-02 2.665149532031562352e+00 5.707581652166504149e+00
2.960362207589716313e-02 2.638382044777570989e+00 4.949397063378204287e+00
3.333835091973645637e-02 2.597389364021237323e+00 4.238418446003893614e+00
3.754424506562038799e-02 2.527887778418541398e+00 3.538430038790438381e+00
4.228074570757753975e-02 2.378838698381590344e+00 2.744193676041949637e+00
4.761479301193392855e-02 2.178041150027221651e+00 1.998537016022374768e+00
5.362177217141635144e-02 3.332618354788210890e+00 4.324231265832452209e+00
6.038657881139230382e-02 3.329329076377974150e+00 3.776317694885639398e+00
6.800481880545380942e-02 3.323636482744471987e+00 3.265323914127594485e+00
7.658415945713642481e-02 3.310453337560334663e+00 2.750048386399331690e+00
8.624585114379765272e-02 3.292691958197207391e+00 2.247135650104902016e+00
9.712644092779115779e-02 3.422300839499730962e+00 2.416295043967263467e+00
1.093797023531156432e-01 3.347812405266822999e+00 1.954797275315242056e+00
1.231788087010289301e-01 3.019226056270285063e+00 1.661431486012256764e+00
1.387187804188834694e-01 3.705227406735567275e+00 2.138239970830295711e+00
1.562192413112830636e-01 3.559698303099340766e+00 2.126309296096234647e+00
1.759275224463461573e-01 3.718885784488661361e+00 1.816474946321542161e+00
1.981221576440609922e-01 3.325837541456114543e+00 1.458409166198953333e+00
2.231168199478807401e-01 3.590291924868354911e+00 1.446694698357976705e+00
2.512647547130490433e-01 3.234463557542526679e+00 1.224892094019824684e+00
2.829637719637478899e-01 3.234889476488249649e+00 1.164730088241891393e+00
3.186618685752093949e-01 3.417723701191125230e+00 1.125738083246998089e+00
3.588635597381476527e-01 3.160731119241727782e+00 9.041369374414751636e-01
4.041370091870286618e-01 3.269920737722087800e+00 9.217735896708455501e-01
4.551220589624961343e-01 3.287913853751545101e+00 8.744451311414134231e-01
5.125392721912342964e-01 3.267153140337222705e+00 8.282810443754788921e-01
5.772001166833519159e-01 3.332872966997429298e+00 7.272454628414171118e-01
6.500184332703567991e-01 3.292034096495257245e+00 7.074972606751397386e-01
7.320233509638098823e-01 3.508660522736438026e+00 8.025099351936103576e-01
8.243738314624224905e-01 3.499331493054289144e+00 7.433033123144058285e-01
9.283750485626690585e-01 3.586804710223884030e+00 7.477125538526758763e-01
1.045496833960364302e+00 3.517462724161111165e+00 6.808476365426692212e-01
1.177394450134620740e+00 3.480490363865130110e+00 6.864593344992085955e-01
1.325931983893851474e+00 3.459337382387839721e+00 7.160057602903618923e-01
1.493208691200869742e+00 3.244344656481537026e+00 6.726872094238396382e-01
1.681588665604066613e+00 3.035629181519118092e+00 6.064125338596616510e-01
1.893734249573606254e+00 2.954665815710503018e+00 5.569530034238840965e-01
2.132643660939431030e+00 2.896814187746157732e+00 5.207215706411181255e-01
2.401693366199193935e+00 2.757534240499307732e+00 4.492696246824055550e-01
2.704685799550943237e+00 2.698482187968765267e+00 4.365115843076082802e-01
3.045903102055618206e+00 2.746259545814127456e+00 4.567412677490346740e-01
3.430167640415894947e+00 2.481764342409709112e+00 4.268581931874075308e-01
3.862910160673093785e+00 2.266472981126215203e+00 3.915754390295189125e-01
4.350246540026883935e+00 2.095284115259210100e+00 3.970015510326800334e-01
4.899064221498321103e+00 2.193018148129710632e+00 4.403266636173371884e-01
5.517119553002766352e+00 2.111271926246915065e+00 4.368368513657055474e-01
6.213147406509431647e+00 1.955665559526045039e+00 4.921417836522258837e-01
6.996984626516669969e+00 1.888516279113871654e+00 4.524052220924085210e-01
7.879709052519531909e+00 1.651057330219912744e+00 6.189964005752166543e-01
8.873796080250732743e+00 1.372136583433857027e+00 5.293317827881014459e-01
9.993294974348678750e+00 1.286210141587676326e+00 6.315497060727811585e-01
1.125402742424985547e+01 3.791947570077431329e-01 6.807387525421283447e-01
1.267381114946249099e+01 3.791947570077431329e-01 3.953844015197212070e-01