1.061863335128826295e-03 6.587250904669460283e+00 1.383941921999731619e+02
1.193244149853002175e-03 6.587709181253827317e+00 1.231308437512069816e+02
1.340880275318738100e-03 6.588288818356760501e+00 1.095448206021568325e+02
1.506782926998090615e-03 6.589022271175119627e+00 9.745101775397519361e+01
1.693212161356644554e-03 6.589950865323091378e+00 8.668464740999731077e+01
1.902707664121066310e-03 6.591127337278835263e+00 7.709898924892051753e+01
2.138123347876482415e-03 6.592619173088703377e+00 6.856338457815166976e+01
2.402666230309385628e-03 6.594513039663095100e+00 6.096144593052158456e+01
2.699940122726072859e-03 6.596920737427447889e+00 5.418945596869892256e+01
3.033994724006008718e-03 6.599987315435736690e+00 4.815493111417212901e+01
3.409380788786559122e-03 6.603902334933614782e+00 4.277532580655144301e+01
3.831212121423530591e-03 6.608915847056772819e+00 3.797685212343481709e+01
4.305235240258022816e-03 6.615361663508678269e+00 3.369338539271252131e+01
4.837907661211052722e-03 6.623692350111749505e+00 2.986541668593960708e+01
5.436485867146685635e-03 6.634533938951981291e+00 2.643899149497969248e+01
6.109124161391537786e-03 6.648775676814692837e+00 2.336452524782045614e+01
6.864985752071089964e-03 6.667726404945399921e+00 2.059526966913738022e+01
7.714367580541071565e-03 6.693409241382173747e+00 1.808489530962150482e+01
8.668840594425006318e-03 6.729179465227915102e+00 1.578271485658677342e+01
9.741407376167587201e-03 6.781240995145533468e+00 1.362154349929627983e+01
1.094667927444414358e-02 6.863510543197410385e+00 1.147453915972354288e+01
1.230107545144957897e-02 7.028493123609357518e+00 8.830117235154526512e+00
1.382304655764559145e-02 6.911210726874630339e+00 8.719690479844578235e+00
1.553332608103958831e-02 4.703133983242055116e+00 1.109118388432887947e+01
1.745521279507297047e-02 4.711896018607811598e+00 9.820218096370272320e+00
1.961488815284613205e-02 4.724201536160279602e+00 8.680134448499655875e+00
2.204177295147407081e-02 4.742200636834863481e+00 7.653559652020881288e+00
2.476892812533515800e-02 4.770254474232552333e+00 6.723016923098602327e+00
2.783350512813400832e-02 4.819026483423336948e+00 5.868181625933003964e+00
3.127725203923734099e-02 4.925531382075376108e+00 5.054416060022751900e+00
3.514708228886156277e-02 5.318942181459090257e+00 4.102957516507738767e+00
3.949571374973413762e-02 3.281075662769958878e+00 2.837096173758593576e+00
4.438238690143814225e-02 3.843741492897402079e+00 3.418735531587957066e+00
4.987367185083996235e-02 4.453902803996508730e+00 3.927555642351581167e+00
5.604437520246722398e-02 4.489189334423588917e+00 3.177172613419240843e+00
6.297855913293906593e-02 4.422838936709418078e+00 3.497241150273548094e+00
7.077068655208232362e-02 4.459924194879202552e+00 3.018224869880051120e+00
7.952690795101953480e-02 4.551155073719717059e+00 2.528516329329269396e+00
8.936650746768605436e-02 4.509132367751139014e+00 2.048212624058673992e+00
1.004235278692185429e-01 4.058156053029484234e+00 1.852043653908320486e+00
1.128485965880035302e-01 4.440260508996015432e+00 2.345088925619007281e+00
1.268109776870863514e-01 3.931338682607493862e+00 1.897730249375545908e+00
1.425008777084270650e-01 3.646022476612904129e+00 1.718089196634901894e+00
1.601320368160837893e-01 3.746764247745968390e+00 1.861898178404588045e+00
1.799446405329137022e-01 4.075114267419301051e+00 1.823410766599275812e+00
2.022085917367614505e-01 3.450711244780698461e+00 1.392975028302484208e+00
2.272271874898401101e-01 3.384827269002364414e+00 1.215972742222331204e+00
2.553412507899693318e-01 3.480411835398674381e+00 1.209467789674258054e+00
2.869337735296365599e-01 3.490839446161699389e+00 1.127748063528344113e+00
3.224351339129220007e-01 3.633968748670685311e+00 1.167374811213446550e+00
3.623289594060482566e-01 3.879106098179926132e+00 1.115252703401944601e+00
4.071587150912789888e-01 3.420054087901499340e+00 1.053997547904344412e+00
4.575351071759073407e-01 3.294629472095369938e+00 9.566995017050116124e-01
5.141444025127607231e-01 3.242071222247486340e+00 9.698265912392644017e-01
5.777577774672750799e-01 3.183545423867528257e+00 8.877258933176689348e-01
6.492418234887631368e-01 3.280093379956846800e+00 8.665272916718121943e-01
7.295703525010346358e-01 3.164631978931647271e+00 7.884830136005324119e-01
8.198376629346899591e-01 3.013611363611169658e+00 7.554142041941697139e-01
9.212734471214152343e-01 3.078263663796678262e+00 7.511421531510533711e-01
1.035259543130537807e+00 2.999907842851367246e+00 7.276570737597647387e-01
1.163348759254538400e+00 3.037131869888284541e+00 7.194398797475336504e-01
1.307286027585474519e+00 2.981100801889066343e+00 6.972678463918733360e-01
1.469032174852979544e+00 2.827000617435397878e+00 6.814981625319754821e-01
1.650790634348897168e+00 2.745356430173718554e+00 6.306338500684716131e-01
1.855037462829403960e+00 2.686909704232389728e+00 5.993459571121593221e-01
2.084555071308491048e+00 2.402149513539503012e+00 5.246733288493861114e-01
2.342470129250195043e+00 2.411872603830329531e+00 5.200712782105637588e-01
2.632296158520335716e+00 2.389764057853410062e+00 5.459345205676020552e-01
2.957981397346068242e+00 2.455673904027112719e+00 5.450298165321453281e-01
3.323962586323776947e+00 2.322704144892122180e+00 5.140874818227220144e-01
3.735225409190634061e+00 2.125564220184967823e+00 4.410841717318826349e-01
4.197372411731571162e+00 1.905119182030170499e+00 4.009244779258132052e-01
4.716699324066452093e+00 1.917755646281453785e+00 4.119024239601086768e-01
5.300280826039717397e+00 1.808578568404360265e+00 4.036294341007630737e-01
5.956066924076093727e+00 1.804953064212184488e+00 4.156583162361098260e-01
6.692991252423771797e+00 1.653730133753162024e+00 5.123585838094144584e-01
7.521092774149762406e+00 1.200303759719517416e+00 7.330588906991710729e-01
8.451652539794206831e+00 1.011441224143836193e+00 6.109094778495752776e-01
9.497347366717580286e+00 9.034962676731309594e-01 5.477411805196296113e-01
1.067242253268183205e+01 6.890522803497509674e-01 4.210710481503231462e-01
