1.069721924861836027e-03 2.289524439721054350e+00 6.011652965750608502e+01
1.218888068198387045e-03 2.289478526076347276e+00 5.275500602065706346e+01
1.388854512810220199e-03 2.289418873560202794e+00 4.629374246726587927e+01
1.582521732782572396e-03 2.289341354970953812e+00 4.062247618050913189e+01
1.803194655473150517e-03 2.289240592182444800e+00 3.564442491611399788e+01
2.054639060033477353e-03 2.289109569341951200e+00 3.127463506672406979e+01
2.341145840357172075e-03 2.288939121123088505e+00 2.743853140892673537e+01
2.667604229101137869e-03 2.288717252055440632e+00 2.407064369729770803e+01
3.039585232346149295e-03 2.288428224810227007e+00 2.111348823958052989e+01
3.463436698707718711e-03 2.288051328283320807e+00 1.851658515900112789e+01
3.946391645249769028e-03 2.287559194355323289e+00 1.623559424531030615e+01
4.496691688780732679e-03 2.286915465512640910e+00 1.423155412496018357e+01
5.123727688884758928e-03 2.286071505929077485e+00 1.247021091456884889e+01
5.838200002758623178e-03 2.284961661614414830e+00 1.092142347689653192e+01
6.652301086600038993e-03 2.283496243357363564e+00 9.558632673903685983e+00
7.579923559636514777e-03 2.281550788665634322e+00 8.358381156933790024e+00
8.636897281403391191e-03 2.278948946024418110e+00 7.299867222417239176e+00
9.841259487990194899e-03 2.275433782315381404e+00 6.364508613158518457e+00
1.121356259712515992e-02 2.270616540954472296e+00 5.535473371621700167e+00
1.277722493478567097e-02 2.263877368882405872e+00 4.797086001121617649e+00
1.455893036847747887e-02 2.254150836474670072e+00 4.133874205759095588e+00
1.658908366691685954e-02 2.239384503821114869e+00 3.528518727168166613e+00
1.890232935681984000e-02 2.214787555417669029e+00 2.955595942767252016e+00
2.153814293107957079e-02 2.163416536437945847e+00 2.347726630949503956e+00
2.454150449728799768e-02 2.109616345091648082e+00 1.827595887797668350e+00
2.796366636240064929e-02 2.445872530813372414e+00 2.643113902732667331e+00
3.186302765236215251e-02 2.387798347092743523e+00 1.979283508639692046e+00
3.630613089205934896e-02 2.628661686924854912e+00 2.887948333020646352e+00
4.136879755221964383e-02 2.625090488986214776e+00 2.507616663929698841e+00
4.713742194134037250e-02 2.619368779133361524e+00 2.166595001591180569e+00
5.371044552288996299e-02 2.609175868055707337e+00 1.855278064508991243e+00
6.120003681697530618e-02 2.586680022163335924e+00 1.555987999625942031e+00
6.973400555396480627e-02 2.504493328741908886e+00 1.197565912126521637e+00
7.945798374506160555e-02 2.704319052310194316e+00 1.263145200882713981e+00
9.053791088975396417e-02 2.837001883257921797e+00 1.137894362519529246e+00
1.031628657301600221e-01 2.832194207403619490e+00 1.066037247654824327e+00
1.175482928760998302e-01 2.618461211730497951e+00 8.726265724969481941e-01
1.339396793631889016e-01 2.596423862673807648e+00 9.022993482003672794e-01
1.526167438843462065e-01 2.634041687034527790e+00 8.198377137547809834e-01
1.738982101838711380e-01 2.804464694766187982e+00 8.435348825153632379e-01
1.981472460719664319e-01 2.770241374957020497e+00 8.213975475721565500e-01
2.257776608763851778e-01 2.903378009781839797e+00 8.415006927141083226e-01
2.572609670905940393e-01 2.683978450515038361e+00 7.123052642900629117e-01
2.931344267253414015e-01 2.528577093086822991e+00 5.891070043920212385e-01
3.340102196744647034e-01 2.463008606657388189e+00 5.461080142171804708e-01
3.805858905529214686e-01 2.616240471407144774e+00 6.675975428712673798e-01
4.336562522821330035e-01 2.616789246093586652e+00 5.757969766079855667e-01
4.941269495570932424e-01 2.561669225693641305e+00 5.294766844593882249e-01
5.630299136555487749e-01 2.488167259841254086e+00 5.147894288438326083e-01
6.415409723252653018e-01 2.545540037704043801e+00 5.335661876195397779e-01
7.309999152617681073e-01 2.600705301704497430e+00 5.078517312868922051e-01
8.329333575935471412e-01 2.597232953214084983e+00 5.101718652492919226e-01
9.490807915396554106e-01 2.464013468775753335e+00 4.919859948734261468e-01
1.081424270810734889e+00 2.351324716318772268e+00 4.837210026391046136e-01
1.232222234317198684e+00 2.394927327119271698e+00 4.727722357861096625e-01
1.404048046385493631e+00 2.269480653014414262e+00 4.297882948686968518e-01
1.599833911170487788e+00 2.358626830280980080e+00 4.345770996558779298e-01
1.822920910662579885e+00 2.401244406309512414e+00 4.109140492591851213e-01
2.077116020187152134e+00 2.378726570004837004e+00 3.895117648876263994e-01
2.366757074364761237e+00 2.336821650656638827e+00 3.973246307653819920e-01
2.696786792174918901e+00 2.331714334756258111e+00 3.903036207398723478e-01
3.072837124359742322e+00 2.104481275605044388e+00 3.380447917238465494e-01
3.501325362554283060e+00 2.112051863579186950e+00 3.179994323305417314e-01
3.989563650243984405e+00 1.991442892822246069e+00 3.065870053907078785e-01
4.545883764351630774e+00 1.982871422935893246e+00 3.204121812987186790e-01
5.179779296849160275e+00 1.945694776225880940e+00 3.179946431935049556e-01
5.902067662720783758e+00 1.976485402318627127e+00 3.231554429252139760e-01
6.725074698940165518e+00 1.867655999614479922e+00 3.346975000510530873e-01
7.662845004639645907e+00 1.817211025871853014e+00 3.758732244683498647e-01
8.731381611922408581e+00 1.720198527157922541e+00 3.468461901352367649e-01
9.948919077295350633e+00 1.581824581995234125e+00 3.451177620548338543e-01
1.133623465402270014e+01 1.536090980481415791e+00 3.401142206124426193e-01
1.291700285555052474e+01 1.401944765335099596e+00 3.846220437445879159e-01
1.471819946062015561e+01 1.327351755102269326e+00 4.249568802395039535e-01
1.677056185440990532e+01 1.008212708401566626e+00 4.705283261129348804e-01
1.910911356141778583e+01 9.560668137886473295e-01 4.974592704573857493e-01
2.177376192122871146e+01 9.319506542441349239e-01 4.939274950683735232e-01
2.480997910649154647e+01 9.035028798272871642e-01 4.373967461494213671e-01
2.826957810466459620e+01 6.643069853707644912e-01 5.182642796462104684e-01
3.221159690564306288e+01 6.391878654987437347e-01 5.376451859833963898e-01