22.18920737582745 17.48947718079517
25.551410176105776 17.489444325143836
29.42306820291527 17.489400450500405
33.881376272647884 17.489341722381067
39.0152260876385 17.489262860566548
44.926978597926556 17.489156501483123
51.73450491878778 17.48901220123553
59.57353649674536 17.488814804440814
68.60037138270175 17.488541624657508
78.99499057105173 17.48815721812469
90.96464653971366 17.48760279617047
104.74799554096421 17.48677208518513
120.61985603450462 17.485446310967127
138.89668813848405 17.483066856685266
159.9429033501791 17.47740164358378
184.17813034230886 17.463839835055364
212.08558170361943 17.50053806228618
244.2216884434834 17.500122337281187
281.22719435749354 17.4995686382006
323.83993145837974 17.49883003619279
372.90953119439564 17.497842688625703
429.4143647739015 17.496518891205426
494.4810503597679 17.494736431549438
569.4069160765996 17.49232130425727
655.6858667080753 17.48901711640825
755.0381698259599 17.48442313333338
869.4447552397032 17.47783676314013
1001.1867116440933 17.467496382531806
1152.8907679664605 17.448807424717057
1327.5816662404834 17.441772739028764
1528.7424702399305 17.439351407486797
1760.3840123323469 17.424384377689506
2027.1248632145114 17.398140598604144
2334.283419001342 17.33161955099858
2687.9839417410326 17.171511760853207
3095.2786676387327 17.20352314935337
3564.2884176361063 17.317155831820685
4104.3645139022 17.765912902954256
4726.275230597656 17.77266753781125
5442.420496449405 17.83592646489317
6267.079129969971 17.751085942428315
7216.693536805678 17.67928099433253
8310.197545634373 18.092679861683305
9569.393919148639 17.99725662263991
11019.389067104126 17.951172652544052
12689.093628932455 18.237209389835275
14611.798906754464 18.52565477710349
16825.840641968174 18.800421699738596
19375.363370080166 18.986139961178324
22311.20059382257 19.206368583561105
25691.888323833213 19.284723005248004
29584.83219531789 19.82807123210811
34067.65143117862 20.042344324503905
39229.72644813462 20.24228231806304
45173.98096268562 20.750378211632054
52018.93412932831 20.761409379505558
59901.06362745777 21.267472421048
68977.52681321761 21.714550888938305
79429.29419181804 22.150180104455167
91464.75768686787 22.52981033063464
105323.88564997737 22.617292418679813
121283.00745503654 23.21580613566042
139660.3230745087 23.7816340626564
160822.2474900886 24.308201134412514
185190.71643536864 24.69035511902768
213251.59913561546 25.110669244063185
245564.38578155395 25.59279070808111
282773.34289026086 26.24443251677056
325620.3589736483 26.44292548630842
374959.73663711053 27.31169462529912
431775.2260396879 27.92374913238748
497199.6393363486 28.53703739416412
572537.437183745 29.102153994533133
659290.7376491057 29.411762139994913
759189.2660993013 30.10451185805656
874224.8432241075 31.202775510823294
1006691.0988310121 31.59781866085006
1159229.2032426246 32.06160193514444
1334880.5281093572 34.27932224934394
1537147.2866117624 36.6562643652904