22.189687422779198 17.785730355222373
25.552995816805346 17.785724889072817
29.42608351226115 17.78571763954155
33.88621815924604 17.78570802445002
39.022378926422775 17.785695271267272
44.9370316251073 17.785678354800268
51.74817289031457 17.785655914120955
59.59168419993502 17.785626141868264
68.62404269445112 17.785586637067176
79.02544287773269 17.78553420793335
91.00339147647972 17.785464608167622
104.79684717534136 17.785372182537294
120.68098781494646 17.785249388630426
138.97270015789303 17.78508614802141
160.03690174289127 17.784868959061704
184.29382094731642 17.78457967175681
212.22738049457521 17.784193773014813
244.39485165628426 17.783677943457384
281.4379717494742 17.78298649171448
324.0957467215989 17.782055979236713
373.2191942334342 17.780796751808495
429.78832136266027 17.779078756509783
494.9316756313432 17.776705623857683
569.9488593980462 17.77336065645633
656.3364567740795 17.768466235821805
755.8178903028609 17.76056697381711
870.3778030396741 17.748626603638193
1002.3016519503286 17.732663070207256
1154.2213025124277 17.724327745883578
1329.1675341262496 17.73897367779377
1530.6305038120997 17.758767364795453
1762.6293744378738 17.722328334241343
2029.7924965518966 17.613008808205997
2337.4497434392997 17.725490632383547
2691.7388414755906 17.72848803126744
3099.7278170556356 17.80279458714551
3569.5560029000762 17.780155360776806
4110.596416798643 17.792233704988845
4733.642752227423 17.812667910504324
5451.124711281244 17.784827870349076
6277.355975788139 17.60815478996525
7228.81976360089 18.010952436989825
8324.497666880516 18.130320964293627
9586.248332657298 18.189959543165607
11039.243540302601 18.224736789222337
12712.470375606461 18.435183988959377
14639.309519775485 18.70928682453598
16858.201190149503 18.79376879497949
19413.412018076975 19.159372160859824
22355.91816307379 19.262337073569597
25744.422281290455 19.42228884914947
29646.524636690527 19.58745638244478
34140.071718472536 19.835220027409598
39314.709269496314 20.19133471777566
45273.670708450794 20.52629311278216
52135.83662457784 20.95837062895365
60038.106431632965 21.294981451417712
69138.12949530422 21.638693635003733
79617.4502197644 22.027438566690154
91685.1298374683 22.292532543659675
105581.91715648104 22.331421449407422
121585.05147126313 23.253665746264133
140013.79345442457 23.725705412660034
161235.7943700972 23.87591340384438
185674.43067399258 24.359958948245676
213817.25032456574 24.513841258813972
246225.69930821224 25.32602786775972
283546.322421548 25.844541426455326
326523.6617650778 26.45786577598319
376015.11027170555 26.726196445066844
433008.01659625536 27.484637756812486
498639.38260656566 28.22111086519448
574218.5464388172 29.396703560212913
661253.3036414168 30.07654122248684
761479.9875212276 30.73572728135514
876898.1087915587 31.373298891419033
1009810.2455788788 32.280938025637425
1162867.9795892513 33.331679174044055
1339124.794855688 34.582640143177066
1542096.9943902846 37.33782700866209