2.215679152436449328e+01 1.751656606427974339e+01
2.544444093428339571e+01 1.751656267270933753e+01
2.921991542621631766e+01 1.751655819932834390e+01
3.355559902928870031e+01 1.751655229898261013e+01
3.853461619550632378e+01 1.751654451623853248e+01
4.425242547566750062e+01 1.751653424973186191e+01
5.081864966668254624e+01 1.751652070567846664e+01
5.835917751819132349e+01 1.751650283572723055e+01
6.701857729275039333e+01 1.751647925472675382e+01
7.696286845276908650e+01 1.751644813120436339e+01
8.838270461344130524e+01 1.751640704199070342e+01
1.014970287857788804e+02 1.751635277718057893e+01
1.165572709886786669e+02 1.751628107883956176e+01
1.338521687073445605e+02 1.751618628787854703e+01
1.537133026166997638e+02 1.751606086364554571e+01
1.765214537016061342e+02 1.751589472349779797e+01
2.027139036536646870e+02 1.751567432232510768e+01
2.327928185090249826e+02 1.751538134568487592e+01
2.673348762597130417e+02 1.751499080674438247e+01
3.070023230206536482e+02 1.751446817476868745e+01
3.525556697230722420e+02 1.751376481258425954e+01
4.048682727574083628e+02 1.751281011294891243e+01
4.649430781082684234e+02 1.751149576336151625e+01
5.339318500027753771e+02 1.750962965600910337e+01
6.131572527271836179e+02 1.750684021943912683e+01
7.041382089680416811e+02 1.750377250652686101e+01
8.086190208522676812e+02 1.749766861233845106e+01
9.286028119995922907e+02 1.748409547909558626e+01
1.066389931744000251e+03 1.748522424167894584e+01
1.224622057816332472e+03 1.749450960841894442e+01
1.406332843032063920e+03 1.747354839271403648e+01
1.615006076991038981e+03 1.745658841231827552e+01
1.854642477875003124e+03 1.749024434695112262e+01
2.129836394886468042e+03 1.743912451430854915e+01
2.445863891880898336e+03 1.747676991278263259e+01
2.808783900946372341e+03 1.754597224896757979e+01
3.225554385264087159e+03 1.752135502620487983e+01
3.704165738343512203e+03 1.752102321424057507e+01
4.253793977184659525e+03 1.753527844441889272e+01
4.884976666412442682e+03 1.746788652273703235e+01
5.609814946230084388e+03 1.753213419120849181e+01
6.442205537505305074e+03 1.754686758342509734e+01
7.398107172029673166e+03 1.751897599347053003e+01
8.495846555996631650e+03 1.747383635028257132e+01
9.756469732681274763e+03 1.740588703099616197e+01
1.120414558070599196e+04 1.762385301865609932e+01
1.286662918382823045e+04 1.776976198437516175e+01
1.477579395605359423e+04 1.776893372514467728e+01
1.696824272406609452e+04 1.792176760719984685e+01
1.948600948275010887e+04 1.812024260887839588e+01
2.237736527797846793e+04 1.831760255499258605e+01
2.569774366718641977e+04 1.848250759649886987e+01
2.951080350081662255e+04 1.859966984934741419e+01
3.388964940045891126e+04 1.878914836292405255e+01
3.891823333289600851e+04 1.890562076163251604e+01
4.469296415126758802e+04 1.912402917276128989e+01
5.132455596174545644e+04 1.968226939547259136e+01
5.894015075291511312e+04 1.984794446567360637e+01
6.768575598326948239e+04 2.048635962097201002e+01
7.772904386065060680e+04 2.087605316418742163e+01
8.926256598189361102e+04 2.120916984504289005e+01
1.025074449642821710e+05 2.163270436636206639e+01
1.177176138453916356e+05 2.192418366357914294e+01
1.351846845298039843e+05 2.239037274917068743e+01
1.552435386213703605e+05 2.270519422981360691e+01
1.782787478293926106e+05 2.329206579482560713e+01
2.047319470418267883e+05 2.381846149704028548e+01
2.351103014233019203e+05 2.425340519705556375e+01
2.699962298705770518e+05 2.475855632165521314e+01
3.100585712451500585e+05 2.530918102486988985e+01
3.560654074638997554e+05 2.578616820135014009e+01
4.088987892942050239e+05 2.624863712133563354e+01
4.695716471789479256e+05 2.663685636955542435e+01
5.392472113085692981e+05 2.721484354271502326e+01
6.192613132650523912e+05 2.762285881805269128e+01
7.111479968086822191e+05 2.783039417499669099e+01
8.166689288218803704e+05 2.850013180687047054e+01
9.378471742816492915e+05 3.052644323098690293e+01
1.077005982800051104e+06 3.132694061385758744e+01
1.236813330354776001e+06 3.368747793553060887e+01
