2.216022988749952916e+01 1.737023891789907637e+01
2.545577754631884915e+01 1.737022258009860565e+01
2.924142094993348451e+01 1.737020101602930922e+01
3.359004444532705946e+01 1.737017255161584472e+01
3.858537133920005857e+01 1.737013497450086419e+01
4.432357580851854806e+01 1.737008536049460972e+01
5.091513452554528385e+01 1.737001984117166131e+01
5.848695364637412553e+01 1.736993329588949564e+01
6.718481211351527804e+01 1.736981893905797847e+01
7.717616831301967295e+01 1.736966776668895207e+01
8.865338412223329101e+01 1.736946780967157977e+01
1.018374284202233042e+02 1.736920311928732019e+01
1.169821313639307192e+02 1.736885237682043481e+01
1.343790713369029959e+02 1.736838696513744651e+01
1.543631886581974300e+02 1.736776825384389156e+01
1.773192341312350777e+02 1.736694370163202095e+01
2.036891765854179255e+02 1.736584111828078392e+01
2.339807120266439142e+02 1.736435993914131970e+01
2.687770382219445651e+02 1.736235738615943802e+01
3.087480829066559522e+02 1.735962526557271346e+01
3.546634017888823109e+02 1.735584800838923769e+01
4.074069946743318269e+02 1.735051801467141175e+01
4.679943249638510565e+02 1.734273209489141720e+01
5.375918701971406790e+02 1.733049846512762571e+01
6.175395800459391467e+02 1.730646060409988962e+01
7.093766741365859616e+02 1.729495510049977369e+01
8.148712763830453696e+02 1.727783781107200767e+01
9.360544563751493570e+02 1.716167498351856224e+01
1.075259333215106608e+03 1.720711695185142531e+01
1.235165994661772402e+03 1.753115548042315908e+01
1.418853096403303425e+03 1.752987551580618231e+01
1.629857134890200768e+03 1.750655951108830877e+01
1.872240534898486203e+03 1.747567335225489771e+01
2.150669862701256079e+03 1.748299523893163254e+01
2.470505670673469012e+03 1.748598306674673708e+01
2.837905703092829299e+03 1.752516073304999722e+01
3.259943450140446657e+03 1.758295897405332653e+01
3.744744332601235328e+03 1.752837196391843477e+01
4.301642139204876003e+03 1.751234893539808013e+01
4.941358728468776462e+03 1.762469837421665275e+01
5.676210454811998716e+03 1.760184210811054228e+01
6.520345293226897411e+03 1.761825544254882203e+01
7.490015227829370815e+03 1.758882559950333402e+01
8.603889148538026348e+03 1.760405381114610890e+01
9.883412280028645910e+03 1.756039664125830413e+01
1.135321906298840986e+04 1.766350762287556719e+01
1.304160743680216547e+04 1.783826529169120789e+01
1.498108365495449652e+04 1.783436044762379424e+01
1.720898812238564642e+04 1.802299410173942107e+01
1.976821430394114941e+04 1.817516084554606692e+01
2.270803454493697791e+04 1.823602344861456004e+01
2.608504870322283750e+04 1.834092469574441608e+01
2.996427385659482752e+04 1.851668358047473006e+01
3.442039606550862663e+04 1.872577437579019488e+01
3.953920829106718884e+04 1.893147891425185847e+01
4.541926215227281500e+04 1.923316159073849008e+01
5.217376532354443043e+04 1.963133538123485522e+01
5.993276110277082626e+04 1.989323392269147206e+01
6.884563211275203503e+04 2.039460936067609609e+01
7.908397633936587954e+04 2.074517690099427369e+01
9.084491087833189522e+04 2.112645129102032726e+01
1.043548669970460178e+05 2.151009635328513170e+01
1.198739495771645743e+05 2.188855757727314000e+01
1.377009448695417377e+05 2.238930347647533736e+01
1.581790729749732127e+05 2.270145349849520855e+01
1.817025958022764826e+05 2.291546197529117990e+01
2.087244077255982265e+05 2.334646976303418597e+01
2.397647550825795624e+05 2.405320346060545589e+01
2.754212523883907124e+05 2.464779966831734015e+01
3.163803881060961867e+05 2.534190589617033496e+01
3.634307414919852745e+05 2.579245523310014221e+01
4.174781649775375845e+05 2.645096861252630305e+01
4.795632243918355671e+05 2.687886539093736360e+01
5.508812327980509726e+05 2.732345237783702174e+01
6.328052636520452797e+05 2.801408939166303469e+01
7.269125863515010569e+05 2.881484396261850023e+01
8.350150331347050378e+05 2.977386069095107146e+01
9.591938819777086610e+05 3.099819681426016871e+01
1.101839927084334427e+06 3.244079622541767094e+01
1.265699508439343655e+06 3.536541548750994934e+01
