2.224610987082443714e+01 1.275319971147587594e+01
2.573967583055896213e+01 1.274606467437266311e+01
2.978187717804830115e+01 1.273193007037782642e+01
3.445887252376842724e+01 1.268146536085752984e+01
3.987035096916405053e+01 1.274520343890278440e+01
4.613165695737266958e+01 1.281158564208271144e+01
5.337624881402767585e+01 1.280894714849905647e+01
6.175854338138331201e+01 1.280534778451278122e+01
7.145720737849651982e+01 1.280039959232545321e+01
8.267896564206634480e+01 1.279351695947135781e+01
9.566300741972563060e+01 1.278376196916972773e+01
1.106860846349331098e+02 1.276947257397125313e+01
1.280684107918328607e+02 1.274708125036655915e+01
1.481804862539084695e+02 1.270455917241532440e+01
1.714509953757076346e+02 1.262933972866318655e+01
1.983759438132196351e+02 1.274822472662215844e+01
2.295292307726168985e+02 1.267433207118088667e+01
2.655748815424586269e+02 1.261483104026885194e+01
3.072812010430230316e+02 1.261571558281249139e+01
3.555371500724820066e+02 1.251975638344530495e+01
4.113712933059129000e+02 1.196464017518452216e+01
4.759737229194751080e+02 1.335075422122884881e+01
5.507214251368592386e+02 1.390783777008287458e+01
6.372076303802263055e+02 1.396106424587781802e+01
7.372757726174902473e+02 1.398911694865038413e+01
8.530587817417720089e+02 1.420162420888394905e+01
9.870245464912392208e+02 1.404535166258633083e+01
1.142028516941215912e+03 1.424727546626384900e+01
1.321374567778826076e+03 1.461785169241565541e+01
1.528885419647147046e+03 1.476834443297616772e+01
1.768984119573948192e+03 1.487794430654398070e+01
2.046788317221986972e+03 1.527062408564328777e+01
2.368219346437885633e+03 1.541802124832413767e+01
2.740128437148203375e+03 1.558440747143297678e+01
3.170442747780832178e+03 1.577446138852401347e+01
3.668334330859841430e+03 1.591364025501030710e+01
4.244415633237342263e+03 1.620090665482009840e+01
4.910965698005745253e+03 1.647619491763254018e+01
5.682191889533178255e+03 1.666890916191982086e+01
6.574532720232181418e+03 1.686446896074199842e+01
7.607008233745987127e+03 1.691859739365617088e+01
8.801625412891042288e+03 1.707283886927449146e+01
1.018384725353463728e+04 1.747814362995903892e+01
1.178313550261160708e+04 1.767391189621202230e+01
1.363357862861859394e+04 1.800452730463601370e+01
1.577461840963541181e+04 1.817804671925055970e+01
1.825189062593332346e+04 1.836920345767555673e+01
2.111819777634367347e+04 1.860510976521186777e+01
2.443463455161710954e+04 1.895987348741926581e+01
2.827189005398415611e+04 1.929335393611863481e+01
3.271175451943355802e+04 1.952833595556245783e+01
3.784886265815416846e+04 1.990650619434265423e+01
4.379271077204889298e+04 2.014800266647821658e+01
5.066999064372562862e+04 2.047831168951303482e+01
5.862728994328299450e+04 2.081286449400518634e+01
6.783421671145278378e+04 2.127094700947427697e+01
7.848701451675301360e+04 2.163370800213789025e+01
9.081274534291103191e+04 2.207954983059312326e+01
1.050741293638592324e+05 2.242017082177076048e+01
1.215751447650169430e+05 2.290507031856060749e+01
1.406675069697857252e+05 2.331360586827630144e+01
1.627581653745107469e+05 2.370373314173513535e+01
1.883179773831242346e+05 2.426606969572236849e+01
2.178917446265635081e+05 2.469871941981239516e+01
2.521098252867181727e+05 2.510903794726129945e+01
2.917015700389731792e+05 2.563108233153803184e+01
3.375108679974350380e+05 2.605590398564037002e+01
3.905141340211584466e+05 2.643647844602996955e+01
4.518411207767517189e+05 2.682105109455444136e+01
5.227989991617809865e+05 2.729046624425130219e+01
6.049002203577725450e+05 2.781139016543414044e+01
6.998947533861899283e+05 2.836567109755754501e+01
8.098073853036272340e+05 2.884734736906939290e+01
9.369808790814647218e+05 2.929438114353587608e+01
1.084125909070468042e+06 2.974740461056468277e+01
1.254378838413500926e+06 3.030386248738160049e+01
1.451368569918874884e+06 3.147367147190438175e+01
1.679293895305630984e+06 3.236882162655957984e+01
1.943012991502486169e+06 3.376317071925500102e+01
2.248146971593878232e+06 3.583707791809961662e+01
