2.191034251203370076e+01 1.521808538539802846e+01
2.463784637067846361e+01 1.520818541106278055e+01
2.770488290868850711e+01 1.519495411774254379e+01
3.115371877217382846e+01 1.517692965093134383e+01
3.503188216079129802e+01 1.515168124249322545e+01
3.939281781100617508e+01 1.511475833329451390e+01
4.429662351479186100e+01 1.505669965678912092e+01
4.981087832368736912e+01 1.495120873536603945e+01
5.601157385164293601e+01 1.463506721393371457e+01
6.298416151088267867e+01 1.497946522894871002e+01
7.082473011267818208e+01 1.571687085439826426e+01
7.964133006147892502e+01 1.569212544231362827e+01
8.955546239103885853e+01 1.565509160614742257e+01
1.007037531628566995e+02 1.559431078168442752e+01
1.132398363017142913e+02 1.547206294252269743e+01
1.273364708155559839e+02 1.507026464854361159e+01
1.431879215769890266e+02 1.614867991088851085e+01
1.610126364758119735e+02 1.612858256880570806e+01
1.810562568362487355e+02 1.609702173057964103e+01
2.035950025852674230e+02 1.603422824579860162e+01
2.289394788227849915e+02 1.605393872023059743e+01
2.574389562518717867e+02 1.592230899868022753e+01
2.894861844573099461e+02 1.583952098270578190e+01
3.255228043640050828e+02 1.592829653239614274e+01
3.660454344640161253e+02 1.605568969896463472e+01
4.116125146861330677e+02 1.628657553312893924e+01
4.628520022229571396e+02 1.650630580631208844e+01
5.204700253712128415e+02 1.658502710380803791e+01
5.852606146433454342e+02 1.642800523016049041e+01
6.581166452542680645e+02 1.674206839594454621e+01
7.400421417810105140e+02 1.674724985564827051e+01
8.321661145650435856e+02 1.679412502706452059e+01
9.357581185359073288e+02 1.694735968871045273e+01
1.052245748871355772e+03 1.701026610273227746e+01
1.183234314600662856e+03 1.703466971518081152e+01
1.330528961271827484e+03 1.714049780976377946e+01
1.496159547553824950e+03 1.733642021665678001e+01
1.682408618596871747e+03 1.727641346154827318e+01
1.891842861649890210e+03 1.726873257796442829e+01
2.127348477423154236e+03 1.737845803429287272e+01
2.392170954646726386e+03 1.733973254855104784e+01
2.689959795955499885e+03 1.736625360249212591e+01
3.024818811465561794e+03 1.738946190801302905e+01
3.401362673134649867e+03 1.709759990657854090e+01
3.824780509278915815e+03 1.828968289050122920e+01
4.300907415638225757e+03 1.848425563194468424e+01
4.836304868479698598e+03 1.871447430710477278e+01
5.438351147907598715e+03 1.877179735706426911e+01
6.115343017497791152e+03 1.902087489117026209e+01
6.876610061497704010e+03 1.907782033826416068e+01
7.732643255265856169e+03 1.897953546471087094e+01
8.695239540772452528e+03 1.929513303026100957e+01
9.777664399547336870e+03 1.927090586726179566e+01
1.099483466348327056e+04 1.943883807266914943e+01
1.236352408279934389e+04 1.930837722985270588e+01
1.390259448408412209e+04 1.935935825427898749e+01
1.563325570399369826e+04 1.990977644463114160e+01
1.757935788073531148e+04 2.003944703371154645e+01
1.976772013138786861e+04 2.013834866600369367e+01
2.222850014454182747e+04 2.017739121145092795e+01
2.499560978159222941e+04 2.034240721931000806e+01
2.810718241406145899e+04 2.058293730491659801e+01
3.160609843729932982e+04 2.042538358398589793e+01
3.554057620263293211e+04 2.107897164981984872e+01
3.996483651156690757e+04 2.110025035680777350e+01
4.493984982938876783e+04 2.125616131559564792e+01
5.053417651548474532e+04 2.152927626127637950e+01
5.682491164953018597e+04 2.149296594012911754e+01
6.389874747414665762e+04 2.190130766138816298e+01
7.185316809548475430e+04 2.275210953677584058e+01
8.079779290582933754e+04 2.318667819132623720e+01
9.085588724185325555e+04 2.345215014097350092e+01
1.021660610968098772e+05 2.377530550918942254e+01
1.148841792965157656e+05 2.415031735887912134e+01
1.291855094631429820e+05 2.471577663530374736e+01
1.452671373677815718e+05 2.537553223760981780e+01
1.633506829576002783e+05 2.639044834382694660e+01
1.836853544870119367e+05 2.715389552468547407e+01
2.065513828416436154e+05 2.825640276749818014e+01
2.322638833833206445e+05 3.057582660436526822e+01
