2.194865583864007164e+01 1.049556213551221262e+01
2.476246753401829892e+01 1.049507780568817594e+01
2.793700912170768191e+01 1.049445728550581691e+01
3.151852607556866204e+01 1.049366071738751316e+01
3.555919252660422814e+01 1.049263547366291149e+01
4.011787131518941862e+01 1.049131122601013288e+01
4.526097148178954654e+01 1.048959241542631915e+01
5.106341568775467010e+01 1.048734611179391329e+01
5.760973165919625671e+01 1.048438100550150409e+01
6.499528355367124277e+01 1.048040751679348581e+01
7.332766118773940889e+01 1.047495206532800260e+01
8.272824736311483207e+01 1.046713827830123478e+01
9.333398612360279856e+01 1.045496259257335225e+01
1.052993777020938779e+02 1.043138822896795048e+01
1.187987292192188988e+02 1.036566584027178983e+01
1.340286939209580623e+02 1.049723870365499323e+01
1.512111359458190805e+02 1.048456156784521198e+01
1.705963623543869403e+02 1.046822303410148436e+01
1.924667695041806610e+02 1.044372828404964437e+01
2.171409568887729051e+02 1.042343834933634206e+01
2.449783683699629933e+02 1.038603240706309272e+01
2.763845284146497079e+02 1.033119834779799362e+01
3.118169496158435550e+02 1.026070218243238230e+01
3.517917975562625656e+02 1.016420904106855083e+01
3.968914101056237769e+02 9.980365399717472386e+00
4.477727806897986511e+02 9.567250292861420036e+00
5.051771291127611221e+02 9.682906338694291293e+00
5.699406993553003531e+02 1.606975962326346519e+01
6.430069416485847569e+02 1.607718734369086988e+01
7.254402562862376271e+02 1.631359441235253627e+01
8.184414993893718702e+02 1.632683294133877538e+01
9.233654765064778758e+02 1.640546795566228155e+01
1.041740678888046659e+03 1.659972655773171013e+01
1.175291549946219675e+03 1.666399929277191205e+01
1.325963606268498097e+03 1.644205276108862535e+01
1.495951779138557413e+03 1.694722788533574231e+01
1.687732389432310356e+03 1.693453346990676778e+01
1.904099221686923556e+03 1.724439785327188801e+01
2.148204222855651551e+03 1.716696159576457958e+01
2.423603418631944805e+03 1.738771044418462353e+01
2.734308716233793348e+03 1.748503018858902536e+01
3.084846348290900096e+03 1.746309446675759247e+01
3.480322809222257092e+03 1.767987647337698220e+01
3.926499244639358949e+03 1.767101288931096192e+01
4.429875377450622182e+03 1.775450730763047957e+01
4.997784193269519164e+03 1.804697892515204671e+01
5.638498764466218745e+03 1.821085252347658212e+01
6.361352769033535878e+03 1.833425667686652361e+01
7.176876459938626795e+03 1.825483139580210690e+01
8.096950065708518196e+03 1.858512522577032655e+01
9.134976856928904454e+03 1.870261888816132512e+01
1.030607839982086261e+04 1.872856893152797753e+01
1.162731484127292424e+04 1.907610662547165603e+01
1.311793343435419047e+04 1.924726406845027071e+01
1.479964892473047621e+04 1.931411312093807808e+01
1.669695988254257463e+04 1.942450273871406097e+01
1.883750558794511744e+04 1.954615997999483312e+01
2.125246866927414885e+04 1.953891251853086430e+01
2.397702935931812317e+04 1.957263363454834604e+01
2.705087798711895084e+04 1.963807942903444115e+01
3.051879317108225223e+04 2.046863546387935529e+01
3.443129413628674229e+04 2.055826119554727072e+01
3.884537665869483317e+04 2.081013721526538518e+01
4.382534335721044772e+04 2.121102721373993560e+01
4.944374042895230377e+04 2.133837215314704494e+01
5.578241447373386472e+04 2.151720315013892915e+01
6.293370480315356690e+04 2.187362824899814839e+01
7.100178860338534287e+04 2.214579092104204960e+01
8.010419854747221689e+04 2.231453750837266270e+01
9.037353496510235709e+04 2.246183208427228095e+01
1.019593975120834657e+05 2.274157291891794941e+01
1.150305644793173706e+05 2.324995646281809414e+01
1.297774514885911776e+05 2.373713508125275240e+01
1.464148853924982250e+05 2.419115713647805421e+01
1.651852337875733501e+05 2.447974121837096106e+01
1.863619357301584678e+05 2.588809339876926074e+01
2.102534850890797679e+05 2.677135062560940071e+01
2.372079245630525402e+05 2.800160509071428194e+01
2.676179158298922121e+05 2.983410422553374275e+01
3.019264596874714480e+05 3.234042918070703365e+01
