2.189994320094251279e+01 1.708012119591737132e+01
2.460406981188157971e+01 1.708002951382853141e+01
2.764209229921152655e+01 1.707991367049140763e+01
3.105523893080257380e+01 1.707976725742173940e+01
3.488982869349383975e+01 1.707958214074942305e+01
3.919789987685297916e+01 1.707934798141961608e+01
4.403791627220881821e+01 1.707905161092496371e+01
4.947556057061329682e+01 1.707867621342207087e+01
5.558462572674422120e+01 1.707820024074979770e+01
6.244801638523269816e+01 1.707759595001473940e+01
7.015887395952994154e+01 1.707682738347764939e+01
7.882184063148551445e+01 1.707584746964117528e+01
8.855447942507046832e+01 1.707459357507864084e+01
9.948886962572103698e+01 1.707297972766270533e+01
1.117733991963539921e+02 1.707087857999083980e+01
1.255747785144961881e+02 1.706803846836271532e+01
1.410803027584684912e+02 1.706432776744758328e+01
1.585003936449187734e+02 1.706139350308057345e+01
1.780714550110092773e+02 1.705563877655324134e+01
2.000590809936732626e+02 1.704790436202410220e+01
2.247616603433642979e+02 1.703725124770088684e+01
2.525144257855679939e+02 1.702199623724426658e+01
2.836940033829823165e+02 1.699860859597627893e+01
3.187235236366580580e+02 1.695714610181723359e+01
3.580783636876160472e+02 1.682349737839908599e+01
4.022925985449708719e+02 1.692570810526169822e+01
4.519662488886150413e+02 1.709390370119229985e+01
5.077734238046402311e+02 1.709304163740395310e+01
5.704714689565875005e+02 1.705025744505098473e+01
6.409112443401429573e+02 1.698246534069327041e+01
7.200486710982027034e+02 1.702501730174624228e+01
8.089577040953372489e+02 1.696669034358336248e+01
9.088449062993242933e+02 1.731167085024621599e+01
1.021065822755156319e+03 1.731559071637492764e+01
1.147143376358756086e+03 1.729663636362728596e+01
1.288788535074999345e+03 1.718055970233460528e+01
1.447923531069852288e+03 1.728691747967603476e+01
1.626707946857850629e+03 1.724450680219604948e+01
1.827568022473712062e+03 1.745486743284315168e+01
2.053229581388613042e+03 1.749058499952278822e+01
2.306755022000773351e+03 1.782298183050287577e+01
2.591584876702917427e+03 1.792510875534516401e+01
2.911584502514643191e+03 1.800971080000350000e+01
3.271096536906987694e+03 1.807286751832650395e+01
3.674999830684486369e+03 1.818603183514512978e+01
4.128775657688586762e+03 1.825265103729623206e+01
4.638582099838296017e+03 1.821954587277002346e+01
5.211337616969436567e+03 1.820891942540495734e+01
5.854814935578571749e+03 1.828250925212343958e+01
6.577746530613035247e+03 1.842110850627809171e+01
7.389943131774876747e+03 1.852650154024205875e+01
8.302426862559115762e+03 1.855240351946895672e+01
9.327580818823957088e+03 1.815260821475175845e+01
1.047931711678756255e+04 1.892210420371349144e+01
1.177326569099002882e+04 1.927172406571371965e+01
1.322698640435205925e+04 1.951803233410440086e+01
1.486020734882457691e+04 1.949084292663451379e+01
1.669509257054970294e+04 1.981885750314267369e+01
1.875654285276649534e+04 1.970014598216450707e+01
2.107253363831346724e+04 2.075713201318568224e+01
2.367449467759232357e+04 2.082820974631043853e+01
2.659773655410357242e+04 2.090650749711856804e+01
2.988192987582886781e+04 2.110285230949380519e+01
3.357164363545023662e+04 2.117181481183262193e+01
3.771695004536263150e+04 2.139025985352153825e+01
4.237410405554906902e+04 2.170379163705554504e+01
4.760630677589130937e+04 2.184605037991727983e+01
5.348456316313514253e+04 2.179616915994293080e+01
6.008864561197275907e+04 2.242554656710058225e+01
6.750817652690361138e+04 2.257897121319880540e+01
7.584384456619404955e+04 2.265609291708974382e+01
8.520877106328864465e+04 2.255011832432886720e+01
9.573004516904699267e+04 2.363657241402383846e+01
1.075504485478502029e+05 2.443637660299461345e+01
1.208303930330102594e+05 2.514237280418579701e+01
1.357500975369345979e+05 2.589670839567675387e+01
1.525120337583674991e+05 2.638377071377412619e+01
1.713436738768081996e+05 2.770185619242988651e+01
1.925005775224031531e+05 2.888402318221602627e+01
2.162698599138327991e+05 3.209572146307532137e+01
