1.062165279865188213e-03 4.429519700071278265e+00 7.443836596984459675e+01
1.194224883636999749e-03 4.429403411113875144e+00 6.619812431276467635e+01
1.342703531863532378e-03 4.429256246906959404e+00 5.886801431024556308e+01
1.509642613532079583e-03 4.429069955781656631e+00 5.234725358255951733e+01
1.697337324665352479e-03 4.428834048089012043e+00 4.654618603176478331e+01
1.908368224292256339e-03 4.428535169466822019e+00 4.138504866052981868e+01
2.145636713790178250e-03 4.428156286634276739e+00 3.679287417699278961e+01
2.412404927393758079e-03 4.427675622371991970e+00 3.270651419379356639e+01
2.712340582312944108e-03 4.427065250719665279e+00 2.906976943570656147e+01
3.049567405091327659e-03 4.426289224737422145e+00 2.583261476459913197e+01
3.428721827501846151e-03 4.425301049786483532e+00 2.295050801433150411e+01
3.855016731474913798e-03 4.424040221128548112e+00 2.038377258940436221e+01
4.334313119469158752e-03 4.422427391384427864e+00 1.809704448574380109e+01
4.873200695659473877e-03 4.420357475402273195e+00 1.605877476022792649e+01
5.479088465829278810e-03 4.417689549856111952e+00 1.424077834310650381e+01
6.160306601598086393e-03 4.414231585717030448e+00 1.261781911690226288e+01
6.926220969485512996e-03 4.409716487310276101e+00 1.116721865606420572e+01
7.787361899437922168e-03 4.403762747143851186e+00 9.868470317668437630e+00
8.755568963218052225e-03 4.395806163161075197e+00 8.702827599671199010e+00
9.844153753172869142e-03 4.384972841919877240e+00 7.652805547018703081e+00
1.106808289937674314e-02 4.369820889030189726e+00 6.701455870753020960e+00
1.244418384139846755e-02 4.347747255634713426e+00 5.831043676009439736e+00
1.399137618378725259e-02 4.313362575813246558e+00 5.019900949013894831e+00
1.573093181611578961e-02 4.252529642351356109e+00 4.231850013646470288e+00
1.768676737389386286e-02 4.099456661130713719e+00 3.344153311291159003e+00
1.988577306131105935e-02 4.129021695677691284e+00 2.860995256554387023e+00
2.235818235669511170e-02 4.798559313147530148e+00 2.920088738442045972e+00
2.513798768365685041e-02 5.039515226884724974e+00 3.695580486652971341e+00
2.826340776286122985e-02 4.604477460951887480e+00 3.665919971702143787e+00
3.177741306990565506e-02 4.816348267299600749e+00 3.310835816482537108e+00
3.572831662367042388e-02 5.602467866522499840e+00 4.555747810586742830e+00
4.017043822771550199e-02 5.865303624531457594e+00 4.412861333355326821e+00
4.516485129718190994e-02 6.110041775241307427e+00 3.630919350300365167e+00
5.078022253909977857e-02 5.744449469652425755e+00 3.451487212747234246e+00
5.709375603061916937e-02 4.792848284660855995e+00 2.802790793075919940e+00
6.419225467501564475e-02 5.110340400959579199e+00 2.787534505521791939e+00
7.217331362911524884e-02 4.790648499542716543e+00 2.546204473673741031e+00
8.114666211021917541e-02 4.863055552592666864e+00 2.389143650681568420e+00
9.123567203063449871e-02 5.216983844424852634e+00 2.305140506996814942e+00
1.025790542015803941e-01 4.699231264890039839e+00 1.795086427656366501e+00
1.153327654270756009e-01 4.344834961535340767e+00 1.646720806549406335e+00
1.296721527078761871e-01 4.244001834872215717e+00 1.466703917413331393e+00
1.457943640354892878e-01 4.935635975989988822e+00 1.650245512055700692e+00
1.639210589215560621e-01 4.452360570613050683e+00 1.405101458927596969e+00
1.843014559288692067e-01 3.962723139968210351e+00 1.356888973211455518e+00
2.072157591036289659e-01 4.365665987499167677e+00 1.509856873808105959e+00
2.329790104179381149e-01 4.333374804484630083e+00 1.364988353038760094e+00
2.619454211886297346e-01 4.280431393661666917e+00 1.129326187840708373e+00
2.945132420238214532e-01 4.478539035393195533e+00 1.183101031078489962e+00
3.311302382526511989e-01 4.373477359448651569e+00 1.148556384437165567e+00
3.722998461182564500e-01 4.012939744497630024e+00 9.764795648156474606e-01
4.185880943736725035e-01 4.004538829281117707e+00 9.969990399654369284e-01
4.706313864436231231e-01 4.172984728643328367e+00 1.013861012525971272e+00
5.291452501468418834e-01 4.116545390925196557e+00 8.745772156422462196e-01
5.949341752762691282e-01 4.201746430284875267e+00 8.702893101038094992e-01
6.689026742910979539e-01 4.129900081537038581e+00 9.093080266409176993e-01
7.520677181908563824e-01 3.863390281217747191e+00 7.923264570614003688e-01
8.455727185486729969e-01 3.849992768619982186e+00 7.941286426599795112e-01
9.507032479385661983e-01 3.878329854299158441e+00 7.429257266170691265e-01
1.068904714892255470e+00 3.846169815271907044e+00 7.048976028022818641e-01
1.201802236393248791e+00 3.697549437507217984e+00 6.284208333908852806e-01
1.351222981129240441e+00 3.641205034040971178e+00 5.989333882022734867e-01
1.519221290693587800e+00 3.768445231070218338e+00 6.289151779705214329e-01
1.708106924119827230e+00 3.662368325313203776e+00 5.787966773260093678e-01
1.920476814074977057e+00 3.433229655841307348e+00 5.355607313193132546e-01
2.159250771318130369e+00 3.298270145900230155e+00 5.260645322083701281e-01
2.427711628314361825e+00 3.043054591073123927e+00 4.730578494438887338e-01
2.729550373926631579e+00 3.153989838451509264e+00 5.272584826559671978e-01
3.068916899729190018e+00 3.115887025796975518e+00 5.004424170475462175e-01
3.450477055638534019e+00 3.006819673952904726e+00 4.733521533267752157e-01
3.879476799302896239e+00 2.858699163788004594e+00 5.135422044063179259e-01
4.361814321221237023e+00 2.689210466839589309e+00 5.297624841926935613e-01
4.904121137218648840e+00 2.604065426675193695e+00 5.027077906500410087e-01
5.513853263194616439e+00 2.522352996872749387e+00 4.682704490988351398e-01
6.199393725678769229e+00 2.560574284022310021e+00 5.311161328459869102e-01
6.970167817581394587e+00 2.211847851649326291e+00 5.896794338048715334e-01
7.836772683755950375e+00 1.776247760729311231e+00 4.708189755400897791e-01
8.811123018007055663e+00 1.754691768761564186e+00 5.076545655315793937e-01
9.906614874689079642e+00 1.642461922082467218e+00 5.882318280079751327e-01
1.113830984709244909e+01 1.420030868544182701e+00 9.682645943225554053e-01
