22.162879580407758 16.963850423677066
25.46451540135407 16.963839803115857
29.25800062547056 16.963825773989107
33.616606760736396 16.963807238712164
38.624520676310325 16.963782743639737
44.378470679473295 16.96375036123223
50.989594831575424 16.963707532396235
58.58558758967763 16.963650852524104
67.31316623646414 16.96357578133047
77.34090473774128 16.96347624302326
88.86248976373477 16.96334406970542
102.10046176452946 16.963168211463895
117.31051335885968 16.96293358724876
134.78642806001625 16.96261935003988
154.86575473080458 16.962196109518988
177.9363273701612 16.96162096611223
204.4437561616931 16.96082588442098
234.90003447441586 16.959638337751656
269.89342806068316 16.95837065713011
310.09983746205364 16.95642049181584
356.2958530889864 16.953261111081932
409.37375513440196 16.948156610819808
470.35874804578697 16.938504019835623
540.4287624412206 16.906263525680295
620.937206945109 16.940809643449075
713.4391093973809 16.97632227606065
819.721152355947 16.973271830746903
941.8361830308547 16.96529601289278
1082.1428642126152 16.9732852993209
1243.3512320559457 16.951583527290236
1428.5750406716184 16.949603658043323
1641.3919045669045 16.97751869475154
1885.912400591261 16.970498535671847
2166.8594640975452 16.945871208851432
2489.6596128627516 16.964769746565853
2860.547760766489 16.938973939240174
3286.6876457128224 16.88986695791902
3776.3101978716113 16.919222090257716
4338.872520834357 17.009401302990668
4985.240556419865 16.998761871831327
5727.898961316877 16.943335187593444
6581.19224934985 16.967643328361884
7561.601857052458 17.078885578316445
8688.064484095223 17.054915414901355
9982.337857341268 17.130407128995287
11469.42098329579 17.20474969418626
13178.037006163064 17.30613526668138
15141.187997957773 17.39491507453833
17396.79239649144 17.59631661257214
19988.41740340608 17.708572659859936
22966.12048858876 17.97094600922673
26387.41625470051 18.09341250119199
30318.38733689494 18.298418756221906
34834.960794854196 18.51266489561715
40024.374650769525 18.869799567691246
45986.862899578795 19.12764892395359
52837.591537585635 19.38796604836377
60708.88300402662 19.69639945249815
69752.77200087535 19.993782454376685
80143.94205677268 20.44822782051726
92083.09955507904 20.753629440201156
105800.85039570427 21.11937260232606
121562.1541687861 21.642423211064603
139671.44187298248 22.096667818504827
160478.49602756609 22.52759558184387
184385.20675321517 23.09130938059313
211853.33431580715 23.605383393410836
243413.42806744738 24.043709677043655
279675.074054879 24.696584219765533
321338.6692287518 25.007144209981938
369208.94967366074 25.950541134077028
424210.5341579319 26.651082154966737
487405.7832282167 27.1437723526019
560015.3187989129 27.699172503833708
643441.6005741236 28.39506439693229
739296.0146828642 29.4411340406751
849429.9977469409 30.37323631568333
975970.7975456666 31.164219443433844
1121362.56099787 32.8647576083641
1288413.543079259 35.127263455934795