22.16192259940077 16.761751820553325
25.461359421478246 16.76174092530517
29.252011899329876 16.76172650690738
33.60701155008704 16.76170741037785
38.61037761144754 16.761682089010446
44.35863799066982 16.761648463249188
50.96269153824326 16.76160371834077
58.54994757432392 16.76154401357449
67.26678394494881 16.761464046987935
77.28137103030825 16.761356384617294
88.78691618751968 16.761210374613405
102.00539122161848 16.761010282894304
117.19181479734773 16.760731836356324
134.63917241057703 16.760335134067752
154.68406883835846 16.759747987981324
177.71322211804036 16.75881827133317
204.17092434113854 16.75712587302829
234.56761320002678 16.752404506072782
269.48971965481246 16.753807813524368
309.6109817074318 16.765161254012973
355.7054425550064 16.76430054590522
408.66238389055115 16.763130194375876
469.5034824531328 16.761519813149615
539.4025208218239 16.75926343529219
619.7080327257893 16.756005912357338
711.969319757265 16.751020603244868
817.9663414172942 16.74048141070766
939.7440551507223 16.7329053733756
1079.6518688787849 16.709199531408924
1240.388967170959 16.695923469153765
1425.0563855154833 16.763930233780457
1637.216837336281 16.764809163505863
1880.9634479745935 16.772978116544316
2160.9987216920917 16.771534201557902
2482.725265173749 16.77038214131392
2852.3500178221416 16.748345054600055
3277.0039997158506 16.744591799976405
3764.87988748066 16.751495092202703
4325.390072268894 16.724928022551584
4969.348249195214 16.639329308741683
5709.17804156008 16.682147390225477
6559.152684763141 16.5907790139129
7535.670394030883 16.798531519770926
8657.570728516159 16.721364321710315
9946.498055253538 17.014590460335306
11427.319125132784 16.996867606939382
13128.602817013953 17.12843550171181
15083.17130549235 17.231083340486602
17328.733285768798 17.411618899124115
19908.611472175387 17.487193808846566
22872.57840568979 17.624678966451892
26277.816695332927 17.687265392346788
30190.02221899667 18.13081926400838
34684.67156730674 18.420646402403207
39848.47818280001 18.669332171198786
45781.06528711722 18.949681222138665
52596.88787131539 19.33586941192101
60427.440829477564 19.653117876311068
69423.79583624387 20.002926723978387
79759.51591121088 20.39257483498165
91634.0038997051 20.652141994229527
105276.34947080883 21.229699947163944
120949.74885120711 21.48002076156378
138956.58256298472 22.173219070782714
159644.24912810302 22.58801001971309
183411.8672868459 23.08816731595414
210717.9760334115 23.549039264055523
242089.3810223035 24.091097664717722
278131.31801564567 24.505367649868262
319539.12945067754 25.348154817234054
367111.6793986978 25.951935456558477
421766.76572480565 26.434963183213384
484558.8267889743 27.131636608890684
556699.2842966376 27.401266092933756
639579.9147651406 28.09057473810052
734799.7005022473 28.704204602502337
844195.6781217242 28.66878615700904
969878.3797438663 29.326454495071363
1114272.5506336368 32.618078584583095
1280163.928825265 34.80748602820097