22.162596325146865 16.21496921815705
25.46358124946959 16.21494741391763
29.256227949819987 16.21491862784824
33.61376647951503 16.214880622890792
38.62033406621447 16.214830444586088
44.37259966969117 16.21476418984436
50.9816305076739 16.21467670131412
58.57503658944573 16.21456116221976
67.29943466477508 16.21440855868892
77.32327916316524 16.214206965154748
88.84011478441391 16.21394059261635
102.07231354290067 16.21358851714413
117.2753684220598 16.213122975347172
134.7428265427657 16.212507067950632
154.81195709736716 16.21169164641175
177.87026348827786 16.210611057347126
204.36296541029543 16.209177263286122
234.80159534391186 16.20727160515277
269.7738754444043 16.20473301922022
309.9550655339277 16.201339685063502
356.12100130852065 16.196794866316797
409.16307450733177 16.190658812256167
470.1054442876148 16.182319505642834
540.124812130122 16.17086631767436
620.573142097273 16.154900754321076
713.0037651366121 16.132156576483876
819.2013714626707 16.098661115002315
941.2164701230422 16.04664938191574
1081.4049811087843 15.957774468735849
1242.473724470646 15.767697581510252
1427.5326847645294 15.405944925326818
1640.1550599705824 16.97045776309098
1884.4462543362617 16.950049260028628
2165.123147286854 16.939155168841708
2487.6051689616647 16.953325754404688
2858.1189409014846 16.928556892376182
3283.8185023347296 16.975139164776667
3772.9234434430773 16.955452682342706
4334.877612743091 16.942370578018092
4980.531462974208 16.88733055007396
5722.351556305892 16.85008906506332
6574.6612740805895 16.94901770291542
7553.917378819695 17.059374050656842
8679.02776847067 17.102046115381043
9971.716558230964 17.125513307150683
11456.943539105536 17.141047334709047
13163.386112284225 17.197861428148123
15123.993004735099 17.288924028507502
17376.620457392655 17.41351724234154
19964.76316973578 17.57942537747408
22938.39411414792 17.768584245811976
26354.929435556107 17.975280798609027
30280.337067045948 18.11541675538267
34790.410467079644 18.38413884092731
39972.232072182975 18.6055215415673
45925.85472207489 18.849824242993606
52766.23352291922 19.20283541220509
60625.44544994486 19.60883753133265
69655.23954647624 19.907447369955154
80029.96695971327 20.354410658330636
91949.94738765211 20.75962299820083
105645.33693795097 21.24776706549597
121380.57208102306 21.627128491492623
139459.47550311434 22.073900142033995
160231.1224453724 22.506778566613963
184096.58079870357 22.968315171181303
211516.65509506915 23.41423157740838
243020.783919532 23.708009672513025
279217.26253811514 24.174465829994666
320804.98812436237 24.78295146200553
368586.95436648926 25.274113777332058
423485.7560147998 26.02128857082781
486561.40273783804 27.075180154143762
559031.7862448697 27.903093057834965
642296.1958626944 28.448975446078382
737962.3366156578 29.034328362107072
847877.371485568 30.05022027704183
974163.5872288266 31.445083125884075
1119259.3724016948 32.10531984762051
1285966.2988150385 35.06791715230338