22.16226356808878 16.915505437305285
25.46248386472193 16.91548814102214
29.254145569081675 16.915465279855603
33.610430055597696 16.91543505098525
38.615416261418645 16.915395057245977
44.36570346097937 16.915342104461867
50.972275690684086 16.915271922568014
58.56264380823478 16.915178779153884
67.28330652965107 16.91505493306579
77.3025779434913 16.914889845721998
88.81383607501695 16.91466900412548
102.03925519956252 16.91437208413343
117.23409394102627 16.91396988228462
134.69162191838794 16.913418609116412
154.748780027524 16.91264711419771
177.79268360519887 16.911515957383905
204.26809399024708 16.909475995564854
234.68600268761747 16.908453548066788
269.6334938148594 16.907151649458896
309.7850751822606 16.902922380556944
355.9156967033677 16.89545339657555
408.9157073991199 16.877967065096982
469.808039674864 16.841830816269507
539.7679525372363 16.945064240893284
620.145714806992 16.942003763254405
712.4926661275701 16.93792431732878
818.591158762691 16.932768569762963
940.4889580778743 16.92145121822503
1080.5387656560645 16.91824361367432
1241.4436278675107 16.89890731845052
1426.3091063068855 16.888704933336378
1638.7032170187729 16.908062992228814
1882.725295374995 16.926601826059798
2163.0851157377415 16.92034989779866
2485.193792966075 16.94330271532642
2855.2682202201077 16.936591280723515
3280.4510587759187 16.925971498448472
3768.94859572754 16.940056770056238
4330.189130313408 16.903825626928413
4975.004945819612 16.90133335280429
5715.841379228209 16.867493898832787
6566.997023781863 16.916134885490724
7544.899700520196 17.028072895348078
8668.42352520619 17.048189121314856
9959.253190226947 17.12998940113631
11442.30249233079 17.105351838934688
13146.19518404029 17.236195883059395
15103.817429465658 17.331220640832594
17352.952527251287 17.507801620831774
19937.010151193936 17.62456807711992
22905.864183319572 17.878694356077975
26316.815310106154 18.09114615775152
30235.696960544377 18.303588871825383
34738.14593131271 18.52830730230926
39911.06222290472 18.895824019781543
45854.28626243264 19.213600576435933
52682.52588452633 19.62365558014455
60527.570262229696 19.953970859482897
69540.83351810597 20.20975687126379
79896.27710879114 20.45665684861105
91793.76738679336 20.959648233746346
105462.93314252049 21.371899797783414
121167.5975794405 21.734548882004372
139210.87026218808 22.180720657147106
159940.99731530919 22.69308346243527
183758.08278503368 23.238989011272636
211121.81089044147 23.607141058242618
242560.31820816075 24.046075099368082
278680.38702915417 24.541710951480997
320179.1566255719 25.28703181423794
367857.5784622332 25.6438222615245
422635.87504649657 25.961772727648214
485571.30078171333 27.32623324530913
557878.5476195223 27.697516361060273
640953.1893524723 28.638588183848203
736398.617036067 29.67607003564553
846056.9854102401 30.3451782454435
972044.7676049955 31.608157240393354
1116793.604357628 32.95228390285451
1283097.236156236 35.250804652336