22.129055649844215 18.96842978145491
25.35307694210325 18.968426096612003
29.046811603853165 18.96842125924054
33.27869300741946 18.968414908093177
38.12712470428801 18.968406569210412
43.68193299815686 18.968395619941685
50.04603114592764 18.96838124078985
57.33732601908533 18.96836235534633
65.69090254994964 18.9683375462002
75.26152643376828 18.96830494715986
86.22651145390822 18.968262098173923
98.7890045527303 18.9682057517662
113.18174951025495 18.96813161379471
129.67139895983547 18.968033992465152
148.5634546290284 18.967905320466947
170.2079273329018 18.96773549594957
195.00582158178798 18.967510960910623
223.4165649430202 18.96721338879999
255.96651979953225 18.96681777115537
293.2587352016363 18.966289546094643
335.98411948335036 18.965580127287634
384.93424063697717 18.964619614538226
441.0159915969154 18.96330419769016
505.2683921346309 18.96147270454219
578.881838651451 18.958858397280597
663.2201585077471 18.95497503498507
759.8458774863806 18.948779116301285
870.5491685176264 18.93688955701908
997.3810179950797 18.918222695303193
1142.691224150839 18.86285593035111
1309.171931481239 19.00739406409166
1499.907507780136 19.00254022905762
1718.4316878454697 18.997588900785924
1968.7930425535917 18.98250827169292
2255.629986238937 18.98782240015766
2584.2567120316153 18.973863199733568
2960.7616472664777 18.948718493186792
3392.1202530350106 18.919578757251593
3886.3242577036426 18.92608893470962
4452.529718692103 18.933005095195668
5101.226655634396 19.048292398512217
5844.433397695276 19.037634112575343
6695.919245691325 19.033655878687547
7671.459574250618 19.0209876387403
8789.128100257625 18.980567186933026
10069.631732405263 18.934669116064903
11536.69420557096 18.789526474986086
13217.495607564095 18.595989814009254
15143.175941303372 19.35913103639069
17349.412051859257 19.432145124780412
19877.078607018535 19.48965874082529
22773.005377277503 19.452565691575927
26090.84484529787 19.55690166551811
29892.066218920263 19.753259020798044
34247.094263693354 19.91818391815004
39236.61405393017 20.024590033557196
44953.06581525562 20.007780218123532
51502.35755341102 20.287540410526063
59005.82719898104 20.37313044783736
67602.49062045931 20.595584591580693
77451.61715431738 20.826074050833874
88735.68036860877 21.209070912572912
101663.7387285461 21.470436885939215
116475.30879723087 21.716523094255457
133444.8027298543 22.154628651938868
152886.61227428398 22.40850110013835
175160.9334686958 22.85948158446871
200680.4399497154 23.277700758397053
229917.92850663676 23.727629536605228
263415.0785299684 24.233306936284215
301792.48763954703 24.85156501148063
345761.16942107485 25.38541991912848
396135.72628824855 25.995555603007148
453849.4415224909 26.69025501113011
519971.5700986682 27.303635600093735
595727.1486418169 28.39171317796774
682519.6915315313 29.334490194825015
781957.1936419847 30.44271504386746
895881.9214671698 32.06921526549569
1026404.544567918 35.56587479936554