22.13083049298711 19.20048037256443
25.35891893704979 19.200479154597765
29.057868834142585 19.20047755669275
33.29636185510306 19.200475457617465
38.15309784464703 19.200472701216217
43.71825611091838 19.200469082275287
50.09516986437871 19.20046433043162
57.40224489682278 19.200458090693235
65.77515812632893 19.20044989695324
75.36937683047026 19.200439137347107
86.36304534461591 19.200425007512226
98.96029282520004 19.200406451026076
113.39502349612155 19.200382079309296
129.93525975512873 19.20035006714668
148.88811878248103 19.200308014365024
170.60551505697956 19.200252763154545
195.49069466301899 19.200180156265343
224.00572271691203 19.200084716260715
256.68006293814835 19.199959218014804
294.1204086700667 19.199794117302716
337.02194789118636 19.19957678162101
386.18127138461716 19.199290447399807
442.5111637429339 19.198912791142206
507.0575518461707 19.19841394474882
581.0189255103004 19.197753687139183
665.7685909065383 19.196877369504925
762.8801699503671 19.195709794166504
874.1568191299687 19.194145553369335
1001.6647103058667 19.192032610837533
1147.7713951493654 19.18914084364238
1315.1897655662121 19.18508658826882
1507.0284263575072 19.179015591784463
1726.8494154315601 19.17044962578661
1978.7343433088695 19.162542469396513
2267.360179990842 19.137709247561148
2598.08609639401 19.1239003216025
2977.052972811372 19.155327997272188
3411.2974220623887 19.11752256845559
3908.882444500202 19.069082066016474
4479.047140863003 18.99007499315186
5132.378262820383 18.931973086954123
5881.006786545195 19.40488652744614
6738.833159266115 19.38192768879616
7721.785401152689 19.39896294429024
8848.114854938516 19.430354226088657
10138.735074727258 19.4226840986355
11617.610146429211 19.4018563835994
13312.199650117176 19.425577270158406
15253.968526310771 19.489963184609024
17478.971313326976 19.459381177393816
20028.521603748013 19.468904705102517
22949.959150396186 19.445596873718216
26297.5288653502 19.556805000411885
30133.388033154246 19.529993555934773
34528.760440037295 19.624887452748425
39565.25884887982 19.590163088614
45336.4003754886 19.774414731998988
51949.342903510296 19.98919923618637
59526.87477953329 20.392186344898228
68209.69473280475 20.603907881790633
78159.02435284699 20.817640870053257
89559.60163315243 21.111909534480215
102623.11116472873 21.28159218483143
117592.11467092778 21.679606931164635
134744.55486527126 22.007372005073073
154398.91625938102 22.403482441909706
176920.13874629355 22.81769405745571
202726.39376188605 23.15107096791393
232296.8488433898 23.549935700842987
266180.5647564073 24.114013355503516
305006.6903912549 24.68791846838512
349496.1447262749 25.161662078044248
400475.0027674519 25.699270088509337
458889.8340129055 26.3824542503002
525825.2782450739 27.413501618136515
602524.184995855 28.16268641381136
690410.690631951 29.50922480826678
791116.6615530418 30.80339157987177
906511.9944970127 32.06015903272538
1038739.3365647817 34.44413445321201