1.071859372386192288e-03 3.530584513945790981e+00 3.642559329102290349e+02
1.225905655958051989e-03 3.530585832729762341e+00 3.184836561039339244e+02
1.402091278041710590e-03 3.530587557781862618e+00 2.784630596680219696e+02
1.603598076578173406e-03 3.530589814231475110e+00 2.434713884412655887e+02
1.834065179263399438e-03 3.530592765946400036e+00 2.128767076928789947e+02
2.097654724657874517e-03 3.530596627044308100e+00 1.861264903684633225e+02
2.399127028651565526e-03 3.530601678101683127e+00 1.627376388754470895e+02
2.743926553758870186e-03 3.530608285680412628e+00 1.422877603973859664e+02
3.138280233812711616e-03 3.530616929576156693e+00 1.244075387499561032e+02
3.589309929760261565e-03 3.530628237538433911e+00 1.087740646619747622e+02
4.105161047464463316e-03 3.530643031171166957e+00 9.510500417128767481e+01
4.695149640294542237e-03 3.530662385549854232e+00 8.315349977091952383e+01
5.369930653116188925e-03 3.530687707905769468e+00 7.270371227523482105e+01
6.141690346096800521e-03 3.530720840531579086e+00 6.356692284185510289e+01
7.024366373418504221e-03 3.530764195814703577e+00 5.557812476772184596e+01
8.033899491427562434e-03 3.530820933856809507e+00 4.859304352408027938e+01
9.188521441963033720e-03 3.530895195785126450e+00 4.248553117525055001e+01
1.050908420991610026e-02 3.530992411485295079e+00 3.714528815200907985e+01
1.201943660127252969e-02 3.531119705855382040e+00 3.247587120752852741e+01
1.374685494247867776e-02 3.531286436866830414e+00 2.839295157199092046e+01
1.572253567937976701e-02 3.531504910914732065e+00 2.482279182923998562e+01
1.798215877185926209e-02 3.531791338399402846e+00 2.170091397335756866e+01
2.056653205884860502e-02 3.532167118221809954e+00 1.897093454036929216e+01
2.352232823066733453e-02 3.532660578380288019e+00 1.658354569832428638e+01
2.690292771810287240e-02 3.533309358767163122e+00 1.449562376324085911e+01
3.076938272045081843e-02 3.534163716020270130e+00 1.266944883103441022e+01
3.519151978245511903e-02 3.535291183215020894e+00 1.107202107651443335e+01
4.024920083222211648e-02 3.536783277151620108e+00 9.674460760362064704e+00
4.603376545392069696e-02 3.538765405709418221e+00 8.451480012456807245e+00
5.264968044210456555e-02 3.541411980331102161e+00 7.380914798716458058e+00
6.021642642791100175e-02 3.544970410245320114e+00 6.443304550301120592e+00
6.887065564880902324e-02 3.549801160247691545e+00 5.621503218491846532e+00
7.876865983030702234e-02 3.556449052728309468e+00 4.900294656705528773e+00
9.008919274852170145e-02 3.565781387363663679e+00 4.265952995511884005e+00
1.030366984478966741e-01 3.579289103773393599e+00 3.705579326047759636e+00
1.178450034143190966e-01 3.599875398014411143e+00 3.205572468788356666e+00
1.347815393827224706e-01 3.634777096236363469e+00 2.745355162705243490e+00
1.541521730412971081e-01 3.729628644860123465e+00 2.197532896733987773e+00
1.763067298547277284e-01 3.727929679668474439e+00 2.170462312905784952e+00
2.016453117643731696e-01 3.606116574759837601e+00 1.904989727781343012e+00
2.306255228603850960e-01 3.450934324137047593e+00 1.711307989599557988e+00
2.637707335183544499e-01 3.067370756689231648e+00 1.551602919038488793e+00
3.016795322473036500e-01 3.069773714146958987e+00 1.344357999212529409e+00
3.450365359454063974e-01 3.074968817844735192e+00 1.157818206444733988e+00
3.946247537920918314e-01 3.100004535910496184e+00 9.743426476237055933e-01
4.513397280632027719e-01 3.039797192769742473e+00 8.442021274862056002e-01
5.162057072463558383e-01 3.091876448760946694e+00 7.742464090219750572e-01
5.903941435361430567e-01 2.997412817276699393e+00 6.603582096865417972e-01
6.752448487661247833e-01 3.039881495763069985e+00 5.951421828358670618e-01
7.722901908448112085e-01 3.048516688021340570e+00 5.089232938888855751e-01
8.832827676730530264e-01 3.068822081920274947e+00 4.674460802798717229e-01
1.010227058322102467e+00 3.075631075214431576e+00 4.032584943585393877e-01
1.155415623079253384e+00 3.090478418044881437e+00 3.840482178611905884e-01
1.321470506118606725e+00 3.044689359754904068e+00 3.382667710140516149e-01
1.511390588511701161e+00 3.096242668440273516e+00 3.320742196087537179e-01
1.728605746753398176e+00 3.065503335586819755e+00 3.044885805036701698e-01
1.977038794883127615e+00 3.039001024353945368e+00 2.865751406403216350e-01
2.261176328850039496e+00 2.926288740555318846e+00 2.485819971218665436e-01
2.586149752541395230e+00 2.948429394200258624e+00 2.362716662249782773e-01
2.957827948770058946e+00 2.872112893010089429e+00 2.232187625011730625e-01
3.382923268819969742e+00 2.875698091306540416e+00 2.150156316312024918e-01
3.869112754676067301e+00 2.826643211831686653e+00 2.003574656523175179e-01
4.425176783160936544e+00 2.772307865872451149e+00 2.005962508575780678e-01
5.061157635832726598e+00 2.789669188489060758e+00 2.054104159303678512e-01
5.788540858349774609e+00 2.722846691046411749e+00 2.019187097322220625e-01
6.620462684575468160e+00 2.748222127309658092e+00 2.101383292829649974e-01
7.571947271415068847e+00 2.707637545719419947e+00 2.051555430468851304e-01
8.660178028745523449e+00 2.575091485042688699e+00 2.182132969931724065e-01
9.904807944542213249e+00 2.484020443695058145e+00 2.193322654412206141e-01
1.132831450954336638e+01 2.439550118530423362e+00 2.336112212659286480e-01
1.295640565124174159e+01 2.342159770973087696e+00 2.380729769801128437e-01
1.481848400820003064e+01 2.323809598949343691e+00 2.639662627620784074e-01
1.694817792928819244e+01 1.990377234866396838e+00 2.607324224545330971e-01
1.938394878746453998e+01 1.799628494585148619e+00 2.765957024346261117e-01
2.216978557593112242e+01 1.673531735960886779e+00 3.168786007372297875e-01
2.535599933077686075e+01 1.507631791285288569e+00 3.169620346207117079e-01
2.900013172704555586e+01 1.457216079112945151e+00 4.088160423466735138e-01
3.316799425709034210e+01 1.139088902041919926e+00 4.455209425214945451e-01
3.793485675833701976e+01 9.529723289546534470e-01 5.280912013475580480e-01
4.338680675476545900e+01 1.026915836274102212e+00 8.891751334530120232e-01