2.201470040104629433e+01 1.398730661960355803e+01
2.497795795086291548e+01 1.398659686997421225e+01
2.834008058385495588e+01 1.398567979101493819e+01
3.215475696930003835e+01 1.398449353209286983e+01
3.648290246372014423e+01 1.398295692084735542e+01
4.139363184887698566e+01 1.398096283099100567e+01
4.696536300378677709e+01 1.397836886025059400e+01
5.328706913494244191e+01 1.397498393808439943e+01
6.045969956121042799e+01 1.397054856703598347e+01
6.859779174146500225e+01 1.396470471396322210e+01
7.783130028691782343e+01 1.395694809392022506e+01
8.830767216506031048e+01 1.394654883893886144e+01
1.001942012334917536e+02 1.393241153257784859e+01
1.136806997024366410e+02 1.391280879849557550e+01
1.289825291856882927e+02 1.388481907276914562e+01
1.463440397418695795e+02 1.384291183627581567e+01
1.660424718229688210e+02 1.377605022687345127e+01
1.883923834391288494e+02 1.365246932156558834e+01
2.137506732356783630e+02 1.323881160927667722e+01
2.425222796943293702e+02 1.394174422871513386e+01
2.751666474672746290e+02 1.462059648418049207e+01
3.122050641030230622e+02 1.460752054622002127e+01
3.542289843218191550e+02 1.455867346830371112e+01
4.019094747683579953e+02 1.456016543554670406e+01
4.560079300620565732e+02 1.464158033877266440e+01
5.173882312660837215e+02 1.465279206063087081e+01
5.870305409298860013e+02 1.463719367033189300e+01
6.660469549938607088e+02 1.459911687507956302e+01
7.556992614964796076e+02 1.451747724985924393e+01
8.574190896670170332e+02 1.436629886714480264e+01
9.728307711583504442e+02 1.467411835795910946e+01
1.103777278483605642e+03 1.462138469483180359e+01
1.252349654859308885e+03 1.445902884447834325e+01
1.420920405410868398e+03 1.478063601769789415e+01
1.612181382953952834e+03 1.476768101641974695e+01
1.829186773337782824e+03 1.474332309306069888e+01
2.075401866769636854e+03 1.510564882580476009e+01
2.354758393934384003e+03 1.518797944258107435e+01
2.671717310553957759e+03 1.520815117729132382e+01
3.031340032973496818e+03 1.553332414562255437e+01
3.439369262312596220e+03 1.563571337967583119e+01
3.902320687836909201e+03 1.576805839030461520e+01
4.427587033932119994e+03 1.593621093384597032e+01
5.023556112173401743e+03 1.605444719062553105e+01
5.699744763626400527e+03 1.626112342525566490e+01
6.466950830261810552e+03 1.644096388557267119e+01
7.337425582266858328e+03 1.670918308428854715e+01
8.325069354690695036e+03 1.692501684352405178e+01
9.445653517483195174e+03 1.712087469422306185e+01
1.071707232349627702e+04 1.737789666248327336e+01
1.215962865612853238e+04 1.746165117831829861e+01
1.379635823962660470e+04 1.769750138165534992e+01
1.565339748925479398e+04 1.806562573724529841e+01
1.776040087541536559e+04 1.838446145227072748e+01
2.015101446647486227e+04 1.851409417434627613e+01
2.286341321215153584e+04 1.892183892002823598e+01
2.594091054717160659e+04 1.925149475252928966e+01
2.943265004976190903e+04 1.953801166677189727e+01
3.339439019985372579e+04 1.979653682230852496e+01
3.788939476855254907e+04 2.013284053375311089e+01
4.298944305722058925e+04 2.047463527503027336e+01
4.877597611835942371e+04 2.077833592102808780e+01
5.534139726193012757e+04 2.105322323077172797e+01
6.279054761448372301e+04 2.142716419724267496e+01
7.124238029383722460e+04 2.178905944264538519e+01
8.083185993365946342e+04 2.210814023877697565e+01
9.171211789087211946e+04 2.244685229879508270e+01
1.040568975516883511e+05 2.285201575514435035e+01
1.180633287846058083e+05 2.324771713625183978e+01
1.339550758447128756e+05 2.376386290497324438e+01
1.519859089971930371e+05 2.413689401548424485e+01
1.724437568941496429e+05 2.447091499264399417e+01
1.956553044158703997e+05 2.508715961550721119e+01
2.219912093979996571e+05 2.576795752714488330e+01
2.518720215488788090e+05 2.621543967825744303e+01
2.857748980743672582e+05 2.676236672449279652e+01
3.242412232498256490e+05 2.720762058858567656e+01
3.678852536137889838e+05 2.949853988450237807e+01
4.174039268356810207e+05 3.120429875399784336e+01
4.735879908922676113e+05 3.368615583969533844e+01
