2.201796837089289838e+01 1.494442440356181834e+01
2.498864265682776065e+01 1.494432525214545748e+01
2.836012166572611548e+01 1.494419730325196838e+01
3.218648215272413893e+01 1.494403210370971991e+01
3.652909693330487073e+01 1.494381865910474261e+01
4.145761927107176348e+01 1.494354262940360734e+01
4.705110007956727713e+01 1.494318524236292411e+01
5.339925585746796344e+01 1.494272180681729800e+01
6.060390769417161749e+01 1.494211964595178088e+01
6.878061442667133463e+01 1.494133516666332717e+01
7.806052614269610501e+01 1.494030960113051698e+01
8.859248775933679099e+01 1.493896263012825543e+01
1.005454264174546211e+02 1.493718247579571567e+01
1.141110609844269703e+02 1.493480979606121650e+01
1.295069771242336287e+02 1.493160999403922773e+01
1.469801172573944825e+02 1.492722213234183748e+01
1.668107413878862531e+02 1.492105564209850854e+01
1.893169223266241374e+02 1.491205286077140002e+01
2.148596474125364750e+02 1.489795272582126984e+01
2.438486085601614946e+02 1.487416428840903926e+01
2.767487735030949239e+02 1.481862952284848056e+01
3.140878436325846224e+02 1.472289217881740342e+01
3.564647180510942803e+02 1.503686429481977349e+01
4.045590995998159656e+02 1.502715326071719559e+01
4.591423969357724673e+02 1.501098493745468510e+01
5.210900975221134104e+02 1.501520223480445537e+01
5.913958099878749408e+02 1.499273536880789592e+01
6.711872010892944900e+02 1.496574378825765272e+01
7.617440828931763690e+02 1.494956502109286767e+01
8.645189402912488958e+02 1.494646761360796283e+01
9.811602280960745475e+02 1.497036684327651024e+01
1.113538811391713580e+03 1.491404164597911475e+01
1.263777973228500741e+03 1.478506504138559485e+01
1.434287470969619335e+03 1.479961253401467225e+01
1.627802187535414760e+03 1.494021204310829631e+01
1.847425997491131739e+03 1.504111257845243799e+01
2.096681551567118277e+03 1.519669039311518333e+01
2.379566778129093109e+03 1.526735521543024987e+01
2.700619007852425966e+03 1.541207132936884427e+01
3.064987750126569154e+03 1.552514529998663839e+01
3.478517288485021709e+03 1.562639500895259204e+01
3.947840419848175316e+03 1.564846825687248355e+01
4.480484841107359898e+03 1.584705420056666014e+01
5.084993889435088931e+03 1.595683912361406342e+01
5.771063572932781426e+03 1.609603424778119063e+01
6.549698089515636639e+03 1.627254338822669766e+01
7.433386328476068229e+03 1.653002333141043678e+01
8.436302185718172041e+03 1.657252548853405827e+01
9.574531905614565403e+03 1.700686094430272988e+01
1.086633209592970343e+04 1.725568022278167390e+01
1.233242255423378083e+04 1.744958454431417039e+01
1.399631860258929737e+04 1.762887682070924811e+01
1.588470826098435464e+04 1.800535912683189821e+01
1.802788030917680589e+04 1.826836350602879833e+01
2.046021010283665601e+04 1.855148867300781035e+01
2.322071093622289118e+04 1.875549272742705753e+01
2.635365979496295404e+04 1.901065278198835884e+01
2.990930753568124055e+04 1.931229573471079064e+01
3.394468488338532188e+04 1.976026363837265620e+01
3.852451717438541527e+04 1.996421347172350380e+01
4.372226251674378727e+04 2.012522287814195465e+01
4.962129001980296744e+04 2.036020585304959241e+01
5.631621699097688543e+04 2.096932214927562654e+01
6.391442654773984395e+04 2.136477653197550097e+01
7.253778998651400616e+04 2.171547489911524664e+01
8.232462153434866923e+04 2.198634081245409178e+01
9.343189683658360445e+04 2.228111714490052719e+01
1.060377707638746797e+05 2.275715812195638676e+01
1.203444349228859355e+05 2.310101800468359912e+01
1.365813607036217873e+05 2.340665572154433960e+01
1.550089798801766301e+05 2.427699541337741351e+01
1.759228617998081318e+05 2.446859115101442939e+01
1.996584541602565732e+05 2.497872915307932828e+01
2.265964634148916812e+05 2.523269778476966962e+01
2.571689611045639031e+05 2.579085053962712948e+01
2.918663140585199581e+05 2.697626963659365273e+01
3.312450496211721911e+05 2.791895004597205343e+01
3.759367820588335162e+05 2.868758406306753983e+01
4.266583433212991804e+05 2.981988859147112692e+01
4.842232806503809988e+05 3.355208047517171366e+01
