1.065661616341641218e-03 5.595511830381305174e+00 2.824245312685661347e+01
1.205607744746117239e-03 5.593457918565478693e+00 2.492437397821088041e+01
1.363932051134178697e-03 5.590773205169163873e+00 2.198548095996672203e+01
1.543048017249458795e-03 5.587241553250065884e+00 1.938058977092354240e+01
1.745686071060187014e-03 5.582556225617395285e+00 1.706939215342925564e+01
1.974935209161988656e-03 5.576268848667639944e+00 1.501569851863196625e+01
2.234290085169175419e-03 5.567698151481542013e+00 1.318662301207489662e+01
2.527704281905797292e-03 5.555754305381749525e+00 1.155156277408634402e+01
2.859650579473041205e-03 5.538566878103925006e+00 1.008060720019997625e+01
3.235189137914062409e-03 5.512586305308881052e+00 8.741309901888028477e+00
3.660044633846778334e-03 5.469941754439148873e+00 7.489855177417681809e+00
4.140693526928636986e-03 5.387414734774334413e+00 6.234520277759730611e+00
4.684462786435647855e-03 5.025284044749898982e+00 4.120855130901617258e+00
5.299641582934912915e-03 6.089043749544233108e+00 7.146439814276803304e+00
5.995607647668672185e-03 6.099043998941002798e+00 6.253374454406693594e+00
6.782970225861132893e-03 6.116950382510096595e+00 5.442796584973782714e+00
7.673731803115669929e-03 6.155396197064606056e+00 4.683070060376279820e+00
8.681471070245331753e-03 6.314747468706955580e+00 3.840708353884155990e+00
9.821549915636343386e-03 5.958393874205460961e+00 3.580382916609154531e+00
1.111134760051792590e-02 5.700466031235611020e+00 3.532165258474153635e+00
1.257052568688557179e-02 5.628377177370023965e+00 2.994185881808941740e+00
1.422132775661562321e-02 5.349066528587686165e+00 2.304410995253502570e+00
1.608891849066287558e-02 5.614521464300625375e+00 2.194880717599795084e+00
1.820176727723455887e-02 6.174635198453054308e+00 2.287734089372280621e+00
2.059208219662978651e-02 6.365439382780288646e+00 2.271049052244562105e+00
2.329630099837107227e-02 5.880660501446192789e+00 1.890800474150704735e+00
2.635564655503994103e-02 6.156462497001548684e+00 1.781938604636720713e+00
2.981675526010579835e-02 6.333642654763494306e+00 1.695081393413670368e+00
3.373238794898915371e-02 6.448014835428375946e+00 1.609127950518981498e+00
3.816223418057700101e-02 6.372994747273668992e+00 1.448595634747998906e+00
4.317382213958681492e-02 6.159002608424499314e+00 1.273292271552707078e+00
4.884354803025042074e-02 6.529001122690484493e+00 1.271128618037125735e+00
5.525784065330406614e-02 6.723364441176970629e+00 1.205797060105948448e+00
6.251447891899365727e-02 6.592173320563434302e+00 1.132736940522155233e+00
7.072408238014679660e-02 7.030732733719388783e+00 1.127750852979328755e+00
8.001179750686644720e-02 6.710784151317602308e+00 1.019867683173315331e+00
9.051920540826832728e-02 6.626443379498991426e+00 9.426963079537811208e-01
1.024064800824041888e-01 6.635347901774592216e+00 8.248548909210825508e-01
1.158548300945416581e-01 6.644491486018502258e+00 8.067444855396239678e-01
1.310692609045292778e-01 6.555428395598492664e+00 7.652886862570003057e-01
1.482816999519206147e-01 6.347126098827326146e+00 7.201928851620468253e-01
1.677545321373793419e-01 6.374730673565693451e+00 6.839777312503160234e-01
1.897845995949315467e-01 6.347455500092038960e+00 6.453677721329940109e-01
2.147077267272403112e-01 6.375613551792999267e+00 6.237928315923174649e-01
2.429038394831402603e-01 6.402640734711880555e+00 6.244488834822493617e-01
2.748027569152473593e-01 6.405377238709667687e+00 5.839956710908706938e-01
3.108907433036358081e-01 6.406495633306525939e+00 5.533305098427180324e-01
3.517179207255777262e-01 6.017058804091974800e+00 5.276105962019359552e-01
3.979066550679030145e-01 6.081605894442587257e+00 5.174560331798496726e-01
4.501610433176117532e-01 6.072588062569003853e+00 5.073440699721964986e-01
5.092776467541596519e-01 6.319746619416621414e+00 5.295157709951282543e-01
5.761576336592505454e-01 6.038007503466882753e+00 4.989059233223478995e-01
6.518205166465336209e-01 5.975383471122931667e+00 4.805281246900231507e-01
7.374196940218435969e-01 6.024701317080076279e+00 4.743641261163297762e-01
8.342600320851090157e-01 5.717153509279198964e+00 4.357971740689504103e-01
9.438177563969842865e-01 5.854390407771521865e+00 4.607062991532976381e-01
1.067762955230918909e+00 5.718915008986837911e+00 4.341837991738554114e-01
1.207985038251297993e+00 5.699156036797529801e+00 4.333524151401823010e-01
1.366621538507496680e+00 5.634457262210247563e+00 4.430651930567441887e-01
1.546090696798902098e+00 5.493508670756786394e+00 4.301725321114698297e-01
1.749128325124082117e+00 5.524093278865364276e+00 4.342588259614716950e-01
1.978829511157271792e+00 5.297380164550840931e+00 3.979734770939784005e-01
2.238695799491523974e+00 5.207920379961139545e+00 3.876562904895390904e-01
2.532688568875236079e+00 5.117082142937880107e+00 3.896935904876039913e-01
2.865289419119927850e+00 4.897461715102883417e+00 3.802934083443669233e-01
3.241568488211960641e+00 4.885966601581132274e+00 3.888640345352607497e-01
3.667261741048215562e+00 4.699308631378993795e+00 3.934218268905602667e-01
4.148858407978389451e+00 4.557852222266236986e+00 4.004450020080677075e-01
4.693699906059327631e+00 4.329434824735929332e+00 3.885613711340456522e-01
5.310091750968256363e+00 4.250696698920735095e+00 3.963973008324346847e-01
6.007430165550238677e+00 4.141927144861630161e+00 4.227033844845216604e-01
6.796345315009361343e+00 3.865689993247985345e+00 4.113187676881663313e-01
7.688863352208270996e+00 3.553345210516579478e+00 4.258721628025638473e-01
8.698589743280280118e+00 3.282895057186062893e+00 4.332969608076516210e-01
9.840916668153488089e+00 3.112838799077281227e+00 4.728413207491934944e-01
1.113325765758219887e+01 2.841110128631747056e+00 5.604656364404881908e-01
1.259531304347180125e+01 2.564024709434992388e+00 5.824003516253537516e-01
1.424937026899842962e+01 2.258172558548610986e+00 7.488867619510596318e-01
1.612064363642435438e+01 1.974504232061114362e+00 8.841829404347079091e-01
1.823765867169478128e+01 1.697798003184449289e+00 8.790039006811322109e-01
