2.228378716023039630e+01 1.770582352113660818e+01
2.586467915276009677e+01 1.770580778040778114e+01
3.002100239357636013e+01 1.770578653806574465e+01
3.484522577651776487e+01 1.770575785237116406e+01
4.044467747940019819e+01 1.770571908321608134e+01
4.694393277586538460e+01 1.770566662755840071e+01
5.448758555652722180e+01 1.770559554410770176e+01
6.324346521956150724e+01 1.770549901595596864e+01
7.340637049935763514e+01 1.770536755584797106e+01
8.520240330256720540e+01 1.770518780539387294e+01
9.889399896970579107e+01 1.770494064663554212e+01
1.147857648743751895e+02 1.770459809219851621e+01
1.332312572558774093e+02 1.770411783929020899e+01
1.546408470545847820e+02 1.770343294538526990e+01
1.794908497473070099e+02 1.770243008963520737e+01
2.083341223010662020e+02 1.770089668870895849e+01
2.418123630037958378e+02 1.769836162217245956e+01
2.806703878156799874e+02 1.769340293106166229e+01
3.257727008580104098e+02 1.767483593820222865e+01
3.781227276958705943e+02 1.769972718282906499e+01
4.388851393121566389e+02 1.771597500070770792e+01
5.094117634314175120e+02 1.771355827275910855e+01
5.912716596625004968e+02 1.770992829307743222e+01
6.862860275646442005e+02 1.770412883731972187e+01
7.965687242633968026e+02 1.769363592401886365e+01
9.245732930426700023e+02 1.766715681033382523e+01
1.073147549193888835e+03 1.765574670918521250e+01
1.245596937535270399e+03 1.774096942637977747e+01
1.445758071164292915e+03 1.771358452490971302e+01
1.678084087516078853e+03 1.774639421696586083e+01
1.947743720709043828e+03 1.775376752539965253e+01
2.260736294315859595e+03 1.773117454399065096e+01
2.624025192891626830e+03 1.774095219589049677e+01
3.045692781702175580e+03 1.772382916894714455e+01
3.535120221269862668e+03 1.773153383856963217e+01
4.103196177208234076e+03 1.772477788643431396e+01
4.762559068672483590e+03 1.769449347176820098e+01
5.527878244911763431e+03 1.771661755846065489e+01
6.416180345472617773e+03 1.772774496274950096e+01
7.447228104837944556e+03 1.776507152175038584e+01
8.643960029057268912e+03 1.771548618498060179e+01
1.003300072618973536e+04 1.759854354288880529e+01
1.164525324427050873e+04 1.782738034366139956e+01
1.351658659499514943e+04 1.792215158849362311e+01
1.568863375898591767e+04 1.791520000814675129e+01
1.820971792647188704e+04 1.808371516923761391e+01
2.113592758016585867e+04 1.816220443197023116e+01
2.453236433852703340e+04 1.820344192432773767e+01
2.847459132113047963e+04 1.826748586839148558e+01
3.305031425903244963e+04 1.856557248889069811e+01
3.836133275107661029e+04 1.861865638666739287e+01
4.452580507722844777e+04 1.876141000017220506e+01
5.168087695596814592e+04 1.900902114338632032e+01
5.998573272971292317e+04 1.917318659816500315e+01
6.962513686031827820e+04 1.945200344097581890e+01
8.081354452501077321e+04 1.966072170384706297e+01
9.379987276431541250e+04 1.996808524692961484e+01
1.088730383293454070e+05 2.054427794982366251e+01
1.263683854331678012e+05 2.097885920117526126e+01
1.466751464093329560e+05 2.150480194230051012e+01
1.702451012605293945e+05 2.194516429962332538e+01
1.976026287529494148e+05 2.246660230005488046e+01
2.293563726707288588e+05 2.309733149083403703e+01
2.662127827785238624e+05 2.361238045248997253e+01
3.089918317483493011e+05 2.408017962794831845e+01
3.586452577171382145e+05 2.462231174038047499e+01
4.162777383311187732e+05 2.513677022560003138e+01
4.831714673521270743e+05 2.565897497636024127e+01
5.608146806003622478e+05 2.592492466944410268e+01
6.509347658719982719e+05 2.623091304463564200e+01
7.555366934532410232e+05 2.681937843568434943e+01
8.769476222238021437e+05 2.733592869856444096e+01
1.017868673735797405e+06 2.817224886551306540e+01
1.181435026125498582e+06 2.867485087700241309e+01
1.371285664813037030e+06 2.896420170841932062e+01
1.591644341787090059e+06 2.885065638162049595e+01
1.847413544637511251e+06 3.034422227782484782e+01
2.144283565936663654e+06 3.088933598791020074e+01
2.488859099519180600e+06 3.194343048501470861e+01
2.888806180144174956e+06 3.595285867885728948e+01
