1.079212589017267219e-03 8.890903819560742605e+00 6.538158639336376154e+02
1.250187035569438280e-03 8.890905175098099633e+00 5.644004583967744111e+02
1.448248139255993092e-03 8.890906994589448331e+00 4.872134005729790260e+02
1.677687108555806460e-03 8.890909436179175174e+00 4.205823491083864951e+02
1.943474987415003000e-03 8.890912712397406992e+00 3.630636700453488857e+02
2.251370358301888960e-03 8.890917109298088761e+00 3.134111589159855953e+02
2.608044108137537453e-03 8.890923010073516153e+00 2.705490402247444877e+02
3.021223960291143443e-03 8.890930929218246348e+00 2.335486597252444483e+02
3.499861904082467688e-03 8.890941557211212043e+00 2.016083640391340452e+02
4.054328149333016711e-03 8.890955821421526295e+00 1.740361320595254426e+02
4.696635808201523286e-03 8.890974966525595491e+00 1.502345814697426363e+02
5.440701172279217845e-03 8.891000664281039079e+00 1.296880258605147276e+02
6.302645224130251633e-03 8.891035160294441297e+00 1.119513018115360694e+02
7.301142915851594264e-03 8.891081471686325344e+00 9.664012391701258764e+01
8.457827782150956208e-03 8.891143654560679011e+00 8.342275884446151224e+01
9.797760654323649926e-03 8.891227164370576475e+00 7.201283793457115223e+01
1.134997263032462914e-02 8.891339345068693945e+00 6.216315270617643307e+01
1.314809406497089925e-02 8.891490092995688599e+00 5.366029877234528556e+01
1.523108320802871174e-02 8.891692763295219848e+00 4.632005215072504711e+01
1.764407027691946087e-02 8.891965413353251080e+00 3.998337776201594806e+01
2.043933525179425850e-02 8.892332521713685267e+00 3.451298362552694243e+01
2.367744057796729307e-02 8.892827387088532376e+00 2.979034606350257874e+01
2.742854331693386771e-02 8.893495519197571753e+00 2.571314141582370993e+01
3.177391517514704944e-02 8.894399510890584892e+00 2.219302854610871734e+01
3.680770334362389734e-02 8.895626188389584854e+00 1.915373397091488172e+01
4.263897029887982193e-02 8.897297392856808429e+00 1.652939791939410696e+01
4.939405675968907422e-02 8.899586805465123263e+00 1.426314513796906347e+01
5.721931899569070168e-02 8.902747365457662099e+00 1.230584885940679563e+01
6.628429979459779520e-02 8.907158453270710652e+00 1.061506003697820688e+01
7.678540179045137415e-02 8.913412885824032017e+00 9.154076517345018260e+00
8.895014273955685613e-02 8.922492207910025286e+00 7.891127718398890600e+00
1.030420849392683774e-01 8.936164138732909379e+00 6.798648008879848881e+00
1.193665455908215489e-01 8.958046336551843680e+00 5.852601908921864826e+00
1.382772118274148143e-01 8.997289276515145318e+00 5.031793440868678857e+00
1.601838037292920014e-01 9.089524982358209826e+00 4.316995432007695754e+00
1.855609513533539867e-01 9.328662648668508695e+00 3.682794772986377918e+00
2.149584781077666096e-01 8.458152624262201158e+00 3.002585197108649240e+00
2.490133132720219189e-01 8.766139940364775285e+00 2.706758697374500588e+00
2.884632917601110957e-01 8.916150968309873193e+00 2.336356566697900039e+00
3.341631401136344603e-01 8.694652111548128559e+00 2.071315951203706263e+00
3.871029950787159835e-01 8.736216791444665120e+00 1.822797220493047377e+00
4.484298559917629934e-01 8.759570776959611393e+00 1.593500631067816808e+00
5.194724357632585221e-01 8.763215628874931440e+00 1.351981850918992256e+00
6.017699488830858812e-01 8.561866350654597113e+00 1.144806704556301735e+00
6.971054601707213916e-01 8.455445071112647426e+00 1.028596592396564535e+00
8.075445168071138102e-01 8.309969087790348041e+00 8.880350023543414073e-01
9.354799006530927219e-01 8.317685679621753536e+00 7.883633243387698775e-01
1.083683470461787257e+00 8.260536326190774048e+00 6.991350796858928351e-01
1.255366217202777079e+00 8.330510518063407588e+00 6.229734100703994137e-01
1.454247833661665990e+00 8.143361525354718466e+00 5.449553755405464051e-01
1.684637305615851011e+00 8.093872806975207723e+00 4.946643376181462659e-01
1.951526270681660291e+00 7.990592854603502104e+00 4.681064726411902077e-01
2.260697167553472831e+00 7.794106880642076796e+00 4.293732035168820738e-01
2.618848518805299008e+00 7.580692698639149185e+00 3.951963315798313614e-01
3.033740061642504315e+00 7.280455657872431985e+00 3.674977178415235191e-01
3.514360871018717081e+00 7.082583749776145687e+00 3.554343252377391571e-01
4.071124117687457300e+00 6.837935427276458533e+00 3.508065984916735047e-01
4.716092680832779216e+00 6.510815495554036936e+00 3.558033642836339050e-01
5.463240503421072702e+00 6.368792656027419063e+00 3.420110241676334595e-01
6.328755352821032076e+00 5.877672533159310042e+00 3.461259837921256133e-01
7.331389546328714424e+00 5.362369392345976316e+00 3.508890566912248876e-01
8.492866240446364401e+00 4.983297115872481697e+00 3.577885440328397171e-01
9.838350086612564382e+00 4.817369034876515244e+00 3.684755613116405537e-01
1.139699245065023447e+01 4.495010981530257688e+00 3.639970111274169473e-01
1.320256300870273947e+01 4.250301259580027136e+00 3.955931072407289362e-01
1.529418140386862746e+01 4.037385552548399481e+00 4.311366047539450519e-01
1.771716481566897627e+01 3.855591317607045099e+00 4.217064186449689944e-01
2.052400980585851897e+01 3.521743742477116523e+00 4.143552911700034702e-01
2.377552971333417986e+01 3.224195880416534266e+00 4.170752034476817860e-01
2.754217224103450690e+01 3.098820635391442035e+00 4.265851343734522461e-01
3.190554578177820133e+01 2.724083006208545932e+00 3.891118405606663888e-01
3.696018755254539201e+01 2.415341488395049030e+00 3.516378623071459431e-01
4.281561184574717061e+01 2.487524741216606827e+00 4.069954012821475620e-01
4.959868277506717504e+01 2.066027271930944487e+00 3.705993985731104168e-01
5.745636292398552314e+01 1.732442896735832960e+00 3.588230412855162310e-01
6.655889744943466724e+01 1.440975801194126271e+00 3.401155604978384761e-01
7.710350262764366391e+01 1.255501930571750746e+00 3.310610193018352909e-01
8.931863875851428247e+01 1.376778746788694496e+00 4.686809468413149493e-01
1.034689600056341590e+02 1.168722872964706561e+00 6.510925663313847922e-01
1.198610484155748281e+02 9.235041366925983430e-01 5.972748541399216515e-01
