22.08007381838734 14.674812081519054
25.192091582958884 14.674135913777958
28.74272448290846 14.673251437530912
32.793791971573654 14.672092737737241
37.41582648208394 14.670571774155402
42.689301455315565 14.668570009340112
48.70603244900727 14.665926142166873
55.57077572250504 14.662417553870416
63.403052129816786 14.657731099281996
72.33922807646299 14.651414742120716
82.53488977130186 14.642792116353037
94.16755211101528 14.630798189332335
107.43974936117374 14.613624052650072
122.58256144519184 14.587805810189169
139.8596372367791 14.545124298356527
159.57178490473365 14.452964241283132
182.06220923177477 14.379748099803406
207.72248709346383 14.510387688952743
236.99938513524117 14.582281996103237
270.4026383489695 14.508522926576745
308.5138249804311 14.777301924256989
351.9964922872536 15.197933216181895
401.60770944507794 15.193945819391114
458.21124874761335 15.223235609158596
522.7926245961671 15.187215871842302
596.4762521198853 15.154760159802908
680.5450241724652 15.17001993569513
776.462647557031 15.158603989482906
885.8991273713098 15.22775637878421
1010.759843176621 15.200223763039467
1153.2187232308065 15.22887837835281
1315.7560943759224 15.191057505683439
1501.2018665785176 15.029860333081892
1712.7848040010308 15.494600140217376
1954.1887404543875 15.48562546865822
2229.616717989288 15.763776577656959
2543.8641653320688 15.806077284656997
2902.402390262179 16.003996706002948
3311.473839602583 16.061089583115447
3778.2007853782497 15.991137886933286
4310.709329458564 16.26986296477166
4918.270885706981 16.569945737402705
5611.463602959094 17.180293378375552
6402.3565393365525 17.434101606149603
7304.719794523866 17.652992969820744
8334.264258584719 17.835903272481204
9508.915151542815 18.08410817420126
10849.12411627743 18.295957265130376
12378.225298528956 18.411303266473247
14122.84161366157 18.484288800992168
16113.34827362323 18.97832471669786
18384.40164449037 19.16427111548439
20975.54264244428 19.31866996465532
23931.88517380193 19.42951099692005
27304.90160541083 19.362267971773694
31153.3189410972 19.8666422630898
35544.14130733959 20.311893117332133
40553.816550488795 20.71645908456326
46269.567256956056 20.95845965461456
52790.90937053067 21.040121597844184
60231.38484720989 21.46216676609124
68720.53851449382 21.92389138221185
78406.1735538991 22.232950766140938
89456.92487650656 22.372964336670883
102065.19519613741 22.566454981078323
116450.50491961915 22.677324918392866
132863.31417849913 23.389466256975098
151589.3835469365 23.779489070188767
172954.74936947576 24.3868919625724
197331.4003232696 24.582080828811435
225143.7540483917 25.255110262759565
256876.04660972572 25.40809572495088
293080.76344706997 26.209202398891573
334388.2586032656 26.83236693654964
381517.72970906075 27.21920962154942
435289.7398082699 28.2098951289516
496640.50403855025 28.478810428651464
566638.1899107167 29.74444127974887
646501.5149879333 31.500352288825418
737620.9657657399 32.941987560188004