22.078297142262933 14.336031695828009
25.186261042795678 14.335868964655473
28.731733304809996 14.33565692239026
32.77630202021824 14.335380518552382
37.39022504224328 14.335020032332903
42.653650428508236 14.334549568157774
48.658008686011016 14.33393502621311
55.507601002551006 14.333131334242978
63.3214110536382 14.332078616402871
72.23517185762611 14.330696788133006
82.4037235822303 14.328877733155199
94.00370325968478 14.326473586964518
107.2366131333467 14.323278356880204
122.33232093573181 14.318997190926034
139.55305290100836 14.313190169972597
159.19794887422265 14.305155114404135
181.6082586436666 14.293627970316601
207.17326976142522 14.275670239159288
236.33706982376302 14.239986572652402
269.60626067833704 14.197359768376952
307.5587585610614 14.278296776656388
350.8538330290406 14.235476942314042
400.2435590750066 14.15983789479995
456.5858813569491 14.034433910344653
520.8595174805399 13.997258658972166
594.1809592179845 14.215374993680895
677.8238669899981 14.243266621322709
773.2411945107789 14.584445254037295
882.0904279212684 14.7223460028806
1006.2623778375015 14.636145139400028
1147.9140244582265 14.701261285870416
1309.5059862813184 14.80005292897916
1493.8452632948133 14.911374939749617
1704.1339971308437 14.933170138716896
1944.0250951908808 15.660179220378232
2217.685684984162 15.9692497498298
2529.8695009391163 15.988186964513405
2885.9994611128323 16.29813880560284
3292.261868231441 16.4075270711134
3755.713871419538 16.507274732570664
4284.406055327052 16.459564479499047
4887.522286138663 16.99642787471727
5575.539243718718 17.283534160248326
6360.408411110734 17.42076028862759
7255.763682715292 17.53999930015238
8277.1581974901 17.63128787002555
9442.334511181167 18.01496425083308
10771.532800723604 18.398360012917003
12287.842454604 18.681607199094728
14017.603156630164 18.808116323290562
15990.862430299632 18.885354597620708
18241.89759173068 19.21528774011381
20809.811177954987 19.749644014693946
23739.210193705236 19.98258215159229
27080.98097583507 20.067025772737807
30893.173135473822 20.110800831430346
35242.00793279912 20.455012319991695
40203.02860081798 20.484543886377818
45862.4126003315 21.021768334892457
52318.46860115035 21.365369277302637
59683.34419349257 21.55875860037508
68084.97399407026 21.78828874246733
77669.30198724775 22.327372531759607
88602.816705367 22.48707272187222
101075.4432866385 22.653331521382036
115303.84264828506 23.05766886169357
131535.17508458943 23.399677061677288
150051.3936669822 23.765470745666047
171174.14202645145 24.049770405929067
195270.3415972281 24.376048759844196
222758.56537727447 24.440843465639887
254116.3089236171 25.25471253709111
289888.28488635586 25.61894845992878
330695.8851649797 25.981828910167785
377247.9750532912 25.727323030351943
430353.20687709516 27.07738949374471
490934.0670237856 27.43825493427057
560042.9003735695 30.757401453211255
638880.1904913305 32.005231190027594
728815.4131227717 33.791908812599495