22.079697304334683 13.440230729729873
25.190855920986568 13.422665241867914
28.740395001127286 13.398350204903434
32.790084918578344 13.363876507960876
37.41039985446987 13.31317815954269
42.68174421464717 13.2339780323295
48.69585185646987 13.095191207993887
55.55738247485914 12.76017314309476
63.385742928484966 12.858092801000764
72.31716520147612 14.782554470387227
82.50707716210066 14.780031939318125
94.13280737522442 14.776585490616691
107.39667103867995 14.771772299825795
122.5294907461367 14.764793287351944
139.79461334607254 14.753886018649787
159.4924927996902 14.7327491735757
181.9659187903458 14.705855192618062
207.60598207465623 14.726137377932442
236.85888038650222 14.726595374472144
270.23368333275073 14.7593733613303
308.31119140824455 14.679043883700999
351.7540432978696 14.7319046947519
401.31824735665725 14.764795522659728
457.8663379429433 14.783911904104134
522.3823855558956 14.694494947211828
595.9891219892943 14.537112870563435
679.967478519742 14.74844351175989
775.7788771399776 15.094740660755807
885.0906627574701 15.053450819421712
1009.805118938689 15.07059044472371
1152.0925721416143 15.07517051743638
1314.4291605284184 15.068539883813848
1499.6399246249746 15.241101705262992
1710.9479697065622 15.145139845318404
1952.0305554515478 15.282024146253697
2227.0830889556455 15.475867011897165
2540.892134736531 15.392929864675473
2898.918712275553 15.493133332216143
3307.3933306707463 15.76257171190731
3773.4244142288153 15.946030034000398
4305.122005857836 16.374430091746035
4911.738900992204 16.875967162002734
5603.831668113888 17.047261541941655
6393.444358007806 17.230719716523595
7294.318098726855 17.392675008440914
8322.130223714576 17.732686678332392
9494.767094480267 18.003883863485328
10832.635365586308 18.241961137187566
12359.017108694508 18.5595447618518
14100.474975669626 18.724762533798657
16087.314451536276 18.86452722992101
18354.111241583734 18.995424481598135
20940.312970401366 19.195442103023566
23890.92566383089 19.653333286570675
27257.29696024466 19.95841685057303
31098.009680878575 20.101775197693257
35479.90130945606 20.362444368520514
40479.227122459924 20.669565233760352
46182.98721126903 20.942919913326833
52690.44048948293 21.01158757745221
60114.83203274268 21.16291508166894
68585.363810845 21.767426521012755
78249.44310754913 22.34811109185037
89275.24775589773 22.54527771294003
101854.65283021294 22.727619050804776
116206.56972612948 23.07051128908153
132580.7557365522 23.570328487074455
151262.16041917048 23.680776196074017
172575.88439260068 24.143240703367987
196892.83685593677 24.807386135239355
224636.190285928 25.053995845034002
256288.74463877763 25.54758615294612
292401.32921108906 26.195546267326364
333602.38837221026 26.668523245437775
380608.9179823828 27.321140496109162
434238.9428162362 28.166976973370534
495425.75212830526 28.529492785865664
565234.1410930684 29.880596026880717
644878.9407589716 31.587172205900423
735746.1589814661 33.73420208053128