1.077276718491950672e-03 6.856014277994116668e+00 1.015120949818967375e+02
1.243773537917620487e-03 6.856024829049514047e+00 8.792247123412180088e+01
1.436003013032414923e-03 6.856038895841297887e+00 7.615189119814341723e+01
1.657942214215811678e-03 6.856057650906687506e+00 6.595683110885008205e+01
1.914182881743565047e-03 6.856082658581946987e+00 5.712636335840146273e+01
2.210026425132781761e-03 6.856116006646897354e+00 4.947779254919700520e+01
2.551593604962298575e-03 6.856160482494863651e+00 4.285287562499033243e+01
2.945951166395364973e-03 6.856219809575425650e+00 3.711454787729739735e+01
3.401258044348501319e-03 6.856298965224991271e+00 3.214408707238114715e+01
3.926934165171702684e-03 6.856404609140788864e+00 2.783865700434269996e+01
4.533855337208495331e-03 6.856545663109369748e+00 2.410917961523681896e+01
5.234578262361873693e-03 6.856734099132350657e+00 2.087849159921938025e+01
6.043600323971118696e-03 6.856986017515052545e+00 1.807974725604505295e+01
6.977659525797875496e-03 6.857323133506316282e+00 1.565503439230018579e+01
8.056080787613393093e-03 6.857774848418844549e+00 1.355417436821226218e+01
9.301175761959013313e-03 6.858381172774524082e+00 1.173368100496254485e+01
1.073870444396113691e-02 6.859196919207892762e+00 1.015585599348633394e+01
1.239840812452962585e-02 6.860297836365538693e+00 8.788000565320572832e+00
1.431462471330480213e-02 6.861789793989522046e+00 7.601724129664645169e+00
1.652699916188074894e-02 6.863822903379068308e+00 6.572329331160687182e+00
1.908130368537947624e-02 6.866613817066655301e+00 5.678246640968553471e+00
2.203038475208845409e-02 6.870481655654008257e+00 4.900471031770196717e+00
2.543525643360144972e-02 6.875905070544133579e+00 4.221884959621805322e+00
2.936636273598144595e-02 6.883596565838217884e+00 3.626081016666373724e+00
3.390503502854333440e-02 6.894423178775141992e+00 3.093793407229566750e+00
3.914517472326426578e-02 6.905860647500737137e+00 2.576391372927386403e+00
4.519519601808009990e-02 6.962531597152115559e+00 2.239916664854984862e+00
5.218026889783550226e-02 7.293498617460784317e+00 2.161921399492102935e+00
6.024490879874012939e-02 6.937488966471956786e+00 1.832652721262199247e+00
6.955596651436710132e-02 6.536378323165054738e+00 1.521363598372231341e+00
8.030608020189966556e-02 6.475479193810354417e+00 1.307597851441471226e+00
9.271766090780808600e-02 6.470929772440065619e+00 1.179213155649706302e+00
1.070474940702177136e-01 6.487227954620795600e+00 9.848491819390564617e-01
1.235920521992836252e-01 6.769593998464580764e+00 8.926657722996992339e-01
1.426936286505766649e-01 6.641833498778049183e+00 8.012684941319019316e-01
1.647474193942277676e-01 6.736254669774517367e+00 7.124081435197656686e-01
1.902096992958339228e-01 6.733026481784580852e+00 6.188606176034870954e-01
2.196072620696793154e-01 6.723059817020597961e+00 5.820791861134450018e-01
2.535483192091724791e-01 6.676611794552604451e+00 5.294076031224204115e-01
2.927350833844414302e-01 6.594119491804582900e+00 5.018434539899280233e-01
3.379782966472758554e-01 6.396590823326101294e+00 4.232568770990455809e-01
3.902140040200768878e-01 6.487894330416444255e+00 4.058522096989619632e-01
4.505229195006297260e-01 6.342427781197181424e+00 3.791865552839643327e-01
5.201527851494733845e-01 6.372135057165492888e+00 3.768296038464225561e-01
6.005441858510729425e-01 6.446592972613020223e+00 3.722816130862603434e-01
6.933603538350550100e-01 6.378684373308285416e+00 3.618881670939509965e-01
8.005215795886369001e-01 6.452847282808158447e+00 3.617578897913223401e-01
9.242449410938424759e-01 6.227841493883169655e+00 3.562022735081638025e-01
1.067090173354879212e+00 6.271606091005732075e+00 3.596740047482803737e-01
1.232012627218622258e+00 6.134172334292899542e+00 3.648697525671080188e-01
1.422424413162825640e+00 6.196464417098606070e+00 3.595799270119852120e-01
1.642264995066949451e+00 6.174314795607391382e+00 3.855965151282769177e-01
1.896082694492896348e+00 5.895138100514460966e+00 3.811106165200578433e-01
2.189128791732469992e+00 5.743501924441068773e+00 3.802047206535582036e-01
2.527466170495138442e+00 5.612745072297776971e+00 3.920837506162525576e-01
2.918094754005700064e+00 5.391773288860747471e+00 3.728233061932171299e-01
3.369096327681971648e+00 5.515407900830989973e+00 4.041808559483175967e-01
3.889801744655060567e+00 5.429732294072132426e+00 4.259318119990605500e-01
4.490983973477476354e+00 5.041099502827770529e+00 4.410477645602781105e-01
5.185080982018038576e+00 4.773085833023251290e+00 4.313215994086615490e-01
5.986453068828788915e+00 4.602872973030780912e+00 4.380205909843088441e-01
6.911679965959098837e+00 4.248553727186304307e+00 4.539094164706371504e-01
7.979903860030847618e+00 3.835422462383730746e+00 4.474676721486414155e-01
9.213225428399717032e+00 3.600445026589409014e+00 4.588516880226005124e-01
1.063716108406637062e+01 3.505332544989784971e+00 4.658377436392979187e-01
1.228117088936022405e+01 3.267058630683643550e+00 4.704153750750921792e-01
1.417926806049748478e+01 3.000128643692936858e+00 4.937270034802861973e-01
1.637072267316342788e+01 2.930076767824276729e+00 5.087157987733755826e-01
1.890087412821111812e+01 2.660133208625389489e+00 4.754619877398714722e-01
2.182206918672624596e+01 2.345102753378539351e+00 4.881081811158065054e-01
2.519474498163524956e+01 2.316645734243204746e+00 5.785774641069109103e-01
2.908867941247988398e+01 1.810300986838105031e+00 5.655889078547231552e-01
3.358443479300149903e+01 1.866075807743154069e+00 5.312869165609328537e-01
3.877502461942160039e+01 1.646647594792121527e+00 4.845132350710905644e-01
4.476783794348860113e+01 1.530454921009938074e+00 5.359255224053427469e-01
5.168686116399302932e+01 1.294003124711130104e+00 5.606305207677235725e-01
5.967524320379788350e+01 1.580342121569762170e+00 7.182869283943659200e-01
6.889825714379504973e+01 1.277594712140943667e+00 5.946847002010093863e-01
7.954671958756921413e+01 7.048169765541426601e-01 4.153823099846974398e-01
9.184093850062265574e+01 2.598643797316235182e-01 2.599140705346503766e-01
