2.200272638257565916e+01 9.131507716377216255e+00
2.493882630610065831e+01 9.121669658982675344e+00
2.826672689155409302e+01 9.108560182938081340e+00
3.203871101849929914e+01 9.090832674336311925e+00
3.631403832728909009e+01 9.066289441598755161e+00
4.115987621581879097e+01 9.030853387622869377e+00
4.665235507086048017e+01 8.974813454812679225e+00
5.287776431215743145e+01 8.852480567592429850e+00
5.993390803969325731e+01 8.856190691658373026e+00
6.793164158198976565e+01 8.994465177521782095e+00
7.699661308532850512e+01 8.853304607993910835e+00
8.727123750507972488e+01 8.572943411251646495e+00
9.891693401146881115e+01 8.083039678539046591e+00
1.121166619604741328e+02 1.171809903054272084e+01
1.270777952711494692e+02 1.165475974977162110e+01
1.440353803671866331e+02 1.169393208209825907e+01
1.632558288665096029e+02 1.197752598213591035e+01
1.850411030327857702e+02 1.169914061565574670e+01
2.097334597442609265e+02 1.177451077810001223e+01
2.377208275098946615e+02 1.227225554031271670e+01
2.694429010082424725e+02 1.261990450186458546e+01
3.053980488971490104e+02 1.267286216081276962e+01
3.461511434191850753e+02 1.282060865101163216e+01
3.923424348096016843e+02 1.290873102678267514e+01
4.446976099279151526e+02 1.310511121514306332e+01
5.040391931389435740e+02 1.356400897985374243e+01
5.712994685564854080e+02 1.359621624975402021e+01
6.475351266641516759e+02 1.349985647807515399e+01
7.339438654186353688e+02 1.375297062428648331e+01
8.318832066465399748e+02 1.382146575049802451e+01
9.428918233491907586e+02 1.412060663319341103e+01
1.068713712977390060e+03 1.422928459488329267e+01
1.211325596449610430e+03 1.427099786149870830e+01
1.372967973365049602e+03 1.388502790033955847e+01
1.556180321303519577e+03 1.486527392824724814e+01
1.763840992209681644e+03 1.517993727297972129e+01
1.999212432652547704e+03 1.524173132464078151e+01
2.265992438391738688e+03 1.564460785561615985e+01
2.568372248483773546e+03 1.565668527606589855e+01
2.911102391614071166e+03 1.578096245067642300e+01
3.299567319131429485e+03 1.594029053030726217e+01
3.739869997304955177e+03 1.633439430123909730e+01
4.238927787787514717e+03 1.643986497160599924e+01
4.804581122612738909e+03 1.658535475108256207e+01
5.445716681060817791e+03 1.680775885996033026e+01
6.172407003559377699e+03 1.694744812436940506e+01
6.996068736019386961e+03 1.710589863617767037e+01
7.929641990698818518e+03 1.730295778726691935e+01
8.987793641437387123e+03 1.727652960340538613e+01
1.018714774712589133e+04 1.775501622028326665e+01
1.154654672347096857e+04 1.797911859601416040e+01
1.308734736618624083e+04 1.816374216728209490e+01
1.483375637627303331e+04 1.842922101504140286e+01
1.681321065865025594e+04 1.868126550439374967e+01
1.905680836880338757e+04 1.881992601371540985e+01
2.159979747939761364e+04 1.912878444043191450e+01
2.448212954246582376e+04 1.940036975967447930e+01
2.774908734703534356e+04 1.957326619239453791e+01
3.145199633298900517e+04 1.981978479227204915e+01
3.564903093780636846e+04 2.007286695771879437e+01
4.040612854427039565e+04 2.035201350943752630e+01
4.579802538768720115e+04 2.051464590594253679e+01
5.190943069720699714e+04 2.100680151687568298e+01
5.883635751755743695e+04 2.133595251847948404e+01
6.668763111902316450e+04 2.173208016816145616e+01
7.558659869350001100e+04 2.198527687990634050e+01
8.567306719675104250e+04 2.213923656469946266e+01
9.710549978127543000e+04 2.250706190296320486e+01
1.100635053267811163e+05 2.284949447496686759e+01
1.247506601799529017e+05 2.327550282693532324e+01
1.413977064343715028e+05 2.369575435712375366e+01
1.602661769970622554e+05 2.413104490395660306e+01
1.816525043931689870e+05 2.488703999371422526e+01
2.058926778600023536e+05 2.554755799924890169e+01
2.333675218955962046e+05 2.611275944252653858e+01
2.645086791902439436e+05 2.662751134606786252e+01
2.998053919356787810e+05 2.735925911964432444e+01
3.398121880494467332e+05 2.868384108860857395e+01
3.851575930686608190e+05 2.939075656214513543e+01
4.365540045810774900e+05 3.291611959679016053e+01
