1.065733126611799518e-03 6.815139396227913871e+00 3.793000652908173009e+01
1.205841067703724168e-03 6.816139195234461212e+00 3.351814477345481436e+01
1.364368474857876462e-03 6.817428872034102305e+00 2.961827449467101303e+01
1.543736886263837038e-03 6.819096099561377855e+00 2.617082215833622172e+01
1.746686190664008785e-03 6.821257505920424791e+00 2.312312400382247901e+01
1.976316479708006921e-03 6.824069909443435833e+00 2.042862114266712581e+01
2.236135402479271471e-03 6.827747084145859624e+00 1.804614770433011373e+01
2.530111745543865177e-03 6.832585626782484489e+00 1.593930105865060121e+01
2.862736056967535563e-03 6.839006484898801475e+00 1.407588434661879795e+01
3.239089240345157088e-03 6.847624882129061064e+00 1.242741256236983283e+01
3.664920166630206491e-03 6.859375083720102850e+00 1.096867419747027839e+01
4.146733489300688177e-03 6.875749658050742674e+00 9.677340741717641137e+00
4.691889004255871132e-03 6.899302963989065063e+00 8.533615010874434859e+00
5.308714072186389646e-03 6.934852688240956020e+00 7.519900337049040928e+00
6.006630820692129488e-03 6.992926822332439230e+00 6.620415363343351345e+00
6.796300069185912118e-03 7.103244999313640839e+00 5.820159826651493340e+00
7.689784175065067333e-03 7.430726060913824149e+00 5.089730513645422505e+00
8.700731288658995755e-03 7.091607720885990673e+00 4.445264980263757160e+00
9.844583831484331540e-03 6.152287138684433110e+00 3.707605702913625567e+00
1.113881438235519647e-02 6.117608925828520228e+00 3.159937735624437583e+00
1.260319257455656816e-02 5.950611090502921030e+00 2.517633291489522307e+00
1.426008708098900138e-02 6.228747042561742830e+00 2.301945136720339402e+00
1.613480730016887341e-02 6.758438630277961323e+00 2.182182125493624447e+00
1.825598996240684890e-02 6.259060616783552078e+00 2.098071905456348141e+00
2.065603656165210245e-02 6.101530467768410126e+00 2.107089787716782237e+00
2.337160829486217145e-02 6.000002181643934840e+00 1.928573923614642194e+00
2.644418606919728479e-02 5.979882349058653901e+00 1.839473291221677131e+00
2.992070413126233716e-02 6.084471204369905628e+00 1.658283049108312923e+00
3.385426699721125199e-02 6.100789255662273369e+00 1.594950909962298491e+00
3.830496063496594689e-02 6.153616582027472859e+00 1.344863599094207940e+00
4.334077028952236510e-02 6.119921869806054460e+00 1.124342530718470012e+00
4.903861897131053804e-02 6.101203860913543053e+00 1.019497061746327038e+00
5.548554247072843421e-02 6.019723231251431272e+00 1.024977793575499119e+00
6.278001884743396321e-02 6.212435401538308533e+00 1.082908687413330018e+00
7.103347270261300972e-02 6.299913598169641027e+00 1.041589507209082610e+00
8.037197721228632463e-02 6.408713780145956385e+00 9.447226742483582074e-01
9.093817992055806820e-02 6.334007335730991173e+00 9.035276655037748350e-01
1.028934817096873733e-01 6.299383018978286231e+00 8.410880367826562010e-01
1.164205022311908255e-01 6.261544537020015788e+00 7.899597116912364658e-01
1.317258694579350742e-01 6.520479024972884119e+00 7.983579051979405872e-01
1.490433759681907278e-01 6.530800174889567877e+00 7.943121281607570250e-01
1.686375501745249750e-01 6.623239211098613133e+00 7.969774238039734060e-01
1.908076970487764257e-01 6.354331335959547467e+00 7.387510217622140773e-01
2.158924700660025398e-01 6.029013802471180128e+00 6.909543007781866475e-01
2.442750442047678106e-01 6.027581651152702946e+00 6.854916461039031184e-01
2.763889690223976237e-01 6.292073548974139285e+00 6.825168251903512839e-01
3.127247912121056128e-01 6.372153933710946738e+00 6.431912487904389852e-01
3.538375478028934484e-01 6.112508043824318449e+00 6.055614746178338281e-01
4.003552444623657558e-01 5.964074166409299771e+00 5.615882378476709791e-01
4.529884484102508213e-01 5.969825982007876064e+00 5.689412787081855605e-01
5.125411424763181012e-01 5.985738599168601404e+00 5.540569149215158751e-01
5.799230061006225290e-01 5.832918882681136452e+00 5.250833381415400680e-01
6.561633108708373463e-01 5.531464247954412272e+00 4.782064224852523027e-01
7.424266428538176532e-01 5.497885349319034276e+00 4.698715278754916347e-01
8.400306918831841330e-01 5.612729193828912777e+00 4.735431951357987335e-01
9.504663795378940350e-01 5.452343235282460121e+00 4.631534954992915232e-01
1.075420633270740112e+00 5.312214553254325899e+00 4.427380021425398882e-01
1.216802154566194005e+00 5.314596536525175274e+00 4.483821993912842641e-01
1.376770574741413400e+00 5.257588184835809031e+00 4.327882564487935957e-01
1.557769443751167993e+00 5.154174941180019509e+00 4.269265198749501722e-01
1.762563555907344037e+00 5.058386367003929962e+00 4.168895473083762959e-01
1.994281182670945007e+00 4.931014719699827076e+00 3.951816042369538096e-01
2.256461857631021140e+00 4.864320107824708472e+00 3.953463993005326693e-01
2.553110443595733692e+00 4.840180590303338803e+00 3.910075080019300708e-01
2.888758307681305482e+00 4.687196171260897160e+00 4.050246302093634121e-01
3.268532538860711600e+00 4.635511920135376940e+00 4.006268950447522403e-01
3.698234265284145117e+00 4.352087973768159479e+00 3.771085352936410229e-01
4.184427267684179164e+00 4.217540512467733649e+00 3.929975203315749233e-01
4.734538242453279366e+00 4.023583844036323853e+00 4.168372872766988313e-01
5.356970245932457075e+00 3.714887236999392606e+00 4.133065670064425268e-01
6.061231052795495344e+00 3.669564731776697730e+00 4.048998665457547164e-01
6.858078389229046223e+00 3.540167107736662988e+00 4.376065229247221300e-01
7.759684259374724391e+00 3.264215929838407693e+00 4.334787809482423815e-01
8.779820875152857695e+00 3.172858187481218284e+00 5.134110099811455274e-01
9.934071029583538603e+00 2.795359614865187137e+00 4.621398921992688757e-01
1.124006612709998976e+01 2.334263136218957868e+00 4.805269533658833025e-01
1.271775550681531364e+01 2.097365592354591080e+00 4.923447698757278945e-01
1.438971117271010236e+01 1.957795095415503006e+00 4.978240385697346171e-01
1.628147258555606314e+01 1.842951069538383946e+00 7.734590355214681079e-01
1.842193678334185947e+01 2.132978577342812543e-01 1.568631150632743276e-01
