22.06073818804976 17.17422549032878
25.12867052420652 17.174192465057832
28.623252627882614 17.17414960123952
32.60381762777159 17.174093962206996
37.1379499641311 17.174021730767848
42.30263287828894 17.17392794299984
48.18555548067823 17.17380613854794
54.88660158959433 17.173647902259162
62.51954561907767 17.173442259326976
71.21398430973292 17.173174874146277
81.11753710057923 17.172826982010985
92.39835250117498 17.172373952777555
105.24796301871974 17.171783337751723
119.884537112812 17.171012173877315
136.55658339151793 17.170003186914435
155.54716994083228 17.168679292626603
177.1787304258596 17.166935314469523
201.8185385646076 17.16462477621616
229.88494392332117 17.161536935952064
261.85447490846207 17.157350910331512
298.269929554227 17.151519414387717
339.7495914758894 17.142801861641743
386.997727462996 17.12085345813166
440.8165449469029 17.132672593415915
502.1198123637697 17.11404171158588
571.9483736677718 17.083836832049528
651.4878204093201 17.010211830574434
742.0886214255227 17.009022018310244
845.2890519169478 17.032515872082765
962.8413112144206 16.901471613560666
1096.741272679102 17.041957642001933
1249.2623708476392 17.100995164475716
1422.9942011788412 17.34757044177652
1620.886487771725 17.399106483079873
1846.2991655654428 17.28862110864904
2103.0594273469733 17.45387265870947
2395.5267041451793 17.541187740809388
2728.666682287665 17.54831590996188
3108.135613826801 17.39978436146923
3540.376351808319 17.78837023532815
4032.7277409273456 17.914539349816785
4593.549220872625 17.924071394901194
5232.362757949855 18.18370385095133
5960.014514785098 18.217569553867833
6788.859003034258 18.091688662235864
7732.968845754757 18.375441675728954
8808.37371091177 18.201220198207608
10033.332472776678 18.749372043674292
11428.643222138518 19.092583518625954
13017.996388869384 19.161434774669786
14828.376972372196 19.370979363505775
16890.522709222747 19.414626172734884
19239.44595705335 19.374109481916857
21915.02815553836 19.517427580297728
24962.69695759968 19.8240736072908
28434.197527575492 19.732582514287106
32388.471101919073 19.61448231664437
36892.65572916252 20.328112056879128
42023.226180313955 20.569152183783444
47867.29238377635 20.847196878333836
54524.078430401394 21.12819224171629
62106.60726012064 21.68846281104026
70743.61963378303 21.906436038629373
80581.7599716628 22.192650486514296
91788.06617112645 22.48635665218876
104552.80567708901 22.65767243188805
119092.70595777908 22.949190156785118
135654.6342347847 23.460772644259666
154519.7889440617 23.578363660046385
176008.47409306536 24.26516865439324
200485.53757592876 24.396565331831457
228366.56578169158 24.49481700689228
260124.93967138496 24.837188834555732
296299.8721263183 25.61292823771062
337505.5630305267 26.436521207190307
384441.62752790755 26.798652466837417
437904.97451130545 27.384075940041196
498803.3370237115 29.788730547495888
568170.684298922 31.081826358554693
647184.777116596 32.46250484954363