1.068194341118753428e-03 3.458895177065942850e+00 9.583778078391962651e+01
1.213883959677502632e-03 3.458913383366725824e+00 8.432842972576642637e+01
1.379443993327165042e-03 3.458936916244493176e+00 7.419947115105590285e+01
1.567584541797501299e-03 3.458967342282659452e+00 6.528509944681363208e+01
1.781385331749149332e-03 3.459006694252733993e+00 5.743939008109673949e+01
2.024346129703640841e-03 3.459057613606497217e+00 5.053391052595377886e+01
2.300444030726517264e-03 3.459123538861086811e+00 4.445561731761160473e+01
2.614198560638447428e-03 3.459208956541413027e+00 3.910500474145631955e+01
2.970745657431114219e-03 3.459319738094988050e+00 3.439447469157970261e+01
3.375921742910941575e-03 3.459463596975142163e+00 3.024690080353301624e+01
3.836359260763514203e-03 3.459650716707167284e+00 2.659436302115955897e+01
4.359595244928705753e-03 3.459894627436484793e+00 2.337703135652381903e+01
4.954194695473436091e-03 3.460213452661586420e+00 2.054217973509473083e+01
5.629890781537106106e-03 3.460631723207126420e+00 1.804331242282136927e+01
6.397744166372039756e-03 3.461183089033745386e+00 1.583938646607277434e+01
7.270324062516223852e-03 3.461914505655273810e+00 1.389411350594186345e+01
8.261913980842453334e-03 3.462892948119451919e+00 1.217532253198252867e+01
9.388745541449189727e-03 3.464216680107811808e+00 1.065435997410764379e+01
1.066926417371071543e-02 3.466035242968443786e+00 9.305491047925713133e+00
1.212443105480696948e-02 3.468587439553461937e+00 8.105236157714598377e+00
1.377806622925159888e-02 3.472280251667538398e+00 7.031498385804762385e+00
1.565723852604032629e-02 3.477874138263372661e+00 6.062111485024880508e+00
1.779270865608530150e-02 3.487004839934373823e+00 5.171644780156751331e+00
2.021943274312466149e-02 3.504185496808785771e+00 4.321576006289951088e+00
2.297713453054933685e-02 3.552865681589701286e+00 3.406457138649173988e+00
2.611095563076488990e-02 3.411408335602580610e+00 2.611994578867445238e+00
2.967219446120693618e-02 3.145190467350824637e+00 4.962494861171195204e+00
3.371914596286600813e-02 3.126467039256405123e+00 4.201964749374425878e+00
3.831805584691546501e-02 3.096455059068593751e+00 3.456386003237918558e+00
4.354420498977948362e-02 3.048439208451472204e+00 2.568285487830094471e+00
4.948314172741538619e-02 2.942408013169068415e+00 2.404746897616448997e+00
5.623208222058938277e-02 3.713346463312340084e+00 4.870461714835967904e+00
6.390150181412673769e-02 3.721273056288800340e+00 4.249536747143735305e+00
7.261694343955316100e-02 3.732419010285436656e+00 3.694904382369117446e+00
8.252107266338939984e-02 3.748677860221464098e+00 3.194753499267921182e+00
9.377601302077467893e-02 3.773886647987183096e+00 2.734458213578352836e+00
1.065659998621654725e-01 3.817567842376797138e+00 2.285253029342702469e+00
1.211003961546885943e-01 4.004906926877090712e+00 1.750594424418701944e+00
1.376171196046666045e-01 3.412356526537918988e+00 1.690239442468669973e+00
1.563865372008685639e-01 3.798153386730803938e+00 1.887195979130094736e+00
1.777158909293819478e-01 2.935103929071114059e+00 1.584083355757190059e+00
2.019543271059048295e-01 3.155340054703223984e+00 1.440686750238369784e+00
2.294986116520417452e-01 2.898385971195587718e+00 1.250790778809823145e+00
2.607996248706012099e-01 2.790367779404109516e+00 1.264076977564206228e+00
2.963697420347386480e-01 2.788722246718933651e+00 1.109580617638110001e+00
3.367912206059266444e-01 2.741346037121864310e+00 1.116847092708050493e+00
3.827257313735306088e-01 2.501077095252855820e+00 1.041479430882402690e+00
4.349251895339525387e-01 2.408638864939369295e+00 9.249870390892718230e-01
4.942440630063864582e-01 2.375573721778756475e+00 8.828564583737901206e-01
5.616533594635391147e-01 2.430301271466340118e+00 7.264483899210492091e-01
6.382565210350403806e-01 2.542772657051771468e+00 8.141251576085057895e-01
7.253074868685054355e-01 2.492562524969275994e+00 7.494515811363765545e-01
8.242312192194987119e-01 2.511802401394115147e+00 7.259698580199036577e-01
9.366470290678602373e-01 2.646050049413207095e+00 7.347413746472325480e-01
1.064395083084102023e+00 2.604153590651950179e+00 6.654325798956518545e-01
1.209566525846024199e+00 2.474089306290092161e+00 6.633863382412740206e-01
1.374537710384763578e+00 2.495418501096962949e+00 6.551797167382014120e-01
1.562009097389902124e+00 2.298789736700543429e+00 6.044608541796800960e-01
1.775049459825908560e+00 2.221417471211897254e+00 5.574558110585692283e-01
2.017146116557963609e+00 2.177662652467677873e+00 4.896965789973016236e-01
2.292262017275809693e+00 1.994458689775750360e+00 4.588763023666745933e-01
2.604900613155146871e+00 2.133839119402180184e+00 5.093111137268984123e-01
2.960179575143052411e+00 2.093252360612895213e+00 4.707520976687071812e-01
3.363914566583197541e+00 1.913189381797217647e+00 4.190853721988543334e-01
3.822714441479034164e+00 1.911073397581071642e+00 4.619716579166899262e-01
4.344089426722649527e+00 1.517993171425725318e+00 4.206374693811071874e-01
4.936574059155240946e+00 1.543148181679328212e+00 4.254775970946324537e-01
5.609866889851283567e+00 1.542120223950332658e+00 3.948903937248411378e-01
6.374989242485924024e+00 1.412587463459226145e+00 3.645645106562134252e-01
7.244465624546865712e+00 1.438220912151910280e+00 3.799980125841393996e-01
8.232528744593730963e+00 1.414208700853220035e+00 3.979011278022724363e-01
9.355352491551270688e+00 1.413754142903639099e+00 3.771165916538540275e-01
1.063131668974132893e+01 1.369453873010941569e+00 4.397898334581908930e-01
1.208130796350476999e+01 9.639052850877120049e-01 3.942367387415995350e-01
1.372906163635268229e+01 1.110989567033098258e+00 4.638969460772751074e-01
1.560155026129233669e+01 9.821960673947126574e-01 4.123004090619591389e-01
1.772942514229224997e+01 7.199219626963579977e-01 3.307530806310836069e-01
2.014751807427800756e+01 7.628330640526972406e-01 6.634495812122207514e-01
2.289541151478513825e+01 6.885483694618170780e-01 6.395459311599522856e-01
2.601808652057214388e+01 5.426062253272517788e-01 5.566966162577128285e-01