1.068445167377249545e-03 4.195772770734065737e+00 1.275168749777567996e+02
1.214704984006347802e-03 4.195824309926644347e+00 1.121615180901510342e+02
1.380986355894935329e-03 4.195890948204792359e+00 9.865487994781135228e+01
1.570030040444789481e-03 4.195977117723470151e+00 8.677433532150902806e+01
1.784951978255897194e-03 4.196088557451255419e+00 7.632406128035459858e+01
2.029294652080052344e-03 4.196232702411954563e+00 6.713180949872993608e+01
2.307085476318805096e-03 4.196419191484730860e+00 5.904606712725560413e+01
2.622903179479329182e-03 4.196660531668189087e+00 5.193355943035005140e+01
2.981953273746895672e-03 4.196972969981089818e+00 4.567705302277794033e+01
3.390153855612384678e-03 4.197377642865125047e+00 4.017342348803614982e+01
3.854233151776419435e-03 4.197902099880310267e+00 3.533195552033408404e+01
4.381840418144981875e-03 4.198582337702502443e+00 3.107284755537483534e+01
4.981672019825642353e-03 4.199465539354297228e+00 2.732589622001785656e+01
5.663614770256695206e-03 4.200613804027463871e+00 2.402933888280095687e+01
6.438908892077659270e-03 4.202109295609389505e+00 2.112883517479655282e+01
7.320333285767893772e-03 4.204061470231258646e+00 1.857657061218422712e+01
8.322416159771165931e-03 4.206617433198525546e+00 1.633046741744976416e+01
9.461674493848493128e-03 4.209977155011052297e+00 1.435348932606602901e+01
1.075688628264952207e-02 4.214416507826685532e+00 1.261302858178860298e+01
1.222940004679749781e-02 4.220323422731887320e+00 1.108036444291190570e+01
1.390348671305029205e-02 4.228257157688482870e+00 9.730183259891461489e+00
1.580673966345447906e-02 4.239050701103773022e+00 8.540150325267916287e+00
1.797052954736198457e-02 4.253999602947009073e+00 7.490522679201183642e+00
2.043052135281598486e-02 4.275240248930133546e+00 6.563788329309014458e+00
2.322726226001190983e-02 4.306595951848915860e+00 5.744306110372328966e+00
2.640684996621548569e-02 4.355790987649006851e+00 5.017884176168945665e+00
3.002169249790255512e-02 4.441889231345918176e+00 4.371093902158746047e+00
3.413137203383707907e-02 4.636923419106443234e+00 3.789325008051226185e+00
3.880362697717938680e-02 4.854244027459019506e+00 3.140022661891203715e+00
4.411546846377419062e-02 3.173782523291546642e+00 2.231610837597242103e+00
5.015444970963178761e-02 3.166949266501679183e+00 2.190483851626899625e+00
5.702010911981098690e-02 3.147174987873252672e+00 1.769114248556782121e+00
6.482561094495997711e-02 2.979373920890793226e+00 1.291112109977542666e+00
7.369961052788048805e-02 3.379178103694254531e+00 1.509829516247785497e+00
8.378837488431825631e-02 3.794849713749547604e+00 2.021198066364719548e+00
9.525819357076804883e-02 3.222784058107457827e+00 1.803232058495959134e+00
1.082981195767793448e-01 3.430017518819683975e+00 1.557880485675211091e+00
1.231230854189274970e-01 3.414901093899728401e+00 1.676688802021047753e+00
1.399774457979313380e-01 3.226931136327393368e+00 1.293075373449685594e+00
1.591390052112899023e-01 3.752814370861476068e+00 1.630258284106897104e+00
1.809235969071613381e-01 3.638308842283570765e+00 1.871250232769393618e+00
2.056902886527706975e-01 2.699529636267794075e+00 1.345805228677944498e+00
2.338473011221980091e-01 2.548682014761618042e+00 1.069085527603969465e+00
2.658587364542519538e-01 2.730197091489152683e+00 1.172616623374420630e+00
3.022522278848828181e-01 2.683341570651240904e+00 1.127881964640422341e+00
3.436276365403375110e-01 2.634397366621960668e+00 1.169055484743556583e+00
3.906669387372416202e-01 2.419103807558519392e+00 1.086170886778812683e+00
4.441454667584979754e-01 2.335368757851928656e+00 8.591055629215684775e-01
5.049446883827619637e-01 2.453468863374840492e+00 8.847014557005152824e-01
5.740667358079847293e-01 2.777140321108405807e+00 1.029175175313938873e+00
6.526509234441626450e-01 2.857669815743347996e+00 9.863426121474617725e-01
7.419925268322670187e-01 2.854136653182818062e+00 9.290743981054216949e-01
8.435641322156726130e-01 2.643139498576565050e+00 8.161115915057984838e-01
9.590399086615646329e-01 2.666239967195706217e+00 8.657003171946670017e-01
1.090323202801170233e+00 2.428222612853394580e+00 7.452482744550635863e-01
1.239577911023220569e+00 2.253684252347740280e+00 6.835598986365201135e-01
1.409264146217472646e+00 2.283727969329512497e+00 6.460106280422525105e-01
1.602178786950695599e+00 2.191937308864936096e+00 5.601791371095554695e-01
1.821501577432933505e+00 2.456844879922497782e+00 6.717139215674874375e-01
2.070847538123575582e+00 2.291794517476302584e+00 6.519576837391160007e-01
2.354326550842842369e+00 2.224283310043576822e+00 5.237465970719631381e-01
2.676611100509125762e+00 2.093939252788884264e+00 5.492749860190568878e-01
3.043013290065429199e+00 2.107258844043578438e+00 4.972043696291163495e-01
3.459572398004875371e+00 1.975012242558577436e+00 4.841430460435093841e-01
3.933154421675187251e+00 1.956164283170885199e+00 4.249412342263292341e-01
4.471565247099441365e+00 1.851968565095616581e+00 4.036840333176459628e-01
5.083679310651470828e+00 1.779311114568409069e+00 4.855716396963083992e-01
5.779585873271074092e+00 1.801408105059622233e+00 5.229644164367945880e-01
6.570755318205526052e+00 1.446299653411764696e+00 4.031315223045479623e-01
7.470228213304585196e+00 1.483511154451163661e+00 3.908070584423143923e-01
8.492830254116352506e+00 1.372869171015422607e+00 4.230660436994967410e-01
9.655416630615476947e+00 1.373604227889974050e+00 4.187713158885958409e-01
1.097714984537458704e+01 1.452448205148698435e+00 4.612199091624225589e-01
1.247981556235821188e+01 1.294447987688097879e+00 4.241912339991130154e-01
1.418818169236383220e+01 1.018382784539157315e+00 4.015595497419589543e-01
1.613040663378918893e+01 7.282524748745090593e-01 3.200088713265191731e-01
1.833850339761480086e+01 7.334690591884579502e-01 3.632396651380883079e-01
2.084886726661081013e+01 6.224852248911794117e-01 4.598363350016165252e-01
2.370287568598927663e+01 5.467003723331093079e-01 9.730134118683098077e-01
2.694757027328861909e+01 5.467003723331093079e-01 5.604732684862069325e-01