2.215989829973195668e+01 1.878810511826353036e+01
2.545468416985457338e+01 1.878810331731719785e+01
2.923934656301570456e+01 1.878810094069176628e+01
3.358672147441625810e+01 1.878809780445728705e+01
3.858047432656672271e+01 1.878809366631535127e+01
4.431671011404493754e+01 1.878808820549284420e+01
5.090582294836880806e+01 1.878808099919790209e+01
5.847462059755648767e+01 1.878807148942677685e+01
6.716876490723234383e+01 1.878805893913645875e+01
7.715557506929044962e+01 1.878804237497465479e+01
8.862724768714525680e+01 1.878802051161732223e+01
1.018045556078677976e+02 1.878799165014169859e+01
1.169410967053949690e+02 1.878795354461367850e+01
1.343281743828335379e+02 1.878790322333439988e+01
1.543004037193409488e+02 1.878783674985850993e+01
1.772421511521280024e+02 1.878774890150319976e+01
2.035949316255489236e+02 1.878763273034870451e+01
2.338659055657387000e+02 1.878747895179858673e+01
2.686376392054524445e+02 1.878727505149478816e+01
3.085793160969897713e+02 1.878700383620215320e+01
3.544596155792650052e+02 1.878664037183040492e+01
4.071615060456929882e+02 1.878613905744176193e+01
4.676992377099860505e+02 1.878546316475653555e+01
5.372378618963895178e+02 1.878488990551073812e+01
6.171156525039627923e+02 1.878381576077907056e+01
7.088698611469757225e+02 1.878238399789267632e+01
8.142663016302378765e+02 1.878046890515543055e+01
9.353333331138959466e+02 1.877789495159319699e+01
1.074400895975212507e+03 1.877441148556083306e+01
1.234145351614209403e+03 1.876964452352070367e+01
1.417640989147220353e+03 1.876298045154751648e+01
1.628419190236952318e+03 1.875409395617936426e+01
1.870536390688821029e+03 1.874067424590302977e+01
2.148652146737495968e+03 1.872047034939239651e+01
2.468118808412787075e+03 1.868922177289106656e+01
2.835084525752775789e+03 1.861385931316018016e+01
3.256611570223305534e+03 1.855529113150843301e+01
3.740812248444799479e+03 1.843145108167516355e+01
4.297005023892087593e+03 1.901620102790224820e+01
4.935893851136245758e+03 1.897881044750569757e+01
5.669774173923898161e+03 1.899298244026197935e+01
6.512769551536102881e+03 1.898256621619012918e+01
7.481103467311586428e+03 1.895453846605499848e+01
8.593411550301378156e+03 1.892018257976343065e+01
9.871100218774370660e+03 1.883330000353334555e+01
1.133875864768401698e+04 1.849015169762613198e+01
1.302463198842817837e+04 1.916293193856352062e+01
1.496116494803744172e+04 1.936754772090202437e+01
1.718562618899737208e+04 1.943725807340635470e+01
1.974082556630690306e+04 1.943218832999842149e+01
2.267593800503186139e+04 1.948797321798883786e+01
2.604744987391346149e+04 1.966106932364551696e+01
2.992024606803387360e+04 1.968661558961014180e+01
3.436885872149277566e+04 1.970000015004929494e+01
3.947890158162558510e+04 1.972721657865328737e+01
4.534871764935884130e+04 1.975683880764778877e+01
5.209127179461388005e+04 1.990217429788799919e+01
5.983632477022645617e+04 2.018398440333022137e+01
6.873293046337600390e+04 2.036515390789539737e+01
7.895230444423899462e+04 2.054506757481381030e+01
9.069111901721222966e+04 2.085028479156810732e+01
1.041752881881119829e+05 2.104915533543755046e+01
1.196643153892113332e+05 2.128354142849913089e+01
1.374562876342752425e+05 2.170662872292563605e+01
1.578936122163287946e+05 2.228028462832835999e+01
1.813696063511607936e+05 2.263380851023636708e+01
2.083360665845427138e+05 2.301956520172755205e+01
2.393119636367407511e+05 2.350650147171959858e+01
2.748934300169888302e+05 2.402548424066856825e+01
3.157652326200029929e+05 2.486828596181552342e+01
3.627139510951662087e+05 2.536318123483730602e+01
4.166431156066820840e+05 2.589511610624795068e+01
4.785905953115583397e+05 2.664674751442844780e+01
5.497485721974524204e+05 2.713512011676804292e+01
6.314864846777707571e+05 2.767692593280195368e+01
7.253773824945210945e+05 2.840254375661863406e+01
8.332282001301960554e+05 2.931657127577232558e+01
9.571145313418281730e+05 2.998204417992153026e+01
1.099420574054678669e+06 3.195713935518650217e+01
1.262885014356793137e+06 3.499652629166804019e+01
