2.216052831420025626e+01 1.917894908984431979e+01
2.545676159581564235e+01 1.917894846326413827e+01
2.924328796488718041e+01 1.917894763438881256e+01
3.359303530335454013e+01 1.917894654059870163e+01
3.858977903741266857e+01 1.917894509602563602e+01
4.432975563859297807e+01 1.917894318833737444e+01
5.092351612255100690e+01 1.917894066685207477e+01
5.849805524364537490e+01 1.917893733420939739e+01
6.719925739324936842e+01 1.917893292517403125e+01
7.719470630939858324e+01 1.917892708841901594e+01
8.867691271232597217e+01 1.917891935135636317e+01
1.018670220296190791e+02 1.917890907764777353e+01
1.170190736211831108e+02 1.917889539951898215e+01
1.344248935359897246e+02 1.917887711444492282e+01
1.544197150343111673e+02 1.917885250428307131e+01
1.773886351257827698e+02 1.917881896894133931e+01
2.037740314751673054e+02 1.917877206366089027e+01
2.340840825242199230e+02 1.917870158752282350e+01
2.689025549258143428e+02 1.917853609436222584e+01
3.089000467947198558e+02 1.917861332773423655e+01
3.548469033182101384e+02 1.917857263923381694e+01
4.076280534790630554e+02 1.917842348710323819e+01
4.682600536438241647e+02 1.917822338472289800e+01
5.379106662730689550e+02 1.917795293332020279e+01
6.179213508364429117e+02 1.917758257455266957e+01
7.098331001038393424e+02 1.917705918616891836e+01
8.154161194154855821e+02 1.917616037299600862e+01
9.367039205488488278e+02 1.917569012897379110e+01
1.076032486824690750e+03 1.917428818155115522e+01
1.236085263765848367e+03 1.917164386545362120e+01
1.419944841821505634e+03 1.916831708599941209e+01
1.631152326557820970e+03 1.916415860314553754e+01
1.873775539775121842e+03 1.916450526561602175e+01
2.152487365094096276e+03 1.917216973785559375e+01
2.472655746934219678e+03 1.916959877933926393e+01
2.840447076250109603e+03 1.915968259625802261e+01
3.262944954218258772e+03 1.915524162841563083e+01
3.748286621243462378e+03 1.916654245127422129e+01
4.305819678885380199e+03 1.915294307407786789e+01
4.946282123144063007e+03 1.915824098027659161e+01
5.682009156516235635e+03 1.915500683506737545e+01
6.527170761988906634e+03 1.915336123911244925e+01
7.498044614606760661e+03 1.914710035616658956e+01
8.613329586845733502e+03 1.915297102076894475e+01
9.894505885855276574e+03 1.915920923345784388e+01
1.136624875875403995e+04 1.917184295864311849e+01
1.305690373387558611e+04 1.915055823646313371e+01
1.499903255103334050e+04 1.915595797413852353e+01
1.723004029533281573e+04 1.918713652405380543e+01
1.979289581302626902e+04 1.916455137315399426e+01
2.273695928450208885e+04 1.916414670414117083e+01
2.611893289333002394e+04 1.916258280359176069e+01
3.000395290109332564e+04 1.922110933972713553e+01
3.446684416119157686e+04 1.923871447875594143e+01
3.959356123334591393e+04 1.924506571004650723e+01
4.548284385443766951e+04 1.948050256436723515e+01
5.224811864977927326e+04 1.956405148496118329e+01
6.001968371146748541e+04 1.975497224369044247e+01
6.894721811844254262e+04 1.992462997585725049e+01
7.920266473120111914e+04 2.003454227484398587e+01
9.098354178332073207e+04 2.018386168211655729e+01
1.045167470505096426e+05 2.069972834670908313e+01
1.200629278648590407e+05 2.115406131269940460e+01
1.379215011400610965e+05 2.151861084826945358e+01
1.584364200924627949e+05 2.174991822061069513e+01
1.820027987240644288e+05 2.237875224387392592e+01
2.090745216539271350e+05 2.282579552460088479e+01
2.401729858621057938e+05 2.342541521813164351e+01
2.758971427106733317e+05 2.396299691163377688e+01
3.169350336495259544e+05 2.448230568639092297e+01
3.640770417827903875e+05 2.491372109791239708e+01
4.182311145188410301e+05 2.555465466022319276e+01
4.804402504896971514e+05 2.651844333178793534e+01
5.519025875350184506e+05 2.725296776924703934e+01
6.339944786420025630e+05 2.803016357777850942e+01
7.282970002800374059e+05 2.857675366084196256e+01
8.366264036763180047e+05 2.944288693657654932e+01
9.610690955190462992e+05 3.065491850382639427e+01
1.104021821810861118e+06 3.212247465309970096e+01
1.268237828806988429e+06 3.463993414761640111e+01
