2.215894279164243841e+01 1.899377062439968356e+01
2.545153359972617224e+01 1.899376919478521586e+01
2.923336950995290451e+01 1.899376730745405695e+01
3.357714730850789664e+01 1.899376481841069975e+01
3.856636577570681368e+01 1.899376153324123351e+01
4.429693075113432599e+01 1.899375719903014215e+01
5.087899869494061988e+01 1.899375147944900277e+01
5.843909418337022998e+01 1.899374393102664271e+01
6.712254204233022392e+01 1.899373396845181006e+01
7.709626087097156244e+01 1.899372081670204082e+01
8.855197165412000970e+01 1.899370345169199581e+01
1.017098831414864719e+02 1.899368051594384710e+01
1.168229248362932111e+02 1.899365020846060048e+01
1.341816089624381902e+02 1.899361013173600909e+01
1.541196148699332582e+02 1.899355707650127201e+01
1.770202032255086237e+02 1.899348669764156483e+01
2.033235832859172945e+02 1.899339294399219824e+01
2.335353748722179716e+02 1.899326655764701854e+01
2.682363277063338955e+02 1.899308145348181398e+01
3.080934849409796925e+02 1.899290923213430204e+01
3.538730054752247156e+02 1.899266152509837724e+01
4.064548915341638349e+02 1.899229264852338872e+01
4.668499046153303311e+02 1.899180156517334694e+01
5.362189949706231573e+02 1.899114566376115221e+01
6.158956181092538600e+02 1.899026560263017771e+01
7.074113673033190253e+02 1.898907688833677554e+01
8.125254148198531539e+02 1.898745501910258682e+01
9.332583278169167897e+02 1.898520577968425371e+01
1.071930908933762566e+03 1.898199168879702370e+01
1.231208808192897322e+03 1.897703832013913328e+01
1.414153763771584181e+03 1.896890399898477853e+01
1.624282456624544011e+03 1.896133498091750269e+01
1.865634110297785128e+03 1.893842541119928669e+01
2.142848135378927509e+03 1.897366247093937019e+01
2.461253311113626751e+03 1.895544704286376714e+01
2.826970218492210279e+03 1.893313505946690256e+01
3.247028893838607473e+03 1.892395480254252504e+01
3.729503964511548929e+03 1.884732165276098215e+01
4.283669864379935461e+03 1.877067085939974334e+01
4.920179112720174089e+03 1.901485634509142741e+01
5.651267083522559915e+03 1.912433263970469710e+01
6.490987201408805049e+03 1.908085836760578502e+01
7.455481085241961409e+03 1.906153842116387409e+01
8.563288832296053442e+03 1.906392618135963701e+01
9.835705407459487105e+03 1.907251505114184909e+01
1.129718998820560410e+04 1.913350009615917102e+01
1.297583613401229195e+04 1.909989079920565658e+01
1.490391181811775095e+04 1.916888521767390685e+01
1.711847970243637610e+04 1.934725617402809661e+01
1.966210957894242529e+04 1.940620536355168824e+01
2.258369667250984276e+04 1.937121750430791067e+01
2.593940153513094992e+04 1.943210284292303314e+01
2.979372959874136723e+04 1.941309560630100250e+01
3.422077113848250883e+04 1.940896479676382214e+01
3.930562548174126277e+04 1.953603789206038144e+01
4.514603683999319037e+04 1.982777038580456264e+01
5.185427320841938490e+04 1.985346980179810217e+01
5.955928445066600398e+04 2.001899750525796406e+01
6.840918105278510484e+04 2.021074616737186602e+01
7.857408119449633523e+04 2.039910797724825287e+01
9.024938086593197659e+04 2.068669248666724769e+01
1.036595098900699377e+05 2.104928563325462676e+01
1.190622460514377162e+05 2.131390249740737630e+01
1.367536702599349373e+05 2.171887991802730511e+01
1.570738580009946309e+05 2.209209603044259396e+01
1.804134164766538306e+05 2.250228770330794248e+01
2.072209930984979728e+05 2.286081836820303081e+01
2.380118996653687791e+05 2.325565009013416784e+01
2.733780180051081697e+05 2.379235430286770026e+01
3.139991774927020306e+05 2.461309895565453587e+01
3.606562231505059171e+05 2.522863285967243741e+01
4.142460255336518167e+05 2.583867089715083054e+01
4.757987209299214883e+05 2.657407309734835721e+01
5.464975132758599939e+05 2.698929783307942998e+01
6.277014184337984771e+05 2.762445363321081260e+01
7.209713880343234632e+05 2.847017843342182175e+01
8.281003150528327096e+05 2.964354152835650069e+01
9.511474979059146717e+05 3.093267305946192636e+01
1.092478225557688391e+06 3.213831077899975242e+01
1.254809244565489003e+06 3.429114061677616832e+01
