2.205117928990555498e+01 1.263366508333145077e+01
2.509734402481671722e+01 1.263197411646283363e+01
2.856430800453126650e+01 1.262974011601332336e+01
3.251020071968302716e+01 1.262676650848568016e+01
3.700118170782981508e+01 1.262276374760263664e+01
4.211254982953509796e+01 1.261727904618584795e+01
4.793000578059359640e+01 1.260953112742678783e+01
5.455108900854452258e+01 1.259791656532058823e+01
6.208681312579830092e+01 1.257777375120407370e+01
7.066352723983224848e+01 1.248463687315917170e+01
8.042503440879116283e+01 1.262401242011295288e+01
9.153500274196893827e+01 1.260519617748723320e+01
1.041797095713322108e+02 1.257860171279922845e+01
1.185711647047432962e+02 1.253880680005415371e+01
1.349506651274837168e+02 1.246279584120306261e+01
1.535928407526361923e+02 1.242212312974360522e+01
1.748102590541455754e+02 1.223790274386900734e+01
1.989586657869858755e+02 1.193517999420258136e+01
2.264429496639362185e+02 1.300894118383552822e+01
2.577239309968171028e+02 1.286867609854608574e+01
2.933260881251919727e+02 1.326954425485297229e+01
3.338463511791245537e+02 1.318245559428573799e+01
3.799641106182376689e+02 1.304347049713642903e+01
4.324526083570866035e+02 1.265909460957495192e+01
4.921919024682521240e+02 1.286636232755972387e+01
5.601836228382353511e+02 1.489630890779210404e+01
6.375677651795820111e+02 1.436932205881393365e+01
7.256418049791323028e+02 1.621354722702422535e+01
8.258824518599361681e+02 1.612502961954955083e+01
9.399704091053501998e+02 1.625723833622329551e+01
1.069818553480444052e+03 1.614942635054913467e+01
1.217604007832883553e+03 1.604193363055260235e+01
1.385804644224467438e+03 1.631655829795874624e+01
1.577240629629797468e+03 1.673231979605499831e+01
1.795121710785704636e+03 1.691289978162708607e+01
2.043101031001563342e+03 1.682107628269960387e+01
2.325336381259979134e+03 1.699280019923631002e+01
2.646559912585701113e+03 1.732039582906365993e+01
3.012157478528064530e+03 1.754455863282596084e+01
3.428258938067302552e+03 1.749405930939422404e+01
3.901840933025056984e+03 1.796153587281435904e+01
4.440843863215495730e+03 1.801321753512307922e+01
5.054305020622448865e+03 1.797668378139515255e+01
5.752510114821312527e+03 1.800792396249077143e+01
6.547165730224613981e+03 1.831366938590797844e+01
7.451595606687449617e+03 1.837229782781319898e+01
8.480964034447735685e+03 1.850203612791611718e+01
9.652530108993734757e+03 1.857982388972305898e+01
1.098593710886992449e+04 1.888683051750131625e+01
1.250354184832759165e+04 1.890654454562003295e+01
1.423078952697202112e+04 1.884834026998404610e+01
1.619664036139199197e+04 1.882654213406567578e+01
1.843405515196949636e+04 2.019163051891789351e+01
2.098054792621501838e+04 2.028961977487418977e+01
2.387881492462476308e+04 2.040784900028817717e+01
2.717745047506719129e+04 2.047878113488112106e+01
3.093176175853863970e+04 2.070664421644084285e+01
3.520469612720829900e+04 2.082555790899631276e+01
4.006789652280150040e+04 2.102393296031820213e+01
4.560290269118817378e+04 2.146642258108234103e+01
5.190251833356216957e+04 2.175186159371497752e+01
5.907236711680402368e+04 2.199871289422062759e+01
6.723266363216126047e+04 2.236006249839208593e+01
7.652022899535192118e+04 2.265134407100651615e+01
8.709078488302152255e+04 2.300823148032600329e+01
9.912156446893863904e+04 2.326651402239446043e+01
1.128142840366727905e+05 2.362461972693847301e+01
1.283985250928451715e+05 2.452763728871562421e+01
1.461355836877783004e+05 2.508357125925714470e+01
1.663228514838887786e+05 2.553481517916399923e+01
1.892988020278136246e+05 2.592051593008065780e+01
2.154486658295207308e+05 2.684032100192471404e+01
2.452108894006645423e+05 2.746169416017334441e+01
2.790844865488426876e+05 2.794717802893753955e+01
3.176374051845837967e+05 2.819695791099510984e+01
3.615160499246814288e+05 2.847104232958357883e+01
4.114561201543525094e+05 2.883514170287836720e+01
4.682949452665912686e+05 3.059193075932471473e+01
5.329855238997826818e+05 3.198902437346131933e+01
6.066125025650409516e+05 3.406348618912780779e+01
