2.201304461148014369e+01 1.554520195479647704e+01
2.497254509758490570e+01 1.554508668815634209e+01
2.832992980560627672e+01 1.554493820369169654e+01
3.213869149717530149e+01 1.554474687588622572e+01
3.645951466304748578e+01 1.554450025475795094e+01
4.136124240097973370e+01 1.554418221324449689e+01
4.692197328360187214e+01 1.554377182085745801e+01
5.323030569253150901e+01 1.554324184416894283e+01
6.038674944454182736e+01 1.554255673046072417e+01
6.850532720103288398e+01 1.554166986062922717e+01
7.771539117584941891e+01 1.554051974123949620e+01
8.816368408680820323e+01 1.553902460383034878e+01
1.000166771877998428e+02 1.553707450625511477e+01
1.134632226330177502e+02 1.553451928711132268e+01
1.287175624330791379e+02 1.553114909402882660e+01
1.460227419443336316e+02 1.552666015254762222e+01
1.656544822780278139e+02 1.552058639724652167e+01
1.879255733279038054e+02 1.551213018664364007e+01
2.131908574097521409e+02 1.549949483259074157e+01
2.418528829165830700e+02 1.547957376755110026e+01
2.743683180683468663e+02 1.545419638890595948e+01
3.112552269456199951e+02 1.544463064708766709e+01
3.531013237353303111e+02 1.546525054892232909e+01
4.005733367023125879e+02 1.538857142702133984e+01
4.544276310816027831e+02 1.538483209000967022e+01
5.155222601445932469e+02 1.523068544104503630e+01
5.848306364470731751e+02 1.528650956099873426e+01
6.634570410813247463e+02 1.563421125189892535e+01
7.526542180391095371e+02 1.558488949276825153e+01
8.538433340141833696e+02 1.558429099607002755e+01
9.686366216612013886e+02 1.554733558142320149e+01
1.098863067083030273e+03 1.530892055885840719e+01
1.246597550821766845e+03 1.481500592590788479e+01
1.414193906652981241e+03 1.746051607800395544e+01
1.604322424904526542e+03 1.745674089309465060e+01
1.820012397835283537e+03 1.751280859378324095e+01
2.064700384943671452e+03 1.744947816699174581e+01
2.342284967210622654e+03 1.731354101597595729e+01
2.657188862669071568e+03 1.704146234011486172e+01
3.014429392978999203e+03 1.710786849324889403e+01
3.419698423742569958e+03 1.872636052730960188e+01
3.879453052237702650e+03 1.881803563040568150e+01
4.401018487485601327e+03 1.882150854759514402e+01
4.992704761826634240e+03 1.915110157118306233e+01
5.663939133554460568e+03 1.942874775201965321e+01
6.425416290161881079e+03 1.955740256331517202e+01
7.289268745366664007e+03 1.960419277553983619e+01
8.269260144830346690e+03 1.971854425409493317e+01
9.381004560484190733e+03 1.990871172405001488e+01
1.064221526744951188e+04 1.986773834026101326e+01
1.207298696728165851e+04 2.024413253481619535e+01
1.369611595416304408e+04 2.024682242506632690e+01
1.553746332521020122e+04 2.015303813425081003e+01
1.762636702187619085e+04 2.061517526466826311e+01
1.999610926744901008e+04 2.080501447159246808e+01
2.268444684826492085e+04 2.093045683355898490e+01
2.573421268753667391e+04 2.089187547324254624e+01
2.919399829659183160e+04 2.128572581672483466e+01
3.311892797692538443e+04 2.103790170500209911e+01
3.757153710832478828e+04 2.166323561783055140e+01
4.262276851671440818e+04 2.180703269920520881e+01
4.835310279671500030e+04 2.234659064816569085e+01
5.485384059819667891e+04 2.241565161333142697e+01
6.222855730732528900e+04 2.210916583965578042e+01
7.059475329934092588e+04 2.281231616513247928e+01
8.008572605632554041e+04 2.263796266630614085e+01
9.085269397816139099e+04 2.301328277038248160e+01
1.030672057250767393e+05 2.482956777961955197e+01
1.169238734795111959e+05 2.513954219119579392e+01
1.326434736759965308e+05 2.513506675598507201e+01
1.504764646025678958e+05 2.560752649956116045e+01
1.707069769191774831e+05 2.626479001571111027e+01
1.936573406735081808e+05 2.646204263196607798e+01
2.196932209425240871e+05 2.690522338543662428e+01
2.492294439252477023e+05 2.857743338480485917e+01
2.827366063131220290e+05 2.909459246881197814e+01
3.207485732441711007e+05 3.001625363391256940e+01
3.638709843048603507e+05 3.003882263677233411e+01
4.127909031046455493e+05 3.267301046300410405e+01
4.682877641685940325e+05 3.362105646047274377e+01
