2.202346113624410506e+01 1.581654652492570889e+01
2.500660605107846379e+01 1.581613666469663571e+01
2.839382703405891561e+01 1.581560657967406236e+01
3.223985741980708752e+01 1.581492035775106686e+01
3.660684433988772923e+01 1.581403091075290490e+01
4.156535294419389714e+01 1.581287617614417762e+01
4.719550664717873190e+01 1.581137379072650262e+01
5.358828182391339112e+01 1.580941343693055501e+01
6.084697787667107605e+01 1.580684548938534206e+01
6.908888642650883583e+01 1.580346345426100640e+01
7.844718660193518645e+01 1.579897524918685470e+01
8.907309705020247748e+01 1.579295251032663927e+01
1.011383194450859264e+02 1.578473089566911192e+01
1.148378129752365595e+02 1.577317938054622815e+01
1.303929446454350227e+02 1.575600067140203286e+01
1.480550662957490999e+02 1.572600041895901590e+01
1.681095761388350525e+02 1.567845122040250772e+01
1.908805304448414972e+02 1.571101923131197076e+01
2.167358798930854960e+02 1.564575790748079953e+01
2.460934152035172815e+02 1.562335913781121910e+01
2.794275181220828586e+02 1.550694906462576839e+01
3.172768268476247044e+02 1.588003252113433206e+01
3.602529397642109643e+02 1.569737633742007255e+01
4.090502981205282822e+02 1.579008951169428698e+01
4.644574073483120742e+02 1.602772061509705992e+01
5.273695783425464469e+02 1.590499514282287663e+01
5.988033945868900219e+02 1.582375838388166578e+01
6.799131388953212536e+02 1.541779985866146063e+01
7.720094452059898913e+02 1.620149320149639394e+01
8.765804768173771890e+02 1.710153145313477197e+01
9.953159732810718197e+02 1.732667255626203229e+01
1.130134554519442872e+03 1.745840882440036523e+01
1.283214723369243529e+03 1.746269201697935713e+01
1.457030067514208440e+03 1.742647069808547755e+01
1.654389229626682209e+03 1.731036367328428938e+01
1.878481291586713724e+03 1.770378447010539702e+01
2.132927306131911337e+03 1.783087292471606133e+01
2.421838808626285299e+03 1.788125457542717101e+01
2.749884254426459847e+03 1.800301887395251299e+01
3.122364455391564206e+03 1.794841337364228195e+01
3.545298234498247439e+03 1.787715563608255209e+01
4.025519682634273977e+03 1.803877334811812361e+01
4.570788589121148107e+03 1.811109257538500117e+01
5.189915830387506503e+03 1.891507501087171761e+01
5.892905742920354896e+03 1.880513774553754303e+01
6.691117781066374846e+03 1.838950949011665514e+01
7.597450071874953210e+03 1.963634246675099249e+01
8.626547833004009590e+03 1.980466386163798731e+01
9.795040021466174949e+03 1.987217802688845936e+01
1.112180803716867740e+04 2.002414217716179934e+01
1.262829082316649510e+04 2.051380576723536819e+01
1.433883129267432378e+04 2.064661689974529679e+01
1.628106968067294292e+04 2.060439198962652085e+01
1.848639017618913203e+04 2.082797419442551501e+01
2.099042805227872668e+04 2.129309610687479903e+01
2.383364548831115826e+04 2.131074330551555818e+01
2.706198538913680750e+04 2.156592333057808730e+01
3.072761376605288751e+04 2.193693667916921797e+01
3.488976267553295474e+04 2.230328346214193047e+01
3.961568733657575649e+04 2.250262101060702236e+01
4.498175289251535287e+04 2.273017426989433432e+01
5.107466837802956434e+04 2.308238896543181795e+01
5.799288783073970990e+04 2.311686056958393110e+01
6.584820118764534709e+04 2.355010781956743671e+01
7.476754067332866543e+04 2.373842012511204658e+01
8.489503186894503597e+04 2.405450328873186194e+01
9.639432260475774819e+04 2.429361809822882279e+01
1.094512273082627216e+05 2.457858378563530977e+01
1.242767295373236266e+05 2.490098356580494254e+01
1.411103912155686994e+05 2.534142503030915350e+01
1.602242236591099063e+05 2.599704800225678269e+01
1.819270829456256761e+05 2.620104009584477112e+01
2.065696606495789019e+05 2.658467495917243895e+01
2.345501505877258314e+05 2.675981036115744871e+01
2.663206831425708951e+05 2.747586469235372419e+01
3.023946311345376889e+05 2.757109155147079349e+01
3.433549052967872703e+05 2.755501583465282778e+01
3.898633733973751077e+05 2.719225348440636125e+01
4.426715552102035144e+05 2.765910574568244940e+01
5.026327661523792776e+05 3.379562499785338758e+01
