1.069138833744731534e-03 5.642099332687418034e+00 1.181846719470684093e+02
1.216976857897357576e-03 5.642397469177714342e+00 1.038162838922632432e+02
1.385257579196059801e-03 5.642784332210309728e+00 9.119177968383395694e+01
1.576807766119390965e-03 5.643286549308374589e+00 8.009908641928490169e+01
1.794845066097650781e-03 5.643938891594467044e+00 7.035185891782904832e+01
2.043032055342604812e-03 5.644786869678045882e+00 6.178634777058994132e+01
2.325537762561583240e-03 5.645890229811549865e+00 5.425864606921162192e+01
2.647107700027263692e-03 5.647327713113598158e+00 4.764226809638540061e+01
3.013143578380430600e-03 5.649203621255658447e+00 4.182601855759552478e+01
3.429794044209729959e-03 5.651657026062828493e+00 3.671211535296711048e+01
3.904057964612303068e-03 5.654874955886132426e+00 3.221453235622669098e+01
4.443901993702552636e-03 5.659111758147642668e+00 2.825753094922658804e+01
5.058394395943513130e-03 5.664718420356209094e+00 2.477434960500985994e+01
5.757857374256353244e-03 5.672188669783522208e+00 2.170601832313453272e+01
6.554040461705524200e-03 5.682234854521642120e+00 1.900025611093596112e+01
7.460317889381727283e-03 5.695920114716556348e+00 1.661038705942899441e+01
8.491913245855345002e-03 5.714905578968328292e+00 1.449415155442266823e+01
9.666155202015094816e-03 5.741957471694973059e+00 1.261212194299734435e+01
1.100276859694088172e-02 5.782127640877246399e+00 1.092488006516226839e+01
1.252420577445217606e-02 5.846070586199899388e+00 9.385795845224629730e+00
1.425602373610148493e-02 5.963005117834859092e+00 7.911391229596240748e+00
1.622731344600401859e-02 6.354668249839656724e+00 5.867193683434203777e+00
1.847118849893784887e-02 5.023841303958056947e+00 6.388473116348136749e+00
2.102534136032916529e-02 4.311939064689482848e+00 4.990673464856505426e+00
2.393267652180521010e-02 4.322782927590939295e+00 4.093648442933765175e+00
2.724203120802026409e-02 4.154733989211887746e+00 5.635794669034286386e+00
3.100899574114046250e-02 4.144777964347114541e+00 4.865062832407116566e+00
3.529684734341605179e-02 4.127536421251384979e+00 4.155761878165131762e+00
4.017761306379527553e-02 4.089146427668802986e+00 3.457310008593809769e+00
4.573327968355105078e-02 3.984841964405530845e+00 2.652915497258744537e+00
5.205717092483573560e-02 4.441341599769014437e+00 2.992896411734805806e+00
5.925551509642230930e-02 4.205934220227758757e+00 2.675440022250729299e+00
6.744922950984223731e-02 3.850152160671237667e+00 2.083431497822460177e+00
7.677595164042466669e-02 4.353388609640054696e+00 2.102410151566435736e+00
8.739235115254639918e-02 4.788998906006532330e+00 2.473404194340236728e+00
9.947676162634058739e-02 4.631281546813793781e+00 2.093765348380756564e+00
1.132321761934362847e-01 4.740472358881120840e+00 2.198260987363817698e+00
1.288896574022205255e-01 4.345033248763544798e+00 1.714320019439393716e+00
1.467122185913155852e-01 4.565134290053306287e+00 1.592248180850387440e+00
1.669992419703268949e-01 4.582919309771976479e+00 1.708296975364028913e+00
1.900915076224921063e-01 3.984472534073494110e+00 1.483038326085082348e+00
2.163769179060857917e-01 4.050621670368418137e+00 1.405141269768837686e+00
2.462970134126983290e-01 4.171685135914245279e+00 1.442213980527211170e+00
2.803543899370272152e-01 4.035963379324985389e+00 1.192811182662518954e+00
3.191211410479507515e-01 3.475435202129228074e+00 1.047138101489098361e+00
3.632484680786371989e-01 3.441968295313066140e+00 1.059068013513243534e+00
4.134776189636718002e-01 3.224658322722483650e+00 9.643339605739390530e-01
4.706523396730649678e-01 3.503682720546159590e+00 1.071182528804138334e+00
5.357330474015145061e-01 3.484155649833183599e+00 1.041711255126817282e+00
6.098129635932179049e-01 3.319923715801506692e+00 8.247944068186471300e-01
6.941364778037247829e-01 3.297274502013503916e+00 7.643782864710749747e-01
7.901200508737751260e-01 3.185486442363802517e+00 7.004695100766875626e-01
8.993760085452565667e-01 3.116424493181938704e+00 6.623496319483259676e-01
1.023739625202877868e+00 2.872066602657123546e+00 6.250777927534288958e-01
1.165299952692468777e+00 3.066135029873571227e+00 6.228725706573611243e-01
1.326434912076364991e+00 3.186763174703254542e+00 6.697769069879192516e-01
1.509851237794875400e+00 2.943194459105051397e+00 5.638995400538080460e-01
1.718629945213229204e+00 3.114724643466307175e+00 5.416728679339782859e-01
1.956278085314858028e+00 3.106415126175948060e+00 5.390845911597522688e-01
2.226787655912949138e+00 3.142480207491758382e+00 5.697723411598998311e-01
2.534702658966920374e+00 2.985678478071600139e+00 5.277488547054328683e-01
2.885195430428205476e+00 2.685849249447444187e+00 4.550164851766272944e-01
3.284153524799074741e+00 2.792781497026641357e+00 4.995938531420698325e-01
3.738278613885588797e+00 2.626352843229474487e+00 4.556945748164537568e-01
4.255199061039430575e+00 2.562776050673503558e+00 4.406941877064619595e-01
4.843598061903315433e+00 2.395854574346421018e+00 4.557670822332879901e-01
5.513359504159788926e+00 2.281939381106471654e+00 4.027225255000888016e-01
6.275733996425866934e+00 2.327282394479591510e+00 3.991259394492150947e-01
7.143527855235960899e+00 2.236963349989636640e+00 3.903617988945487505e-01
8.131318224703994346e+00 1.910646031432124525e+00 3.714389147607826125e-01
9.255697942430623826e+00 1.937435141038124975e+00 3.713000191293098218e-01
1.053555426489695179e+01 1.758964097887625311e+00 3.404501323157240744e-01
1.199238613435555934e+01 1.737023022448639598e+00 3.651713386109217696e-01
1.365066531664722227e+01 1.584381085722300853e+00 3.582992760604003513e-01
1.553824747631250958e+01 1.437635502144934962e+00 3.378530731670529863e-01
1.768684009421103909e+01 1.312381936844717156e+00 3.737659431291404655e-01
2.013253508769765432e+01 1.162751375307596868e+00 3.688375449628936709e-01
2.291641508027425544e+01 9.195172019852827505e-01 3.936957193807777977e-01
2.608524350479492782e+01 8.510410286185025042e-01 4.367177787346170348e-01
2.969225013253262802e+01 6.794355563948436538e-01 5.745580447076188424e-01
