1.067829903506768274e-03 4.598206249289315650e+00 1.106614102337783692e+02
1.212691502139780393e-03 4.598247958294886750e+00 9.742310913523182592e+01
1.377204997287019388e-03 4.598301784556902305e+00 8.576354159268609578e+01
1.564036361437054750e-03 4.598371260845182107e+00 7.549374967932980951e+01
1.776213232391759492e-03 4.598460958269605214e+00 6.644729117040348854e+01
2.017173976712916417e-03 4.598576797062126076e+00 5.847753948657986456e+01
2.290823409106519919e-03 4.598726454213548642e+00 5.145530335158327517e+01
2.601596070688002617e-03 4.598919900676786909e+00 4.526672685326204970e+01
2.954528091564712945e-03 4.599170113793387138e+00 3.981143472316414034e+01
3.355338802282455991e-03 4.599494029624596969e+00 3.500089092349028874e+01
3.810523416665124834e-03 4.599913829224623107e+00 3.075694090256893531e+01
4.327458287990479727e-03 4.600458699097141668e+00 2.701050876264148570e+01
4.914520444198400631e-03 4.601167282403322289e+00 2.370041926020184775e+01
5.581223339222434604e-03 4.602091168763179141e+00 2.077230919469642245e+01
6.338371020320796891e-03 4.603300009866474696e+00 1.817757912368369588e+01
7.198233209717708539e-03 4.604889314958224844e+00 1.587230401100144128e+01
8.174744137786446596e-03 4.606992974547925002e+00 1.381594192446451963e+01
9.283728349903600657e-03 4.609804938781774553e+00 1.196946579015392409e+01
1.054315714621762226e-02 4.613621155169432164e+00 1.029187744320013920e+01
1.197343980998689765e-02 4.618936609934394255e+00 8.731488440222094027e+00
1.359775434389792065e-02 4.626757059719091458e+00 7.193932398083282109e+00
1.544242307400859465e-02 4.641123971593335007e+00 5.246715918492585118e+00
1.753733920804998597e-02 4.629854530856637673e+00 5.911175608930795633e+00
1.991645126054498657e-02 4.596472242724896518e+00 8.213297003667502594e+00
2.261831319494503334e-02 4.650265844803973536e+00 6.743929648548684597e+00
2.568670919794301122e-02 4.782227191113701537e+00 4.635959293040931684e+00
2.917136321054879938e-02 3.751303045945590053e+00 7.809090421845381158e+00
3.312874471401363458e-02 3.751316185808092563e+00 6.796246644768199729e+00
3.762298382851745476e-02 3.750945567817258297e+00 5.883892369104163578e+00
4.272691055396755228e-02 3.749576141585616806e+00 5.048191054599934446e+00
4.852323499400344048e-02 3.745399266203805144e+00 4.251129246889805202e+00
5.510588768896244882e-02 3.729817461415988689e+00 3.355251717379419407e+00
6.258154177815673791e-02 3.736095002526329534e+00 3.014393669460408987e+00
7.107134165839107398e-02 3.800605805894849087e+00 3.123695786381788686e+00
8.071286615196154868e-02 4.197035992070293986e+00 3.889914417297176463e+00
9.166235799764607672e-02 4.358998637953165556e+00 3.248395857909232021e+00
1.040972557940124388e-01 3.530746499752928091e+00 2.912571618227111525e+00
1.182190694256669838e-01 3.654060330624727904e+00 2.309323119614955289e+00
1.342566455692729144e-01 3.410204353917250408e+00 2.251894020786231909e+00
1.524698761974852546e-01 3.031849110362155653e+00 1.922957105846515580e+00
1.731539101778140077e-01 3.236886850589796971e+00 1.683697161246988649e+00
1.966439362161755966e-01 3.150914651781504983e+00 1.759365296303221804e+00
2.233206146536441672e-01 3.301896248813510404e+00 1.833125093861287969e+00
2.536162461397018508e-01 3.280814741900258902e+00 1.811478936064883971e+00
2.880217771465115595e-01 3.058521131391405579e+00 1.469119660589773169e+00
3.270947558499033292e-01 2.678351190771854462e+00 1.120714156388560756e+00
3.714683673036410783e-01 2.770477960037430964e+00 1.115306777368588520e+00
4.218616943236867534e-01 2.788905656404430111e+00 1.102153301467833968e+00
4.790913703620418573e-01 2.678618752182972074e+00 9.922879419572219195e-01
5.440848132072071408e-01 2.732811422992982742e+00 8.723919828687202171e-01
6.178952539658930654e-01 2.894857789864478725e+00 8.662644476068636079e-01
7.017188048734865902e-01 2.763426259350994840e+00 8.265829784749723075e-01
7.969138425203936560e-01 2.740867117765439342e+00 7.996854663384558304e-01
9.050230206031261160e-01 2.687363226099223734e+00 7.776216482317941381e-01
1.027798268920954161e+00 2.534634746018500806e+00 6.956285770478555230e-01
1.167229183731618214e+00 2.366125007254838319e+00 6.352488697147202767e-01
1.325575269537218048e+00 2.248041918653957971e+00 5.747412101364324233e-01
1.505402554784553981e+00 2.231102429898234263e+00 5.541439793049521834e-01
1.709625174844312312e+00 2.125531275770363493e+00 5.304962588970232318e-01
1.941552596129176189e+00 2.137800342463798575e+00 6.326532122288340831e-01
2.204943246626691167e+00 2.050209538240138407e+00 5.494201147300217247e-01
2.504065421939868585e+00 1.944439516794876033e+00 5.055513966298177397e-01
2.843766453829502883e+00 1.997827287666945173e+00 4.932948498245383617e-01
3.229551262147583923e+00 1.868152149476233648e+00 4.201115373560379007e-01
3.667671563110848520e+00 1.934132420614128156e+00 4.847127760320950607e-01
4.165227179551504122e+00 1.673306681342473290e+00 4.432186326735623183e-01
4.730281094897000216e+00 1.650498441728031507e+00 4.347294387081593325e-01
5.371990115350508077e+00 1.342229954030340844e+00 3.197043866999566553e-01
6.100753257677583363e+00 1.302386009993823368e+00 3.204893107377398964e-01
6.928380267251332825e+00 1.093194063457383347e+00 3.491486055510804043e-01
7.868282997223047914e+00 1.030631388619875910e+00 4.179304013883369806e-01
8.935692750154217379e+00 9.612226705351339939e-01 3.884456700811410035e-01
1.014790710417240049e+01 8.618675564431657055e-01 4.349431653100651052e-01
1.152457022351572569e+01 8.635366733363426528e-01 4.910474685362675729e-01
1.308799119595181892e+01 6.650289176629230470e-01 4.838482482186722278e-01
1.486350555578952282e+01 4.889465845996762705e-01 3.234619452243149285e-01
1.687988585103255446e+01 2.767289088155445165e-01 4.102919350352277617e-01
1.916980790799416212e+01 2.522581758507698724e-01 2.363332810706977316e-01
2.177038034927923604e+01 3.845634192905155735e-01 6.850677372159074130e-01
2.472374594607375187e+01 3.845634192905156290e-01 3.949856261442404315e-01
