1.068059302567236565e-03 2.321002458573333538e+00 2.712755183210067500e+01
1.213442045033587442e-03 2.319901961774271548e+00 2.382708468047987438e+01
1.378614083615082100e-03 2.318472878545817739e+00 2.091484717072924937e+01
1.566269109695507143e-03 2.316613704737174206e+00 1.834317227663131433e+01
1.779467476172472834e-03 2.314189165347934729e+00 1.606985773230817927e+01
2.021686106911231573e-03 2.311017200995513221e+00 1.405742765128625749e+01
2.296875199803732025e-03 2.306849569757640328e+00 1.227243882179756440e+01
2.609522648168980698e-03 2.301341804184230178e+00 1.068479466475868200e+01
2.964727231104559435e-03 2.294004361139348358e+00 9.267003628388573944e+00
3.368281766406701436e-03 2.284118030493623941e+00 7.993255599009286172e+00
3.826767582149861752e-03 2.270574645089453281e+00 6.838021668706502965e+00
4.347661847605922142e-03 2.251539797012547250e+00 5.773361653576570163e+00
4.939459513898406678e-03 2.223598757040817997e+00 4.762089850726408891e+00
5.611811853048461265e-03 2.178765334362451345e+00 3.731991253245208640e+00
6.375683854762522959e-03 2.058325403276539234e+00 2.095135657968034693e+00
7.243533047851179532e-03 3.563723393315283428e+00 1.454405902908297321e+01
8.229512662570142439e-03 4.031608613496759475e+00 1.712222518564555784e+01
9.349702447135675373e-03 4.026563851611647316e+00 1.501437143193595425e+01
1.062237090266215933e-02 4.019815809725037603e+00 1.314976282029356014e+01
1.206827321315355125e-02 4.010683941503033090e+00 1.149708574346391643e+01
1.371098972930974089e-02 3.998127066318402978e+00 1.002789196594279097e+01
1.557731052627647078e-02 3.980467698701601442e+00 8.715643676238567394e+00
1.769767230685977133e-02 3.954804856683407532e+00 7.534224416960018544e+00
2.010665477539652635e-02 3.915585493394817540e+00 6.454927569929424180e+00
2.284354457734390914e-02 3.850358947613812255e+00 5.438277697934784882e+00
2.595297600153912213e-02 3.721749942440162329e+00 4.400601154302620444e+00
2.948565889395708683e-02 3.115528813841210720e+00 2.567268357711966154e+00
3.349920565407340373e-02 4.809235185420277503e+00 5.697038893328789655e+00
3.805907080081873811e-02 4.800478678316130399e+00 4.826455893369431038e+00
4.323961843094034641e-02 4.767771365258815841e+00 3.872170075335132911e+00
4.912533497830681023e-02 4.782109335082468604e+00 3.459954811190609103e+00
5.581220705231768747e-02 4.731180289653623916e+00 3.082596485453386936e+00
6.340928682575558417e-02 5.792787611981759177e+00 3.885861991721402120e+00
7.204047050104916972e-02 5.223425889784499176e+00 3.404807926086558467e+00
8.184651885888316603e-02 5.050965556078163665e+00 3.264454804665899434e+00
9.298735284106669774e-02 4.033363515471087624e+00 2.691917654064229115e+00
1.056446616049397935e-01 3.988564233313080631e+00 2.168508723808196148e+00
1.200248655825076616e-01 4.042710496821574573e+00 1.836375530347308604e+00
1.363624828670512712e-01 4.902182121191739128e+00 2.227671116191319189e+00
1.549239538275877792e-01 3.961986565005934935e+00 1.979220290233034474e+00
1.760119863245165894e-01 3.895246809558158940e+00 1.688969912550699393e+00
1.999704923899577880e-01 3.785356655887382349e+00 1.298352356600878998e+00
2.271901968821326556e-01 3.705047750785128713e+00 1.386897971556228848e+00
2.581150095819549350e-01 3.470904479051300839e+00 1.281573192204317202e+00
2.932492646505218126e-01 3.084497200300044373e+00 1.072094944726160071e+00
3.331659455114608925e-01 3.248649332931565326e+00 1.199409740952085413e+00
3.785160292927888803e-01 3.336497311392573550e+00 1.075915429557043890e+00
4.300391032211630105e-01 3.129643284946962645e+00 9.039525493806895851e-01
4.885754261049076730e-01 3.185767681575408350e+00 8.471023048233201624e-01
5.550796316092887484e-01 3.074011189067460847e+00 7.949477947743941453e-01
6.306362968025023275e-01 3.111238728897879113e+00 8.589479305083598248e-01
7.164776298704287338e-01 3.122227228604383509e+00 8.931045719256323068e-01
8.140035654584449887e-01 2.865131315212929852e+00 7.219960400666397549e-01
9.248045953631365279e-01 2.581751416464036275e+00 6.261092275765145487e-01
1.050687706905917729e+00 2.578555929833048488e+00 5.568306006194683189e-01
1.193705852001889500e+00 2.660237779434018179e+00 5.651492984294900213e-01
1.356191427517244641e+00 2.767771532608730212e+00 5.638143165311667593e-01
1.540794312926222265e+00 2.547417753778398630e+00 4.854453272710109180e-01
1.750525085600868724e+00 2.500550578463929252e+00 4.968042183605665407e-01
1.988804118505763441e+00 2.428069779788855520e+00 5.035701130808770687e-01
2.259517361002464142e+00 2.601817939377272015e+00 5.377478725072500909e-01
2.567079712459245489e+00 2.362667468889813716e+00 5.049679764577985619e-01
2.916507022188202569e+00 2.159213234592162411e+00 4.780174354034818496e-01
3.313497889913357142e+00 2.103179318090079075e+00 4.507564997913520721e-01
3.764526600804384060e+00 2.033191967225870922e+00 4.060721662039455948e-01
4.276948710697497269e+00 2.039216427476246096e+00 4.201748617010993558e-01
4.859121003429324404e+00 1.959034600317070218e+00 4.438604967762816433e-01
5.520537776595746848e+00 1.775412599953407167e+00 4.356671059881270791e-01
6.271985678338126036e+00 1.507191535996543097e+00 4.707544817085939637e-01
7.125719620296905532e+00 1.427000292823329186e+00 4.260470120559931573e-01
8.095662635591070355e+00 1.183456651588925101e+00 3.963546202870324442e-01
9.197632941186999034e+00 1.159653801488778724e+00 4.706664530710186756e-01
1.044960190768025754e+01 1.048946411866628070e+00 4.019436577850766246e-01
1.187198714356422613e+01 1.040722835194507923e+00 4.862182956837537429e-01
1.348798547372058820e+01 9.206829716203905889e-01 4.443809348038195717e-01
1.532395124247747376e+01 8.223413192942841121e-01 5.912185279770458823e-01
1.740982611075218855e+01 8.613169808306201380e-01 5.481215576555087399e-01
1.977962735658150706e+01 6.755495205752527488e-01 4.188963718113878909e-01
2.247200264243905110e+01 4.931073732357958983e-01 3.482138713796602558e-01
2.553086029670604518e+01 4.767993249382671550e-01 3.260739449780480359e-01
