2.204501218551095931e+01 2.024270020964323180e+01
2.507714254353438577e+01 2.024270001518546280e+01
2.852632027856446228e+01 2.024269976080763911e+01
3.244990721022345781e+01 2.024269943291080409e+01
3.691315485731841761e+01 2.024269900782569920e+01
4.199028960831926582e+01 2.024269845639330967e+01
4.776574714910758246e+01 2.024269774486986861e+01
5.433557667724319629e+01 2.024269682270522708e+01
6.180903825564330134e+01 2.024269563062139099e+01
7.031041987058947029e+01 2.024269408632022405e+01
7.998110441278743110e+01 2.024269208854076041e+01
9.098192095656983724e+01 2.024268950294643332e+01
1.034958194403736513e+02 2.024268615614801092e+01
1.177309132299756129e+02 2.024268182408354022e+01
1.339239401640704727e+02 2.024267621561284258e+01
1.523441996413812660e+02 2.024266895424576163e+01
1.732980312253353645e+02 2.024265955112368687e+01
1.971339092480922659e+02 2.024264737183230523e+01
2.242482381401322016e+02 2.024263159204089746e+01
2.550919448650872141e+02 2.024261114003673612e+01
2.901779780958163428e+02 2.024258461911211171e+01
3.300898388473591467e+02 2.024255020648346459e+01
3.754912844361241469e+02 2.024250551560157163e+01
4.271373671477625749e+02 2.024244741081687238e+01
4.858869911931577121e+02 2.024237175091023744e+01
5.527171967819635938e+02 2.024227302791080874e+01
6.287394088660958005e+02 2.024214384254987564e+01
7.152179207791706403e+02 2.024197410855390089e+01
8.135909201655006200e+02 2.024174976634822087e+01
9.254944068720033101e+02 2.024145048740543018e+01
1.052789400571388114e+03 2.024104484167899187e+01
1.197592890595124118e+03 2.024047629347418820e+01
1.362313042689806480e+03 2.023954899967733212e+01
1.549689248205624153e+03 2.023861366848997534e+01
1.762837681758093368e+03 2.023753604205723633e+01
2.005303125013300132e+03 2.023484953303686851e+01
2.281117918456160623e+03 2.023504014342219648e+01
2.594869021543689996e+03 2.023586357913920963e+01
2.951774296492386384e+03 2.023197971684884777e+01
3.357769284343210074e+03 2.022413158031610436e+01
3.819605916440295005e+03 2.023222645930437125e+01
4.344964802952336868e+03 2.022936977178702733e+01
4.942582965859679462e+03 2.022176207328131525e+01
5.622399140680506207e+03 2.022330413778128388e+01
6.395719063387861752e+03 2.020437441582958371e+01
7.275403491334480350e+03 2.018572414554767391e+01
8.276082085082038247e+03 2.019511165504756534e+01
9.414396708113363275e+03 2.020165531800544301e+01
1.070927819064245523e+04 2.023021542271981588e+01
1.218226116026436284e+04 2.022554251435263950e+01
1.385784217526079192e+04 2.017536899370288950e+01
1.576388711652519487e+04 2.025380752375701476e+01
1.793209461327067402e+04 2.022866512455737009e+01
2.039852320955797768e+04 2.024409912238871456e+01
2.320419103872784763e+04 2.026922517617510167e+01
2.639575797867013534e+04 2.024688776450389582e+01
3.002630163256603919e+04 2.026069845123442903e+01
3.415620004011191486e+04 2.029421473073866622e+01
3.885413579922266945e+04 2.029323776720936934e+01
4.419823829733870662e+04 2.032567734619215472e+01
5.027738304830393463e+04 2.037467923852683782e+01
5.719266974353785918e+04 2.043305054546257438e+01
6.505910359834723931e+04 2.044460817018911314e+01
7.400750795513835328e+04 2.052175233213132088e+01
8.418669995122717228e+04 2.062515026828599929e+01
9.576596543386080884e+04 2.070961136648687173e+01
1.089378742817170423e+05 2.077376660073121428e+01
1.239214829533071461e+05 2.087579583753334589e+01
1.409659775225123158e+05 2.103834457160067473e+01
1.603548177870408399e+05 2.132353008689371165e+01
1.824104513687253348e+05 2.162859773190842461e+01
2.074996762038735615e+05 2.197321817750038875e+01
2.360397406049862038e+05 2.232116184722847763e+01
2.685052823413951555e+05 2.283305925013293347e+01
3.054362221397447865e+05 2.344319608576791225e+01
3.474467428777915775e+05 2.413468760748366293e+01
3.952355038007053663e+05 2.497731793077601736e+01
4.495972596281960723e+05 2.616007693299102854e+01
5.114360777849300066e+05 2.803779774485516540e+01
5.817803735644225962e+05 3.117822845004505794e+01
