2.204444343765754155e+01 2.008345827403449846e+01
2.507527987711545592e+01 2.008345701565222186e+01
2.852281858210001886e+01 2.008345539200515262e+01
3.244435092466761716e+01 2.008345328510099748e+01
3.690504512704715978e+01 2.008345056229159908e+01
4.197902923044346579e+01 2.008344703764051076e+01
4.775062295856422168e+01 2.008344247145848982e+01
5.431573894704075656e+01 2.008343655963408025e+01
6.178347662444375743e+01 2.008342890333290498e+01
7.027793523208909221e+01 2.008341898339963194e+01
7.994027611148814572e+01 2.008340612586990659e+01
9.093106853063986250e+01 2.008338945263725250e+01
1.034329580322236524e+02 2.008336781573466823e+01
1.176537016464382930e+02 2.008333971315401811e+01
1.338296204078069991e+02 2.008330316974022978e+01
1.522295265500463017e+02 2.008325557596512212e+01
1.731591906413223683e+02 2.008319346193950850e+01
1.969664228949721974e+02 2.008311217084635203e+01
2.240468530971690200e+02 2.008300537643083317e+01
2.548505052026599174e+02 2.008286433647708336e+01
2.898892758555404612e+02 2.008267667578722993e+01
3.297454411135008741e+02 2.008242425745889648e+01
3.750813327407163911e+02 2.008207909778320044e+01
4.266503448705051369e+02 2.008159448377770673e+01
4.853094539470291124e+02 2.008088196706992790e+01
5.520334600030594174e+02 2.007973339268107793e+01
6.279311859360799417e+02 2.007737812034704916e+01
7.142639039831148011e+02 2.007160269540263187e+01
8.124662956063677939e+02 2.008398281910130834e+01
9.241702931021116001e+02 2.008283368824052673e+01
1.051232199133884933e+03 2.008110595126194298e+01
1.195763534863766154e+03 2.007941802540218390e+01
1.360166129317527975e+03 2.007653868056954138e+01
1.547172033100511044e+03 2.007217367107261907e+01
1.759888919752356742e+03 2.006493732422267229e+01
2.001851729222608355e+03 2.005430278869672733e+01
2.277081411681056579e+03 2.002870992917946680e+01
2.590151747870436338e+03 1.999788917731758531e+01
2.946265356425460141e+03 2.011887673952246658e+01
3.351340151251652969e+03 2.011582438810343376e+01
3.812107685717075128e+03 2.010530243335479383e+01
4.336225017945655054e+03 2.010704261760749745e+01
4.932401956195236380e+03 2.009404527203172819e+01
5.610545798890435435e+03 2.006362509223144031e+01
6.381925974607474927e+03 2.010415115209321257e+01
7.259361318006584952e+03 2.011465315439352608e+01
8.257433093872819882e+03 2.010305482097690444e+01
9.392727309309584598e+03 2.008634054610563879e+01
1.068411034084109633e+04 2.005668559091296999e+01
1.215304245680887470e+04 1.996641498270083659e+01
1.382393444519329569e+04 2.006383043673282174e+01
1.572455327331924127e+04 2.012305160657812309e+01
1.788648352071937188e+04 2.020893966341208881e+01
2.034565225326961445e+04 2.023986181898638748e+01
2.314292606098163378e+04 2.015272897812609187e+01
2.632479018105654541e+04 2.023925312417710032e+01
2.994412099190092340e+04 2.035351356015765845e+01
3.406106471544969099e+04 2.030376995503634419e+01
3.874403693011535506e+04 2.040180703142599228e+01
4.407085950432023674e+04 2.042153777488312372e+01
5.013005384423039504e+04 2.041885446900390377e+01
5.702231194694734586e+04 2.047898259276486499e+01
6.486216970519379538e+04 2.050675712917180959e+01
7.377991027055479935e+04 2.054880249001123005e+01
8.392372910546090861e+04 2.065100220060818614e+01
9.546219670285625034e+04 2.068800749194213395e+01
1.085870598991511361e+05 2.079143788911338930e+01
1.235164283328192541e+05 2.095104278615411175e+01
1.404983990013688162e+05 2.109122809014747446e+01
1.598151791497586819e+05 2.129601952837344570e+01
1.817877760046263866e+05 2.161717283586687444e+01
2.067813312885688210e+05 2.195959329322913334e+01
2.352111891637018998e+05 2.235239356797610455e+01
2.675497984418923152e+05 2.275897089779518723e+01
3.043345637629384873e+05 2.335952804622645118e+01
3.461767762119752588e+05 2.400472747842256638e+01
3.937717717855541850e+05 2.497990258733821634e+01
4.479104865202993387e+05 2.612396560043655569e+01
5.094926003078497015e+05 2.798606901869392871e+01
5.795414878206700087e+05 3.098687962685252373e+01
