1.068142096663416427e-03 6.222064987028035787e+00 9.905576870004992998e+02
1.213712980665622530e-03 6.222065150994221305e+00 8.717516852099557809e+02
1.379122875165943391e-03 6.222065356067743913e+00 7.671950865769175607e+02
1.567075523706517193e-03 6.222065624799379968e+00 6.751788447306367971e+02
1.780643147337084529e-03 6.222065973101062575e+00 5.941988860081859229e+02
2.023316662274871926e-03 6.222066419692080075e+00 5.229315344211189540e+02
2.299062741437743820e-03 6.222066997724444271e+00 4.602118747251613513e+02
2.612388652562364598e-03 6.222067743679120078e+00 4.050147084668292905e+02
2.968415932732997899e-03 6.222068706731603172e+00 3.564377986202200645e+02
3.372964103584033708e-03 6.222069950640705116e+00 3.136871206845381721e+02
3.832645795561349412e-03 6.222071556353695243e+00 2.760638839830891698e+02
4.354974836116904183e-03 6.222073629755889179e+00 2.429531098237555682e+02
4.948489068615755798e-03 6.222076306895671038e+00 2.138135787459159474e+02
5.622889909518705848e-03 6.222079763377568185e+00 1.881689841767878306e+02
6.389200925003050979e-03 6.222084226517194061e+00 1.656001468417240972e+02
7.259948019070149548e-03 6.222089989331984761e+00 1.457381628362269055e+02
8.249364178443869405e-03 6.222097430380277849e+00 1.282583737892245210e+02
9.373622120962366716e-03 6.222107038594359985e+00 1.128750599806782873e+02
1.065109865026827793e-02 6.222119445586094422e+00 9.933677009704767613e+01
1.210267503786461099e-02 6.222135466952100735e+00 8.742221105381464952e+01
1.375207834249679226e-02 6.222156156437808505e+00 7.693663081664440995e+01
1.562626924597138034e-02 6.222182875777439115e+00 6.770863503485301749e+01
1.775588274486648854e-02 6.222217384454880929e+00 5.958738546361604449e+01
2.017572890155645837e-02 6.222261957271897792e+00 5.244013441989266511e+01
2.292536183968595792e-02 6.222319535731656970e+00 4.615005490550939982e+01
2.604972628473332247e-02 6.222393925519425828e+00 4.061433099030073635e+01
2.959989221783300428e-02 6.222490053135952159e+00 3.574247719695470238e+01
3.363388965130157532e-02 6.222614300868958281e+00 3.145485943873455170e+01
3.821765717087294290e-02 6.222774945187336648e+00 2.768139332211120518e+01
4.342611974924681650e-02 6.222982732482294388e+00 2.436039853614529349e+01
4.934441344858736533e-02 6.223251639220519493e+00 2.143759059850617632e+01
5.606927703061384549e-02 6.223599881484578766e+00 1.886519346890842996e+01
6.371063322114979555e-02 6.224051266594237575e+00 1.660115851532854947e+01
7.239338547603595131e-02 6.224637020510131791e+00 1.460847704823500770e+01
8.225945961783598381e-02 6.225398289682988917e+00 1.285457516050746385e+01
9.347012371535395880e-02 6.226389619832949585e+00 1.131078093915613358e+01
1.062086241260602748e-01 6.227683887593284950e+00 9.951855274246327099e+00
1.206831807894332143e-01 6.229379460526548229e+00 8.755578486325234167e+00
1.371303907314375126e-01 6.231610901982924666e+00 7.702385831098323976e+00
1.558190954128649275e-01 6.234565562858084498e+00 6.775045598621713516e+00
1.770547751361240263e-01 6.238510464062483329e+00 5.958373947434617790e+00
2.011845423402145450e-01 6.243838321655882595e+00 5.238980643724459263e+00
2.286028154028788562e-01 6.251152048678926043e+00 4.605039084340627475e+00
2.597577656923030220e-01 6.261434753673487563e+00 4.046071090814260529e+00
2.951586432500591384e-01 6.276437637410941406e+00 3.552727496508670590e+00
3.353841008488360198e-01 6.299748689498354537e+00 3.116509628688631128e+00
3.810916524876649669e-01 6.340885550651127467e+00 2.729181688399391792e+00
4.330284209305362841e-01 6.455312771441981567e+00 2.378588564355664126e+00
4.920433499646466036e-01 6.409369606374774264e+00 2.063305782956079248e+00
5.591010809964112038e-01 6.484439320262440631e+00 1.849658523713869185e+00
6.352977208081675986e-01 5.908013692616695067e+00 1.475543705402287520e+00
7.218787582108845413e-01 6.013527243943336487e+00 1.399049302943524253e+00
8.202594224534309753e-01 6.130238532433352816e+00 1.314519917552497308e+00
9.320478161612305579e-01 6.067909796737732009e+00 1.158349068118547320e+00
1.059071200928800582e+00 5.969184761204428646e+00 1.015707735056884164e+00
1.203405865223062587e+00 5.854238754196300576e+00 8.687668352145514472e-01
1.367411062809767097e+00 5.841107572967575656e+00 7.657380202026350391e-01
1.553767576450983956e+00 5.793573486236334169e+00 6.853824004091025879e-01
1.765521537224995274e+00 5.814722728180647060e+00 5.978933168134928922e-01
2.006134215726853576e+00 5.853036345864425449e+00 5.333046302936796934e-01
2.279538599022546741e+00 5.790064808314023814e+00 4.639332674085321351e-01
2.590203678147714683e+00 5.825905228561908622e+00 4.213447879714130040e-01
2.943207496976272708e+00 5.717467671353448466e+00 3.716405052964637523e-01
3.344320156495172114e+00 5.645790387414508338e+00 3.382202941681541342e-01
3.800098131249783684e+00 5.677555798578638679e+00 3.074485139101573172e-01
4.317991439629967232e+00 5.569459734061852352e+00 2.695570817831771104e-01
4.906465419772109371e+00 5.538171679593083319e+00 2.462095615587470698e-01
5.575139101591753743e+00 5.343062003596093845e+00 2.235760284393013275e-01
6.334942436737071247e+00 5.259635616498094635e+00 2.101378591727577627e-01
7.198294956499704078e+00 5.134464945461103547e+00 1.962275857863078621e-01
8.179308777974878097e+00 4.986931266582269373e+00 1.869128997260647573e-01
9.294019276752271352e+00 4.801849980880445123e+00 1.843178791459503807e-01
1.056064719664848894e+01 4.586266936691659524e+00 1.880239866046327091e-01
1.199989648085301397e+01 4.327592860074252812e+00 1.905561272140450513e-01
1.363529269275157851e+01 4.032694730773586755e+00 1.954066519334841934e-01
1.549356755815848352e+01 3.744625239375088732e+00 2.117579796162137873e-01
1.760509591457689993e+01 3.406484454275277685e+00 2.332463548534351727e-01
2.000439220973655097e+01 2.953439721129783369e+00 2.743671740805295189e-01
2.273067466503407275e+01 2.428499155356385497e+00 3.738831146568755703e-01
2.582850632553291348e+01 1.874988854609456856e+00 6.045098220328573024e-01
