2.228374238218751913e+01 1.883940122825701025e+01
2.586453042761543131e+01 1.883938981390590328e+01
3.002071747049939177e+01 1.883937441366337140e+01
3.484476472386655388e+01 1.883935362942495573e+01
4.044399104900597308e+01 1.883932555903513872e+01
4.694296043995696976e+01 1.883928761565659826e+01
5.448625315432427385e+01 1.883923626616651248e+01
6.324168213878063938e+01 1.883916666209817947e+01
7.340402630392921424e+01 1.883907210728283133e+01
8.519936370136250048e+01 1.883894327077629782e+01
9.889010100156437488e+01 1.883876699461297832e+01
1.147808111616590878e+02 1.883852441622358853e+01
1.332250091515229826e+02 1.883818787833868669e+01
1.546330164754241991e+02 1.883771553813369692e+01
1.794810894484030541e+02 1.883704124612389208e+01
2.083220143009065737e+02 1.883605363844330327e+01
2.417974048171974175e+02 1.883454702136946679e+01
2.806519760887181860e+02 1.883208257257151175e+01
3.257501119255205140e+02 1.882745871982716679e+01
3.780950944950597545e+02 1.881476974360360543e+01
4.388514239832819612e+02 1.881229145134052416e+01
5.093707248155549792e+02 1.885678316323753378e+01
5.912218147639138124e+02 1.885563592394184695e+01
6.862256058773434688e+02 1.885404933412381112e+01
7.964956136636614019e+02 1.885163544114380585e+01
9.244849757163485720e+02 1.884874914911126353e+01
1.073041025792971368e+03 1.884378677201350172e+01
1.245468637435284109e+03 1.883484590911593770e+01
1.445603746313968486e+03 1.883918477094455923e+01
1.677898686923433388e+03 1.882958726479548162e+01
1.947521242081729042e+03 1.881686585344015583e+01
2.260469608754535329e+03 1.879470470332552168e+01
2.623705837806955060e+03 1.877287354646028561e+01
3.045310716269756995e+03 1.871511972197945539e+01
3.534663537730700227e+03 1.855399061290409080e+01
4.102650760138785699e+03 1.883355781628515047e+01
4.761908192957327628e+03 1.876296534637472746e+01
5.527102101517177289e+03 1.910438281955335782e+01
6.415255482198530444e+03 1.909545472599433324e+01
7.446126766969115124e+03 1.913036003572585386e+01
8.642649382183730268e+03 1.911467145417182678e+01
1.003144194035323380e+04 1.910315460669780663e+01
1.164340041493755780e+04 1.910132305978325817e+01
1.351438547206448311e+04 1.915791879980812595e+01
1.568602024999816422e+04 1.913207110326852955e+01
1.820661633427310881e+04 1.917158242125863410e+01
2.113224852833269324e+04 1.921352837807491198e+01
2.452800232971177684e+04 1.923394018948375006e+01
2.846942186392189979e+04 1.932584489495366142e+01
3.304419048770851805e+04 1.945768886212445281e+01
3.835408144946239918e+04 1.947552391712591557e+01
4.451722200243271072e+04 1.957768129563552861e+01
5.167072133966221736e+04 1.967301151369954226e+01
5.997372081337702548e+04 1.980911882023389836e+01
6.961093429597563227e+04 1.999017703181746697e+01
8.079675744376721559e+04 2.014100721474523326e+01
9.378003728078618587e+04 2.038946696574996409e+01
1.088496082099156192e+05 2.070342252826879914e+01
1.263407176089875575e+05 2.101801301079071393e+01
1.466424839598080434e+05 2.144424797538160377e+01
1.702065534284476016e+05 2.202547611413984185e+01
1.975571474766561296e+05 2.244592037602652113e+01
2.293027250300351006e+05 2.293658452471386866e+01
2.661495186470681219e+05 2.355495543001195458e+01
3.089172458233439829e+05 2.410756778562481628e+01
3.585573449547610944e+05 2.479642031364831922e+01
4.161741416486900416e+05 2.534032205103403612e+01
4.830494162624847377e+05 2.578546810984418158e+01
5.606709192146216519e+05 2.650500350976639652e+01
6.507654684384365100e+05 2.701622687919830312e+01
7.553373652857247507e+05 2.754926001059335761e+01
8.767129835051370319e+05 2.813228195769290707e+01
1.017592523250491358e+06 2.885187998769080053e+01
1.181110081471988466e+06 2.945715834668198596e+01
1.370903375054936390e+06 3.025589679195923765e+01
1.591194667811821448e+06 3.071518002928222302e+01
1.846884701681700302e+06 3.124670608893775992e+01
2.143661721790849231e+06 3.206626382057673652e+01
2.488128020816362463e+06 3.447557706575804559e+01
2.887946817840114702e+06 3.648356491778355348e+01
