2.228575924065691538e+01 1.866097095682576779e+01
2.587122957785569355e+01 1.866096821307911569e+01
3.003355248714360215e+01 1.866096451521738686e+01
3.486553556658483899e+01 1.866095953022308862e+01
4.047491787277428443e+01 1.866095281056493960e+01
4.698677218593748250e+01 1.866094375076660583e+01
5.454629376624999537e+01 1.866093153565416074e+01
6.332203778246574899e+01 1.866091506195734340e+01
7.350967759802173873e+01 1.866089284079310318e+01
8.533636771338095173e+01 1.866086285623273255e+01
9.906580864543664688e+01 1.866082237813992606e+01
1.150041266759401140e+02 1.866076770078735692e+01
1.335066995701037058e+02 1.866069378129883916e+01
1.549860804588924736e+02 1.866059373246656250e+01
1.799211965643503390e+02 1.866045810039568664e+01
2.088680278725652499e+02 1.866027381323871737e+01
2.424720038573751992e+02 1.866002260395423917e+01
2.814823946654083784e+02 1.865967853198450399e+01
3.267690176436950651e+02 1.865920380351700913e+01
3.793416317164347902e+02 1.865854084663304491e+01
4.403724520486645702e+02 1.865759357363535642e+01
5.112222870078181813e+02 1.865614202928949794e+01
5.934708802007962731e+02 1.865415998422956889e+01
6.889521341250165278e+02 1.864894348294023629e+01
7.997950008175952235e+02 1.865177745655838848e+01
9.284709512442599362e+02 1.864899051949210573e+01
1.077849081856196335e+03 1.864101146194645153e+01
1.251260087029489341e+03 1.862805166513819799e+01
1.452570523785008390e+03 1.862773086500693154e+01
1.686269024674265893e+03 1.862273551160242491e+01
1.957566381125849148e+03 1.858757203851017081e+01
2.272511728817641597e+03 1.861616630356118662e+01
2.638127425667994430e+03 1.866971941376655053e+01
3.062565629829638056e+03 1.868156031028991748e+01
3.555290068916548535e+03 1.866232208248836244e+01
4.127287053384638966e+03 1.869628340751243911e+01
4.791310439046009378e+03 1.870161417440474949e+01
5.562166000662669830e+03 1.868994981638853048e+01
6.457041557317189472e+03 1.869150484686858604e+01
7.495890210388170090e+03 1.868054303154316997e+01
8.701875239213835812e+03 1.856875477500458871e+01
1.010188657431277898e+04 1.872344816961120983e+01
1.172714036400045916e+04 1.885817126519559039e+01
1.361387500297929000e+04 1.889513229423658203e+01
1.580415914229925329e+04 1.891135371441442459e+01
1.834682969694230269e+04 1.890112952653878153e+01
2.129858076584979790e+04 1.889346067426394882e+01
2.472522774411697537e+04 1.897845305493543222e+01
2.870317481335052435e+04 1.903074872361077396e+01
3.332111853092187812e+04 1.909242938516300114e+01
3.868202550316208362e+04 1.916279791652802089e+01
4.490542823881264485e+04 1.920815901161639161e+01
5.213009037353312306e+04 1.929375683319852186e+01
6.051710069215864496e+04 1.943745063031016684e+01
7.025346493633279169e+04 1.956104977712530513e+01
8.155627548429554736e+04 1.977015602022161289e+01
9.467755187446148193e+04 2.007469921012149072e+01
1.099098601022727817e+05 2.040597117270270644e+01
1.275928359841727215e+05 2.078628168816372579e+01
1.481207580405914341e+05 2.123439241586126514e+01
1.719513387510327157e+05 2.168443166383479337e+01
1.996159302004766942e+05 2.222239319915426847e+01
2.317313716730935557e+05 2.279946191593154836e+01
2.690137433598735952e+05 2.335597828211157179e+01
3.122943328475306043e+05 2.391668170725451859e+01
3.625381703945746413e+05 2.463296694840276047e+01
4.208655462768668076e+05 2.525371651862302613e+01
4.885769899763808353e+05 2.580832908850487684e+01
5.671822681758471299e+05 2.628821308088813424e+01
6.584340481295493664e+05 2.683768597871188888e+01
7.643669770047435304e+05 2.748103598929848701e+01
8.873430485484482488e+05 2.803805720966508019e+01
1.030104268623273820e+06 2.874386621511652251e+01
1.195833793899331708e+06 2.905461406913932620e+01
1.388226906915818807e+06 3.016709358255393170e+01
1.611573410048063844e+06 3.074466732564902216e+01
1.870853275523952674e+06 3.127671026570682500e+01
2.171847684204667807e+06 3.212038757239558606e+01
2.521267928969016764e+06 3.289810273942543262e+01
2.926905056868930347e+06 3.553474493290427461e+01
