2.228247831920743138e+01 1.894277348879426270e+01
2.586033214751732956e+01 1.894277146647097254e+01
3.001267494574211270e+01 1.894276874294368440e+01
3.483175128070626414e+01 1.894276507361853845e+01
4.042461724835712999e+01 1.894276012968432710e+01
4.691551873193775890e+01 1.894275346865511267e+01
5.444865153240893108e+01 1.894274449312422703e+01
6.319136468759761271e+01 1.894273239663264263e+01
7.333787814201708954e+01 1.894271609099928000e+01
8.511359735563613071e+01 1.894269410530584707e+01
9.878012070091371299e+01 1.894266445012137012e+01
1.146410508877516179e+02 1.894262443008705787e+01
1.330487395175504730e+02 1.894257038583651465e+01
1.544121145970783573e+02 1.894249733584114281e+01
1.792057649008850717e+02 1.894239847285761158e+01
2.079804829919668805e+02 1.894226444653791930e+01
2.413755011145749449e+02 1.894208232291542870e+01
2.801326917803268088e+02 1.894183403538153598e+01
3.251130485145704938e+02 1.894149400283658125e+01
3.773158128838587686e+02 1.894102529851487660e+01
4.379006727127001568e+02 1.894037309168527372e+01
5.082135246244234850e+02 1.893945229976466393e+01
5.898163732226864795e+02 1.893811959928500954e+01
6.845220311259009804e+02 1.893601456569856012e+01
7.944343907181076929e+02 1.893336459068994770e+01
9.219951622558821782e+02 1.892829750263693001e+01
1.070038116621371046e+03 1.891558032626671348e+01
1.241852037727767765e+03 1.891388203677437119e+01
1.441253783069028032e+03 1.889708391132464627e+01
1.672673075458720632e+03 1.896297223629584749e+01
1.941250909612033865e+03 1.895834826686875374e+01
2.252953759679591258e+03 1.894851290783918429e+01
2.614706124860912496e+03 1.893902755377950697e+01
3.034544357606996073e+03 1.894632884267016948e+01
3.521795191715587862e+03 1.895088490161687389e+01
4.087282936332464942e+03 1.892950101233542881e+01
4.743569938687012836e+03 1.894928470168935419e+01
5.505235657457506932e+03 1.892910068544085433e+01
6.389200546399141786e+03 1.891911046792445816e+01
7.415101943330783797e+03 1.886704905605270355e+01
8.605730314878903300e+03 1.888762772850755667e+01
9.987535548184176150e+03 1.885292489357395951e+01
1.159121453687411122e+04 1.906916334154351489e+01
1.345239311456257747e+04 1.909095081191671994e+01
1.561241748507342709e+04 1.908857086832002636e+01
1.811927273106247230e+04 1.906857982184073919e+01
2.102864880576693758e+04 1.905474779814107222e+01
2.440517768895868358e+04 1.906875170901928485e+01
2.832386919060176660e+04 1.911423876131649635e+01
3.287177729868640745e+04 1.921469409383409754e+01
3.814993408926548727e+04 1.925204243475899446e+01
4.427559416063154640e+04 1.933352674784729075e+01
5.138483945188629150e+04 1.940923927690321094e+01
5.963560231211740756e+04 1.968085798691454258e+01
6.921117397786225774e+04 1.982601304957975685e+01
8.032427639991477190e+04 2.004689741012670723e+01
9.322178787537438620e+04 2.024773505089083159e+01
1.081902274651617336e+05 2.059529053015560862e+01
1.255621200336952752e+05 2.093351410013035618e+01
1.457233833105013182e+05 2.130823003643992308e+01
1.691219010778145748e+05 2.171308153987634171e+01
1.962774729380919889e+05 2.216592031151595776e+01
2.277933616961753869e+05 2.273218299940153031e+01
2.643696948819551035e+05 2.346142351855553443e+01
3.068190181292341440e+05 2.409405934536945892e+01
3.560843459301235853e+05 2.472549985812483087e+01
4.132601107636574307e+05 2.536756154195890645e+01
4.796164759848898975e+05 2.584209411483731600e+01
5.566275525868975092e+05 2.641914163901546431e+01
6.460041466728937812e+05 2.689346225269317969e+01
7.497317651257005055e+05 2.770020327793063331e+01
8.701147237730011111e+05 2.826835101518589610e+01
1.009827337914154865e+06 2.879025930368159791e+01
1.171973332409468247e+06 2.928461603744404229e+01
1.360154791130953934e+06 2.994967175768688605e+01
1.578552177491118200e+06 3.053068397852826621e+01
1.832017203711075010e+06 3.098447524431552580e+01
2.126180611924837343e+06 3.235585526967467729e+01
2.467577261484068353e+06 3.314335729546275644e+01
2.863791301285959315e+06 3.706964716960291639e+01
