1.079496346086734025e-03 9.209862559484971456e+00 6.618569688805652049e+02
1.251128376342485827e-03 9.209873579021442325e+00 5.710620541296193551e+02
1.450048645151797658e-03 9.209888379748459641e+00 4.927225176797760469e+02
1.680595783026972477e-03 9.209908263400855333e+00 4.251297040213974014e+02
1.947798231025808877e-03 9.209934973194387808e+00 3.668093525987368935e+02
2.257483915587320603e-03 9.209970854267682583e+00 3.164894440132825366e+02
2.616407360864851303e-03 9.210019057633266115e+00 2.730724556955400431e+02
3.032397010991233141e-03 9.210083816604631934e+00 2.356114238544287502e+02
3.514525975507507352e-03 9.210170822466690055e+00 2.032892896026945380e+02
4.073309922067031019e-03 9.210287725074199017e+00 1.754010779280886538e+02
4.720936432633368596e-03 9.210444811855575509e+00 1.513385216584736099e+02
5.471530825637557077e-03 9.210655921461599505e+00 1.305767945436392665e+02
6.341464241915789266e-03 9.210939679395254487e+00 1.126630643029218959e+02
7.349710714059764192e-03 9.211321169667627373e+00 9.720661585466810095e+01
8.518261007184309633e-03 9.211834205842626133e+00 8.387032940471094378e+01
9.872602257352820765e-03 9.212524423361461601e+00 7.236332739741058617e+01
1.144227386900720581e-02 9.213453513032622055e+00 6.243462998624528382e+01
1.326151179602678976e-02 9.214705052180871547e+00 5.386768057496524165e+01
1.536999525876729146e-02 9.216392602351170638e+00 4.647562193446439949e+01
1.781371218365214448e-02 9.218671077811201542e+00 4.009721973713039489e+01
2.064596224133431052e-02 9.221752932363392219e+00 3.459334435837217114e+01
2.392851936059582629e-02 9.225931630403046313e+00 2.984393379559105952e+01
2.773297907346191499e-02 9.231616486013832557e+00 2.574537072625854250e+01
3.214232007834208482e-02 9.239385936311224512e+00 2.220821510231640517e+01
3.725271408029900977e-02 9.250072117413415285e+00 1.915524007634212822e+01
4.317562338269420597e-02 9.264901618779539660e+00 1.651972263912085026e+01
5.004023198057651334e-02 9.285744068490714653e+00 1.424393855536611575e+01
5.799626318015325965e-02 9.315585730936369657e+00 1.227779590843164037e+01
6.721724519916681684e-02 9.359526159929632882e+00 1.057748404483286109e+01
7.790429597386647198e-02 9.427184202682624914e+00 9.103792204150627398e+00
9.029050972263016894e-02 9.539841248367531890e+00 7.818667778006140878e+00
1.046460409411458514e-01 9.761239950803645371e+00 6.670036005231001042e+00
1.212839967156735810e-01 1.061547688547833701e+01 5.385773216484934345e+00
1.405672658710566125e-01 8.081310431921433945e+00 4.959440863936839250e+00
1.629164339033595810e-01 8.111882301988618593e+00 4.267059621779737633e+00
1.888189563289556505e-01 8.161985091556214655e+00 3.665272126425802579e+00
2.188397905290808687e-01 8.261161333583501687e+00 3.136048217521695047e+00
2.536337179799771913e-01 8.409812918434214524e+00 2.661054940103861011e+00
2.939596256275799901e-01 8.519112240308412964e+00 2.292929939209608747e+00
3.406970578964138019e-01 7.827608968642692844e+00 1.998950712073862546e+00
3.948654003469446172e-01 7.618585746155057237e+00 1.695867827404630379e+00
4.576461133942597570e-01 7.367312903222054565e+00 1.465758834852423975e+00
5.304085010255371602e-01 7.584499436966409824e+00 1.307497925817626472e+00
6.147395765552812197e-01 7.251841330350409009e+00 1.094216299020060568e+00
7.124786768173831941e-01 7.271794852960409727e+00 9.727626934768051070e-01
8.257575797607694668e-01 7.186340409571456256e+00 8.486069781787993760e-01
9.570470004495816863e-01 7.262396851672570541e+00 7.263280522795685368e-01
1.109210479587603215e+00 7.103294537371803052e+00 6.293343390102930091e-01
1.285566839924260130e+00 7.200605228521327561e+00 5.438469973944596303e-01
1.489962572772755678e+00 7.099036268367095559e+00 4.812729085304608967e-01
1.726855733455603392e+00 7.015142904805259150e+00 4.255660060541045508e-01
2.001413175512899212e+00 6.982875338000782861e+00 3.792178411255391901e-01
2.319623244439145360e+00 6.914685426910520682e+00 3.401097054710783274e-01
2.688426388900680308e+00 6.704483111600845646e+00 3.044539649623747568e-01
3.115866538182193501e+00 6.623408961902045533e+00 2.728403225046738823e-01
3.611266547541005068e+00 6.519042195732086320e+00 2.524961064522999732e-01
4.185431538090536030e+00 6.319683321747858962e+00 2.390223240903163182e-01
4.850884566239290763e+00 6.169295802467528844e+00 2.262677513749518088e-01
5.622139762848402000e+00 5.995947377559363467e+00 2.224226567293706991e-01
6.516018899519171015e+00 5.783333436563172114e+00 2.206190574719010533e-01
7.552018286606925201e+00 5.446967184557056640e+00 2.195207348124284807e-01
8.752734005337824641e+00 5.161383748253920878e+00 2.294691969052677638e-01
1.014435474872474430e+01 4.798165145396495745e+00 2.329256833251758252e-01
1.175723302058719888e+01 4.356139078819686539e+00 2.395229318335445612e-01
1.362654715104116221e+01 3.976228526220994208e+00 2.341892693339596432e-01
1.579306856761389355e+01 3.652914574710708351e+00 2.447617249044433674e-01
1.830405105685899869e+01 3.520223993674232332e+00 2.597408810508111676e-01
2.121426141206963933e+01 3.139657297995511520e+00 2.715046414431200872e-01
2.458717394644632748e+01 2.952511179640954442e+00 2.850147205900136482e-01
2.849635492512917523e+01 2.646690562943921687e+00 2.778180553039494294e-01
3.302706711180611876e+01 2.430394196243322202e+00 2.869792222779660729e-01
3.827812942650601258e+01 2.361940107698852653e+00 2.885989062780464631e-01
4.436407227539064024e+01 2.128207296164085882e+00 2.891413315769726933e-01
5.141763556223330056e+01 1.939472563975192854e+00 3.206637848546712855e-01
5.959266386546705974e+01 1.968947849472784339e+00 4.054980505110934441e-01
6.906746192722620492e+01 1.555030048732621406e+00 3.435418294513364335e-01
8.004868364062437536e+01 1.281267468771599694e+00 3.305038687664128005e-01
9.277583935758957523e+01 1.153358566682386899e+00 3.269233989696736509e-01
1.075265198257060035e+02 9.455397631227934196e-01 4.009228984178824229e-01
1.246224506928388251e+02 6.751199066927466852e-01 6.264054264301830433e-01
