21.927259253666442 13.159030294846563
24.69283609721719 13.157524391860724
27.807221480362557 13.155576388516497
31.31440890036439 13.153040787696447
35.26394053687507 13.149712073502483
39.711607079825484 13.145289401517395
44.72023582314585 13.139309688439944
50.360578156852725 13.131006221585022
56.71230899412694 13.118961251253586
63.86515225118958 13.100035603160975
71.92014827839253 13.064438559554782
80.99108114612886 12.88423640429296
91.20608594726102 13.203294041259348
102.70945882066144 13.186213630950407
115.66369526407622 13.161773609263985
130.2517855293178 13.124828988020615
146.6797995243084 13.063202824324236
165.17979773604407 12.934228816929666
186.0131092938857 12.60277364886319
209.47402347877295 13.593444463909831
235.89394682425146 13.582652987316724
265.64608453210735 13.578169389817468
299.15071233182096 13.528105814640453
336.8811132535985 13.487201201230443
379.37026317724724 13.536036898140932
427.2183595962885 13.507896640937343
481.10129994788184 13.381910644915115
541.7802292726012 13.547410441992584
610.112292073354 13.485679474242604
687.0627402531283 13.43011010331508
773.7185681670912 13.558551357786952
871.3038673964217 13.884508739755345
981.197118143883 13.79347605989775
1104.9506615076627 14.028566570132423
1244.31262769688 14.214223281085307
1401.2516299445444 14.34590151536286
1577.9845729417134 14.280286467817586
1777.007968612023 14.963016886344812
2001.1332015900946 15.111337560111082
2253.526242560445 15.141497734324009
2537.7523704435725 15.042077016435318
2857.8265351703494 15.25775381216593
3218.2700724642505 15.657109328290222
3624.1745717787867 15.799644754012448
4081.273799582231 15.887866226147576
4596.024693970809 15.929930555427504
5175.698574732159 16.029229740662252
5828.483857283347 16.758815304829128
6563.6017214102485 16.94633046175241
7391.436368733387 17.58434282746618
8323.681708904198 17.709205418268983
9373.506546606306 17.89914274469233
10555.740602776874 17.95885972994564
11887.083997765321 18.252060049710085
13386.34315556752 18.610725317471008
15074.696461495225 18.88920874189261
16975.993425934434 19.198050848514455
19117.091580150114 19.330427193011438
21528.23586309381 19.466879484549544
24243.485858394324 19.705095961656163
27301.19691663862 20.03282436135198
30744.56195922824 20.211711859687306
34622.22161727855 20.196758486097206
38988.951324321955 20.604391625787116
43906.43506861811 20.924990317523694
49444.13673501908 21.31451213666745
55680.28134487773 21.614487832721267
62702.960054896466 22.00283216754871
70611.37452401957 22.15898166744367
79517.23822617218 22.280523581561294
89546.35450364943 22.903524511107626
100840.39365258093 23.443219197970752
113558.89414340208 23.700058703968512
127881.51624537361 24.308985721861756
144010.579889624 24.788968169551396
162173.922620315 25.5187952482693
182628.11800506376 26.205555192473163
205662.0999675657 27.425116392229814
231601.24423937942 29.302368737443963
260811.96458505458 32.191571264779974