21.927048948080532 13.506212991698828
24.69215213513956 13.504499176939536
27.80594773644858 13.50224266650213
31.31240749249256 13.499236156267969
35.26104818540993 13.495164237507284
39.70763089461915 13.48951973171312
44.71494843184233 13.481422352769169
50.35371207535994 13.469165718728375
56.70355012559234 13.448816179509025
63.8541323831999 13.407871461640232
71.90643642911809 13.182458298597016
80.97417358841406 13.606094911224655
91.18539471483903 13.628530474190349
102.68429847230564 13.624446623143973
115.63326764909709 13.618446288024973
130.2151622608003 13.608430824632194
146.6359018242182 13.587602503802245
165.12737326807223 13.57628874157624
185.95070554481265 13.635716020738359
209.39995718625823 13.627258001317038
235.8062688772089 13.613047611377208
265.54253968796695 13.589948513399259
299.0286930015992 13.576427066330229
336.7376064991996 13.568082027965254
379.2017899439615 13.524838177670022
427.02090506498297 13.454169798093835
480.8702337335076 13.35486934563635
541.510214015703 13.29014144035694
609.7971787661928 13.517290567139339
686.6954484083374 13.71145253839462
773.2909486705394 13.641650847447591
870.8065455826348 13.677629287592502
980.6193142868881 13.919378222864752
1104.2799855266298 13.946693757583914
1243.5348444278534 14.06062714079326
1400.3503908193532 14.056621431868816
1576.9411093343 14.24151691414173
1775.8007414512053 14.232836544509436
1999.7375010851713 14.908896526229551
2251.913731029516 15.00234565390457
2535.890560259734 15.05827266719482
2855.67819273186 15.517731410931983
3215.7925378329614 15.661829704388712
3621.3189821956885 15.68971992395528
4077.9842034361964 15.772912040276353
4592.237039939528 16.324713877353684
5171.339558702266 16.604239352784276
5823.469607255097 16.92401318295599
6557.836297861315 17.31437977529154
7384.8100548116345 17.454669993084746
8316.06906128969 17.614915636834013
9364.764173870632 17.863420730746263
10545.704633507481 18.14111277367866
11875.567195539445 18.399009523023647
13373.131631970105 18.506049937848204
15059.545931681758 18.88013146664301
16958.62494363427 19.050542721847968
19097.186680364768 19.33611733039934
21505.431030927975 19.43347347151028
24217.366231305336 19.535343857083934
27271.289114722807 19.777297291072124
30710.325923774548 20.14367808307487
34583.04132147899 20.1716334556558
38944.12420147076 20.20141772343292
43855.159982057914 20.674045472429782
49385.5002901634 20.91590611681588
55613.24231646965 21.56300288486279
62626.331671816646 21.792583982452456
70523.80431893795 22.25510747107895
79417.18511758359 22.506395695691086
89432.06273270884 22.93286423164428
100709.86314593423 23.16040246935639
113409.84681507626 23.492500474943494
127711.35768481395 24.152558488188923
143816.35580809432 24.962176338575368
161952.26934291533 25.314483934904597
182375.20619921025 25.729908949910048
205373.5706893907 27.142529299544954
231272.13625539863 28.413728573161794
260436.63178564323 31.994013155186877