21.92343931618611 13.56945605692451
24.6804141199756 13.566795907075722
27.784091371273796 13.563305099438647
31.278070520805915 13.558674478563557
35.211433853690785 13.55244038055224
39.63943598145245 13.543871744923816
44.62428004086999 13.531734483507568
50.23599150345485 13.513733231215653
56.55340187054784 13.484919860641273
63.66525607266516 13.431510048748247
71.67145912948 13.279658593097249
80.68447958311471 13.373502002318151
90.8309294197188 13.79813631410508
102.25334267355815 13.793566487153004
115.11217769886912 13.789229102417952
129.58807123674174 13.782326786427687
145.88437594143292 13.77608173004115
164.23001701245502 13.762766751938608
184.88270806148094 13.736757938164223
208.13257138951946 13.731347187406591
234.30621353084047 13.715049463751338
263.77131331556825 13.657977806626757
296.9417869025563 13.61960655758224
334.2836023392501 13.627010114822623
376.32132532958747 13.65758495303544
423.64548816275885 13.65588979498747
476.9208853191488 13.703117943280088
536.895912287436 13.961296557792725
604.413078781527 13.935138816069092
680.4208440435785 13.962717236624234
765.9869404916092 13.9388392497515
862.3133728779737 13.782747148610493
970.7533036620134 13.830781319130828
1092.830061797113 14.148697988109992
1230.258541961442 14.26490344562645
1384.969294841823 14.772006475792118
1559.1356468832175 14.81507391301117
1755.204230473269 14.826445621469574
1975.9293534400317 14.721145542124857
2224.4116906744216 15.019121972288069
2504.1418414047603 15.325689557622013
2819.049364001857 15.525813426331986
3173.5579771396597 15.55213160183147
3572.6477027594674 15.831483594446627
4021.9248238018868 15.750795548708318
4527.700639450062 16.093763684816114
5097.080124212262 16.746999569973617
5738.061736297849 17.023940255092693
6459.649777362289 17.260044283081594
7271.980882014458 17.702626282478803
8186.466413969783 17.894228064843766
9215.952769184145 17.89169401425772
10374.901837854946 17.9629002010574
11679.594160360999 18.280860946179367
13148.35763100991 18.318832186261307
14801.82496234895 18.75777862291733
16663.223526814592 19.010363032923085
18758.701647322014 19.016698866130646
21117.695920418955 19.155393376584875
23773.344732040343 19.59768142100716
26762.95377479883 20.072357443598502
30128.520106247015 20.39683085954939
33917.32210991175 20.955399708982583
38182.58364668172 21.127213283126736
42984.221726331314 21.393451737143415
48389.68820222787 21.67825550889914
54474.917313076185 22.020559112405426
61325.39238245932 22.27171215256231
69037.34666082468 22.385572020498067
77719.1151789536 22.70246764978569
87492.65660331366 22.92898299880357
98495.26647182336 23.044648762465897
110881.50587700939 23.726079394961385
124825.37269007166 24.139129063608436
140522.74582650658 24.90982377309662
158194.13688953943 25.535398765241876
178087.78784555913 26.379381782228204
200483.15824669515 27.92693226579304
225694.85098790686 28.92021005066288
254077.03174634674 31.629105366031197