21.939648824600177 13.863865603477272
24.733144964630156 13.863708968616587
27.882326865482916 13.863509407385232
31.43248270874538 13.86325497588598
35.43466705638111 13.862930289836317
39.94643506308951 13.862515454724456
45.032670173269416 13.86198460745693
50.76651720564388 13.86130388630327
57.230434244175434 13.860428525087105
64.51737846244768 13.859298534402265
72.7321429347767 13.857831944352583
81.99286365864684 13.855913447634329
92.43271846086282 13.853373255018782
104.2018422192785 13.849941220210724
117.46948594278163 13.845119009976065
132.4264507591247 13.837578187578579
149.28783181362414 13.825856496936536
168.29611153855745 13.805945369949239
189.7246467773654 13.831988298503067
213.8815999117682 13.822007664828517
241.11437052508046 13.814223056254626
271.8145913331884 13.783468296362292
306.42376022935133 13.747429916724137
345.4395894368987 13.619960850986875
389.4231630765786 13.70447756688511
439.00700608107184 13.75863717759778
494.90418049520883 13.67144707951112
557.9185399751975 13.93399866486865
628.9562899561517 14.024399212829378
709.0390197339431 13.97300241167161
799.3183938749057 13.948726260169073
901.0927142296074 13.885723997423868
1015.825590727936 13.989719667841308
1145.1669894590013 14.008318151956317
1290.9769607269336 14.13353132299377
1455.35238831421 13.993257012958274
1640.6571446319426 14.510324409535867
1849.5560854164003 14.68644612492644
2085.053372847292 14.699365895865709
2350.5356782101057 14.659802183238002
2649.8208853972064 14.82245945246742
2987.2129956495824 15.031182238741472
3367.5640231208067 15.278233979326338
3796.3437713793 15.5105313096238
4279.71849430029 15.775385270412212
4824.639572564664 16.157526132496816
5438.943481015712 16.478080996502793
6131.464484497886 16.665036818611462
6912.1616828491415 16.940164392381813
7792.262232072683 17.10737764115681
8784.422801342556 17.349602582237658
9902.911587745864 17.803247836468746
11163.813506303832 18.14545219524714
12585.261506096173 18.194537282864065
14187.69733903108 18.53399605948582
15994.165531359551 18.809116773291414
18030.644785519526 18.796093159181513
20326.421578178317 19.139580863481136
22914.511327162618 19.399698906226632
25832.133184050686 19.509436082729714
29121.245280388044 19.778073912903682
32829.14812486818 20.014152072074104
37009.164828894114 20.40325356260981
41721.40794280062 20.705602012344535
47033.64393055938 20.91498201367275
53022.26771492192 21.165677360992223
59773.40130787131 21.441801874667416
67384.13232571588 22.038112105821142
75963.91019983083 22.300697977649854
85636.12016186421 22.600299297939735
96539.85763878669 22.94008234859343
108831.92857524622 23.190865844720122
122689.1044497333 23.591723831008267
138310.6644138004 23.90616219773007
155921.26111267324 24.522480113231573
175774.15140043737 26.050269096255846
198154.83841050477 26.818021802664717
223385.17735774178 27.96650511896596
251828.00411753304 29.730964065720762
283892.35314507945 31.85889107043507