21.879166960117992 12.705604190680454
24.53665219181942 12.705049680285972
27.51692063412408 12.70434968666638
30.85917814970414 12.70346515571615
34.607392619878844 12.702346001855165
38.81087234845647 12.700927641502766
43.52491471960697 12.699126202759109
48.81153364295357 12.696831740074202
54.740275355528716 12.693898315597142
61.38913331258702 12.690128903407391
68.84557420279675 12.685251184643237
77.20768858518781 12.678875995593017
86.58548128465148 12.670419196876125
97.10231852133212 12.658935178278142
108.89655081110736 12.642691712731686
122.12333298664694 12.617721598621248
136.95666528169065 12.568897548364562
153.59168232930529 12.507274599488955
172.247220186223 12.640198253320268
193.1686951528387 12.612887239328735
216.63133226015833 12.539015935511653
242.9437858949137 12.42799294668979
272.4522001926895 12.506328497535016
305.54476261412134 12.331175025081038
342.65681060712086 12.391085626423134
384.27655853400574 12.83964991322155
430.95152020209224 12.944666815439241
483.29571148706816 13.232290835042104
541.9977278007 13.22704843755153
607.8298026631301 13.168308311196526
681.6579665465943 13.11145033830588
764.4534396316186 14.181598504174339
857.3054083490526 14.169397931723626
961.4353537851966 14.206346275459493
1078.2131204422699 14.3052579868955
1209.1749367410837 14.574726402505142
1356.0436243282466 14.63602185032147
1520.7512620442562 14.73839438481739
1705.4646027002632 14.855920155080772
1912.6135770248807 15.19207571827243
2144.923259754587 15.538692701328252
2405.449718386263 15.830616969273517
2697.6202161873985 15.928763412470982
3025.278298340385 15.92247906960445
3392.7343543356315 16.126458055881002
3804.822321769123 16.226710463976893
4266.963277491088 16.369242625557206
4785.236752656513 16.476127625544255
5366.460709837335 16.963297232355796
6018.2812343067835 17.525943295126176
6749.2731193977215 17.831829708844793
7569.052669149931 18.191963514645185
8488.40420218142 18.217950670291074
9519.42192096059 18.60143734922404
10675.66901279005 18.8080585802117
11972.356075498454 18.76812069603475
13426.54121505628 18.93742481222923
15057.354447428555 18.804491202530443
16886.249356703447 19.360677052093575
18937.285320095772 19.584388622796226
21237.444012536213 20.116759974865083
23816.98435450985 20.15045193614285
26709.840572534362 20.345886223126882
29954.06860882094 20.594082424599144
33592.34675270162 21.300574462793556
37672.53707970193 21.379895016648383
42248.315084071255 22.07798856621055
47379.8757876778 22.759148552893407
53134.72561423279 23.1083128283982
59588.57044606408 23.49475124852932
66826.31154595471 23.979562124534823
74943.16244554198 24.501398128003316
84045.90149310563 24.585671055703354
94254.27653819266 25.21296646625894
105702.58023190871 25.96870313578896
118541.41666617845 26.360897901128073
132939.6825923706 26.867122322151555
149086.78928250558 29.393365686842525
167195.15426195104 29.429010886669314
187502.99569271004 31.17344736941022