21.906802510367378 13.173793503940315
24.62634622822022 13.173257288960095
27.683498231436154 13.17257529735746
31.12016972504473 13.171706319352362
34.98347483468852 13.170596454487416
39.326376505085896 13.169174479855531
44.208412581309624 13.167344988593074
49.69651202689735 13.164977783823243
55.86591246851755 13.16189055995779
62.801191646022936 13.157818512408321
70.59742690827937 13.152355575818651
79.361498650567 13.144824139299786
89.21355556267893 13.133919102216066
100.28866177514327 13.116296881023992
112.73864848467724 13.068167734805058
126.73419544323622 13.09819255638768
142.46717084627267 13.065643334194613
160.1532616982758 13.067460554248905
180.03493071588198 13.155337072426622
202.38474030542565 13.12311424372372
227.50908918410954 13.142341428142938
255.75241287099897 13.07470172377058
287.50190563334405 13.01023784082613
323.1928286224868 12.9341164605374
363.3144769698172 13.060440878410176
408.41688764707885 12.90339034400358
459.1183800506362 13.299381688957576
516.1140326853183 13.285153288313502
580.1852121566632 13.318887428988832
652.2102851067233 13.92680269450109
733.1766599458441 13.935855642412847
824.1943234633034 14.020252908187832
926.5110578933438 14.047142249902592
1041.5295470508825 14.079352696109645
1170.826606048875 14.135095770870597
1316.174798221982 14.015109385086062
1479.5667356079553 14.512173343869554
1663.242396127669 14.381248961729726
1869.7198319613503 15.04909674713437
2101.829690109247 15.039443804657331
2362.7540183870997 15.681392810873959
2656.069888856799 15.892628781392215
2985.7984367359422 15.990117905552841
3356.4599870720667 15.895622176511822
3773.1360249258987 16.442209440811983
4241.5388586272275 16.687187877297987
4768.089931133105 16.743714722354397
5360.00785307693 17.069072153019516
6025.407364373879 17.466601898580343
6773.410581070265 17.58305678082001
7614.2720525456225 17.910710437149373
8559.519343505734 18.03954611806847
9622.111068037628 17.963722322856366
10816.614542252095 18.580792604318383
12159.405490994894 18.78527914035972
13668.892546452262 19.07736355352023
15365.769616354071 19.13921434023691
17273.29958154884 19.37995641635532
19417.63321222635 19.622159698157947
21828.167674884236 19.614055667939873
24537.949544893632 19.837263836549827
27584.127849656485 20.00706874402841
31008.463353228104 20.354368442509546
34857.90106430588 21.29410642673197
39185.213816228774 21.532551906373637
44049.7257419748 21.668270164815596
49518.12556244313 22.020586936624216
55665.380837577846 22.08995854175418
62575.76571401422 22.094044370984363
70344.01625887773 22.507690391642875
79076.62921847485 22.818272611826607
88893.32200685912 23.009637211113482
99928.67393959397 24.02073665599017
112333.97121276641 24.884883925704955
126279.280920496 25.502663802164825
141955.7825441257 25.590155662706394
159578.38887602012 26.409422563793864
179388.69230882268 26.68015906786782
201658.27688153315 30.95357887306683
226692.44148801378 33.99174323862773