21.90572001570756 13.148178787963761
24.622830092800484 13.14780028487131
27.67696114732516 13.147320665784703
31.10991610077034 13.146712419940888
34.96868296505541 13.145940226818377
39.30607798329221 13.144958514247527
44.181468543512246 13.143708082436275
49.661585760123344 13.142111289045364
55.82143784517192 13.140064864834077
62.74533677103126 13.137428440923001
70.52805227679463 13.134004171529947
79.27610901364719 13.129493637484037
89.10924458368292 13.123374194772447
100.16204842883619 13.114230103191963
112.58580400195194 13.101817887787611
126.55055943441255 13.101389092424714
142.24745504224606 13.081929777232908
159.8913395280775 13.052628829673179
179.7237106877613 13.048214821811936
202.0160208721375 13.019505471820551
227.07339244688188 12.998801842230634
255.23879410520172 12.900668935227905
286.8977351959765 12.823115488217208
322.48354232019614 12.441419957172315
362.48329041825133 13.195984176950374
407.4444695288672 13.462088400465085
457.98247846985805 13.325231529924112
514.7890480092367 13.449588054154532
578.641708817464 13.18359657975586
650.4144337918922 13.542668336182565
731.0896004184826 13.482108291286085
821.7714369036796 13.765354963620934
923.7011361181796 14.36406522738198
1038.2738442222378 14.523056263379107
1167.0577565015597 14.69960184200993
1311.8155817849129 14.715957599245762
1474.528669234195 14.707340872847013
1657.4241277384492 15.134204057773022
1863.005309104135 15.181684933318675
2094.086072275341 15.242721933999224
2353.8292975698923 15.345200885577988
2645.790178088667 15.845140991889377
2973.9648808422576 16.347835137187936
3342.8452436362118 16.38298470489774
3757.480256369562 16.780843343647504
4223.545168261922 16.78758252642786
4747.419166903045 16.85745175714544
5336.272692344204 16.92538534765148
5998.165581328798 17.07212461044591
6742.157384995333 17.23035613535668
7578.4313700084485 17.618788580456673
8518.433900363169 17.906820651398363
9575.03110762822 18.37338980362749
10762.684994026835 18.375039051153852
12097.651378737224 18.458950704386545
13598.2023967706 18.77686151575945
15284.876595843773 19.24655162078777
17180.760054406615 19.61134184270742
19311.80236858165 19.867703003122763
21707.17183303546 20.180727841407045
24399.654677262268 20.258544269485206
27426.10382176146 20.541503565515818
30827.9432963859 21.100673292531805
34651.73522500532 21.24422567447027
38949.817136994796 21.549548810347073
43781.018328645594 21.87314890193977
49211.46507957888 22.00147538097557
55315.485745430124 21.98644873372677
62176.62811511377 22.086156654293788
69888.80295757942 22.821051340684985
78557.56941016969 23.23952135905141
88301.57980212414 23.786759861701373
99254.2036890148 24.187633772783784
111565.35332682074 24.575889880915042
125403.53557152092 24.711753913677065
140958.15828924655 24.674468436738934
158442.1228456063 24.624760195086854
178094.73815846056 28.121397710953772
200184.99619976646 28.025151223440595
225015.25377939278 31.677030887368772