2.188232544538774604e+01 1.323941685960998527e+01
2.454689588618709450e+01 1.322656172215461723e+01
2.753592615881287742e+01 1.319850386620252003e+01
3.088892513901364012e+01 1.309535607682655645e+01
3.465021262552377124e+01 1.332688271059394580e+01
3.886950515728911171e+01 1.332551061023915295e+01
4.360257316457627041e+01 1.332376720414579729e+01
4.891197814016167200e+01 1.332154464917845971e+01
5.486789957449754240e+01 1.331869720427804715e+01
6.154906258524914620e+01 1.331501985187036041e+01
6.904377850257100135e+01 1.331019911273007494e+01
7.745111216453446445e+01 1.330363728760631759e+01
8.688219135196838749e+01 1.329157102875511320e+01
9.746167567076699356e+01 1.328742877711675163e+01
1.093294042972890310e+02 1.327933172062123646e+01
1.226422443666775308e+02 1.325972589697284221e+01
1.375761644360189848e+02 1.322733978393929632e+01
1.543285604292900359e+02 1.323342395781573977e+01
1.731208648083330104e+02 1.319663951347797237e+01
1.942014734577730906e+02 1.314645729645253525e+01
2.178490289713178640e+02 1.306198314561352802e+01
2.443761037377779815e+02 1.275303159697170230e+01
2.741333315096849788e+02 1.325998783124311231e+01
3.075140420654049080e+02 1.317690134462464790e+01
3.449594602255169775e+02 1.296809115746157381e+01
3.869645379438335340e+02 1.242734583053373321e+01
4.340844965613965769e+02 1.432588249279256232e+01
4.869421656986845051e+02 1.436196378903022541e+01
5.462362157911993563e+02 1.467656779326500427e+01
6.127503930857382102e+02 1.478478809860092547e+01
6.873638791651426345e+02 1.468294006135419139e+01
7.710629119332828623e+02 1.488138068083094723e+01
8.649538216659660748e+02 1.533717337470891096e+01
9.702776544377402388e+02 1.543186172210934792e+01
1.088426576216429112e+03 1.561812707187627502e+01
1.220962274454022918e+03 1.565088102915532176e+01
1.369636600405383433e+03 1.566357019878793722e+01
1.536414725024049858e+03 1.573659530743323387e+01
1.723501114508802857e+03 1.572613740668712801e+01
1.933368668844662807e+03 1.619875817646811100e+01
2.168791408490319554e+03 1.650803625169863409e+01
2.432881141263256723e+03 1.665906171328696672e+01
2.729128594083892040e+03 1.686663529193432254e+01
3.061449553256398758e+03 1.700491735204573018e+01
3.434236623166499157e+03 1.728905824643936384e+01
3.852417287540484722e+03 1.730870387104766195e+01
4.321519040716741074e+03 1.801769257753823794e+01
4.847742449832176135e+03 1.813124059678064270e+01
5.438043113656440255e+03 1.838862166270676468e+01
6.100223601402341046e+03 1.838618616420115615e+01
6.843036586755748431e+03 1.884060205325723913e+01
7.676300540346249363e+03 1.902770055599228982e+01
8.611029509876760130e+03 1.939647371987915392e+01
9.659578703340321226e+03 1.956886270380320525e+01
1.083580779963688110e+04 1.978380270718157519e+01
1.215526414522290361e+04 1.972195217387286448e+01
1.363538825827943765e+04 1.989885957663318905e+01
1.529574435674390952e+04 2.020320519596304010e+01
1.715827895731552780e+04 2.045682891413590454e+01
1.924761096358494979e+04 2.109567169381505636e+01
2.159135707766093765e+04 2.144100245003670580e+01
2.422049683657104470e+04 2.161145004624233934e+01
2.716978209847195467e+04 2.165263466762742439e+01
3.047819639124114110e+04 2.180089716261117871e+01
3.418947019509984239e+04 2.211396041646821331e+01
3.835265897025146842e+04 2.229589644888910271e+01
4.302279156988019531e+04 2.223936432979802191e+01
4.826159760920526605e+04 2.307632890967564521e+01
5.413832340492480580e+04 2.356656125343511832e+01
6.073064727010174101e+04 2.424125890487408697e+01
6.812570626282105513e+04 2.433748993389710336e+01
7.642124796013881860e+04 2.490038704623319887e+01
8.572692248142250173e+04 2.568750712464247954e+01
9.616573183899204014e+04 2.587647712765193120e+01
1.078756557735172391e+05 2.577222923732851356e+01
1.210114755643953104e+05 2.799126138531963193e+01
1.357468199221569521e+05 2.868957175901602241e+01
1.522764600054201728e+05 2.977803551053707309e+01
1.708188838978282874e+05 3.044608534190235716e+01
1.916191845743007434e+05 3.156016572169722423e+01
