21.87322269851304 12.636097074911724
24.517378830466292 12.633591259770045
27.481175179433443 12.630256719818599
30.803251622650947 12.62570336888834
34.52691903941749 12.619201320946683
38.70072396765679 12.609050254829294
43.37908151928847 12.588990285850066
48.62298480590952 12.544876790608889
54.50080012377558 12.640102232389522
61.08915826514065 12.628973920249678
68.47395357624106 12.613610206565713
76.75146378693395 12.591406143137553
86.02960521153553 12.556120718763797
96.42933968527919 12.492173838586016
108.08625157903354 12.382690999233262
121.1523154522813 12.457657730395576
135.7978773897667 12.727904918870307
152.21387585307488 12.57488951234463
170.61433100103258 12.77168852306681
191.2391349329265 12.742210856967098
214.3571792317535 12.656893122454019
240.2698605821964 12.523767171497258
269.3150101670885 12.153796257685642
301.87129807105475 12.801865213466321
338.3631701128244 12.895792810952688
379.2663814691367 13.394847277615266
425.11419923370914 13.757291610738914
476.50435477583795 13.820067826835649
534.1068365385556 13.81766285253994
598.6726248733302 13.762531390901618
671.0434827898905 13.925075684492791
752.1629302660401 13.896373520736992
843.0885451927368 13.99297543123444
945.0057513254424 14.08954351975872
1059.2432729992893 14.19500224492511
1187.2904580956904 14.436227341618729
1330.8166951049595 14.647754676112925
1491.693177430847 14.832678866049386
1672.0172986845814 14.925548538665176
1874.139997016972 15.138514640286061
2100.696404984609 15.454275994714514
2354.6402045413984 15.38882396115309
2639.2821350514837 15.723354719080334
2958.3331563637425 15.80307771020098
3315.952829677432 15.826396021413185
3716.8035469544693 15.798248802535412
4166.111315882977 16.72526141826031
4669.733892863399 16.79146080813466
5234.237152286807 17.176540134566437
5866.980687753924 17.46354925833483
6576.213761242927 17.52663651612476
7371.182851143337 18.063705866142364
8262.252201291009 18.287227811975193
9261.038942637218 18.373725541932007
10380.56454917241 18.685373261180246
11635.4246026796 19.0741362904488
13041.979079590154 19.293886540930934
14618.565640767012 19.526068106591293
16385.73870493661 19.647955094298982
18366.537422639387 19.924799902406704
20586.78604435357 20.20457897983034
23075.43059877891 20.434530377066267
25864.916270653444 20.558222387279528
28991.610398087854 20.732670420507826
32496.276604157007 20.29666520683465
36424.60624414061 22.160492678080583
40827.81409704537 22.17626397544843
45763.306067613055 22.30570645125755
51295.42760384003 22.829057315809138
57496.30258734569 23.691614309562127
64446.773633448334 24.09746596781028
72237.45605991446 23.97359680728626
80969.91926527978 24.59042425577084
90758.01091871521 25.786549400138256
101729.3412252875 25.955288642410043
114026.94661741355 27.162769954609555
127811.15456253893 28.005921582569428
143261.67379908182 29.095323801029743
160579.93725165853 29.918800044368105
179991.72817085875 30.832875947917902