21.95490294958779 13.524554776228866
24.782814406805045 13.52416221319563
27.974976310868886 13.523653053965587
31.578306109526597 13.522988841711737
35.64576447414309 13.52211534702286
40.23713369992187 13.52095324857789
45.4198963683275 13.519380145440028
51.2702271860288 13.517191145817428
57.87411257811725 13.513995291424864
65.32861449104928 13.508852118471223
73.74329698031245 13.497960623589893
83.24183655037766 13.484233754789715
93.96383991523602 13.521750347976441
106.0668958964247 13.514386492619494
119.72889161672927 13.501997226862366
135.1506270322907 13.473199252027703
152.55876623073283 13.452713901248718
172.20916887261382 13.547667285962534
194.39065074073886 13.51498556416186
219.4292286687718 13.550446569691495
247.69291223984493 13.534619771800273
279.59711268213016 13.51574884780419
315.61074845971416 13.484531389199248
356.2631372969375 13.460335561517207
402.1517759331238 13.43813503698503
453.9511219522281 13.364303265328672
512.4225067601232 13.378729707308665
578.4253254075246 13.228799033397024
652.9296677232476 13.517476811712678
737.0305764064399 13.316020987291964
831.9641416389999 13.555254265806674
939.1256687720099 13.778529766129749
1060.0901861094483 13.589144012322462
1196.6355942064938 14.163391384136558
1350.7687969239337 14.304310238730396
1524.7551983051567 14.325522288671817
1721.1519988120654 14.224783816356585
1942.8457802981006 14.827786618996873
2193.0949321311473 14.83737578205417
2475.5775420328796 15.022391129679924
2794.4454555198754 15.206674765699344
3154.385298496123 15.381309812496955
3560.6873598888546 15.59201391909809
4019.3233467442383 15.672360240334058
4537.034154604234 16.074639699584488
5121.428943187539 16.186359001328785
5781.09697355959 16.47212054497065
6525.733850541103 16.53949121074651
7366.284025828585 16.76278880477271
8315.101656295417 17.17250893031723
9386.132181720975 17.47206489652603
10595.117290723374 17.53907962812348
11959.826287424261 17.95954649239466
13500.317259404177 18.257600856683506
15239.23188551752 18.314225235036243
17202.128216564826 18.356496956279624
19417.85631993398 18.66802041777694
21918.982309323565 19.17704531251713
24742.266991811415 19.393441831355894
27929.2061672809 19.712116028149644
31526.640521365345 19.86113315073483
35587.44407593597 20.086614114610537
40171.3013157744 20.107277736099256
45345.5844134065 20.65237225262623
51186.34344528792 20.868597010753668
57779.424153244545 21.01908675786793
65221.729679693875 21.53973129440405
73622.64482125669 21.780627913563507
83105.64373401567 22.207777359585272
93810.10471999561 22.405315282743427
105893.35876805813 22.645884997657898
119533.00195805605 23.23795548239274
134929.50571527745 23.692672332826938
152309.1632799245 24.336253007394077
171927.41569795954 24.642420160596757
194072.60621774464 24.990124758926328
219070.21827348275 26.47771514294775
247287.6593440796 27.832882982996978
279139.6609991673 28.974494044016865
315094.374500559 32.10318788844333