21.943378718443448 14.286074494676914
24.745285822902567 14.285949689652787
27.904962964635825 14.285790550271464
31.468093099858113 14.285587478700505
35.48619235210161 14.285328096205646
40.01735483794001 14.284996373256892
45.12709259805277 14.284571444069071
50.8892827774436 14.284025961136978
57.38723574924842 14.283323757001613
64.71489962518298 14.282416421509462
72.9782185675733 14.281238099024197
82.29666454159226 14.279697190131927
92.80496465394309 14.27766227138895
104.65504905204004 14.274936194543441
118.01824754662573 14.271202999469997
133.0877667168332 14.265901332208355
150.08148331194758 14.257844968447387
169.2450943371752 14.24351056644742
190.8556693677018 14.176255574728959
215.22565645078467 14.276346895120199
242.70739951364635 14.25321646200434
273.69823259034587 14.23587154836612
308.64622452051424 14.253045202257638
348.0566571774345 14.252741846980454
392.4993308883918 14.17693337927741
442.61680266985866 14.271238896298811
499.13367638681666 14.304694065563078
562.8670791543473 14.26743452613
634.7384754504502 14.244742869619428
715.7869897498157 14.174502864817875
807.1844302986462 14.05230297483174
910.252231245892 13.894632723554075
1026.480558082086 14.376873615355123
1157.5498526142896 14.234067461712712
1305.3551289767454 14.567210357208952
1472.0333719516052 14.812496428611796
1659.9944337276327 14.816345596865249
1871.9558758055896 14.78643061113779
2110.9822597983693 14.936955888386446
2380.5294551965335 14.913699334207802
2684.494604705766 15.020415044123133
3027.272469560518 14.934905878879436
3413.818969460546 15.517896176667875
3849.722835797648 15.861390606315624
4341.286414142754 15.998910497482425
4895.616784244538 16.067467373862517
5520.728514962416 16.45767026145516
6225.659539775922 16.67294192929105
7020.601828211218 16.779830823341015
7917.048742446452 17.1333835311287
8927.961209593774 17.164279274997686
10067.955112195048 17.343122796277335
11353.512606243343 17.62370273948963
12803.22042198922 17.855550885663604
14438.038592910903 18.226104903096612
16281.603498160901 18.583705968780862
18360.56959990986 18.978719914293183
20704.99481646342 19.441040871468353
23348.775102918455 19.630154909566215
26330.134522573302 19.598322127895376
29692.17789459763 19.977221895099913
33483.5140082022 20.257933918885165
37758.95841380706 20.568171992712692
42580.32595223903 20.727159364025027
48017.32448043226 20.9728771975543
54148.56271521516 21.390085523181853
61062.686766699095 21.649427496692574
68859.66179339233 21.97167095022355
77652.21730934817 22.287564555688636
87567.47703975576 22.593679332878363
98748.79688960317 23.101047187575226
111357.83759896373 23.533709844666244
125576.90205158116 23.819848537874865
141611.57102981638 24.027171922157088
159693.67552398716 24.80670601409602
180084.6485700736 25.311846821909523
203079.305077023 26.28502454915385
229010.10429280988 26.59519741045037
258251.95653644943 27.114974526492695
291227.6436922182 28.100238951175317