21.945424021649934 14.113131459920154
24.751944459673595 14.112792573895122
27.917380586055515 14.112357988086439
31.487632822401196 14.111799368737941
35.51447162824394 14.11107909454108
40.05628819883961 14.11014656173835
45.17894116697113 14.108932516108586
50.95671158636631 14.10733993178488
57.473380044470765 14.105228419370139
64.82344152325467 14.10238543590986
73.11347562414821 14.098467490580578
82.46369202605891 14.092862476238773
93.00967358639255 14.084296391730444
104.90434236092169 14.069270349921979
118.32017705078263 14.028120907708608
133.45171403070162 14.04854176969895
150.518368224622 14.125305032836675
169.7676147328521 14.111087834971318
191.4785773459342 14.086427363633668
215.96607598049718 14.092783413250103
243.5851917269547 14.082586091269297
274.7364157045451 14.036796542472267
309.8714563847114 13.863058205781094
349.4997895919395 14.193716528814917
394.19604616037384 14.15994609950247
444.6083443709614 14.093193832162548
501.46768799366674 14.074544609118098
565.598566211115 13.959008170426284
637.9309091279065 13.699620138819132
719.5135722265198 14.08276563327346
811.5295453012258 14.545319401429346
915.3131064072237 14.575364247441426
1032.3691695659277 14.607812227354215
1164.3951067778921 14.73274012936169
1313.3053607735774 14.849914551621447
1481.2592053992676 14.966449801432756
1670.6920561777501 14.941004139026452
1884.350785062684 14.935822373308541
2125.333551468432 14.970809861858992
2397.1347271453787 15.111309052499141
2703.695566334122 15.198588654956634
3049.4613559413256 15.156571751426718
3439.4458744436574 15.356909906508697
3879.304094206437 15.300483957092606
4375.414181437311 15.589950659424147
4934.969982815676 16.217675214820233
5566.085339900682 16.25198962092406
6277.911743929339 16.600852919544824
7080.771037058721 16.794950653081447
7986.305084287269 17.24469808660052
9007.644586373563 17.441909199085515
10159.599481625119 17.638960794798603
11458.87369747924 18.113727523502476
12924.307365882303 18.308009419348902
14577.15001471263 18.588705498919886
16441.368696660524 18.791115993489555
18543.995523589834 19.098618511981194
20915.519645804605 19.191830468270275
23590.329360118005 19.41393126423945
26607.2107575139 19.551514081983495
30009.910141043605 19.935652092069443
33847.768369301266 20.08929215219441
38176.43632377867 20.43748895484676
43058.68187473696 20.725898950706025
48565.3000470079 21.09392098394182
54776.13958358803 21.206210736630563
61781.260792716464 21.39148222974174
69682.24146780268 21.780212687724017
78593.649816703 21.867902075145874
88644.70575856343 22.71923451328371
99981.15467787198 23.00438588106726
112767.38080609958 23.473634809118643
127188.79087602996 23.979293097032368
143454.50261297083 24.16729712624364
161800.37704732377 24.865642492512595
182492.43861857735 25.470371861346006
205830.7326639576 26.42240228566925
232153.67622726675 27.39795433238077
261842.96527683706 27.925874681696186
295329.1094897351 28.25972684509569