21.91433630912753 13.775755987725345
24.65082364234706 13.775355679006106
27.72902166300144 13.77484591845356
31.191600473191926 13.774195625655032
35.08655847665117 13.773364145071158
39.467887734504686 13.77229779094478
44.396322405346986 13.77092478839079
49.94018064453813 13.769147597244096
56.1763116331619 13.766830736440621
63.19116086439832 13.763780366636272
71.08196845435208 13.759707538289863
79.95811708836875 13.754155622070726
89.94264828812362 13.746337789748596
101.17396801803736 13.734699953035786
113.80776527420157 13.715333499039126
128.01917025136976 13.67065727175642
144.00518200460888 13.651784900112835
161.98739925795326 13.74426151122876
182.21509221463816 13.709178397098125
204.9686579504665 13.784638959004894
230.56350728910874 13.758354165524544
259.3544370393528 13.720272064597333
291.7405482024302 13.758170053519054
328.1707783258016 13.792468689965592
369.1501246931067 13.728667590862063
415.24664461638383 13.733177561186583
467.09932986888487 13.885354340777086
525.4269644141821 13.830445712044735
591.0380882177593 13.786164451072873
664.8422052598315 13.715835184011791
747.8623911153115 13.746720787140918
841.2494748676914 13.977082805515337
946.2979919470876 14.11783397694446
1064.464129031317 14.042697385102793
1197.3859097629334 14.22582825285021
1346.9059010974213 14.190624099012762
1515.0967550388455 14.504005144392043
1704.2899398234986 14.740129830523788
1917.1080588243453 14.96335835271189
2156.5012051821845 15.386165733563828
2425.78785611287 15.344713925072284
2728.7008737690685 15.693969204040933
3069.439250322321 15.970511063992845
3452.7263145577717 16.0292659100277
3883.8752068436725 16.41916854218027
4368.8625300922595 16.59856891074451
4914.411197664517 16.79535352116838
5528.08362665977 16.95028797638767
6218.386568439118 16.83307606940725
6994.889029547578 17.122319859738255
7868.354917659392 17.65158231576382
8850.892251289813 17.743145981660575
9956.121001624242 17.82649314304685
11199.361893094816 17.93805462858357
12597.8487798654 18.242020536123313
14170.967542196242 18.798990230644293
15940.524814279051 19.101412618732763
17931.050268658317 19.601774926744472
20170.136647517473 19.66643448696703
22688.822254356917 19.77459167054895
25522.02120817861 20.201183245394677
28709.00742437769 20.421351635922623
32293.959031303286 20.548499537947425
36326.57076921222 21.131488645936493
40862.74286071416 21.224226766356935
45965.3559018573 21.35165142348754
51705.142515425396 21.653438668960593
58161.6678493384 21.95027525237136
65424.43251186411 22.14092015064966
73594.11323257218 22.387181248005295
82783.95844712137 23.436404067641703
93121.3581515315 23.720783728888318
104749.60978732147 23.975428261935598
117829.90463628301 23.94288307438364
132543.56226037242 24.73650355710194
149094.5439606137 25.052983313486752
167712.28009668033 25.887627099516823
188654.85045957 27.879515373864898
212212.5617838237 29.057495060840726
238711.97199090448 32.274533257579044