21.960877573511294 13.714750762139262
24.802280868177913 13.714606230098624
28.01131850058523 13.714421315959079
31.63555675832773 13.714184531427893
35.72871628261504 13.713880984263799
40.35146834795518 13.713491277655946
45.572334168308814 13.712989988758249
51.46870055977164 13.712343517601724
58.1279670145485 13.711506956019441
65.64884118884058 13.710419355432274
74.14280200714646 13.70899621527149
83.7357520699903 13.707116763697258
94.56988385805872 13.704600468816366
106.80578739474802 13.70115812291632
120.62483060816444 13.696270335947531
136.23184767573608 13.688784392618139
153.8581751996988 13.674382681051643
173.76508121747688 13.659723615390362
196.24763787381409 13.661207793440731
221.63909515773352 13.677444345760527
250.31582053448815 13.685061569416014
282.70287769069967 13.680184786089587
319.2803270842056 13.616158853454184
360.59034168915707 13.675687521951751
407.2452434102231 13.621239372014635
459.93657928647434 13.56640094889914
519.4453720178994 13.628568053693138
586.6536967540317 13.744628186214573
662.5577557428155 13.709228276902477
748.2826446400289 13.707113413021386
845.0990293543889 13.6155207325595
954.4419806225787 13.529185952240171
1077.9322454916032 13.63152896477364
1217.4002710071936 13.75729527745864
1374.9133362018283 14.162684212002597
1552.8061945490335 14.06274256721929
1753.7156810848635 14.162397691206365
1980.6197971641516 14.370492827040298
2236.881852189321 14.456966547355684
2526.3003166070193 14.65055054481945
2853.1651251237213 14.844682810683999
3222.3212647004448 15.282360986776727
3639.2405898661113 15.370466835140451
4110.102929839382 15.55339611376736
4641.887689677527 15.672135041657004
5242.477303219705 16.078532820133706
5920.774071266473 16.456058928113052
6686.832116841353 16.66853499783939
7552.00641345475 16.901168296997895
8529.121095356912 17.118936813395187
9632.659544575763 17.44455155702792
10878.979072324184 17.678826213922203
12286.553376913722 17.862324791476063
13876.24637203195 18.05977607373686
15671.621444231001 18.24770376283919
17699.290723627942 18.27371195927795
19989.309544917596 18.520229155221518
22575.62194563642 18.84421913630795
25496.563805120742 19.1336851708949
28795.43108198815 19.293422517902602
32521.121572899843 19.576446165193154
36728.859705138646 19.880819319987626
41481.01510631476 20.115956558668103
46848.02708453204 20.51323993998649
52909.4487222165 20.857568415440312
59755.12605979402 20.985210004211027
67486.52984778801 21.09627170074186
76218.25960736806 21.440608581589217
86079.74229344018 21.830181543190243
97217.15073888638 22.135268595639154
109795.570316288 22.806167782483683
124001.4459326977 23.308632656052044
140045.34562828977 23.574270280456762
158165.0817426114 24.201345757271458
178629.23591223982 24.493918341401955
201741.14014948328 24.885400674649656
227843.3730120696 26.32725433325531
257322.8375087582 27.22833694625163
290616.4960086469 29.710442196100235
328217.8471604536 31.953842735962553