21.889250037219462 13.827999251775967
24.569360700609305 13.827580031079384
27.57762299805706 13.82704890541754
30.954215679047156 13.82637494351926
34.74423696242691 13.825517968040668
38.99830687418769 13.824425304909997
43.77324333523314 13.82302702050745
49.13282102905251 13.82122863303056
55.148623184835955 13.818899301651935
61.90099765255993 13.815851176426085
69.48013003950803 13.811799395257204
77.98724824118088 13.806272753387143
87.53597445446916 13.798368110867004
98.25384273075676 13.785799512054899
110.2840023375945 13.75652255000118
123.78712967926768 13.761894125501945
138.94357431212217 13.798356122712676
155.9557677171146 13.776867139748333
175.05092700146997 13.714522264557193
196.484089640445 13.756355116535929
220.54151979161043 13.70175616531125
247.54453167683522 13.66002185451697
277.85378109757073 13.674365342847487
311.87408240147863 13.61991295552008
350.0598152364487 13.43579336940863
392.9209933053277 13.7015385229355
441.03007617645125 13.8516450296747
495.0296151294216 14.271775136198876
555.6408351550601 14.232248349137656
623.673267731863 14.177530581269735
700.0355630355936 14.334698969278998
785.7476259913205 14.202464811652469
881.9542382586126 14.343220343252511
989.9403480869339 14.420249753614923
1111.1482322545662 14.634344591940371
1247.1967593081918 14.86492840559934
1399.9030113855122 15.09333907291478
1571.3065534048278 15.161148497737976
1763.6966737640882 15.212329907155215
1979.6429603797976 15.26668489506294
2222.029620443391 15.234355320642756
2494.094002274304 15.480908339850444
2799.4698337726904 15.550263122314135
3142.2357549703015 15.984306961158476
3526.969792886681 16.078677690751412
3958.810506264095 16.07498637184687
4443.5256168383385 16.58342709705314
4987.589043793786 17.019708740125004
5598.267370285052 17.24351318673607
6283.716896883553 17.295773759866854
7053.092578207707 17.532465059402572
7916.670297708753 17.92018136741211
8885.984113730476 18.449783917115017
9973.98030991934 18.555799310572052
11195.190307502731 18.66005367245111
12565.924748874575 19.085296639946925
14104.491344694365 19.37456317420155
15831.439394094365 19.504219044829995
17769.834243839156 19.79588445104719
19945.56535215048 19.894342562757494
22387.69207173853 19.959279415972034
25128.831770363682 19.835404413157413
28205.595472718287 20.639303108104503
31659.07684211905 20.575749549119408
35535.401032914364 20.949547257790783
39886.34074415199 21.065793089217397
44770.007702601215 20.88619913468241
50251.62881066858 22.120065233155696
56404.41732554128 22.741666531016
63310.550705142276 23.089467031475706
71062.2681811371 23.645303929602157
79763.10271832286 23.739984908905427
89529.26381461188 24.770268764087156
100491.18961046994 24.926204129041473
112795.28903798794 26.271127611359695
126605.89727796083 26.742051781053142
142107.47064231732 27.931724093182968
159507.05019704075 29.211762437712544
179037.02703005474 29.49480576049463
200958.2460973579 31.031259336021357