21.926980314044084 13.368407608835657
24.691928923342466 13.367665359893419
27.805532053353154 13.366718578154876
31.311754345735057 13.365508927494659
35.260104296023556 13.363960156470835
39.706333322578715 13.361971747121185
44.71322298673758 13.359409727265225
50.35147147986204 13.356092957587723
56.70069189464041 13.351771864039502
63.85053637641469 13.346093852287927
71.90196202775479 13.338543628213497
80.96865644108144 13.328332111904128
91.17864298811807 13.314167895598889
102.67608853315002 13.293716675249051
115.62333909533069 13.262018878712125
130.20321220395516 13.204552015687359
146.62157831517607 13.06576856136323
165.1102677402322 13.176867099106033
185.93034413154624 13.398297527140596
209.3757907489092 13.330430291510641
235.77766155649857 13.366488545193192
265.5087557649756 13.171421980629608
298.98888182404437 13.707091490925137
336.69078519400284 13.643554610988666
379.1468235974981 13.618278355504177
426.9564840072518 13.672341960746714
480.7948475109882 13.577850581685581
541.4221215789946 13.377152355982183
609.694374331664 13.913551554835337
686.575622376825 13.86662003897131
773.1514428993207 13.933194984094861
870.6443022080108 13.77288404742561
980.4308171820654 13.94677005647962
1104.0611933513073 14.19236001510337
1243.2811140798262 14.370321342654172
1400.0563899321153 14.703887135970819
1576.600716275251 14.778862422010679
1775.406931059511 14.782828064255137
1999.2822141429547 14.852905923473944
2251.387725180832 14.995047751299385
2535.2832397740176 15.274329729309052
2854.977414146987 15.579295873495543
3214.9843881017187 15.867146511458895
3620.3875254915197 15.890202852514001
4076.9111922418174 15.930783024344436
4591.001585436639 16.285115535570107
5169.917754792134 16.537287999077837
5821.83410175688 16.67355764204619
6555.955803544908 17.20119213458178
7382.6487919097035 17.517233407282244
8313.586121983148 17.84785076860057
9361.912797933912 17.978978424057093
10542.431382813598 17.95810377833356
11871.811013435337 18.335655639061784
13368.82277161287 18.70754209442312
15054.604735244788 18.943118598800567
16952.960451813353 19.13421505906943
19090.695048797934 19.363306043888702
21497.993726943103 19.433626423905057
24208.847980775092 19.899991060669137
27261.53556467774 20.038712970460452
30699.160981736008 20.37174197477121
34570.264127147784 20.69754907659017
38929.50568035945 21.045499744869183
43838.43892378658 21.374109164819565
49366.37888634043 21.537169363197705
55591.38108422446 21.720939791713626
62601.34367899882 21.850310896030102
70495.24861558489 22.258019581190215
79384.55926530364 22.310414362160962
89394.79430892169 23.00467936621106
100667.30008321912 23.599174828343855
113361.24641693497 24.057686286673796
127655.8741376559 24.409685173820186
143753.02598485356 24.866609479324534
161879.99666602287 25.292284400524835
182292.74229923118 26.707672869198497
205279.49455998925 27.88230624053577
231164.83056485545 29.42557297615307
260314.25595926843 32.197348651701354