2.194222146904671078e+01 1.514766898451123467e+01
2.474151867074380817e+01 1.514747903368332871e+01
2.789793854730240952e+01 1.514723633249586143e+01
3.145704132177522894e+01 1.514692579766731839e+01
3.547019960066396038e+01 1.514652774639879063e+01
3.999533989358480568e+01 1.514601629782247727e+01
4.509777873292356531e+01 1.514535707858001778e+01
5.085116546215304822e+01 1.514450382361712499e+01
5.733854530115640813e+01 1.514339313419823263e+01
6.465355803299549109e+01 1.514193597261185786e+01
7.290178961414308390e+01 1.514000293115323537e+01
8.220229621751786908e+01 1.513739644241758597e+01
9.268932270658054051e+01 1.513379191535203994e+01
1.045142403451956881e+02 1.512859035173082667e+01
1.178477317124449257e+02 1.512043350849551615e+01
1.328822543597696324e+02 1.510425427686880440e+01
1.498348187712281856e+02 1.508586808194173301e+01
1.689501207243495742e+02 1.507085413354153580e+01
1.905040732645345543e+02 1.515718836010935711e+01
2.148077892740365655e+02 1.514515395141732057e+01
2.422120721205023131e+02 1.513025444994830337e+01
2.731124792037434190e+02 1.510238849716152565e+01
3.079550314887109153e+02 1.506992942589011975e+01
3.472426514368994503e+02 1.505260435855552359e+01
3.915424222622197021e+02 1.506015674830779538e+01
4.414937732924922784e+02 1.515498983632029351e+01
4.978177095852590242e+02 1.515381803798004512e+01
5.613272190195294797e+02 1.509048372060074783e+01
6.329390070809342888e+02 1.521603972154424511e+01
7.136867287218813090e+02 1.520357447187824995e+01
8.047359082873047100e+02 1.514495105414410503e+01
9.074007628623819528e+02 1.521075982557800899e+01
1.023163171872869157e+03 1.519548288357654364e+01
1.153694066748012347e+03 1.525133672563751119e+01
1.300877549387546424e+03 1.538392190051601105e+01
1.466838087562232431e+03 1.535252939728777299e+01
1.653971179790293945e+03 1.532466772095478724e+01
1.864977932311043787e+03 1.537813844013008335e+01
2.102904047244745925e+03 1.534332999576827739e+01
2.371183784699490388e+03 1.571059208312512290e+01
2.673689533380512785e+03 1.565491959020248558e+01
3.014787705211337197e+03 1.640231018312034550e+01
3.399401760757808916e+03 1.648716662976510960e+01
3.833083275173174570e+03 1.658383762610542433e+01
4.322092070440353382e+03 1.675679364833863616e+01
4.873486570551855948e+03 1.716798644659604989e+01
5.495225683827105058e+03 1.755251271262095614e+01
6.196283682951362607e+03 1.769082774702554062e+01
6.986779740931431661e+03 1.793531397530324156e+01
7.878123992708917285e+03 1.833931627162341016e+01
8.883182230705593611e+03 1.833398536293698555e+01
1.001646161154031324e+04 1.865951377519515120e+01
1.129432005443521120e+04 1.873193400741560311e+01
1.273520235379819496e+04 1.904453510969533525e+01
1.435990641406500436e+04 1.913512785197344712e+01
1.619188344967327430e+04 1.913572375748707088e+01
1.825757648329868243e+04 1.975698956166337084e+01
2.058680202828581969e+04 1.989039974797457333e+01
2.321318046453339412e+04 2.042206509861792796e+01
2.617462131994196534e+04 2.057823913465185584e+01
2.951387046204707076e+04 2.064988106960910841e+01
3.327912709808121144e+04 2.095414414264918790e+01
3.752473948933324573e+04 2.118912756683196008e+01
4.231198942184732732e+04 2.139971094624986847e+01
4.770997675662559050e+04 2.194783465042480231e+01
5.379661682706044667e+04 2.228389737488017630e+01
6.065976508017596643e+04 2.268474908782234323e+01
6.839848519491360639e+04 2.291020088620005168e+01
7.712447898166572850e+04 2.311826268864994205e+01
8.696369870243464538e+04 2.363406426042486430e+01
9.805816508408002846e+04 2.387284837563087336e+01
1.105680172661226534e+05 2.433089933806716587e+01
1.246738242723491276e+05 2.459970753655218445e+01
1.405791913703335158e+05 2.503483565892645402e+01
1.585136989394485718e+05 2.513535381537378299e+01
1.787362162674141000e+05 2.575497591862704994e+01
2.015386381072039367e+05 2.756010645824797223e+01
2.272500979283162742e+05 2.854402704524720491e+01
2.562417186770866683e+05 2.915808884709292315e+01
2.889319696192116244e+05 3.279248836017544733e+01
