21.88112306410349 12.660790700722144
24.54299605900917 12.655825738334864
27.528690085415384 12.649240257672702
30.877598480510926 12.640346703402795
34.63390684283859 12.628017798588061
38.84717601841728 12.610229305040376
43.57299600804171 12.582812137156154
48.87371942343243 12.534948392865711
54.81928416947862 12.419459626136375
61.48813620706824 12.352669863363214
68.96826457146594 12.859579222626275
77.35836230230272 12.846855445426394
86.76912860252261 12.82884344881839
97.32472940701066 12.799533529280792
109.16443563168927 12.74867479356964
122.44446071819041 12.796911962325138
137.34002171872422 12.74981547286507
154.0476511151594 12.677258331137141
172.78778987452682 12.544553080618368
193.8076959537985 12.241174965224657
217.38470662884197 12.534765469758252
243.82989769081718 13.413095943932827
273.4921877895633 13.164720171153046
306.76294207680627 13.587231518546231
344.08113588979484 13.472181285070263
385.93914660516225 13.582838594682386
432.88925008090973 13.586186957011234
485.5509074007626 13.609334697588178
544.6189380624234 13.681344595863425
610.8726874470175 13.649342369469661
685.1863095255969 13.89212288370459
768.5403004730445 14.041632617931194
862.0344353642288 14.121352652031526
966.9022786395675 13.922475921169532
1084.5274597915243 14.359704054670162
1216.4619290139337 14.53989482550407
1364.446433679747 14.689786614231183
1530.433485814463 14.941566865234948
1716.6131235987814 15.166140681055143
1925.4418067985257 15.192855204916604
2159.6748273690073 15.411613114183318
2422.402662860329 15.674865919835337
2717.0917522715504 15.452795431152378
3047.6302323515683 16.125204583892994
3418.379237792854 16.416821147453334
3834.2304421743456 16.679122613748845
4300.670598850432 16.679004838264103
4823.853933340485 17.02893729067801
5410.683342366284 17.135955807117863
6068.901470879923 17.200816453989543
6807.192868755231 17.37524417534856
7635.298575001187 17.637938265877416
8564.144641324894 18.048409736979156
9605.986290787916 18.563822965530967
10774.569613589596 18.513374970799845
12085.312933396457 19.105374127767643
13555.51023717047 19.36051993836655
15204.559352555536 19.479490274689514
17054.21788340144 19.864299116373758
19128.890280246433 20.016147097273056
21455.9498333749 20.10636749087363
24066.099836836427 20.131259651495686
26993.778688635048 20.412337260848794
30277.61427199303 20.72587412547027
33960.9336128091 20.8425828017108
38092.334537747185 21.31787935673674
42726.32687542963 21.61696385777015
47924.05166076293 21.383134415618972
53754.0878315995 22.21810056867204
60293.357061315575 23.18216912606667
67628.13866569378 23.943712788879466
75855.20797482214 24.28627443513643
85083.11318972323 24.465809125778403
95433.60757059777 24.672606155356632
107043.25585301826 25.05385070059404
120065.23608717599 24.942907464164183
134671.3606737032 27.76118454678638
151054.3432616776 28.039777054420377
169430.34141833105 29.83030896113558
190041.80861852178 31.622923045950138