2.186677220104909480e+01 1.350107346331645530e+01
2.449647182896796238e+01 1.348511105526203835e+01
2.744241932691974739e+01 1.346153397519174000e+01
3.074264668693826508e+01 1.342377111993378058e+01
3.443975963120738726e+01 1.335259533044955482e+01
3.858148764918419005e+01 1.310253020988925954e+01
4.322130018222684100e+01 1.344240366771377282e+01
4.841909691063099785e+01 1.379998322772748764e+01
5.424198105463581498e+01 1.379073225188926877e+01
6.076512567266566123e+01 1.377774318440078360e+01
6.807274414066186807e+01 1.375801569975402749e+01
7.625917734132998760e+01 1.372460886165792004e+01
8.543011159884576955e+01 1.366588701725564192e+01
9.570394308247799131e+01 1.373667204538154607e+01
1.072133062934912431e+02 1.366150549465065822e+01
1.201067863679952978e+02 1.331675291080048495e+01
1.345508373014611720e+02 1.400243986479305747e+01
1.507319308590576270e+02 1.394653037241196358e+01
1.688589639141026737e+02 1.399987848057381967e+01
1.891659552932133579e+02 1.399507796087588396e+01
2.119150669442514641e+02 1.395682616854377223e+01
2.373999884301471752e+02 1.391985006621494492e+01
2.659497284421984773e+02 1.389706813888436443e+01
2.979328622810382967e+02 1.381950321436103835e+01
3.337622901399732882e+02 1.350832868512640417e+01
3.739005676198258925e+02 1.420985865078765187e+01
4.188658772918835211e+02 1.441027060598512932e+01
4.692387184014428385e+02 1.443690291880522381e+01
5.256694010755963973e+02 1.444955864932902401e+01
5.888864417849933943e+02 1.448410567356888023e+01
6.597059684444502636e+02 1.438672011808262852e+01
7.390422565716479539e+02 1.460643579208914566e+01
8.279195325250484530e+02 1.451160350684542166e+01
9.274851962000662979e+02 1.474302400079251640e+01
1.039024633887653408e+03 1.491112958952121481e+01
1.163977812528340792e+03 1.525722734479604270e+01
1.303957869592489715e+03 1.529217665340412680e+01
1.460771938580904134e+03 1.568704722308581445e+01
1.636444479001672789e+03 1.571450608866240550e+01
1.833243412011736609e+03 1.617472522489259745e+01
2.053709399132629187e+03 1.675014919926411139e+01
2.300688642026715570e+03 1.687414466522277579e+01
2.577369626776927817e+03 1.719273583138959793e+01
2.887324287036274200e+03 1.745968862274833100e+01
3.234554117460726957e+03 1.759361803749203901e+01
3.623541832746929231e+03 1.757194484829694758e+01
4.059309239189563414e+03 1.798820145630164546e+01
4.547482065876455636e+03 1.833586354402572383e+01
5.094362592487939764e+03 1.839685974850106120e+01
5.707011011320721991e+03 1.896119124585441895e+01
6.393336573914682049e+03 1.930839796585667045e+01
7.162199698979704408e+03 1.961466894235102032e+01
8.023526359829264038e+03 1.966687898890703323e+01
8.988436228055174070e+03 1.983833285382601019e+01
1.006938622777004639e+04 1.993711799373890869e+01
1.128033135369347474e+04 1.993854140193180058e+01
1.263690482923304444e+04 2.036176978235139856e+01
1.415661993038940091e+04 2.033576303704494848e+01
1.585909608101888807e+04 2.031085923091481149e+01
1.776631213832908179e+04 2.117212886563350693e+01
1.990289013850658739e+04 2.128600837515349653e+01
2.229641316561480562e+04 2.123533838341551672e+01
2.497778144742869335e+04 2.169347752060300749e+01
2.798161127538066285e+04 2.168785000901973348e+01
3.134668189864845044e+04 2.194108061165085033e+01
3.511643616175877105e+04 2.189051712019360707e+01
3.933954134890584101e+04 2.441932664696954447e+01
4.407051747544880345e+04 2.466135629091609616e+01
4.937044113779069448e+04 2.493215046175213701e+01
5.530773400829536695e+04 2.519972544740145537e+01
6.195904615466108953e+04 2.574131041607905601e+01
6.941024558734662423e+04 2.595498632846235054e+01
7.775752681004328770e+04 2.572880883271579577e+01
8.710865268450832809e+04 2.796370575977274697e+01
9.758434564215369755e+04 2.862550475972835429e+01
1.093198462028430804e+05 2.834301160996525226e+01
1.224666589212731051e+05 2.914304710914836960e+01
1.371945083009949303e+05 2.979762748003405193e+01
1.536935299267988885e+05 3.096087794428037654e+01
1.721767251028410683e+05 3.246510938160320592e+01
