21.923121157126406 13.088448523871147
24.67937963263854 13.085552177910087
27.782165444718476 13.081715126220011
31.275045332863137 13.07655462293975
35.20706341335936 13.069462174637062
39.63342981600185 13.0593925401718
44.61629589884793 13.044334068237724
50.22562692593037 13.019646736603399
56.5401844613434 12.970225431123247
63.64863227366321 12.781651041457632
71.65078127889339 13.141435284872975
80.65899100238981 13.209802326575561
90.79974723792822 13.199219527546148
102.21543805609191 13.18414556467974
115.06635309921333 13.15970408106208
129.5329342353069 13.14799903970369
145.81830917280587 13.100135063825746
164.1511436110148 13.035695779619694
184.78885197380401 13.05438538127616
208.02121180899985 12.959263790413829
234.1744326038629 12.61894738927814
263.61573614757987 13.171346197803315
296.7585127544112 13.661394272049824
334.0681257468951 13.625694893708577
376.0684457008365 13.536843317037432
423.34920620051844 13.287638172105106
476.57428438753607 13.688427397558142
536.4910225718382 13.942251760389016
603.940721791291 13.89057052076238
679.8704546616061 13.84410085747864
765.3463633828515 13.83685634555651
861.5686296221023 14.121447910816208
969.8883264668815 14.16964533325705
1091.8263890705102 14.131622372484333
1229.0949703594101 14.397638310879746
1383.6214816614395 14.65788544050826
1557.5756558137969 14.810574424453787
1753.4000127481481 14.795460815248969
1973.8441553254102 14.886089008704426
2222.003376973796 15.286059548648243
2501.362123226484 15.372502804408885
2815.8429174097014 15.434053314954578
3169.8614374550734 15.873050419679277
3568.388517179056 15.91398522332965
4017.0199425998762 16.15147998951224
4522.055023313879 16.177826156147542
5090.5850421652085 16.659754777067793
5730.592825145605 16.746534224335274
6451.064829602062 16.82846511036551
7262.1173246018025 17.101791246103105
8175.138435174404 17.481577457918892
9202.948044898236 17.715881900650135
10359.97780205045 17.9672648017784
11662.473756817228 18.329325162579345
13128.724474827623 18.21677586756035
14779.317829991578 18.825038390705544
16637.430082313833 19.19547237948056
18729.151299673955 19.397818112033416
21083.851692874807 19.697718407217273
23734.594007731597 19.786186930351036
26718.59776466857 20.03903312597518
30077.761864289874 20.393935912873488
33859.25289691759 20.543433344396277
38116.16741665062 20.9493485176818
42908.2774790462 21.101696496363843
48302.86991064455 21.22727951022909
54375.691094661786 21.588970032938224
61212.01053874662 21.991303148958988
68907.81815853507 22.420396170038607
77571.17208826385 22.61086467951116
87323.71594327911 22.73034352211716
98302.38683857895 22.9554555297524
110661.3381459675 23.67515737619881
124574.10398757714 24.558419311125324
140236.03585777877 25.035204982116376
157867.04558649985 25.38540772890319
177714.6931583606 26.764702330057094
200057.66274421918 27.890553899519404
225209.6757526708 28.40529532524224
253523.89584531743 31.5635752177957