21.947015664653804 14.260154757181066
24.757126733189693 14.25985941794875
27.927046366961445 14.259482008439988
31.50284470357557 14.25899914536886
35.53649073292885 14.258380406409195
40.08660759033629 14.25758595887283
45.21932455791384 14.256563214552877
51.00923815680747 14.255241985170576
57.540496298336166 14.25352723156048
64.90802125059729 14.251287756170726
73.21888919456218 14.248337633461873
82.5938864194884 14.244403642557858
93.16926477466951 14.239063075996674
105.09872189044088 14.231610688284325
118.55563494805324 14.220724868719248
133.7355804629862 14.203398582325228
150.85917670306017 14.169557062870929
170.17529005172977 14.049270151535204
191.9646519163519 14.28219282751621
216.54393874788974 14.263264380316143
244.2703744691631 14.233877530478521
275.5469222011953 14.17888990060994
310.82814074179316 14.082262021395366
350.6267909116965 14.00284350751179
395.52128778185755 14.447340806790331
446.16410708905835 14.391181313772298
503.2912680147974 14.446087434104701
567.7330301457471 14.442889899283266
640.4259600804263 14.417779521960165
722.4265430525404 14.26192550869898
814.9265373959893 14.593574837431731
919.2702950061982 14.560837143463228
1036.9742995252982 14.58187236520644
1169.7492062100546 14.582373439531658
1319.524703799731 14.620855601753586
1488.4775597147159 14.735061959333263
1679.0632561817797 14.669621501524066
1894.051677070701 14.615782977611717
2136.567364098134 14.823055425381217
2410.1349274636755 14.85768740651579
2718.7302708951875 15.059899418502319
3066.8383755843565 15.373541131529212
3459.5184828173406 15.359705973566147
3902.4776226345334 15.685365187842883
4402.153557150796 15.920735874133342
4965.808343995785 16.214396085915848
5601.633879681917 16.360206203363596
6318.870956818168 16.530720756406517
7127.9435654919 16.739737434149284
8040.6103906925255 16.817250691575644
9070.135707570098 17.093800565683797
10231.482158241042 17.343452161170543
11541.528211869454 17.551248154967336
13019.313468487631 17.891455875295417
14686.315371687513 17.839401475712837
16566.76135179653 17.99481238516337
18687.980936081654 18.738599214395087
21080.802943387545 19.06078774016932
23780.00353585096 19.457257862223578
26824.811639466603 19.662159616028653
30259.479079051933 19.850957823388057
34133.92371368719 20.111671587784627
38504.45491966222 20.308543693403646
43434.5919647615 20.52851331217746
48995.98716775898 20.641909874457525
55269.467259893136 21.146882671489827
62346.2080829857 21.306373450163168
70329.05969672029 21.695040869196536
79334.04115357352 22.009866179605815
89492.02666576256 22.271545543163207
100950.64767017488 22.778095341846836
113876.43843500779 22.897519159076133
128457.2563913661 23.530189189839763
144905.01236579212 24.122144649032602
163458.75039365742 24.520313451903817
184388.12187399203 24.838560307379232
207997.3045575012 26.08803366928666
234629.42332451916 27.68622498880865
264671.53700243024 29.347628125878508
298560.26369864243 31.89263323957448