21.908741744402306 12.541687163707891
24.632645773879172 12.54082875030668
27.695211568981886 12.53973882019079
31.138544795055374 12.538353230770614
35.00998609592187 12.536588966481622
39.36276195640578 12.53433783676382
44.25671648630416 12.53145752236254
49.75913418673005 12.527758408167907
55.94566501062568 12.522983286672064
62.901364435634505 12.516773917960633
70.7218628487665 12.508610211127781
79.51468032013423 12.497680860393903
89.4007048419175 12.482521943708086
100.51585435611494 12.459211166704744
113.01294542146032 12.424478960925075
127.06379421085812 12.420772925171308
142.8615787248869 12.375773023544252
160.62349469824804 12.350509947741905
180.5937417138714 12.254511464616911
203.04688057924702 12.1280230326913
228.29160812385038 11.854650060116409
256.67500131543744 12.91184311974128
288.5872890454133 12.78654033132947
324.46721718813495 12.566315493112064
364.80808069563045 13.291948660173912
410.1645056599458 13.310857270152514
461.1600745862612 13.192055209659046
518.4958997127914 13.4864210080942
582.9602622477029 13.58351653568777
655.4394500480302 13.47197083166917
736.9299427423483 13.309609749198462
828.5521118242812 13.562783594745753
931.5656240724851 14.173898851930897
1047.3867600709268 14.389371572335238
1177.60788593302 14.465702270100106
1324.0193459364793 14.709986022827948
1488.6340770596457 14.711927784477776
1673.7152838320683 14.692823903828632
1881.807553986835 15.084639569561578
2115.7718427079976 14.964913390655688
2378.8248064537806 15.143451351984474
2674.5830271363766 15.723750985419159
3007.112734674172 15.688569973913516
3380.985711526573 15.98146820285409
3801.3421478145633 16.09691983501059
4273.9613111902 16.32440624581578
4805.341003059254 16.69288731365003
5402.786893560369 16.65037880597739
6074.5129635221 16.764552389576316
6829.754434323356 17.49531607392724
7678.894738272764 17.90679623009933
8633.608275158285 18.106420964307492
9707.020917654605 18.313670972217963
10913.89047229579 18.715800050858522
12270.809577079672 18.76734083951155
13796.433825240358 18.90580184224944
15511.738251547029 19.200229561253785
17440.3057074291 19.298410974240113
19608.65108965133 19.754581187330178
22046.58588019465 20.129453992469458
24787.628009216656 20.228757711306454
27869.46267609019 20.374096185434773
31334.46046411483 20.795877356096426
35230.25987219782 20.89244982408962
39610.42227243767 21.146539390205298
44535.16829829012 21.49754777031486
50072.20578754425 21.95996134358595
56297.66066307739 22.234184070176255
63297.12354959657 22.42306089477625
71166.82651576956 22.721441773841264
80014.96612017715 23.134008829812863
89963.1909509752 23.152183995173033
101148.27411069469 23.399564404260733
113723.99364032697 24.334497698793598
127863.24673569172 24.9054950843574
143760.42682337668 25.361902342595414
161634.09617746263 26.164715060428904
181729.99082148672 26.940525999544796
204324.3990285174 27.69657525207328
229727.95986862914 28.102678284489002