1.060290712396110176e-03 5.479520867473462786e+00 4.765794491199705618e+01
1.188142077190791840e-03 5.479697930329450628e+00 4.252679078043223626e+01
1.331409941714046131e-03 5.479920666227381609e+00 3.794743195982940875e+01
1.491953249468452695e-03 5.480200985572710515e+00 3.386044884781050257e+01
1.671855098012741672e-03 5.480553980267249159e+00 3.021281013008834293e+01
1.873449767777255956e-03 5.480998817990166749e+00 2.695718450040734027e+01
2.099353010052492675e-03 5.481559914102800413e+00 2.405132626089378434e+01
2.352495987146458346e-03 5.482268482800484399e+00 2.145752679456635548e+01
2.636163305094560254e-03 5.483164615364837680e+00 1.914212473920401081e+01
2.954035632407831652e-03 5.484300105765800737e+00 1.707506842552885473e+01
3.310237457850555374e-03 5.485742360636685078e+00 1.522952477694908779e+01
3.709390606918754312e-03 5.487579924885883642e+00 1.358152939915672341e+01
4.156674211411898363e-03 5.489930488834782629e+00 1.210967300115867928e+01
4.657891910221023495e-03 5.492952842923283008e+00 1.079481954958522394e+01
5.219547153283630309e-03 5.496865373536569344e+00 9.619851584725283900e+00
5.848927585796747340e-03 5.501975931942103770e+00 8.569437741152635013e+00
6.554199607598643409e-03 5.508732657788347531e+00 7.629816300036250887e+00
7.344514334655501998e-03 5.517816278483985037e+00 6.788585505588022428e+00
8.230126337535148204e-03 5.530322373849606343e+00 6.034483493924060582e+00
9.222526697535118195e-03 5.548164138011525637e+00 5.357118764262011723e+00
1.033459210690819766e-02 5.575117758226703302e+00 4.746540701357376157e+00
1.158075194780561895e-02 5.620324435238258864e+00 4.192236372518542531e+00
1.297717551783730480e-02 5.717751437886409605e+00 3.678928673598131915e+00
1.454198183155685012e-02 5.906448717098163215e+00 3.168182744506748083e+00
1.629547472010856035e-02 5.221491130749735810e+00 2.674947465546136716e+00
1.826040627952486145e-02 5.489852671538298701e+00 2.679147140030090135e+00
2.046227208599477737e-02 5.440781568132396551e+00 2.209865099342336769e+00
2.292964200861011270e-02 5.251024011291776539e+00 1.945616500348711808e+00
2.569453091198387051e-02 4.648952750575702453e+00 1.723697279440169705e+00
2.879281405871864097e-02 4.655432739890386529e+00 1.577019459207744889e+00
3.226469260169641251e-02 4.764009271675439194e+00 1.415090802344653342e+00
3.615521520609198125e-02 4.975718118868830864e+00 1.380151722224143729e+00
4.051486256931191576e-02 5.240774217963314996e+00 1.298897307678102520e+00
4.540020242318054677e-02 5.105686094171387523e+00 1.371703184460392189e+00
5.087462351722287640e-02 4.989851109452342115e+00 1.283629491814604728e+00
5.700915810669741901e-02 4.953749552887529717e+00 1.204891264462575551e+00
6.388340361740796336e-02 4.508825664832714075e+00 1.076321043163896096e+00
7.158655544617149868e-02 5.009636417455807234e+00 1.232063059084010925e+00
8.021856429783814912e-02 4.904158922245591690e+00 1.049702201994765716e+00
8.989143307565783392e-02 4.679901605051731472e+00 1.016694452799857151e+00
1.007306701525352149e-01 4.661414000184920248e+00 9.080296870552310162e-01
1.128769178798031403e-01 4.258506112804545829e+00 7.929638137836003686e-01
1.264877774639042163e-01 4.750730097474122893e+00 8.260794175635691738e-01
1.417398538893031024e-01 4.280061952758588362e+00 7.998676652795944086e-01
1.588310474211164502e-01 4.348148230458619423e+00 8.166634121286294734e-01
1.779831214203954348e-01 4.325048083424502643e+00 7.886806924171029243e-01
1.994445797902334450e-01 4.151291669196653267e+00 7.332682328373464342e-01
2.234938913884255696e-01 4.332815066374931412e+00 7.256668770187808537e-01
2.504431032443997784e-01 4.344360784622984362e+00 7.265257847119825918e-01
2.806418894629946204e-01 3.983454588764975046e+00 7.107991310414348840e-01
3.144820883508232523e-01 3.847016338582223582e+00 7.057203074440112633e-01
3.524027866357986039e-01 3.942446106022564400e+00 7.271616760296534254e-01
3.948960167490921380e-01 3.873029574750087356e+00 7.051310284305777332e-01
4.425131410934700638e-01 3.899232880002262647e+00 7.095532794657485320e-01
4.958720061358015130e-01 3.301048410232228392e+00 6.432426668838989725e-01
5.556649591502332841e-01 3.389440816824706104e+00 6.632153849182238492e-01
6.226678316316796025e-01 3.230970674211902427e+00 6.129909431078033322e-01
6.977500059421097856e-01 3.133842611100687403e+00 5.844360877517200681e-01
7.818856958073898689e-01 3.391331325454649992e+00 6.456008563570287961e-01
8.761665870325018313e-01 3.265903041603938295e+00 5.801095028243649088e-01
9.818160024522177842e-01 3.236556824386817688e+00 5.712547457970817977e-01
1.100204774911708094e+00 2.605915806253313427e+00 4.942483258985417849e-01
1.232869034233766481e+00 2.602551492809130007e+00 4.521109698103705776e-01
1.381530138963883214e+00 2.552437106038629278e+00 4.381443478982312567e-01
1.548117011513542085e+00 2.569462864871867147e+00 4.730188556403698841e-01
1.734791166506919780e+00 2.507862180642101091e+00 4.586309128456445561e-01
1.943974757081282867e+00 2.350137885198338772e+00 4.291757181886029504e-01
2.178382003050254312e+00 2.162049271566854003e+00 4.417337723382375736e-01
2.441054408719784519e+00 2.059150703075354638e+00 4.318585715607636821e-01
2.735400227318548261e+00 2.066670493617272175e+00 4.277759043700859465e-01
3.065238684105583644e+00 1.961952369348284098e+00 3.762269761759897135e-01
3.434849531963264813e+00 1.742024061627988729e+00 3.681582365546925972e-01
3.849028582474288029e+00 1.570193943208231468e+00 3.667375694288653176e-01
4.313149933015019144e+00 1.499627452601222100e+00 4.000510240874516898e-01
4.833235697280439780e+00 1.330541782161503095e+00 4.701388345443994754e-01
5.416034144015133833e+00 1.103792891306929924e+00 3.340412034848170841e-01
6.069107257823795010e+00 1.043342498289821840e+00 4.051571151614234978e-01
6.800928858188996173e+00 7.331938703322742334e-01 2.869440516568232402e-01
7.620994549819952724e+00 5.392234111349224479e-01 3.243361240378986876e-01
8.539944930970989390e+00 4.154920515438627060e-01 3.134432299627989971e-01
