1.061972524961943059e-03 4.822846963343952353e+00 4.600845330626365381e+01
1.193598762586145848e-03 4.822838625064414408e+00 4.093191201667227830e+01
1.341539420803973797e-03 4.822828083257319598e+00 3.641483684176579061e+01
1.507816591290382906e-03 4.822814752796604765e+00 3.239548637790776553e+01
1.694702993973932429e-03 4.822797891505288703e+00 2.881892189815062721e+01
1.904753041168190733e-03 4.822776557008470633e+00 2.563625628353372576e+01
2.140837751948454926e-03 4.822749551138651114e+00 2.280398560285794218e+01
2.406183993992645244e-03 4.822715347985517376e+00 2.028339417577327097e+01
2.704418589254117822e-03 4.822672000189031749e+00 1.804002494295105663e+01
3.039617886314303734e-03 4.822617016103756704e+00 1.604320783972568520e+01
3.416363476983065844e-03 4.822547197391499729e+00 1.426563962858347168e+01
3.839804818695871126e-03 4.822458422223745877e+00 1.268300929834802027e+01
4.315729618647110022e-03 4.822345352589568535e+00 1.127366367802167169e+01
4.850642941688317229e-03 4.822201034107237660e+00 1.001830832758228595e+01
5.451856123258819534e-03 4.822016341183068988e+00 8.899739020598099515e+00
6.127586702633977880e-03 4.821779196440076909e+00 7.902599148776620730e+00
6.887070742404883573e-03 4.821473456906606891e+00 7.013157994701338716e+00
7.740689069401588893e-03 4.821077306501925896e+00 6.219103682569202540e+00
8.700109162553842923e-03 4.820560928635344133e+00 5.509341907512977699e+00
9.778444627049832916e-03 4.819883202128779409e+00 4.873785205859807235e+00
1.099043443452748028e-02 4.818987430345415213e+00 4.303101845167109474e+00
1.235264437920017763e-02 4.817798025578651000e+00 3.788350172823006456e+00
1.388369350347214842e-02 4.816231425094864349e+00 3.320283404896732904e+00
1.560450858788793235e-02 4.814315008172238564e+00 2.887513085490953646e+00
1.753861018385140594e-02 4.813514640517010612e+00 2.468581077549392155e+00
1.971243409868443999e-02 4.771893588200525116e+00 1.966647311542324639e+00
2.215569272716718871e-02 4.789579565679446205e+00 1.834334749888822058e+00
2.490178116833419511e-02 4.762170003198780144e+00 1.818392720219723868e+00
2.798823367843705084e-02 4.726818241520346575e+00 1.638449081684068442e+00
3.145723669899231495e-02 4.937722817197112590e+00 1.852056709007752211e+00
3.535620547211641707e-02 5.067645436211038579e+00 1.706621540645706370e+00
3.973843212447703693e-02 5.180784043834292696e+00 1.542747217982003427e+00
4.466381407804227710e-02 5.327233696275825103e+00 1.357596269847745951e+00
5.019967274373637878e-02 4.915949130710181691e+00 1.169311658083733052e+00
5.642167368812150974e-02 4.767993306356450134e+00 1.122705144649458031e+00
6.341486085018492591e-02 4.678103254449894166e+00 1.047063898454041464e+00
7.127481894417736497e-02 4.565752746631051018e+00 8.851011736135810937e-01
8.010897993652932314e-02 4.889670456731328052e+00 9.519491832865414338e-01
9.003809145411399706e-02 4.954021583250573180e+00 9.035814114912797956e-01
1.011978671944455677e-01 4.477103254418306477e+00 7.295107027034150038e-01
1.137408418960518530e-01 4.351613551859576212e+00 7.532303097482215826e-01
1.278384562232427746e-01 4.454288154767024110e+00 7.956527467438962997e-01
1.436834000620251239e-01 4.510730229370561339e+00 7.733790033348159065e-01
1.614922462559464644e-01 4.135927151322225548e+00 7.735699121333695638e-01
1.815084107804601776e-01 4.031356976736198305e+00 7.036006037365873933e-01
2.040054798162494465e-01 3.862370173121184358e+00 6.267461368186678650e-01
2.292909491968207203e-01 3.701469758772116592e+00 5.754262047047198347e-01
2.577104273421157443e-01 3.807424450706501151e+00 5.471262248907905468e-01
2.896523591249401952e-01 3.615523339448906359e+00 5.018469304882852144e-01
3.255533352372523281e-01 3.898099551733623880e+00 5.463149826726392266e-01
3.659040596261210476e-01 3.774379745466090341e+00 5.392886198006684451e-01
4.112560565638330168e-01 3.744401488976297099e+00 5.349424908040096849e-01
4.622292090261375108e-01 3.489834415942237200e+00 5.030153843062644681e-01
5.195202314151603495e-01 3.410980736481287856e+00 5.148869989638308331e-01
5.839121924343813053e-01 3.493128491782348632e+00 5.243113439672002496e-01
6.562852182768261766e-01 3.574894651962811309e+00 5.392167004213184178e-01
7.376285224204555124e-01 3.560800962276473136e+00 5.165761452992566616e-01
8.290539264571408218e-01 3.357872562086259283e+00 4.795063206547117707e-01
9.318110567614643625e-01 3.429547737606544633e+00 4.819956056888912155e-01
1.047304424711393178e+00 3.259618618499506404e+00 4.664566897868588913e-01
1.177112623917753176e+00 3.193168949295206893e+00 4.501941030369698282e-01
1.323009906855275197e+00 3.131781241916101077e+00 4.691242814253861471e-01
1.486990435810247257e+00 2.987536333415312662e+00 4.813524383493485437e-01
1.671295539613088632e+00 2.819330097101154120e+00 4.759118429355429503e-01
1.878444348708001366e+00 3.013781760910030361e+00 4.936042047864764859e-01
2.111268227287855126e+00 2.779392010242170308e+00 4.169345823034795173e-01
2.372949473121761965e+00 2.756231639330796845e+00 4.031311542678255866e-01
2.667064814034696418e+00 2.458722951931650691e+00 3.776521956936420010e-01
2.997634295560465567e+00 2.321908141194788833e+00 3.437260626548548914e-01
3.369176227977261018e+00 2.304591963447941261e+00 3.255611209554569729e-01
3.786768943756270822e+00 2.176673332368847635e+00 3.285350869928660988e-01
4.256120209540361188e+00 2.141217524321660903e+00 3.503393091846532803e-01
4.783645241393899461e+00 1.796913201853844733e+00 3.450006326954850322e-01
5.376554389656623911e+00 1.700729171430289677e+00 3.280572409798167000e-01
6.042951691901103928e+00 1.526288210106919063e+00 2.890150281755365369e-01
6.791945641041414738e+00 1.559960565617657169e+00 3.445529254038799949e-01
7.633773682600610400e+00 1.521754003970707814e+00 3.719735739896162241e-01
8.579942142798186566e+00 1.533094605579365499e+00 5.403437119732249494e-01
9.643383500031351474e+00 1.365354213246039228e+00 7.682674681641717962e-01
1.083863314937792488e+01 1.051538466794451177e+00 5.872154011973068632e-01
