1.064165920374018264e-03 5.380591642600148994e+00 4.559810785660148014e+01
1.200732291796945041e-03 5.380313513290885474e+00 4.040000118291037268e+01
1.354824477048856063e-03 5.379956142913070671e+00 3.579151779013442081e+01
1.528691596079032478e-03 5.379495797727043005e+00 3.170536890431582933e+01
1.724871402539909174e-03 5.378900900975569499e+00 2.808187882493974641e+01
1.946227324681503064e-03 5.378128976100346570e+00 2.486810865120060043e+01
2.195990259772007819e-03 5.377122107452853683e+00 2.201707559822157734e+01
2.477805732073309550e-03 5.375800016963881767e+00 1.948705488971108579e+01
2.795787102686314845e-03 5.374049182784665923e+00 1.724095128611993388e+01
3.154575607913670532e-03 5.371705146105941964e+00 1.524572621945844020e+01
3.559408102456087901e-03 5.368522599506202475e+00 1.347186321353246186e+01
4.016193496217755621e-03 5.364122462268178460e+00 1.189284633857793061e+01
4.531599000387674138e-03 5.357892967666288087e+00 1.048460778999099219e+01
5.113147441639389300e-03 5.348791788887458765e+00 9.224854532861126444e+00
5.769327064841088537e-03 5.334913752279001997e+00 8.092058236582122532e+00
6.509715426949610334e-03 5.312425750761822663e+00 7.063497056680542840e+00
7.345119190435948908e-03 5.272432642881515363e+00 6.110195110390354678e+00
8.287731856658325444e-03 5.188515833113281239e+00 5.178038341150276835e+00
9.351311741449434140e-03 4.911082294034894602e+00 4.032476573899468342e+00
1.055138279063837226e-02 5.216012960058966641e+00 3.945648176757772241e+00
1.190546116659815107e-02 6.189078105092028714e+00 4.770645856169544174e+00
1.343331091306196323e-02 6.292116957248540032e+00 4.085712137729010429e+00
1.515723242987589842e-02 6.745713063331469250e+00 3.450698448793704465e+00
1.710238796824771479e-02 6.435207858043584750e+00 3.472140553001442864e+00
1.929716889740001884e-02 4.608474684545057265e+00 2.507048443292071660e+00
2.177361010322912543e-02 4.616062777061530120e+00 2.381122940442242264e+00
2.456785756750657496e-02 4.755568927949196834e+00 2.306725318341484865e+00
2.772069595238028927e-02 4.841992814415509550e+00 1.945906078429794128e+00
3.127814389076590679e-02 4.680257871310689488e+00 1.644487708799818426e+00
3.529212567144985463e-02 4.855632158560330147e+00 1.597874920437127866e+00
3.982122912277805821e-02 4.494913468134052792e+00 1.482768499810334095e+00
4.493156075695350915e-02 4.426232046143464771e+00 1.280555325714357373e+00
5.069771065657560638e-02 4.405125796701194751e+00 1.165827327279573167e+00
5.720384118684532920e-02 4.500902549196344360e+00 1.091752400920211308e+00
6.454491542421154915e-02 4.505341539592721212e+00 9.841942138694469433e-01
7.282808323152696606e-02 4.503901439350215696e+00 8.846799764739183836e-01
8.217424521078006694e-02 4.572436154309887257e+00 8.459295703089384499e-01
9.271981736076004288e-02 4.762619360323739670e+00 8.417407463617609942e-01
1.046187221964881703e-01 4.616160961399530471e+00 7.993177859737665703e-01
1.180446353926709879e-01 4.804177883683856010e+00 7.255545497943032274e-01
1.331935207430433310e-01 4.708941440314792892e+00 6.752721953172629021e-01
1.502864904357099352e-01 4.470616969625098136e+00 6.753914826678834027e-01
1.695730323928867633e-01 4.619151205878249122e+00 6.364462573594060757e-01
1.913346517810924352e-01 4.415193608029073680e+00 6.129868022958285811e-01
2.158889798430446982e-01 4.191236172378134839e+00 5.681802857941546936e-01
2.435944100235185039e-01 4.399402840205449472e+00 5.765990817609207841e-01
2.748553290577686603e-01 4.397468828596348800e+00 5.978527852247182972e-01
3.101280193751595471e-01 4.323205061075098499e+00 5.570457289199903794e-01
3.499273189691166630e-01 4.315159708120440918e+00 5.412335413786191207e-01
3.948341359404486939e-01 4.358156749246289152e+00 5.384915532305750707e-01
4.455039273958472101e-01 4.164432259146672699e+00 5.132560156910506155e-01
5.026762664590360696e-01 4.240554513580327090e+00 5.121834715866522281e-01
5.671856370340748743e-01 4.113581076035140782e+00 5.090593365383645486e-01
6.399736138805056651e-01 3.938614361569264144e+00 4.894469739164428179e-01
7.221026057799641018e-01 3.842093423106500261e+00 4.715446972100033607e-01
8.147713623886609913e-01 3.755949137187412301e+00 4.582421800505426246e-01
9.193324711127838222e-01 3.607457233437946886e+00 4.502058522384578820e-01
1.037312099390129028e+00 3.643419187858728314e+00 4.490389619458031722e-01
1.170432270535074926e+00 3.668555949651242543e+00 4.738083153425428629e-01
1.320635998283744783e+00 3.483170625345273663e+00 4.398184311137031677e-01
1.490115646901619240e+00 3.283265158802572969e+00 4.145175769897184170e-01
1.681344930795956039e+00 3.257251785410669953e+00 3.949500358456257687e-01
1.897115020697381915e+00 3.250127776338289642e+00 3.694912028354616074e-01
2.140575283414227314e+00 3.097485158767353752e+00 3.581255993168829255e-01
2.415279249794525018e+00 3.088831701586099765e+00 3.711264499249533055e-01
2.725236481841194269e+00 3.033741753629533022e+00 3.742638401885221011e-01
3.074971096029578632e+00 2.880999401458674392e+00 3.546883362390749750e-01
3.469587797030063925e+00 2.835826897133878699e+00 3.805626745784484455e-01
3.914846385659858541e+00 2.822327267022417541e+00 3.855795870486427024e-01
4.417245828577385680e+00 2.811915326567779427e+00 4.055949286527344988e-01
4.984119116795309168e+00 2.770643347871619255e+00 4.471527831477146164e-01
5.623740297561131918e+00 2.505327945470595452e+00 4.168725644384108642e-01
6.345445241836065620e+00 2.488187321264356378e+00 4.018923523222039940e-01
7.159767910086760168e+00 2.151339096015679520e+00 3.794685793071555513e-01
8.078594105316915019e+00 1.905805272158466179e+00 3.462788640941402707e-01
9.115334957508476776e+00 1.791498350154124397e+00 4.039466781101265780e-01
1.028512267164047600e+01 1.791659021432066456e+00 5.300172329416684702e-01
1.160503139641146575e+01 1.510360057064888073e+00 6.911818458842428070e-01
1.309432643745170388e+01 1.396414030685486640e+00 1.076958295686247569e+00
1.477474545252556837e+01 5.806221160639476464e-01 6.032586624910036832e-01