1.061832465763937368e-03 4.556759590797495818e+00 3.688525602666687320e+01
1.193143904936708709e-03 4.556545372214968026e+00 3.281066942306679834e+01
1.340693964243607275e-03 4.556272796929754954e+00 2.918252643085916276e+01
1.506490791531627654e-03 4.555925243960888160e+00 2.595140090749604767e+01
1.692790872113758820e-03 4.555480906187152179e+00 2.307324842738731974e+01
1.902129739404716940e-03 4.554910884498847068e+00 2.050879617177031378e+01
2.137356483385334776e-03 4.554176395172546243e+00 1.822299185032067825e+01
2.401672526553840555e-03 4.553224553078154102e+00 1.618450027700959026e+01
2.698675195102498599e-03 4.551981774808007586e+00 1.436523373313419150e+01
3.032406678320822332e-03 4.550343014989427282e+00 1.273989638029570415e+01
3.407409042560033754e-03 4.548153290921098879e+00 1.128550953834151116e+01
3.828786048495679082e-03 4.545173927975720396e+00 9.980852535647301238e+00
4.302272613017778247e-03 4.541015793980271553e+00 8.805670352053951433e+00
4.834312861120871122e-03 4.534992523248607910e+00 7.739252691305617660e+00
5.432147830075706105e-03 4.525745543421674455e+00 6.757112424995226796e+00
6.103914019531310811e-03 4.510027984665221368e+00 5.820318980175441581e+00
6.858754128808682363e-03 4.476283326330441348e+00 4.816481247625652884e+00
7.706941488514335026e-03 4.436288251594759480e+00 3.888559538156291406e+00
8.660019879980794533e-03 4.694649394172931700e+00 5.410316445969989729e+00
9.730960645468647585e-03 4.696225224030767365e+00 4.786042078666034705e+00
1.093433922739096842e-02 4.698378246753487808e+00 4.224222432940278438e+00
1.228653353924881973e-02 4.701376429905623766e+00 3.714975175942447638e+00
1.380594686809495306e-02 4.705530587522393837e+00 3.245867667753357999e+00
1.551325834221538823e-02 4.709246672012453061e+00 2.790030935269075751e+00
1.743170437287968125e-02 4.766410994419838509e+00 2.317148540227311759e+00
1.958739490056599780e-02 4.760712291326744783e+00 2.321158312896156151e+00
2.200966874975392173e-02 4.440939533300535480e+00 1.831761120530112530e+00
2.473149292864343374e-02 4.768485633255267864e+00 1.828724077992403663e+00
2.778991130824623457e-02 4.873794670522280548e+00 1.699020407368712959e+00
3.122654878734619846e-02 4.420960599770923594e+00 1.543542901856551408e+00
3.508817780498518779e-02 4.483388967188203900e+00 1.482281083247154241e+00
3.942735491067656667e-02 4.757384750234040283e+00 1.435773679190409879e+00
4.430313605603058980e-02 4.842919081020458982e+00 1.379968909373937791e+00
4.978188034286971930e-02 4.447366359907652722e+00 1.117605223005464943e+00
5.593815316679952299e-02 4.493252498611532531e+00 1.048612966079295106e+00
6.285574104796752548e-02 4.524993024398446195e+00 9.606867624980983678e-01
7.062879196079824284e-02 4.651915269082332216e+00 8.745394694966965865e-01
7.936309668252680694e-02 4.500228444316988430e+00 8.066385762342799248e-01
8.917752859961154688e-02 4.812449210387423015e+00 8.276430324697275909e-01
1.002056615677075768e-01 4.596534921321175915e+00 7.738337468731546487e-01
1.125975878441834999e-01 4.398831319308297516e+00 7.441003585465252312e-01
1.265219608351382807e-01 4.433878895482485483e+00 7.278737354720041797e-01
1.421682904585880591e-01 4.272628442868743548e+00 6.733268818120839994e-01
1.597495223635842510e-01 4.453925350906835945e+00 7.095698643851490184e-01
1.795049361082874384e-01 4.339403142346100140e+00 6.794607014759802555e-01
2.017034017410342939e-01 4.164663503905644326e+00 6.056830199521169300e-01
2.266470391062786471e-01 4.333293347110762639e+00 6.391134853856773601e-01
2.546753296783520470e-01 4.068523494734664681e+00 6.062464978246829839e-01
2.861697368848643563e-01 3.940757941157365885e+00 5.675157477572952969e-01
3.215588978020809119e-01 4.099192592338660290e+00 6.648519870968312429e-01
3.613244568809540480e-01 4.047604128115866118e+00 6.587052786645832825e-01
4.060076211004836066e-01 3.781212687057967425e+00 6.497588759088749333e-01
4.562165257636698890e-01 3.579980039514214507e+00 6.075304090163112791e-01
5.126345111841186242e-01 3.478848236992631460e+00 5.465837600580177869e-01
5.760294229085280993e-01 3.506121706356998935e+00 5.290036125522377120e-01
6.472640620505522024e-01 3.602362561640771954e+00 5.755477568099153229e-01
7.273079279644876216e-01 3.553416438955577572e+00 5.649544660153019704e-01
8.172504130758961871e-01 3.509317139979115652e+00 5.114697850568087345e-01
9.183156294500540717e-01 3.310224736203112084e+00 5.075831537649401204e-01
1.031879068886971229e+00 3.280889175324793516e+00 5.042955361416526783e-01
1.159486323285924936e+00 3.255359103209017224e+00 4.893059629685972967e-01
1.302874120062585739e+00 3.173171829437351210e+00 4.471690026133312013e-01
1.463993958909564963e+00 3.110938296199838415e+00 4.322287364458486936e-01
1.645038671595338231e+00 2.968471188878897937e+00 4.500310429320314998e-01
1.848472266278881282e+00 2.942416157112612396e+00 4.533561995626442798e-01
2.077063462519434189e+00 2.644530455451715500e+00 4.467395761584406211e-01
2.333923373390949685e+00 2.605809737465123455e+00 4.150553091357269686e-01
2.622547847552646694e+00 2.455263296619163427e+00 3.904535580430965602e-01
2.946865047548818062e+00 2.298837019799559567e+00 3.510202944453483243e-01
3.311288911875827523e+00 2.171826812110223770e+00 3.580651983951825268e-01
3.720779228431961627e+00 2.206872659954130622e+00 3.527870916583396022e-01
4.180909136946337590e+00 2.103658247775999079e+00 3.394124468395254834e-01
4.697940979091070446e+00 2.052575625710650886e+00 3.462184114146752423e-01
5.278911528592363567e+00 1.881196167162981547e+00 3.326590080753195622e-01
5.931727761317445058e+00 1.718639199145689522e+00 3.592081508938231860e-01
6.665274468762755866e+00 1.448077641621744682e+00 3.199224766092845784e-01
7.489535179556788158e+00 1.313044708363019897e+00 3.188195041631627924e-01
8.415728034712284256e+00 1.132836911928510881e+00 3.560433461974942815e-01
9.456458465882192854e+00 8.685240640622102770e-01 4.811989924493531023e-01
1.062589075456170207e+01 9.691919376377240436e-01 6.534057395503793941e-01