1.061831736870932604e-03 5.116021970682514741e+00 5.409890592873659187e+01
1.193141537981750938e-03 5.116321704107229529e+00 4.813983136121217399e+01
1.340689565234286403e-03 5.116701337785244164e+00 4.283590892345316803e+01
1.506483894080630145e-03 5.117182570802753183e+00 3.811494832805814070e+01
1.692780925558813902e-03 5.117793238470047967e+00 3.391269066152920431e+01
1.902116095097386482e-03 5.118569196760780926e+00 3.017193271084352446e+01
2.137338378877442352e-03 5.119556877504133574e+00 2.684174677816509558e+01
2.401649067371234951e-03 5.120816809943770309e+00 2.387678508688294698e+01
2.698645333751274397e-03 5.122428569570657508e+00 2.123665886566043781e+01
3.032369190120233829e-03 5.124497896186876567e+00 1.888538293031118442e+01
3.407362497838308055e-03 5.127167218240908042e+00 1.679087696862339740e+01
3.828728780618753658e-03 5.130631731045247612e+00 1.492451457124245984e+01
4.302202681645527112e-03 5.135164935306391065e+00 1.326070988206916468e+01
4.834228009999383575e-03 5.141161145002532074e+00 1.177652849184103800e+01
5.432045438576133672e-03 5.149210395881873126e+00 1.045130115467166299e+01
6.103791047034112620e-03 5.160240214509135726e+00 9.266198510454483284e+00
6.858607050904850719e-03 5.175809894241904630e+00 8.203668299937364239e+00
7.706766223850198237e-03 5.198803248064672644e+00 7.246453324973463062e+00
8.659811706407994497e-03 5.235391562438736379e+00 6.375161776143912995e+00
9.730714103972882070e-03 5.302659588576059235e+00 5.558851490877633417e+00
1.093404801205913324e-02 5.498400011303143486e+00 4.655162782256369702e+00
1.228619037129070890e-02 5.221492114130553475e+00 4.332377503231005456e+00
1.380554335165837948e-02 4.689261339561990205e+00 3.859941639590190210e+00
1.551278479941837520e-02 4.688537630527441991e+00 3.358429939751887083e+00
1.743114965512446157e-02 4.709591760715841957e+00 3.627851950294542771e+00
1.958674617279147073e-02 4.711596246246699593e+00 3.203986218876309078e+00
2.200891124381906122e-02 4.714427533296705164e+00 2.821142179105057490e+00
2.473060966150613521e-02 4.718687849593434791e+00 2.471751523188224553e+00
2.778888276000213153e-02 4.726005762329474003e+00 2.144521335006401852e+00
3.122535253350943243e-02 4.744387592396184239e+00 1.796523548757664734e+00
3.508678809661756881e-02 4.728342636770346274e+00 1.615220325840958093e+00
3.942574219509004108e-02 4.657429342688637064e+00 1.459076802956903229e+00
4.430126642978612916e-02 4.719499333001502706e+00 1.282345407011543426e+00
4.977971492765739109e-02 4.845157163162183700e+00 1.311638586389109351e+00
5.593564739749129489e-02 4.669947152410824032e+00 1.164128116544951297e+00
6.285284386066521123e-02 4.502956622105131146e+00 1.046833506937415947e+00
7.062544486703017932e-02 4.680114130421821450e+00 1.033084836355943725e+00
7.935923271385174338e-02 4.724473156229563209e+00 9.127764469344425979e-01
8.917307110473576826e-02 4.644629674210556836e+00 8.987337623079205695e-01
1.002005228417777727e-01 4.765805757848913693e+00 8.921662478125731432e-01
1.125916675671431721e-01 4.446296311948485069e+00 7.841286278025507706e-01
1.265151442928854619e-01 4.312998174023278786e+00 7.145362985795895572e-01
1.421604465170970000e-01 4.125097399123035302e+00 7.229945260837795651e-01
1.597405011620959270e-01 4.093866441022470326e+00 6.654005880403036644e-01
1.794945664330672708e-01 4.039439292281547189e+00 6.287322025253174740e-01
2.016914880359704787e-01 3.909238634232244269e+00 6.086578603344315885e-01
2.266333580706645368e-01 4.108543062312348226e+00 6.398554123434373464e-01
2.546596263954670203e-01 3.800344374381104728e+00 6.096530826800921066e-01
2.861517204173361639e-01 3.823986253355458942e+00 6.408160633362590675e-01
3.215382361813550194e-01 3.888048046568507221e+00 6.572577265821636372e-01
3.613007714083738553e-01 3.852986906203885287e+00 6.031330858392283112e-01
4.059804798663491088e-01 3.943203723055796583e+00 6.357410996043191265e-01
4.561854362780115024e-01 3.745648312789431778e+00 6.324178509257074587e-01
5.125989119985989717e-01 3.628835054236915880e+00 6.082018905181745261e-01
5.759886740926463133e-01 3.624701382728889865e+00 6.022327707102022032e-01
6.472174343669143681e-01 3.482261210438367893e+00 5.707882894720583966e-01
7.272545905670251276e-01 3.305426654374030271e+00 5.003832651205137871e-01
8.171894195312616738e-01 3.151893130284243671e+00 4.886689056157843547e-01
9.182459018555964025e-01 3.142935607195473047e+00 4.975362060301596334e-01
1.031799379828291396e+00 3.052681654148418744e+00 4.847974374713560075e-01
1.159395275342560705e+00 2.977775101645967926e+00 4.583221616932233733e-01
1.302770122531328623e+00 2.925425782767441696e+00 4.865404947191412921e-01
1.463875201370668844e+00 2.841943850425715734e+00 4.931198900919774863e-01
1.644903093896739055e+00 2.814180851984289244e+00 4.639575512891064291e-01
1.848317524456751126e+00 2.659134736315151404e+00 4.338522218983499878e-01
2.076886890109038930e+00 2.538389667581285813e+00 3.944816332077105137e-01
2.333721937508863586e+00 2.483049263118268790e+00 3.689694140629569685e-01
2.622318099048807305e+00 2.178108076692109485e+00 3.572862380401564675e-01
2.946603064433348518e+00 2.233030884714778619e+00 3.752983694028663719e-01
3.310990235119601444e+00 2.171230155393231609e+00 3.573667556546660795e-01
3.720438789119888678e+00 2.140033647520871440e+00 3.706971675950235801e-01
4.180521173626434717e+00 2.052533903995329645e+00 4.295939510290601726e-01
4.697498944008501098e+00 1.846556300298588749e+00 4.201223751328390654e-01
5.278407981323338660e+00 1.675615966270769031e+00 3.708696800281114925e-01
5.931154248120568795e+00 1.564543418288823817e+00 3.309708699627122996e-01
6.664621385741982706e+00 1.401016082141694374e+00 3.378487453127609896e-01
7.488791617477163598e+00 1.340065855859470689e+00 3.435158670148362181e-01
8.414881603023355083e+00 9.062514295708825607e-01 3.053086013664815246e-01
9.455495093179743904e+00 8.947788523221490431e-01 3.449535513775027762e-01
1.062479446235150959e+01 6.981942304636519214e-01 5.137887718236512358e-01