1.062937402377472831e-03 4.603892496409727642e+00 5.641558053109355342e+01
1.196734440368466164e-03 4.603891375480452908e+00 5.010095811210911876e+01
1.347373154393365947e-03 4.603889903968565456e+00 4.449138560110976215e+01
1.516973487134685907e-03 4.603887956793749403e+00 3.950790965250217823e+01
1.707922228646193297e-03 4.603885355831951465e+00 3.508038370494512037e+01
1.922906605713664389e-03 4.603881843229702397e+00 3.114647884542883816e+01
2.164952099269867002e-03 4.603877039317301190e+00 2.765080374323278889e+01
2.437465022069270661e-03 4.603870375213038990e+00 2.454412076537276377e+01
2.744280455819249516e-03 4.603860983250245731e+00 2.178264643574890869e+01
3.089716222388310188e-03 4.603847515769230903e+00 1.932742506167303276e+01
3.478633648629624910e-03 4.603827839621402518e+00 1.714376444688746659e+01
3.916505979964862542e-03 4.603798509563937991e+00 1.520072174607490112e+01
4.409495405514516318e-03 4.603753835597636623e+00 1.347062482307693365e+01
4.964539778751483889e-03 4.603684174943022178e+00 1.192860793431844613e+01
5.589450254099986859e-03 4.603572667662329643e+00 1.055212509407988897e+01
6.293021213522303342e-03 4.603388639512987268e+00 9.320366103787607770e+00
7.085154030093153421e-03 4.603073223800752345e+00 8.213395358049378814e+00
7.976996410289843853e-03 4.602504491250117624e+00 7.210502192830085200e+00
8.981099275965980303e-03 4.601397956992046012e+00 6.285951199947946932e+00
1.011159339381298081e-02 4.598929693640712024e+00 5.392991619095177214e+00
1.138438823802058637e-02 4.590700063769661554e+00 4.323456865253458403e+00
1.281739588473592567e-02 4.602329343981935494e+00 4.252392941282332472e+00
1.443078308919390484e-02 4.639854603903449615e+00 4.816630409702136184e+00
1.624725509300715617e-02 4.645716169146742125e+00 4.265681408095794325e+00
1.829237515564322708e-02 4.654750581988846392e+00 3.773918269893103083e+00
2.059492430686403475e-02 4.670047236239212474e+00 3.333611531872713751e+00
2.318730638293341889e-02 4.701167726668394664e+00 2.936080818739147169e+00
2.610600404667826058e-02 4.821531152990502278e+00 2.553766782542542302e+00
2.939209220898570535e-02 4.622695953823805048e+00 2.285802375328173763e+00
3.309181607713113787e-02 4.462152745013190369e+00 2.009154060626267224e+00
3.725724196482659012e-02 4.426093261270931833e+00 1.717777602113047530e+00
4.194699002285690037e-02 4.461565595951800134e+00 1.516220269016855360e+00
4.722705920204165603e-02 4.540645346896032386e+00 1.341532541713032600e+00
5.317175605824890627e-02 4.495748358592647875e+00 1.164908278635839789e+00
5.986474047055857783e-02 4.485172287431390181e+00 1.074239682267633667e+00
6.740020298899562778e-02 4.614027611368945792e+00 9.661629014998118770e-01
7.588419038067914513e-02 4.777157444331799674e+00 9.739770651690625725e-01
8.543609802883422866e-02 4.812553544811147610e+00 8.378726529191812267e-01
9.619035018723809394e-02 4.408337569480930362e+00 7.557748390290641716e-01
1.082982917363665420e-01 4.498690738983929016e+00 7.797599414328646450e-01
1.219303180639758066e-01 4.515859344980614587e+00 6.984809551466704125e-01
1.372782730439871535e-01 4.391413342484296045e+00 6.742744226526847795e-01
1.545581488604951537e-01 4.199714630357673784e+00 6.236542393400956730e-01
1.740131256715957697e-01 4.308572380002365421e+00 5.941821876183330797e-01
1.959169938903057018e-01 4.278272235637527565e+00 5.869395841805165048e-01
2.205780072444237794e-01 4.244685081638099433e+00 5.881679253089570070e-01
2.483432208395505991e-01 4.214924602412465582e+00 5.783144061270504288e-01
2.796033752749433887e-01 4.144898784784713186e+00 5.389913113854760685e-01
3.147983955465006312e-01 3.868979617009955074e+00 5.004549303894911816e-01
3.544235821230865002e-01 3.899962813339707512e+00 5.003283943267220479e-01
3.990365813233783809e-01 3.747155460712463082e+00 4.927824265277342408e-01
4.492652330875396283e-01 3.844623812299666987e+00 5.285491460932685293e-01
5.058164065856187719e-01 3.828258178684538660e+00 5.238713103414085470e-01
5.694859480064313750e-01 3.736375122201800014e+00 5.278133370651806322e-01
6.411698805224257391e-01 3.531744084563070096e+00 4.956158078651564658e-01
7.218770140479378039e-01 3.644497937228033280e+00 5.031211617249906620e-01
8.127431422483050172e-01 3.611671741669510105e+00 4.844445342939984189e-01
9.150470265947313608e-01 3.447189191853667456e+00 4.581357298478614393e-01
1.030228392408936600e+00 3.387465327818022232e+00 4.488823162739001282e-01
1.159908190156412999e+00 3.530955401698856910e+00 4.493834164843788503e-01
1.305911407126013613e+00 3.413784801452004469e+00 4.538480475073671250e-01
1.470292750525256764e+00 3.288605994972705560e+00 4.313306422562623865e-01
1.655365563430235332e+00 3.049467442424533381e+00 3.921792565638735906e-01
1.863734380525076784e+00 2.917770111339147210e+00 3.966683772062153945e-01
2.098331581788750011e+00 2.938488926413067581e+00 4.332897499971016808e-01
2.362458659957544782e+00 2.810894420075739752e+00 4.049195385027577476e-01
2.659832682521331204e+00 2.739882000106268034e+00 3.993785950243712302e-01
2.994638602114526815e+00 2.633398459209387088e+00 4.138996396859417892e-01
3.371588151467316052e+00 2.526733945795851088e+00 3.923643626269244233e-01
3.795986151747351656e+00 2.505822977259232420e+00 3.789997419126429623e-01
4.273805167451026676e+00 2.477957072521414617e+00 3.740695955114789473e-01
4.811769558464602525e+00 2.408885083666062243e+00 4.053071345156424865e-01
5.417450112162124576e+00 2.266992516862583962e+00 4.132216371415108891e-01
6.099370587300189328e+00 2.030964992506434807e+00 3.739636480979791067e-01
6.867127669104655219e+00 1.850013831499174088e+00 3.979028522512784716e-01
7.731526023680483917e+00 1.801934007770800594e+00 4.579709898779952271e-01
8.704730352369045576e+00 1.664866695830142129e+00 6.036070432659631502e-01
9.800436585917946530e+00 1.404527727544391258e+00 6.603684330487792353e-01
1.103406462768360008e+01 1.217450109498479316e+00 7.773535072256401168e-01
1.242297535834671685e+01 7.807566400218796110e-01 5.035681494714465689e-01