1.058385867041641620e-03 5.958496874711174840e+00 2.779786463104631977e+01
1.181975420065333252e-03 5.958676528412227391e+00 2.482304735130984596e+01
1.319996739510179151e-03 5.958907890650555039e+00 2.214911511381118814e+01
1.474135047767062556e-03 5.959208617484608617e+00 1.974234688226149359e+01
1.646272353567765833e-03 5.959604389238710276e+00 1.757166588720511058e+01
1.838510431067241595e-03 5.960134161762442595e+00 1.560780460548446413e+01
2.053196482233167648e-03 5.960860405500771009e+00 1.382203154137895496e+01
2.292951795877230543e-03 5.961891167556220950e+00 1.218375736406878218e+01
2.560703753251191567e-03 5.963434740963457159e+00 1.065486929283254725e+01
2.859721570991904764e-03 5.965968364176641892e+00 9.171873194738658697e+00
3.193656217832000280e-03 5.971048829589300055e+00 7.552552046729840818e+00
3.566584992454102654e-03 5.977804187887674203e+00 5.908650984987619204e+00
3.983061306778381758e-03 5.921152430316308113e+00 9.516279630487069596e+00
4.448170282530920089e-03 5.918860729842029045e+00 8.454621107799564328e+00
4.967590839919783924e-03 5.914958238457375117e+00 7.487362901459340137e+00
5.547665036513449617e-03 5.907676500496510386e+00 6.595206971949757246e+00
6.195475502940325438e-03 5.891847377444245026e+00 5.748911314985645227e+00
6.918931920889164096e-03 5.844060121299966326e+00 4.873768577194398155e+00
7.726867599295569877e-03 5.681916963427593892e+00 3.734360844905509680e+00
8.629147327897247755e-03 6.627609570450541554e+00 4.873645428840137406e+00
9.636787825035939697e-03 5.971449800541527075e+00 4.602262413911190286e+00
1.076209225035806155e-02 5.980257091635571065e+00 4.071840980207556804e+00
1.201880042479663152e-02 5.991471283919239887e+00 3.582693739907996555e+00
1.342225659200103199e-02 6.005124835275274187e+00 3.119350503204901148e+00
1.498959676955976920e-02 6.017558446525431926e+00 2.639156183665943622e+00
1.673995797755044312e-02 5.970168822290993660e+00 2.127401633604639741e+00
1.869471189907030012e-02 6.640952364662949137e+00 2.325651313100391082e+00
2.087772582571212343e-02 6.258029580940175585e+00 2.281707704188448371e+00
2.331565407409586649e-02 5.335335842967257491e+00 1.959565813122710054e+00
2.603826343161399701e-02 5.748797298824189106e+00 1.897903942414193912e+00
2.907879660504090330e-02 5.446196863197495297e+00 1.687772423045997838e+00
3.247437810966661426e-02 5.060698080528136522e+00 1.414357603655123752e+00
3.626646755480859852e-02 5.200053857967819937e+00 1.403047412425969309e+00
4.050136586025872287e-02 5.248675346948250109e+00 1.208894016151681905e+00
4.523078058450261119e-02 4.796290235315123773e+00 1.057936948472073313e+00
5.051245726729546026e-02 4.958184388415939559e+00 1.058560830028519861e+00
5.641088449520527404e-02 4.837187365325134714e+00 1.044601898248856298e+00
6.299808129888218033e-02 4.912911649174700912e+00 1.033071396308098189e+00
7.035447649607232123e-02 5.302787133893334115e+00 1.054391166880773278e+00
7.856989071704026384e-02 5.227588305214127651e+00 1.072928722998154116e+00
8.774463310280310180e-02 4.864036280394519629e+00 1.000284639711597201e+00
9.799072606671888064e-02 4.681315746419102197e+00 9.533294353234249563e-01
1.094332730736096160e-01 4.815524939568164520e+00 9.564265849946559372e-01
1.222119861368244631e-01 4.576263972790667545e+00 9.171883295541292114e-01
1.364828916837835249e-01 4.805661685555267404e+00 9.605289580333472577e-01
1.524202356183997631e-01 4.450535763152889679e+00 8.423195426512537498e-01
1.702186108409428911e-01 4.571270527470947087e+00 8.061346228776721246e-01
1.900953332020873243e-01 4.503498317149886354e+00 8.146034969629623035e-01
2.122930949012346025e-01 4.104603476106218451e+00 7.995068467156709602e-01
2.370829277267587631e-01 4.263204434224982187e+00 8.654565826693836339e-01
2.647675123189540680e-01 3.823507761043217545e+00 7.732348719874502230e-01
2.956848738613553351e-01 3.841848766596041465e+00 7.850253495064409837e-01
3.302125093243426512e-01 3.877632197339472953e+00 7.321285533172439131e-01
3.687719966541384009e-01 3.606714485448534457e+00 7.013426202190997660e-01
4.118341421847968586e-01 3.447966207031404995e+00 7.340579663584930747e-01
4.599247291224169976e-01 3.608251619515296049e+00 8.149132949281776561e-01
5.136309372898258951e-01 3.466951308073636717e+00 7.371540389821511496e-01
5.736085125159806619e-01 3.316520887322526701e+00 6.985835538276009560e-01
6.405897732074039563e-01 3.179211578927080062e+00 7.386989118161162438e-01
7.153925518608494905e-01 2.860569710160281609e+00 7.367629153627509586e-01
7.989301806919060223e-01 2.754880827563436885e+00 6.684610498179891502e-01
8.922226433027706793e-01 2.694762521975987646e+00 6.582700176825043714e-01
9.964090285496057797e-01 2.596215523055053431e+00 6.069088134621488662e-01
1.112761438669582770e+00 2.523518086132387150e+00 5.978357196551059571e-01
1.242700521484038978e+00 2.514227692438902206e+00 5.977627499958330093e-01
1.387812816323930498e+00 1.768161929835904145e+00 4.884408830697277715e-01
1.549870125469080540e+00 1.831361373333080245e+00 4.733520033303112995e-01
1.730851147623980735e+00 1.592837548246176738e+00 3.947566719573794014e-01
1.932965637572073625e+00 1.462846842388513036e+00 3.869631927605240995e-01
2.158681386994763862e+00 1.493517557386440764e+00 3.677739960852581813e-01
2.410754355887447353e+00 1.365862622654317349e+00 4.139103732759883969e-01
2.692262322473252034e+00 1.370737439945094227e+00 4.431538526385295773e-01
3.006642462475540789e+00 1.260507680277604070e+00 4.481524225245958060e-01
3.357733316587242278e+00 1.382664818690169106e+00 5.723627545097076386e-01
3.749821658554347792e+00 1.235365964325041199e+00 6.055985852106036127e-01
4.187694836126792275e+00 9.364273857885588859e-01 6.004940357127496187e-01
4.676699223952928364e+00 8.756067132698551747e-01 5.319063493000327769e-01
5.222805502119856058e+00 5.711995616638581019e-01 3.761696686516527999e-01
5.832681557382104032e+00 6.048013376006895481e-01 4.230519653077352560e-01
6.513773897193194884e+00 6.734283811980615875e-01 4.029430053837667614e-01