1.058340185138305790e-03 5.337120252950137811e+00 3.701976561846434777e+01
1.181827709818860251e-03 5.337074950149585106e+00 3.314350699282433510e+01
1.319723804603684320e-03 5.337017951354407153e+00 2.967130114157629706e+01
1.473709666787700922e-03 5.336946079203673143e+00 2.656080559041871325e+01
1.645662656388710956e-03 5.336855204408122333e+00 2.377408357928254290e+01
1.837679184486537207e-03 5.336739911052894136e+00 2.127713975911342814e+01
2.052100272182048012e-03 5.336593017138754114e+00 1.903950312201932960e+01
2.291540091784984023e-03 5.336404873104212854e+00 1.703385166105228521e+01
2.558917838198154944e-03 5.336162311340936881e+00 1.523567351487682586e+01
2.857493319066540995e-03 5.335847031862686052e+00 1.362295936788518169e+01
3.190906697598167464e-03 5.335433048556357249e+00 1.217592049071233085e+01
3.563222872592041596e-03 5.334882513540494919e+00 1.087672568678850737e+01
3.978981036744173166e-03 5.334138620965352295e+00 9.709247822294067021e+00
4.443250017435096920e-03 5.333112975828822044e+00 8.658804820596275320e+00
4.961690074700982750e-03 5.331661780825506014e+00 7.711866525376867010e+00
5.540621909814878732e-03 5.329537487478772206e+00 6.855664865709944600e+00
6.187103725814783496e-03 5.326280258970323089e+00 6.077548021194015604e+00
6.909017279482655705e-03 5.320936172373730066e+00 5.363590386251424924e+00
7.715163973900200645e-03 5.311133124122599192e+00 4.694497599283741884e+00
8.615372163119645876e-03 5.288267121937492377e+00 4.025736124286433792e+00
9.620616977183252955e-03 5.224297358240098887e+00 3.240221552729856125e+00
1.074315412837044924e-02 5.438307505979870449e+00 3.306570021297035922e+00
1.199666933000741696e-02 5.359081419952112846e+00 3.351821006309872786e+00
1.339644514951874969e-02 5.288886393731868196e+00 2.794150277627838186e+00
1.495954732995491074e-02 5.926855261328701552e+00 2.943464909440152155e+00
1.670503285158454060e-02 5.790462794347224218e+00 2.466499067967391046e+00
1.865418227019037534e-02 5.517505993503485584e+00 2.456142202830235544e+00
2.083075916468358699e-02 5.494927196554229454e+00 2.081920026862649209e+00
2.326129985716178517e-02 4.810773853336808514e+00 1.840809160224140983e+00
2.597543693761070194e-02 4.958744130719970222e+00 1.687703775484062696e+00
2.900626053758788639e-02 5.153801837136668951e+00 1.452494514215170840e+00
3.239072175745350002e-02 5.374416819209040241e+00 1.538874923959695717e+00
3.617008316563985471e-02 5.094770835878456694e+00 1.422906004717784390e+00
4.039042186234254039e-02 4.931951507508507859e+00 1.282095233056177674e+00
4.510319124086921427e-02 5.157487760073266259e+00 1.258623266591504475e+00
5.036584829551063458e-02 5.088442892734215128e+00 1.164688266457237997e+00
5.624255412392645259e-02 5.445992429386842026e+00 1.219273403076475137e+00
6.280495616440853746e-02 4.964430851058090788e+00 1.165519323402271157e+00
7.013306170487805524e-02 5.044883345114396178e+00 1.031055870142332909e+00
7.831621331323564139e-02 4.591674095815910128e+00 9.429745188433559244e-01
8.745417808128605475e-02 4.629327364396905509e+00 9.642099932265146833e-01
9.765836396204724545e-02 4.029624132726991270e+00 9.239191495313112679e-01
1.090531780297469694e-01 4.111339507469148558e+00 9.150262531668432731e-01
1.217775432220990495e-01 4.296857151126354246e+00 8.335064001193009942e-01
1.359865920566296349e-01 4.131838028423183928e+00 7.803785982977226032e-01
1.518535579704516358e-01 4.032896655006507736e+00 7.397426978231872452e-01
1.695718873422647766e-01 4.134581069533061815e+00 7.591280127903691222e-01
1.893575979458640979e-01 4.321876653637692911e+00 8.122006194346698127e-01
2.114519125888771889e-01 4.082830160754871152e+00 7.754868260182433692e-01
2.361242000454449597e-01 3.675231690475404545e+00 7.418898367686199702e-01
2.636752591380160382e-01 3.707518423050902623e+00 7.288289839007439097e-01
2.944409860070211771e-01 3.775513383237669718e+00 7.296970897967754999e-01
3.287964692789310250e-01 3.994594167272831342e+00 8.565806909455894180e-01
3.671605630600390802e-01 3.793402813899088066e+00 7.898467483757184437e-01
4.100009935088534396e-01 3.732914909318294505e+00 7.600577218141634228e-01
4.578400612452451224e-01 3.425349886264490440e+00 6.645802647639795779e-01
5.112610091188065642e-01 3.324356243716183990e+00 5.721481855911956238e-01
5.709151329707828904e-01 3.383098986772810957e+00 6.120879077142438174e-01
6.375297220823347155e-01 3.346707823835923357e+00 7.012721949782512176e-01
7.119169261172464402e-01 3.127972744725144416e+00 6.257727866103514058e-01
7.949836566627935808e-01 3.012145907216087881e+00 6.312223837839707752e-01
8.877426440860629597e-01 2.967314415281840034e+00 5.889320969128416516e-01
9.913247845083625887e-01 2.775072296575954223e+00 5.520190228050344539e-01
1.106992927429180096e+00 2.645553579669316147e+00 5.055054627575680248e-01
1.236157272095207205e+00 2.416852551813414962e+00 4.616392043539548351e-01
1.380392560323401296e+00 2.338366757495324855e+00 4.609247082377078697e-01
1.541457275389015003e+00 2.319276884267324146e+00 4.563501264152188264e-01
1.721315081046982165e+00 2.010931609588445301e+00 4.264369086009759391e-01
1.922158762066259019e+00 1.932869734661544436e+00 4.080701245435216507e-01
2.146436958154582353e+00 1.851367668007734224e+00 4.241926871713597724e-01
2.396884017207463025e+00 1.616878857630432931e+00 4.189325231553063245e-01
2.676553331845321182e+00 1.579613654423530855e+00 3.744125828898420827e-01
2.988854565670130192e+00 1.564274675414567994e+00 4.131597555979535930e-01
3.337595223095462416e+00 1.447503399219916220e+00 4.668793235695455346e-01
3.727027069559689210e+00 1.227290641911602753e+00 4.371780688081773336e-01
4.161897968066866405e+00 1.003438875264604624e+00 4.295456357489345067e-01
4.647509764034385427e+00 7.849992615512056959e-01 3.721023339106072636e-01
5.189782924166083333e+00 1.049507775684000777e+00 6.553140608333439809e-01
5.795328717413015696e+00 1.009244739339705932e+00 1.138658663304162433e+00
6.471529818035444137e+00 8.268336378218188454e-01 6.947583222047954976e-01