1.060770434387386246e-03 5.567322683840979280e+00 3.391682371553566355e+01
1.189697394553421595e-03 5.566694481351777135e+00 3.020190778737268289e+01
1.334294249466527055e-03 5.565889912990841459e+00 2.688410561643227226e+01
1.496465531747870770e-03 5.564854386009544740e+00 2.391940319315551022e+01
1.678347252568008346e-03 5.563513105262604341e+00 2.126827970200947959e+01
1.882335035750876389e-03 5.561761346487610780e+00 1.889509536966573222e+01
2.111115671321229723e-03 5.559448391478905016e+00 1.676746467902994198e+01
2.367702504097647480e-03 5.556349559092784496e+00 1.485554547307611273e+01
2.655475123445878542e-03 5.552114202590448855e+00 1.313109734862444533e+01
2.978223876959285900e-03 5.546160423593650357e+00 1.156595504999823909e+01
3.340199794370688445e-03 5.537435572874131573e+00 1.012891404389090155e+01
3.746170579259817685e-03 5.523768722213731053e+00 8.777505132728139259e+00
4.201483406041548255e-03 5.499514422367530742e+00 7.426979310001566859e+00
4.712135349354627800e-03 5.435993624489245057e+00 5.663963235245822680e+00
5.284852373499501765e-03 5.524891105194702057e+00 6.169614541947469277e+00
5.927177922321044679e-03 5.775405565605398195e+00 7.906764012921344786e+00
6.647572276382594791e-03 5.779627503631023622e+00 7.032089887708934839e+00
7.455523986097222465e-03 5.785155980139128573e+00 6.249365523929184540e+00
8.361674848538627747e-03 5.792491008434193844e+00 5.547902329665809873e+00
9.377960074042176325e-03 5.802407898835420852e+00 4.917805347627896673e+00
1.051776548877638925e-02 5.816203546349386855e+00 4.349545389734276846e+00
1.179610384385158979e-02 5.836330379673394297e+00 3.832998022856494380e+00
1.322981255319074026e-02 5.868685834922633404e+00 3.353943702334707400e+00
1.483777546463292685e-02 5.951583809180200468e+00 2.843390841689498849e+00
1.664117158528941390e-02 5.927104146775552529e+00 2.583313945617474960e+00
1.866375403719553946e-02 6.102368535835575258e+00 2.141208096123249582e+00
2.093216291747494393e-02 5.494302657752418106e+00 2.136758160339033985e+00
2.347627618379992051e-02 5.567128157634714469e+00 2.044409733374030314e+00
2.632960318677545278e-02 5.584931749064878659e+00 1.728346846527266445e+00
2.952972603259115120e-02 5.462053713706255920e+00 1.551247549112818591e+00
3.311879458927327602e-02 5.435820985689685969e+00 1.384962673554765988e+00
3.714408165642676951e-02 5.072452105084260587e+00 1.290979505429050933e+00
4.165860561078996160e-02 4.931179397902232253e+00 1.116413917267181199e+00
4.672182872867097075e-02 5.013607991775168138e+00 1.095892688574506835e+00
5.240044038309973895e-02 4.736939815480373461e+00 9.931235260520178132e-01
5.876923543144232931e-02 4.678773300475531194e+00 9.172324252514009180e-01
6.591209936300895800e-02 4.997711212960502358e+00 1.042674148913659948e+00
7.392311318235816886e-02 4.881054515513365111e+00 1.011141474684113417e+00
8.290779258107779104e-02 4.448871434429454652e+00 8.590634471812748085e-01
9.298447771958058550e-02 4.498253761003461193e+00 8.659358054879516819e-01
1.042858919241868298e-01 4.404019340565653806e+00 8.491190050521947308e-01
1.169608898296044808e-01 4.356766068825291605e+00 8.190209380813870954e-01
1.311764179921650619e-01 4.356817287922297055e+00 8.351442266523894098e-01
1.471197137976954505e-01 4.651343609351565433e+00 8.350775487384294316e-01
1.650007716265632363e-01 4.433623772889830228e+00 8.389641878953189025e-01
1.850551087585634025e-01 4.340086618660200735e+00 8.112427335005474305e-01
2.075468674482890963e-01 4.102705936634386319e+00 7.353307435540764603e-01
2.327722940294366660e-01 4.336102579004199598e+00 8.684608320254615377e-01
2.610636408724711366e-01 4.150091120520854382e+00 7.678192284911220522e-01
2.927935425896164290e-01 4.348723590612035395e+00 8.080058245861646560e-01
3.283799241276015302e-01 4.020660583403999233e+00 7.665241116805975308e-01
3.682915053942638628e-01 4.088848093260408767e+00 7.281569205396253297e-01
4.130539749222514323e-01 3.580498449943519290e+00 6.469542575196592926e-01
4.632569138851748702e-01 3.520896124010492123e+00 6.068788722324870433e-01
5.195615616646989121e-01 3.363973351223728425e+00 6.112854722964893295e-01
5.827095252514038481e-01 3.090904484999468682e+00 5.805019351441650377e-01
6.535325471937942776e-01 3.064613235185273510e+00 5.902504535164126986e-01
7.329634607523175527e-01 3.197466888157804110e+00 6.297155828101733688e-01
8.220484765523179416e-01 3.070685390360645250e+00 5.954576009664909186e-01
9.219609625674647368e-01 3.003945337091120660e+00 5.405654853497884327e-01
1.034016898934339679e+00 2.892235766757117688e+00 5.397749246890048980e-01
1.159692211158614761e+00 2.849933204708759327e+00 5.359657597920182148e-01
1.300642210014169020e+00 2.766303532133738585e+00 5.119943022765790497e-01
1.458723394184430866e+00 2.705631852288837624e+00 4.761512806464089365e-01
1.636017902815691150e+00 2.549637154931061911e+00 4.379548130729219446e-01
1.834860940054991341e+00 2.375054188040814473e+00 4.116298140101703473e-01
2.057871532790169322e+00 2.417231255355996478e+00 4.233425426497319788e-01
2.307987026712357448e+00 2.269389600897296244e+00 3.926382932935962300e-01
2.588501775059881105e+00 2.220228167319147072e+00 3.794130745441118835e-01
2.903110529625699598e+00 2.017027272069383148e+00 3.297195716718505087e-01
3.255957105545596253e+00 1.963009873984207232e+00 3.596950113690204343e-01
3.651688960846999343e+00 1.784693751812875373e+00 3.521848959834079085e-01
4.095518409643586821e+00 1.802604382078094591e+00 3.728161102545670125e-01
4.593291275234742344e+00 1.551945286497012466e+00 3.572510281560605239e-01
5.151563887362354599e+00 1.501351245563102399e+00 3.684384064884059784e-01
5.777689437781118542e+00 1.398778078902265465e+00 3.598860400387465797e-01
6.479914831559861810e+00 1.263162669329775056e+00 3.746235134623370766e-01
7.267489309774175510e+00 1.103498209833572163e+00 4.335861963560616039e-01
8.150786274295494849e+00 8.618579681306418605e-01 4.266488375457947457e-01
9.141439919270858638e+00 6.380641245905166459e-01 4.127459326670450679e-01
