1.061330364063080550e-03 5.564188361347947698e+00 5.425753282862591931e+01
1.191513919301462159e-03 5.564508526460399729e+00 4.832558267424132481e+01
1.337665884215435714e-03 5.564913264822328287e+00 4.304127411879125020e+01
1.501744955562826517e-03 5.565425321870766773e+00 3.833378491825277479e+01
1.685950085271952555e-03 5.566073803937199749e+00 3.414002190762038680e+01
1.892749950315773984e-03 5.566896104851301708e+00 3.040377485286667891e+01
2.124916037382262347e-03 5.567940506114640975e+00 2.707496227237354347e+01
2.385559785734528426e-03 5.569269741017876640e+00 2.410895898197876974e+01
2.678174286041215199e-03 5.570965971438587516e+00 2.146599613061059131e+01
3.006681094015793178e-03 5.573137892404700366e+00 1.911062532942489156e+01
3.375482786250935414e-03 5.575931142754157577e+00 1.701123909572428516e+01
3.789521962589799224e-03 5.579544039532062349e+00 1.513964015011598541e+01
4.254347485771144133e-03 5.584252246142694887e+00 1.347065191887703683e+01
4.776188846077538547e-03 5.590449175567496098e+00 1.198176143382490899e+01
5.362039647605459577e-03 5.598715760272547470e+00 1.065278251330718895e+01
6.019751335022091067e-03 5.609949071619547922e+00 9.465518447685203896e+00
6.758138416914333257e-03 5.625620027924986388e+00 8.403379579729321591e+00
7.587096595910428412e-03 5.648350388370790398e+00 7.450836954514962862e+00
8.517735388728322338e-03 5.683425928760533097e+00 6.592311608122124689e+00
9.562527013495709244e-03 5.743901268634649782e+00 5.808630154433647164e+00
1.073547353969717989e-02 5.879542307082078700e+00 5.054600895699435270e+00
1.205229454085557546e-02 6.026120604303937256e+00 4.354199204135235313e+00
1.353063776482787972e-02 5.157686432563575174e+00 4.085038618940455279e+00
1.519031564507300307e-02 5.187724604635104875e+00 3.521771709075900425e+00
1.705357082256387866e-02 5.185954616455198618e+00 3.061269626400825228e+00
1.914537423681062639e-02 4.961183175329235695e+00 2.875759068725205925e+00
2.149375978094567041e-02 4.736369456043873605e+00 2.259680808761309390e+00
2.413020000584527661e-02 5.197418138440180080e+00 2.248598155975123802e+00
2.709002790839216274e-02 5.342694605559477949e+00 2.439555282510589507e+00
3.041291045659357678e-02 5.383324906738285343e+00 2.129421139686132225e+00
3.414338019763508980e-02 5.459984960145931154e+00 1.806756463728296680e+00
3.833143207336536795e-02 5.555670866189441170e+00 1.614986096738669774e+00
4.303319344160286275e-02 5.537517907825725949e+00 1.503166029057281916e+00
4.831167628274381232e-02 4.988962601817762632e+00 1.185649289502187287e+00
5.423762167258057432e-02 4.701663933062392609e+00 1.122192054116800675e+00
6.089044783877058109e-02 4.910239715091099910e+00 1.101315236943131604e+00
6.835931450660222286e-02 4.545376938244555021e+00 9.521969294724157429e-01
7.674431779818732813e-02 4.364995567542589328e+00 8.111493700432260701e-01
8.615783169885854464e-02 4.458140261877511001e+00 7.408249844126606476e-01
9.672601406881178865e-02 4.331255497305103397e+00 7.773358492860364954e-01
1.085904973832335779e-01 4.445252595594931577e+00 7.477432946616264786e-01
1.219102868598430367e-01 4.269719912689784458e+00 6.984673652302192393e-01
1.368638914121405592e-01 4.207373447960347512e+00 6.739317305782658307e-01
1.536517159869336124e-01 4.323977008374087383e+00 7.019107306315702788e-01
1.724987473477250233e-01 4.354899358700749623e+00 7.397590661135338141e-01
1.936575692982477337e-01 4.284656224698333737e+00 7.732100414674752953e-01
2.174117477555133626e-01 4.284976951011287838e+00 7.124586276016714459e-01
2.440796310383859247e-01 4.349999013313405882e+00 6.771861436833283010e-01
2.740186163023191623e-01 4.145453829132391910e+00 6.981647415061937867e-01
3.076299392980849090e-01 3.898403934945692040e+00 6.484023865424265454e-01
3.453640516457948118e-01 3.588369458273751089e+00 6.374340264432072356e-01
3.877266576892691718e-01 3.628325833958540692e+00 6.237088592973446532e-01
4.352854918353578073e-01 3.783900158396782842e+00 7.073317748003222771e-01
4.886779272066373858e-01 3.427139846802541800e+00 6.644455072241725047e-01
5.486195175769870147e-01 3.273884314395619555e+00 6.049157308314047077e-01
6.159135870672036717e-01 3.354197588748098369e+00 6.050278557920766298e-01
6.914619961196627473e-01 3.285498752848475590e+00 6.029649779375766405e-01
7.762772280352695509e-01 3.279404844028535049e+00 5.658494058850304098e-01
8.714959580538339523e-01 3.245492219481027174e+00 5.439415359214105905e-01
9.783942868277237803e-01 3.200305080361525611e+00 5.524631235311203703e-01
1.098404842444488771e+00 2.987839240092081017e+00 5.140154949011033203e-01
1.233135980196031323e+00 2.761562704012019864e+00 4.835732214371421533e-01
1.384393337405444235e+00 2.807000917574025145e+00 4.728417898561247945e-01
1.554204032184602458e+00 2.508082298310642777e+00 4.263552151971662374e-01
1.744843830428981724e+00 2.495036142717416805e+00 4.182834311347914946e-01
1.958867645135840885e+00 2.366500373761877718e+00 4.118194519072289062e-01
2.199143776790982052e+00 2.320156516590546225e+00 4.099455451532404981e-01
2.468892353706280574e+00 2.132346467216744479e+00 3.540994992595619117e-01
2.771728487477004954e+00 2.108228012570704468e+00 3.326633331105757763e-01
3.111710721918958811e+00 2.001266871643233358e+00 3.476171519169668489e-01
3.493395424787521186e+00 1.808662529812654407e+00 3.243055033587931568e-01
3.921897851224559695e+00 1.819577187790865302e+00 3.232059700598124974e-01
4.402960697292192194e+00 1.721096698567007088e+00 3.189359434864564302e-01
4.943031062332922332e+00 1.712140296887131763e+00 4.023214511227250489e-01
5.549346851588914831e+00 1.477548675007686274e+00 3.939548423804765664e-01
6.230033777029435171e+00 9.962936958378438845e-01 2.850670560004798237e-01
6.994214256370444360e+00 1.082526531062997011e+00 3.827469648917827261e-01
7.852129669727222705e+00 9.335035628516109574e-01 3.768593813791931146e-01
8.815277612356997139e+00 9.501467257913249753e-01 5.147592249398118547e-01
9.896565982922956195e+00 5.624789804718828279e-01 4.254201937706231229e-01