1.060649058312203036e-03 5.175953147182659642e+00 5.893269355137176291e+01
1.189303791484922802e-03 5.176040485847136274e+00 5.255584013072934368e+01
1.333564101486308913e-03 5.176150398796598218e+00 4.686860267984683048e+01
1.495322915394516148e-03 5.176288753746400850e+00 4.179635504916018363e+01
1.676702768777186409e-03 5.176462962924846423e+00 3.727254055482423922e+01
1.880083656768785465e-03 5.176682400996968525e+00 3.323779856919762921e+01
2.108134263431165126e-03 5.176958942764532168e+00 2.963918550091741011e+01
2.363846979176744204e-03 5.177307658953671954e+00 2.642947992834385218e+01
2.650577165739174002e-03 5.177747722933291108e+00 2.356656274644953442e+01
2.972087183910992764e-03 5.178303602625611290e+00 2.101286416115248912e+01
3.332595761762929907e-03 5.179006644114416247e+00 1.873487022601707253e+01
3.736833351135248216e-03 5.179897203318350130e+00 1.670268237210608930e+01
4.190104198767220615e-03 5.181027561339455190e+00 1.488962403606154261e+01
4.698355946537701930e-03 5.182465989159174669e+00 1.327188904248987278e+01
5.268257674083801079e-03 5.184302548341423567e+00 1.182822683051691826e+01
5.907287407842238929e-03 5.186657605223889966e+00 1.053965989753008081e+01
6.623830244772570090e-03 5.189694759791524170e+00 9.389228888759799219e+00
7.427288378303259150e-03 5.193641304978511286e+00 8.361760417217396935e+00
8.328204470217780153e-03 5.198822281737026429e+00 7.443651553191153347e+00
9.338399987318155016e-03 5.205720851439604502e+00 6.622661975085287089e+00
1.047113031806522383e-02 5.215094292029190726e+00 5.887697284234898021e+00
1.174125870457524978e-02 5.228221910541209994e+00 5.228546469044701439e+00
1.316545127224013831e-02 5.247519728160624730e+00 4.635471825214298569e+00
1.476239571607325385e-02 5.278449724739203042e+00 4.098294142950296148e+00
1.655304651329713578e-02 5.338404937989529309e+00 3.603095391231737388e+00
1.856089987975626313e-02 5.640332939476575547e+00 3.076803288996765140e+00
2.081230207802486215e-02 4.891946929715786041e+00 2.591075383436846735e+00
2.333679512270749046e-02 5.106035568873187991e+00 2.703195754836683395e+00
2.616750441914152819e-02 5.173217593813329351e+00 2.376625304932694860e+00
2.934157342194420454e-02 5.398391917068162904e+00 2.073793861681276329e+00
3.290065101682275450e-02 5.097306963791737644e+00 1.703349554738616156e+00
3.689143802088019897e-02 4.758999719919609461e+00 1.499592424659830225e+00
4.136629997237896428e-02 4.481779102710579998e+00 1.374784509776688202e+00
4.638395425074873235e-02 4.671500680400787253e+00 1.294818540861358835e+00
5.201024054295715765e-02 4.560275479710199420e+00 1.235150241683740324e+00
5.831898476600017034e-02 4.948384646497312467e+00 1.199807631040740397e+00
6.539296778156339363e-02 4.552700265735998286e+00 9.611093527395795366e-01
7.332501161394749944e-02 4.601162152919454407e+00 9.099122632169582836e-01
8.221919742418203059e-02 4.216134975408509789e+00 8.131568483241494727e-01
9.219223122210550014e-02 4.137131675552664589e+00 7.509231139947143419e-01
1.033749752367486008e-01 4.089860296445017696e+00 7.341126987159168893e-01
1.159141650390607958e-01 4.022880034897500678e+00 6.987806563293017525e-01
1.299743349483894750e-01 4.359888708220009512e+00 7.963251587112173402e-01
1.457399769871387807e-01 4.436726525278735345e+00 7.634865642897735727e-01
1.634179617125629536e-01 4.200237009051293491e+00 6.950834555077601840e-01
1.832402526908960827e-01 4.019555400562581760e+00 6.937916792248488562e-01
2.054669502320820018e-01 3.934147752616583116e+00 6.448989724873789298e-01
2.303897043237940201e-01 4.026716593104612940e+00 6.545629648584051496e-01
2.583355415479239303e-01 3.874424470153088329e+00 6.140074056896093202e-01
2.896711561948330238e-01 3.816557750048624964e+00 5.960795132265779284e-01
3.248077218816803335e-01 3.677146907920789687e+00 6.179499985949740148e-01
3.642062868109919305e-01 3.729457484839183046e+00 6.056512894375097877e-01
4.083838234639334264e-01 3.527063400869091314e+00 5.810383056609960128e-01
4.579200121099825660e-01 3.382465822055789939e+00 5.511285706476715118e-01
5.134648471435485639e-01 3.372697751319352122e+00 5.582400584663781418e-01
5.757471660548993952e-01 3.425403106560346966e+00 5.638633515793469719e-01
6.455842129491975445e-01 3.396910886017814324e+00 5.545382050991348732e-01
7.238923621023846122e-01 3.403404142352434825e+00 5.027274223980159329e-01
8.116991422641961496e-01 3.368816594711789847e+00 5.243350350182531816e-01
9.101567194864887966e-01 3.135290894091395941e+00 5.402434739943227093e-01
1.020557015393247280e+00 3.113972758819136821e+00 5.630011662624342383e-01
1.144348659268273005e+00 2.881289672335185070e+00 5.349663750532795969e-01
1.283155996399178100e+00 3.029071577439983454e+00 5.273984435822528516e-01
1.438800402097711206e+00 2.864513975510192711e+00 4.790022590065822761e-01
1.613324181070602270e+00 2.686627515314200743e+00 4.381277801865191002e-01
1.809017365739078009e+00 2.692484668332996378e+00 4.160733252043680719e-01
2.028447765144071990e+00 2.525900508771246944e+00 4.052369672876272033e-01
2.274494658727032714e+00 2.377587718377209836e+00 3.854041078711444857e-01
2.550386577102892183e+00 2.275188134661489947e+00 3.413497170162668737e-01
2.859743665569637550e+00 2.205152338085788699e+00 3.683481486494495361e-01
3.206625186231809366e+00 2.184716290096016422e+00 3.741429660814688529e-01
3.595582782042111791e+00 2.092767276269503984e+00 4.142717729464035492e-01
4.031720201670960790e+00 2.098978422170315827e+00 4.104404603335027324e-01
4.520760268890217759e+00 1.926306780819947440e+00 4.215874794062327013e-01
5.069119975217043716e+00 1.782578267327825428e+00 3.873749194067174217e-01
5.683994681154027617e+00 1.607858746547200957e+00 3.964054618129547736e-01
6.373452530881150935e+00 1.548973489778763035e+00 3.974142750624944931e-01
7.146540319272086883e+00 1.279927681830949071e+00 4.441861728183454927e-01
8.013402200380170370e+00 1.015248717953956881e+00 4.688450693267474656e-01
8.985412795040154776e+00 1.038965328678438160e+00 4.823600506257691434e-01