1.062990544823184816e-03 4.821188839625738076e+00 5.267576720608677476e+01
1.196907251943798382e-03 4.821146853399711496e+00 4.677979794639725952e+01
1.347694931749320903e-03 4.821093578288100368e+00 4.154321064339440994e+01
1.517479007761991100e-03 4.821025964176740786e+00 3.689219253583454616e+01
1.708652666675339240e-03 4.820940127794685282e+00 3.276118448166806019e+01
1.923910591450273769e-03 4.820831119581456825e+00 2.909195675988576824e+01
2.166286944143371897e-03 4.820692621951713441e+00 2.583278813529186380e+01
2.439198133853259700e-03 4.820516556698043686e+00 2.293773659216859073e+01
2.746490972619486555e-03 4.820292570851546721e+00 2.036599142495286685e+01
3.092496898054008462e-03 4.820007357949809723e+00 1.808129750431117344e+01
3.482093026998872229e-03 4.819643753260159258e+00 1.605144353038532401e+01
3.920770900790218096e-03 4.819179513239959967e+00 1.424780694803982684e+01
4.414713891125548149e-03 4.818585645345181412e+00 1.264494893686214461e+01
4.970884357606512177e-03 4.817824083113762867e+00 1.122025349468948718e+01
5.597121785483877635e-03 4.816844383575092259e+00 9.953605087579685318e+00
6.302253286902570993e-03 4.815578922414782248e+00 8.827099592140090323e+00
7.096218023213975504e-03 4.813935704850742070e+00 7.824783200436591812e+00
7.990207302146683579e-03 4.811787249805733246e+00 6.932413358463148434e+00
8.996822324571506629e-03 4.808952724951397251e+00 6.137234132040502388e+00
1.013025180437581579e-02 4.805167883387627015e+00 5.427754342021733791e+00
1.140647196508318660e-02 4.800031575859965649e+00 4.793506942540868287e+00
1.284347173226513955e-02 4.792903772577088439e+00 4.224742166708501223e+00
1.446150629593825898e-02 4.782693081120974021e+00 3.711929095064711248e+00
1.628338261702840309e-02 4.767358436805506194e+00 3.244653719133346215e+00
1.833478090225040130e-02 4.742541746631512289e+00 2.808014338782411468e+00
2.064461657874336331e-02 4.698297079774458318e+00 2.356096932391803289e+00
2.324544787066497309e-02 4.499084309564292283e+00 1.946293454193259720e+00
2.617393472272924043e-02 4.699624943714307612e+00 1.938499340813056415e+00
2.947135553943163594e-02 4.876303023896222832e+00 1.845955444738565765e+00
3.318418902364481810e-02 5.104037808530114795e+00 1.698456527361875468e+00
3.736476931587470046e-02 5.210662598283541058e+00 1.537400148738447880e+00
4.207202366867385940e-02 5.515499667679505613e+00 1.556492930867696911e+00
4.737230305408127173e-02 5.432687962403709214e+00 1.368630974476521489e+00
5.334031741189250442e-02 4.908630806923596879e+00 1.142954419705511704e+00
6.006018872152596444e-02 4.885869420839313193e+00 1.077119538685909816e+00
6.762663674103042144e-02 4.902028753830138363e+00 9.617810500053125544e-01
7.614631412678470046e-02 4.697474234798097115e+00 8.855880401996681917e-01
8.573930975303184487e-02 5.038767366981852902e+00 9.181654835526619207e-01
9.654084142124644274e-02 4.990300172315165206e+00 8.700274177769948825e-01
1.087031618188724902e-01 4.955827836913099915e+00 8.354270901390981052e-01
1.223977045928197616e-01 4.892898581105520783e+00 7.562382825625639793e-01
1.378175007876377145e-01 4.974499623591742470e+00 7.375641246683835028e-01
1.551798997092037058e-01 4.953517351794050505e+00 7.019088420495164238e-01
1.747296325657836658e-01 4.652665362106096048e+00 6.443546661987183954e-01
1.967422620699310065e-01 4.666807923693394144e+00 6.210087136383753981e-01
2.215280666249926644e-01 4.482814568771993358e+00 5.838801123922829905e-01
2.494364138456629520e-01 4.348523052427998081e+00 5.787486624888329434e-01
2.808606850594225213e-01 4.285959686397018409e+00 5.453578596469715878e-01
3.162438202020345646e-01 4.157974949567956990e+00 5.242733586271780544e-01
3.560845612650175296e-01 4.259705452103916379e+00 5.195310125055924155e-01
4.009444822994341351e-01 4.272137674345281688e+00 5.300829948725833685e-01
4.514559050672166673e-01 4.164183162328025212e+00 5.224149098721468931e-01
5.083308119148729487e-01 4.135145046276252678e+00 5.227701877093546834e-01
5.723708815007326756e-01 4.040488718719029926e+00 5.130746777342402032e-01
6.444787888340481885e-01 3.897604565282992706e+00 4.941440212512029917e-01
7.256709289053344669e-01 3.848845911557602584e+00 4.830279475399213984e-01
8.170917432535222957e-01 3.986812954406042664e+00 5.040614507471486982e-01
9.200298514096532099e-01 3.762127688707736617e+00 4.676244294872436424e-01
1.035936214597429572e+00 3.717248284450754614e+00 4.534082768064788271e-01
1.166444587716549020e+00 3.514313501292612774e+00 4.362195122295383087e-01
1.313394547889191077e+00 3.364126787976351007e+00 4.306161646662690079e-01
1.478857424167873136e+00 3.506879557054901397e+00 4.516792486031209752e-01
1.665165493896166193e+00 3.476872056420149626e+00 4.602013861016372998e-01
1.874944857258741493e+00 3.386192446938722345e+00 4.246958265723591586e-01
2.111152453403054796e+00 3.270145188822503268e+00 3.944479016099547986e-01
2.377117739892379511e+00 3.232601664332554137e+00 4.076370543290054327e-01
2.676589622981738525e+00 3.340021641814117537e+00 4.211804650096764302e-01
3.013789300221145773e+00 3.129054004769067809e+00 4.211593506122850439e-01
3.393469760227577403e+00 3.013606921888456469e+00 3.941299516929270830e-01
3.820982778303052108e+00 2.973378035087518967e+00 4.224051622208462309e-01
4.302354352233686008e+00 2.824190190397529499e+00 4.119330609038011626e-01
4.844369641572889407e+00 2.719068116537952662e+00 3.953417582606410519e-01
5.454668607668038405e+00 2.605895106482034596e+00 4.205269527900519222e-01
6.141853702521906655e+00 2.503268908564742379e+00 4.740907262538859857e-01
6.915611124414207111e+00 2.136169664900276377e+00 3.939850814429427528e-01
7.786847349438469124e+00 2.049416454679283905e+00 3.894628023498520886e-01
8.767842863430676204e+00 1.824010856118563062e+00 3.702625501873150204e-01
9.872425261213825465e+00 1.527619239202169243e+00 4.665592816290603517e-01
1.111616415307389971e+01 1.388044116317024290e+00 4.734971379331198160e-01
1.251659062576606019e+01 1.357741485314859498e+00 6.164483725349870769e-01
