1.061466612516387496e-03 6.008705420947444864e+00 5.247382831841529338e+01
1.191956126457642193e-03 6.010155849153639984e+00 4.672604633347295788e+01
1.338487137180654606e-03 6.011994958529641941e+00 4.160708749178349564e+01
1.503031677619159727e-03 6.014330355973929620e+00 3.704805056734225133e+01
1.687804209075306327e-03 6.017301559636804242e+00 3.298756540546349214e+01
1.895291423720825690e-03 6.021090785459827899e+00 2.937096479080929612e+01
2.128285710815787032e-03 6.025938217536823238e+00 2.614954528319866611e+01
2.389922737037543897e-03 6.032164165907159870e+00 2.327990624453765633e+01
2.683723646680727902e-03 6.040202172333515307e+00 2.072335665846429720e+01
3.013642449663910677e-03 6.050650220474857122e+00 1.844537890087292453e+01
3.384119235096768111e-03 6.064353304307267933e+00 1.641513650352863607e+01
3.800139926562662654e-03 6.082543401835062369e+00 1.460500696954541233e+01
4.267303383310824122e-03 6.107091913611798262e+00 1.299010470333608502e+01
4.791896750414495650e-03 6.141002226419733034e+00 1.154771381534950869e+01
5.380980071967024839e-03 6.189476888766058060e+00 1.025640552359662472e+01
6.042481306051028858e-03 6.262600260241118377e+00 9.094053138148485260e+00
6.785303020204140785e-03 6.383874688771234318e+00 8.031011788022459186e+00
7.619442203302464849e-03 6.634163175612055596e+00 6.986453865384579132e+00
8.556124806305270836e-03 6.924135562844504044e+00 5.959689926726184694e+00
9.607956822527309246e-03 4.864413460692730062e+00 5.395677639692673999e+00
1.078909394069624966e-02 4.864282031028443143e+00 4.778877201326357849e+00
1.211543205400761498e-02 4.863978729749863561e+00 4.223832247089003289e+00
1.360482118907223315e-02 4.863328347603379953e+00 3.720953609868680623e+00
1.527730573383911938e-02 4.861966207005588458e+00 3.258392223344572791e+00
1.715539419751167111e-02 4.859348391450834193e+00 2.812747276518874351e+00
1.926436213292034502e-02 4.831727468696093375e+00 2.271008919657433012e+00
2.163259229811951428e-02 4.856788004960993277e+00 2.385312191134853599e+00
2.429195663514652562e-02 4.881640053373250687e+00 2.118548713750369572e+00
2.727824520666141672e-02 4.905917700923836833e+00 1.821483086334510837e+00
3.063164786315114227e-02 5.171809801181222355e+00 1.681601821573955435e+00
3.439729512303663778e-02 5.029323517527339860e+00 1.424232781910335532e+00
3.862586554491569124e-02 5.012334658439906221e+00 1.489997956553319236e+00
4.337426776603452161e-02 4.853477188618699145e+00 1.276900467103601500e+00
4.870640638594830873e-02 4.605185191143856827e+00 1.143643977961066982e+00
5.469404200272989791e-02 4.842048122449934766e+00 1.081888927125291167e+00
6.141775697620355245e-02 4.691713706185518973e+00 9.750299270205736724e-01
6.896803991556749169e-02 4.677756675486656412e+00 8.983666760382734706e-01
7.744650348657738936e-02 4.522586326997415362e+00 8.393933177395228595e-01
8.696725192769441670e-02 4.587179305842385979e+00 8.307861910221064905e-01
9.765841667940375337e-02 4.354393436849614218e+00 8.067025099587091796e-01
1.096638807933974225e-01 4.468325458681733586e+00 7.856744045916709274e-01
1.231452153289395862e-01 4.367489240304994524e+00 7.063358274253412894e-01
1.382838537966816772e-01 4.579063606114712748e+00 7.047411955307072429e-01
1.552835339138686210e-01 4.388856671660815501e+00 7.200218589459562724e-01
1.743730395323868643e-01 4.095177394395385306e+00 6.610371607487917078e-01
1.958092796408707759e-01 4.015465495008105457e+00 6.894548327287750578e-01
2.198807458784675373e-01 3.853129546019698815e+00 6.328571562091123148e-01
2.469113950919196443e-01 4.099960984040173173e+00 6.795257527497254868e-01
2.772650091879110823e-01 3.866739058244007321e+00 6.429632138498021510e-01
3.113500909561231489e-01 3.900230657456136285e+00 5.868695856819872159e-01
3.496253617516074108e-01 3.621808024770555079e+00 5.530617535096563619e-01
3.926059350249831992e-01 3.834364351352590461e+00 5.578001928346971727e-01
4.408702487846125617e-01 3.694081965346628582e+00 5.524476915997013071e-01
4.950678502887068677e-01 3.508026439050453860e+00 5.492734398128459317e-01
5.559281377347407016e-01 3.583995387266274424e+00 5.437071017813173146e-01
6.242701765929374869e-01 3.498886619536289100e+00 5.091145796427108960e-01
7.010137226932877663e-01 3.419215285626937106e+00 4.816990249635558774e-01
7.871916004162051728e-01 3.418344843928864396e+00 5.071161919625466474e-01
8.839636025740809089e-01 3.457792852793965643e+00 5.293314704600143861e-01
9.926320990501029673e-01 3.476186428807481299e+00 5.186990682516315898e-01
1.114659564257385327e+00 3.365316478351418894e+00 4.967948154336463973e-01
1.251688259305174133e+00 3.326683446426839108e+00 4.877033650668818887e-01
1.405562333757220284e+00 3.160057884899234448e+00 4.541038388464924691e-01
1.578352644430589535e+00 3.000859287961657795e+00 4.508532248915466667e-01
1.772384625249450840e+00 3.015724648880181213e+00 4.421475868806638565e-01
1.990269583229872463e+00 2.838950057107120006e+00 4.068277130483877180e-01
2.234939841780959391e+00 2.815961248433279440e+00 4.164080291534580924e-01
2.509688204285334123e+00 2.719303074257954478e+00 3.959145582000799801e-01
2.818212269064844122e+00 2.715559860166402384e+00 3.879914185744563482e-01
3.164664192127920828e+00 2.627811208264762666e+00 3.981449857564057226e-01
3.553706567411947681e+00 2.267457216157559241e+00 3.587892544041189069e-01
3.990575176564051585e+00 2.090369350174847707e+00 3.869598180759376005e-01
4.481149452754809026e+00 2.167669518554086405e+00 4.137159049783038500e-01
5.032031606835815296e+00 1.943226723188812066e+00 3.647107042693246148e-01
5.650635480731000193e+00 1.933811992913135658e+00 4.250337455889586225e-01
6.345286323861888178e+00 1.598678127209862687e+00 3.998671220381023184e-01
7.125332835410591592e+00 1.519056529492010865e+00 3.835446662421855279e-01
8.001272980299543036e+00 1.368204690430800285e+00 4.285364866166177511e-01
8.984895272135375421e+00 1.163684571130226386e+00 4.246067759533523889e-01
1.008943742452071568e+01 1.138952027605546036e+00 4.603584365399932543e-01