1.061826079320875044e-03 4.876440113611508309e+00 4.546793787576662993e+01
1.193123166131007098e-03 4.876460674473370283e+00 4.046173675475542098e+01
1.340655421148586116e-03 4.876486656486539673e+00 3.600610789234529108e+01
1.506430357968373702e-03 4.876519496351166438e+00 3.204042135811405245e+01
1.692703723574627128e-03 4.876561015908329466e+00 2.851071361915738578e+01
1.902010192935557707e-03 4.876613528035474765e+00 2.536895307626986096e+01
2.137197859050652196e-03 4.876679973236874410e+00 2.257238624450309672e+01
2.401466987766792509e-03 4.876764096810411786e+00 2.008295564806915934e+01
2.698413564711057630e-03 4.876870680182826767e+00 1.786678145888666691e+01
3.032078226895758809e-03 4.877005845526917405e+00 1.589369975061846851e+01
3.407001244822069515e-03 4.877177461028265881e+00 1.413685097063961216e+01
3.828284303239446948e-03 4.877395686934685948e+00 1.257231285244848173e+01
4.301659921229335215e-03 4.877673722795569766e+00 1.117877249093174186e+01
4.833569456232044564e-03 4.878028849510969600e+00 9.937232657478404008e+00
5.431250753439966113e-03 4.878483916184059410e+00 8.830747582465667378e+00
6.102836633227451749e-03 4.879069521323793346e+00 7.844183250724559464e+00
6.857465556763978759e-03 4.879827321969577802e+00 6.963996452942455839e+00
7.705405975669293861e-03 4.880815263331369280e+00 6.178024729053634978e+00
8.658196057771842813e-03 4.882116268833923023e+00 5.475274169301171057e+00
9.728800690258821576e-03 4.883853615849044871e+00 4.845678752872728978e+00
1.093178789660467429e-02 4.886220436199014472e+00 4.279766707198604969e+00
1.228352706783360053e-02 4.889542902791932377e+00 3.768037749726044883e+00
1.380241170550559199e-02 4.894439782210285195e+00 3.299247647965158681e+00
1.550910970735351613e-02 4.902373807230727465e+00 2.851829790246986907e+00
1.742684460127950224e-02 4.916503374583706787e+00 2.397917625631729166e+00
1.958171155454204240e-02 4.978375333281845450e+00 2.190960328343019459e+00
2.200303245816127157e-02 4.848602131756364564e+00 1.926878090971794188e+00
2.472375491827740607e-02 4.876293392469581711e+00 1.843589854885962609e+00
2.778090058365199552e-02 4.804873310438790845e+00 1.718406699875566490e+00
3.121606890983242427e-02 4.629906602447880104e+00 1.415732890641786756e+00
3.507600321484283246e-02 5.044694754395919745e+00 1.636847144156244882e+00
3.941322672888311618e-02 4.894821431184661620e+00 1.375153053812539605e+00
4.428675729294623276e-02 4.804398570062493157e+00 1.244461813980419773e+00
4.976291043146230386e-02 4.806256208650525608e+00 1.143204349977767764e+00
5.591620172660868859e-02 4.541132446822614632e+00 1.050165414111236650e+00
6.283036077315140577e-02 4.666324962047642799e+00 9.713129172109739029e-01
7.059947051099152437e-02 4.728027248188866771e+00 9.299232452474580635e-01
7.932924743864021300e-02 4.712563161604967021e+00 8.983013749132928716e-01
8.913848012785360875e-02 4.746895271681320416e+00 8.536681857383493499e-01
1.001606456137074663e-01 4.509557509754535509e+00 8.180621800559735313e-01
1.125457256547937324e-01 4.421908365413607989e+00 7.474437759586031182e-01
1.264622475779111632e-01 4.753068201406174254e+00 7.589542489909989476e-01
1.420995774776072640e-01 4.560670900296886821e+00 6.947784111788183337e-01
1.596704969747941016e-01 4.424420802817516041e+00 7.045631473535161060e-01
1.794140985971284796e-01 4.087993189569259833e+00 6.841409355747157806e-01
2.015990391794271752e-01 4.137107283880608222e+00 6.768502416926703846e-01
2.265271955540660576e-01 4.205159518508367889e+00 6.907864540278397802e-01
2.545377722753881522e-01 4.019152620488852357e+00 6.085105544000288802e-01
2.860119172731022119e-01 3.929797140842067993e+00 5.790203912106280937e-01
3.213779082411870602e-01 3.857882555495635302e+00 5.867092464246322914e-01
3.611169803349800755e-01 3.551404048453761231e+00 5.585364708786599852e-01
4.057698744755907083e-01 3.466820579725528706e+00 5.521245538622264748e-01
4.559441953662896063e-01 3.344832576662554402e+00 5.350651061555093957e-01
5.123226793435073922e-01 3.508390484303426593e+00 5.541371201048614914e-01
5.756724845654570544e-01 3.601747698167315992e+00 5.470515314591304357e-01
6.468556299526353470e-01 3.391025457776242646e+00 5.443579652510142086e-01
7.268407249258477254e-01 3.299203222943681624e+00 5.422395596380221727e-01
8.167161495516634950e-01 3.327409647326068143e+00 5.516734240916211229e-01
9.177048644413055012e-01 3.309397627604842906e+00 5.242768330684319800e-01
1.031181051925507353e+00 3.251944836287398832e+00 4.877544389718677098e-01
1.158688814946566836e+00 2.916231515004112484e+00 4.356191386032667867e-01
1.301963188108761660e+00 2.878458716393039296e+00 4.330462940428922991e-01
1.462953746790505161e+00 2.804872761690973437e+00 4.139407617224855618e-01
1.643851135574187161e+00 2.868869143666797239e+00 4.196797982671673366e-01
1.847116876973627475e+00 2.825528862632564753e+00 3.997615954002442518e-01
2.075516866075024058e+00 2.794309649211362157e+00 4.049105496244438385e-01
2.332159006862561945e+00 2.645390042070476344e+00 3.659842683357456550e-01
2.620535502356918567e+00 2.507448944580688899e+00 3.677859104120399514e-01
2.944570374020694103e+00 2.370348149126832116e+00 3.469783291202163666e-01
3.308672857040897863e+00 2.132955404344012429e+00 3.034064536533377376e-01
3.717797398053372948e+00 2.083631845949764028e+00 3.229238709583689415e-01
4.177511071715356294e+00 2.187845773958855489e+00 3.584901257800935936e-01
4.694069333482769224e+00 1.963737135465272621e+00 3.306142679843418475e-01
5.274501139381953863e+00 1.962505173868118513e+00 3.736666488066429093e-01
5.926704591024902768e+00 1.746601476734515934e+00 3.438946637664647143e-01
6.659554407337104465e+00 1.691555177225495754e+00 3.634584619755751311e-01
7.483022685396521823e+00 1.527911494667171466e+00 4.436375376066132303e-01
8.408314593610985099e+00 1.267173393140136994e+00 3.816149216071793582e-01
9.448020843649910461e+00 1.042332885965933320e+00 4.392947032740669999e-01
1.061628901585947915e+01 7.533223952693505199e-01 5.012743843166945767e-01
