1.063622020732175053e-03 4.667084285734399707e+00 5.146303633255946863e+01
1.198961585240615642e-03 4.667083301269594031e+00 4.565220535337116559e+01
1.351522302907135972e-03 4.667082052662173020e+00 4.049709403428818888e+01
1.523495462858246233e-03 4.667080469867356918e+00 3.592365716009739884e+01
1.717351182704930168e-03 4.667078464812552951e+00 3.186620418488680073e+01
1.935873887805887898e-03 4.667075927113158329e+00 2.826645562802592693e+01
2.182202305055613856e-03 4.667072719030088024e+00 2.507270588950734691e+01
2.459874545643710685e-03 4.667068669764931954e+00 2.223908044659880900e+01
2.772878924326697969e-03 4.667063569376391108e+00 1.972487674297286375e+01
3.125711245149346770e-03 4.667057163150148291e+00 1.749397927489440718e+01
3.523439376432717200e-03 4.667049148128690206e+00 1.551434042945871106e+01
3.971776042544648139e-03 4.667039175451395572e+00 1.375751955267678106e+01
4.477160877989310589e-03 4.667026865852188955e+00 1.219827352559054212e+01
5.046852922390751561e-03 4.667011853263446142e+00 1.081419280910862035e+01
5.689034884911918846e-03 4.666993887207231850e+00 9.585377475488170873e+00
6.412930675699785033e-03 4.666973058320539991e+00 8.494148153755762820e+00
7.228937892506530870e-03 4.666950286175559626e+00 7.524787022657905666e+00
8.148777165443842063e-03 4.666928382622783644e+00 6.663303862821389423e+00
9.185660504967333578e-03 4.666914432305101279e+00 5.897221441925274199e+00
1.035448107113884353e-02 4.666925362399744870e+00 5.215372451353286642e+00
1.167202708989666278e-02 4.667001830404119644e+00 4.607694970129626810e+00
1.315722298889649561e-02 4.667246082306991894e+00 4.064999362635319358e+00
1.483140121645134743e-02 4.667939212250104219e+00 3.578636416246444352e+00
1.671860864781189726e-02 4.669982786443328315e+00 3.139830830685720109e+00
1.884595197982031484e-02 4.677254049625165777e+00 2.737480251704671907e+00
2.124398707497572591e-02 4.735670941083913732e+00 2.331794715749038627e+00
2.394715784721206803e-02 4.543503048127145227e+00 2.055470190371895711e+00
2.699429099327606274e-02 4.296710640690361238e+00 1.646516276855024330e+00
3.042915367572521235e-02 4.784840586132248497e+00 1.813357239700842394e+00
3.430108216776427826e-02 4.706334535806738550e+00 1.458181820480172863e+00
3.866569048939137720e-02 5.034383146824080058e+00 1.384118975088585834e+00
4.358566921327122756e-02 4.878584530108109441e+00 1.243807442965610299e+00
4.913168591389615453e-02 4.786998300459917033e+00 1.179899243801814768e+00
5.538340019353739374e-02 4.613686126883912664e+00 1.041444337776730622e+00
6.243060786420058517e-02 4.601434573793941496e+00 1.027539670260477989e+00
7.037453071991751907e-02 4.624239429879636987e+00 1.009316516434266564e+00
7.932927042487689095e-02 4.666427155401056126e+00 8.388564403468611319e-01
8.942344740015659155e-02 4.775502898859335765e+00 8.232068625626006719e-01
1.008020482490272762e-01 4.433186261802051220e+00 7.176542283470042083e-01
1.136285082561179494e-01 4.078766310578425980e+00 6.210335847174427437e-01
1.280870588721916559e-01 4.287844019064815271e+00 6.381713711070886585e-01
1.443853739023714389e-01 4.314956291075938921e+00 5.994418213966314912e-01
1.627575524060505818e-01 4.544878960164471238e+00 6.378174758967737334e-01
1.834674811530422889e-01 4.362633251570849247e+00 5.917682194659651396e-01
2.068126249322398413e-01 4.325840462876213266e+00 5.994593000545163086e-01
2.331282991544689764e-01 4.033554935232698924e+00 5.533927657483843632e-01
2.627924861185937933e-01 4.008674479083923714e+00 5.646550356149806493e-01
2.962312641187877515e-01 4.043727536077373230e+00 5.454528703339329709e-01
3.339249273733556067e-01 4.125027471221690334e+00 5.355900634487620326e-01
3.764148846780309698e-01 4.338042661571393843e+00 5.559652997406404618e-01
4.243114358718010903e-01 4.218198300002408807e+00 5.579308279108007307e-01
4.783025378116706472e-01 4.032323547544034881e+00 5.186177174042251314e-01
5.391636857654826809e-01 3.936043537008707016e+00 5.278165187723059537e-01
6.077690521530978440e-01 3.981477031144688539e+00 5.174436105215948212e-01
6.851040426260157634e-01 3.864803955171491445e+00 5.081142931542239616e-01
7.722794498333143132e-01 3.876607410115763486e+00 4.758892742900464046e-01
8.705474081699700051e-01 3.718718273042322942e+00 4.770902205471208579e-01
9.813193786718321654e-01 3.734899376849877051e+00 4.648881271939898085e-01
1.106186422381321588e+00 3.701254457961824507e+00 4.787087366994298154e-01
1.246942053378112147e+00 3.581518653573481537e+00 4.387692532243224752e-01
1.405607999721798507e+00 3.375000572475626015e+00 4.100124220591078172e-01
1.584463242321021870e+00 3.290026537954847008e+00 4.031567342608232685e-01
1.786076748825657479e+00 3.114424501248592936e+00 3.925314988886495771e-01
2.013344372711740604e+00 3.087749003969386674e+00 3.831645464086121944e-01
2.269530447555089481e+00 3.131221243860142334e+00 4.027537322042971657e-01
2.558314673928394178e+00 3.033294176341973625e+00 4.104397757052541396e-01
2.883844972376595095e+00 2.881598896969578938e+00 3.990861148697117389e-01
3.250797061618441841e+00 2.801299436899353346e+00 3.800395970309684013e-01
3.664441617719206068e+00 2.801584866228046256e+00 3.848508827927553111e-01
4.130719978867960940e+00 2.736904849704084430e+00 3.824348480005311801e-01
4.656329483136657288e+00 2.701571750485571854e+00 3.948414940737489109e-01
5.248819664960572950e+00 2.631422867888707717e+00 3.847763413457015447e-01
5.916700692047712096e+00 2.347456272903007513e+00 3.942665517864588076e-01
6.669565600238779979e+00 2.192044123905843023e+00 3.894106391367335718e-01
7.518228082024769776e+00 1.941532335634252870e+00 4.394985341816368130e-01
8.474877807832374543e+00 1.938249289014354781e+00 4.347720608285871591e-01
9.553255511017503920e+00 1.672332325737736269e+00 4.155377183521293261e-01
1.076885035138094970e+01 1.335177382505550181e+00 6.223171788794997772e-01
1.213912239201544807e+01 7.656158765733940275e-01 5.393197146060318969e-01
1.368375338500588434e+01 7.230978888166074148e-01 4.910772934145569146e-01