1.060993166453083180e-03 4.796695447744387053e+00 4.116487897468695678e+01
1.190419832067196896e-03 4.796612684972870078e+00 3.668444872282029223e+01
1.335634781999849681e-03 4.796508110286872295e+00 3.269054666372079510e+01
1.498563971157939288e-03 4.796375846472435533e+00 2.913019840166413132e+01
1.681368294624798658e-03 4.796208355809270074e+00 2.595617791402400343e+01
1.886472247150773086e-03 4.795995924744744343e+00 2.312638043133780741e+01
2.116596078709952720e-03 4.795725960887243566e+00 2.060326288354434610e+01
2.374791872595352973e-03 4.795382017441874645e+00 1.835334431270111821e+01
2.664484024548628271e-03 4.794942411973627472e+00 1.634675934578963563e+01
2.989514659790379857e-03 4.794378224577500625e+00 1.455685835527166105e+01
3.354194590307434456e-03 4.793650316872553496e+00 1.295984826019400238e+01
3.763360488232740143e-03 4.792704751357277360e+00 1.153446793315958274e+01
4.222439033596214926e-03 4.791465491614543382e+00 1.026169164943696188e+01
4.737518887224477504e-03 4.789822262941028086e+00 9.124452435300892006e+00
5.315431443350694500e-03 4.787609318954308080e+00 8.107373335508325951e+00
5.963841432939181141e-03 4.784565960139326002e+00 7.196485429956239521e+00
6.691348579377292410e-03 4.780257315113940031e+00 6.378888112806671451e+00
7.507601654772416006e-03 4.773898926748530336e+00 5.642241355332756392e+00
8.423426449558370915e-03 4.763912266732234890e+00 4.973762171341750360e+00
9.450969352644807489e-03 4.746547616748757470e+00 4.357484684314728796e+00
1.060385844638251848e-02 4.709811864503129719e+00 3.762765771485463873e+00
1.189738425291280918e-02 4.547159916664755386e+00 2.980010648025657183e+00
1.334870252910121818e-02 4.867552915563366334e+00 3.187338600967376756e+00
1.497706179968154652e-02 5.032969468736016694e+00 3.028336340615381150e+00
1.680405864633373325e-02 5.084396527328212123e+00 2.624912953911131996e+00
1.885392413854015264e-02 5.292137251789873709e+00 2.202812564894149450e+00
2.115384520509172583e-02 4.704787262313680607e+00 2.008224426818074893e+00
2.373432520852556890e-02 4.563290060307263474e+00 1.786033359056682368e+00
2.662958850471600081e-02 4.655636612956385534e+00 1.551409326091338414e+00
2.987803435320651735e-02 4.557237913961947662e+00 1.395512712684642942e+00
3.352274619839865771e-02 4.648600429850336724e+00 1.303613746007211693e+00
3.761206307608545851e-02 4.875486044065260316e+00 1.313893573231572409e+00
4.220022072377255240e-02 5.110075021727123357e+00 1.335416910751902275e+00
4.734807089769639543e-02 5.286111642331396077e+00 1.389590874567643963e+00
5.312388843668758298e-02 5.020074441508765695e+00 1.261774115437226174e+00
5.960427677679541736e-02 5.006623946192314989e+00 1.067782800846983404e+00
6.687518392632088582e-02 5.472916173961409392e+00 1.096698314278137909e+00
7.503304237591820747e-02 5.057409185171381161e+00 1.015003403839025209e+00
8.418604806214949332e-02 5.124161470639995386e+00 1.009702167378339732e+00
9.445559534711343852e-02 5.194932967421173053e+00 1.086806017739214258e+00
1.059778870459766043e-01 4.732899556242437633e+00 9.857616339050629950e-01
1.189057408558592266e-01 4.587938164550914522e+00 9.150915952284539578e-01
1.334106161443564531e-01 4.225319461100361274e+00 8.027865994011856854e-01
1.496848879785588060e-01 4.503218620816113571e+00 8.386323725957103292e-01
1.679443985545336082e-01 4.160794557799097682e+00 7.534520199087794134e-01
1.884313198663328803e-01 4.134829866777717022e+00 7.537889116404922207e-01
2.114173655814957087e-01 4.214575017411768876e+00 7.914899140269102684e-01
2.372073947214647649e-01 4.291891119844562397e+00 8.449089043102443464e-01
2.661434549417619477e-01 3.788217823798987194e+00 7.612893057674338104e-01
2.986093190370852080e-01 3.767940960641914305e+00 7.352838159583304778e-01
3.350355748380268173e-01 3.559772210931316572e+00 6.446950669053338467e-01
3.759053360056272552e-01 3.506080599185331437e+00 6.339443300503407874e-01
4.217606494648143411e-01 3.633532938121470490e+00 6.108850338555673609e-01
4.732096844571504479e-01 3.652316036336202831e+00 5.881399305269260358e-01
5.309347985597624442e-01 3.545960449008374482e+00 5.746479900810665953e-01
5.957015876483421346e-01 3.171855190455191931e+00 5.504005053486934473e-01
6.683690398319448445e-01 3.196375268173997419e+00 5.324138451182847120e-01
7.499009280290597212e-01 3.198322750510337098e+00 5.888549888363705520e-01
8.413785922822563101e-01 3.268544894104906451e+00 6.477228473699865319e-01
9.440152813405213728e-01 3.140376387755776211e+00 5.906834325946742625e-01
1.059172243718634832e+00 2.834079210997054954e+00 5.561613433913255022e-01
1.188376781645868352e+00 2.848865864518829394e+00 5.473356925535847184e-01
1.333342507349680517e+00 2.663573906411595082e+00 5.326667918977948668e-01
1.495992070329181356e+00 2.715259141269588117e+00 4.911423389829193131e-01
1.678482657045342386e+00 2.606498478831261956e+00 5.077972008867600584e-01
1.883234601224902605e+00 2.353087515715123867e+00 4.297270011674066414e-01
2.112963484230336420e+00 2.086223953704942069e+00 4.043395405370759366e-01
2.370716151236233138e+00 2.118106892636609118e+00 4.054064086798479516e-01
2.659911120886962799e+00 1.939760677447805337e+00 3.642921379460808406e-01
2.984383924380294317e+00 1.820230830709333558e+00 3.610054779567178351e-01
3.348437975299562552e+00 1.632817307197943490e+00 3.219036724926604420e-01
3.756901644870107138e+00 1.601670697178102065e+00 3.353722766434524272e-01
4.215192299616957072e+00 1.464966875363786780e+00 3.452352067581735962e-01
4.729388150741540287e+00 1.292023393658676911e+00 3.320021184813077286e-01
5.306308868140377832e+00 1.257943304699112641e+00 3.624948490988545435e-01
5.953606028232297120e+00 1.047483634893433324e+00 2.959581108096492330e-01
6.679864595184406006e+00 8.375877799906661370e-01 3.531584333788017060e-01
7.494716781460686761e+00 7.735590746332767775e-01 4.167217115848097508e-01
8.408969797801383095e+00 5.153984164931773027e-01 3.520326188693727598e-01
9.434749186953887090e+00 4.772272891919058790e-01 3.105239743087725990e-01
