1.062414475439700870e-03 4.627333422173311561e+00 4.659384412300066458e+01
1.195034559807928946e-03 4.627324080983365562e+00 4.141941590128350015e+01
1.344209470173380987e-03 4.627312253645406770e+00 3.681876667739505393e+01
1.512005728097280243e-03 4.627297275636007790e+00 3.272816164444652998e+01
1.700747816859309210e-03 4.627278303119480185e+00 2.909093079349785782e+01
1.913050382548290695e-03 4.627254263537753154e+00 2.585668348925545956e+01
2.151854454781232558e-03 4.627223792028368976e+00 2.298060986434029473e+01
2.420468188816740293e-03 4.627185149202522219e+00 2.042285927148827085e+01
2.722612693463698913e-03 4.627136114335336892e+00 1.814798705827254821e+01
3.062473579639716018e-03 4.627073845789190010e+00 1.612446180474177737e+01
3.444758943682029242e-03 4.626994697404037460e+00 1.432422588674326214e+01
3.874764588654294305e-03 4.626893975162032824e+00 1.272230276942838856e+01
4.358447387160667777e-03 4.626765612180290255e+00 1.129644473512012226e+01
4.902507801963003342e-03 4.626601731477463453e+00 1.002681466843777613e+01
5.514482707560125312e-03 4.626392054881105942e+00 8.895694747100158395e+00
6.202849798587457310e-03 4.626123105217136100e+00 7.887212685195521544e+00
6.977145031407640946e-03 4.625777148698139385e+00 6.987070683595485221e+00
7.848094725811690167e-03 4.625330879634661940e+00 6.182248242358941326e+00
8.827764156836927223e-03 4.624754134634660119e+00 5.460610831887007244e+00
9.929724695145669341e-03 4.624010186008681522e+00 4.810228726963472923e+00
1.116924181136199484e-02 4.623065270543961880e+00 4.217682851688271839e+00
1.256348654879266107e-02 4.621954775320566533e+00 3.661368094432044362e+00
1.413177339406592598e-02 4.621690147330424381e+00 3.030261756374852844e+00
1.589582784091262205e-02 4.615327120402453964e+00 2.906414595671154899e+00
1.788008735365333168e-02 4.606868784478924006e+00 2.678098267328929083e+00
2.011203989964193903e-02 4.603319725887382141e+00 2.178786427775473822e+00
2.262260474035891061e-02 4.518543344161646935e+00 1.956056698909842462e+00
2.544656075625729985e-02 4.527627533460593767e+00 1.935952368812589697e+00
2.862302823894985471e-02 4.737662077671513039e+00 1.950377422624735457e+00
3.219601082500946065e-02 4.861453609338649784e+00 1.743915761151160870e+00
3.621500507879725494e-02 4.630455426518632400e+00 1.443990642923656420e+00
4.073568616887572602e-02 4.845621101370904071e+00 1.321522048204469613e+00
4.582067913668905201e-02 5.267984092369594862e+00 1.454269342402464416e+00
5.154042644190363898e-02 4.557601323324584897e+00 1.188934091643600643e+00
5.797416380252345958e-02 4.431832494398634026e+00 1.065829756292215436e+00
6.521101784810305613e-02 4.549847362119325389e+00 9.966396921662348252e-01
7.335124079185970092e-02 4.587698581873643988e+00 9.046107186304440662e-01
8.250759922560993442e-02 4.644850832937269303e+00 9.054508787684604210e-01
9.280693627652097932e-02 4.468505341111531415e+00 7.920607602617898424e-01
1.043919287662505857e-01 4.437437042004523491e+00 7.906719505123523950e-01
1.174230637144189349e-01 4.368721452113908832e+00 7.564453050532029543e-01
1.320808615669350483e-01 4.422698691823322648e+00 7.433990349052522761e-01
1.485683769475830140e-01 4.503864697419931673e+00 6.733737494290799042e-01
1.671140115758052436e-01 4.388694510337746379e+00 6.162049857239989548e-01
1.879746783180613057e-01 4.229312880163536015e+00 6.039565316907907766e-01
2.114393602043979636e-01 4.320010607488586452e+00 5.868360566673946899e-01
2.378331137133248563e-01 3.977156149284330144e+00 5.732414208615772555e-01
2.675215717825407680e-01 4.067137501806176836e+00 5.735930849216537286e-01
3.009160089257639781e-01 3.972392864775875498e+00 5.664579695913745105e-01
3.384790386227837233e-01 3.699639133168758587e+00 5.272964963122422910e-01
3.807310219087342573e-01 3.780225835650031563e+00 5.253531759350382746e-01
4.282572759408442287e-01 3.737101854907479925e+00 5.280885340550365292e-01
4.817161824030103956e-01 3.746718321953145470e+00 5.483332140493145657e-01
5.418483080740086333e-01 3.736692648306223941e+00 5.149386249457490461e-01
6.094866639066658376e-01 3.710308307071148004e+00 5.182620524059566858e-01
6.855682447371218569e-01 3.437921407549723529e+00 4.732739049205236248e-01
7.711470094838899225e-01 3.317763065999247640e+00 4.682891529608814163e-01
8.674084816515517105e-01 3.209560165038625179e+00 4.720501980165530131e-01
9.756861724000102098e-01 3.349916365096231807e+00 4.842319291061650821e-01
1.097480053688242752e+00 3.269273667219234625e+00 4.608583700494678914e-01
1.234477337401215458e+00 3.330582264934232484e+00 4.775369827118501886e-01
1.388575848313406080e+00 3.154664028350925964e+00 4.957921123817786158e-01
1.561910314674844535e+00 3.009378803692143833e+00 4.793867591242580439e-01
1.756881940623422178e+00 2.815125667290531375e+00 4.140109371856356413e-01
1.976191670090410968e+00 2.773708420129599173e+00 3.948112594844667145e-01
2.222877603004410396e+00 2.617342449249582703e+00 3.822929433921190556e-01
2.500357082120771235e+00 2.630017376999334466e+00 3.790754431545668712e-01
2.812474033505788729e+00 2.576769324851311271e+00 3.818800452381247990e-01
3.163552216483875412e+00 2.419393163914856704e+00 3.746572388204088555e-01
3.558455120719765219e+00 2.455010459971287862e+00 3.752498409232576382e-01
4.002653340190649445e+00 2.225506617770871109e+00 3.431309240933184679e-01
4.502300357380580209e+00 2.122047911503006201e+00 3.605331202336024554e-01
5.064317787536355198e+00 2.191550066334768232e+00 3.714282414102926255e-01
5.696491263874413846e+00 2.061526805741722868e+00 4.041459703201075171e-01
6.407578292037532819e+00 1.910518060195329770e+00 3.814562390862021868e-01
7.207429567910205392e+00 1.706219271241693258e+00 3.956863530152613939e-01
8.107125439409619716e+00 1.560219252310108162e+00 4.662199320065443797e-01
9.119129402658835204e+00 1.294870000039378466e+00 4.546650138785660045e-01
1.025746075892623921e+01 1.188234410649555928e+00 4.969234131431699009e-01
1.153788882414963624e+01 8.691801611741206690e-01 6.766071256827022040e-01