1.073231722714141148e-03 4.340661977753692113e+00 8.389731288599642767e+02
1.230420938565784418e-03 4.340661970856079854e+00 7.317922418118406540e+02
1.410632628555229338e-03 4.340661956345357453e+00 6.383039573818124381e+02
1.617238743566982734e-03 4.340661940883463465e+00 5.567590148081977759e+02
1.854105102029908383e-03 4.340661920015823405e+00 4.856316203980897512e+02
2.125663723459364322e-03 4.340661891047552068e+00 4.235909057849755186e+02
2.436995756219134147e-03 4.340661854184986623e+00 3.694760243875992956e+02
2.793926551169090798e-03 4.340661805550049657e+00 3.222744291949048829e+02
3.203134660126872278e-03 4.340661741298333709e+00 2.811029285931660979e+02
3.672276798619801726e-03 4.340661657082828917e+00 2.451911604225492738e+02
4.210131111112000446e-03 4.340661546530411918e+00 2.138671776556608393e+02
4.826761419350263441e-03 4.340661401006844500e+00 1.865448753968847200e+02
5.533705527088607010e-03 4.340661209547761246e+00 1.627130245989347088e+02
6.344191104571532749e-03 4.340660958109262779e+00 1.419257061866363756e+02
7.273383192202539926e-03 4.340660627341318190e+00 1.237939674647192874e+02
8.338667954452677611e-03 4.340660192423356989e+00 1.079785444705931354e+02
9.559977993344218397e-03 4.340659620389117457e+00 9.418351392514898635e+01
1.096016530846796733e-02 4.340658867824885192e+00 8.215075621676420781e+01
1.256542888200971354e-02 4.340657877604199300e+00 7.165512571189869107e+01
1.440580488935290157e-02 4.340656574122944811e+00 6.250023801321847827e+01
1.651572870761511616e-02 4.340654857505525932e+00 5.451479540988385253e+01
1.893467923789121654e-02 4.340652595405891212e+00 4.754938168514678409e+01
2.170791759715211267e-02 4.340649612114413358e+00 4.147366635975829752e+01
2.488733400150424518e-02 4.340645673570365126e+00 3.617396602861592214e+01
2.853241868688898702e-02 4.340640466718073576e+00 3.155111716189131954e+01
3.271137503417304720e-02 4.340633570747546521e+00 2.751862055575621113e+01
3.750239572637471819e-02 4.340624416232516047e+00 2.400102269704435187e+01
4.299512581627441821e-02 4.340612226244164873e+00 2.093250372722504338e+01
4.929234007994845457e-02 4.340595929692654842e+00 1.825564554526070182e+01
5.651186604128029256e-02 4.340574030887145440e+00 1.592035693142907959e+01
6.478878864926773673e-02 4.340544408372678298e+00 1.388293547584255450e+01
7.427797785996426150e-02 4.340503996194252423e+00 1.210524858497447376e+01
8.515698641678023928e-02 4.340448264318276905e+00 1.055401795393868269e+01
9.762937204967128690e-02 4.340370345050590828e+00 9.200193618957481334e+00
1.119285062550657850e-01 4.340259514076808323e+00 8.018404994092138693e+00
1.283219409228237018e-01 4.340098448153536737e+00 6.986476978990188158e+00
1.471164145144248647e-01 4.339858054220708361e+00 6.084998869290726198e+00
1.686635914632629019e-01 4.339487197396716844e+00 5.296931286260177174e+00
1.933666421872805019e-01 4.338890924741942712e+00 4.607228529669934680e+00
2.216877868329273360e-01 4.337880231146214349e+00 4.002430834685966943e+00
2.541569439018484533e-01 4.336042018772249484e+00 3.470106926388238033e+00
2.913816455852358267e-01 4.332340501835720836e+00 2.997734643890416439e+00
3.340584053322119273e-01 4.323495054136484050e+00 2.568950853861072137e+00
3.829857503514451644e-01 4.289929683447424758e+00 2.130232471245815162e+00
4.390791628978537586e-01 4.237805231223275904e+00 1.807997453832184798e+00
5.033882099116391284e-01 4.636294288002140718e+00 1.954510111992467936e+00
5.771161815232730419e-01 4.661393505680503146e+00 1.693135785260549753e+00
6.616426058815855216e-01 4.263408866034460232e+00 1.393215437639325760e+00
7.585490615811492088e-01 4.247254641156016142e+00 1.167081431309554773e+00
8.696487706667141993e-01 4.269820652900784275e+00 1.032447635415503884e+00
9.970205259310311874e-01 4.404610823046204438e+00 9.755381111125829285e-01
1.143047587321607939e+00 4.329065968104623963e+00 8.508569570147723748e-01
1.310462275249215436e+00 4.296206400270897952e+00 7.296786049017783826e-01
1.502397095186000842e+00 4.312252434841206572e+00 6.220742033557346007e-01
1.722443350148385566e+00 4.377712746728398940e+00 5.524732748706079333e-01
1.974718337766149912e+00 4.217281222351579650e+00 4.681463777189565079e-01
2.263942389265789501e+00 4.339619203935020764e+00 4.207222302055232954e-01
2.595527191848794768e+00 4.347669057171631657e+00 3.886603523159731233e-01
2.975677047069761993e+00 4.282259139347723398e+00 3.505687587465198818e-01
3.411504959865454545e+00 4.170793750084819784e+00 3.172570701241377855e-01
3.911165730383022954e+00 4.094372883404912677e+00 2.832840718551030146e-01
4.484008538895944085e+00 4.082881569874982297e+00 2.577138057266800120e-01
5.140751878832479527e+00 4.001751904512437896e+00 2.353225555003188030e-01
5.893684111098197675e+00 3.923226603753500186e+00 2.146460407554562355e-01
6.756893392275562960e+00 3.807580565881603540e+00 2.018531627520895322e-01
7.746531278899831285e+00 3.687202150610793261e+00 1.888878888792172306e-01
8.881114940125453217e+00 3.605491603337698248e+00 1.879015788534549036e-01
1.018187363350082109e+01 3.420443237886181098e+00 1.830934705181403721e-01
1.167314592677873364e+01 3.243881176080238848e+00 1.822311501660247579e-01
1.338283509820186623e+01 3.119351482164021139e+00 1.865166222275394803e-01
1.534293123628303945e+01 2.804079278167894262e+00 1.885426432537719299e-01
1.759010980811824965e+01 2.640390147689985145e+00 1.998936797254128317e-01
2.016641789607707125e+01 2.464176110959166444e+00 2.191530123144280751e-01
2.312006094308308946e+01 2.112352355693618122e+00 2.360914777813029886e-01
2.650630472731890208e+01 1.924735223706974141e+00 2.469501556173620826e-01
3.038850944325399439e+01 1.625313937768292138e+00 2.520179800767147205e-01
3.483931523774286632e+01 1.474817031099266318e+00 2.907202370437111383e-01
3.994200138382470300e+01 1.297385072044691556e+00 3.552288779135072128e-01
4.579204452380083978e+01 1.082438958239702487e+00 4.143934263690619568e-01
5.249890513796201219e+01 1.002684627167891751e+00 5.319179628911562263e-01
