1.062276598297542604e-03 2.781297472893362155e+00 1.552931018947068509e+01
1.194586544283655558e-03 2.780324706174766014e+00 1.379126556793890934e+01
1.343376116983662633e-03 2.779076153052266296e+00 1.224329740762086693e+01
1.510697906583471570e-03 2.777467009601687131e+00 1.086397003180300658e+01
1.698860159937946521e-03 2.775382036057612911e+00 9.634134640884994383e+00
1.910458623426256877e-03 2.772661652440258973e+00 8.536643498322314727e+00
2.148412351936645343e-03 2.769079528385353317e+00 7.556077604422449134e+00
2.416003977974721072e-03 2.764304711383765323e+00 6.678472495009403431e+00
2.716924996417915093e-03 2.757833831779908262e+00 5.891014322296533656e+00
3.055326689630858197e-03 2.748860695305637147e+00 5.181647770739796321e+00
3.435877395466665433e-03 2.736000953372095257e+00 4.538454023703182294e+00
3.863826908180835983e-03 2.716632021229739458e+00 3.948393239553572798e+00
4.345078900684863979e-03 2.684983785651288812e+00 3.393963968550373078e+00
4.886272367223026825e-03 2.624529875646228305e+00 2.840371450164350886e+00
5.494873209994893815e-03 2.436073359108214209e+00 2.115923607876428747e+00
6.179277233184458235e-03 2.689840993678561443e+00 2.275442384257535533e+00
6.948925965224816634e-03 3.132140712924219805e+00 2.696456448094700420e+00
7.814436907096159596e-03 3.120507173649834876e+00 2.243884277672374417e+00
8.787750003465606696e-03 3.055911384832347366e+00 1.652151357804243714e+00
9.882292357275725483e-03 3.188045539853741506e+00 1.631396907162054433e+00
1.111316346006160222e-02 3.359909617595872700e+00 2.587113473233510597e+00
1.249734349329597802e-02 3.441072802031487132e+00 2.201506556507013546e+00
1.405392757433279044e-02 3.829367113601310990e+00 2.526477544220013804e+00
1.580438917843175750e-02 3.394468515936298392e+00 2.200366478725655828e+00
1.777287637083821772e-02 2.205772122653647305e+00 1.123377622236593654e+00
1.998654493551538583e-02 2.778924528183760678e+00 1.974822409197022566e+00
2.247593299612515166e-02 2.912462101215332222e+00 1.729345680787023110e+00
2.527538229724950528e-02 2.473061101238696935e+00 1.325881093983921177e+00
2.842351195753477569e-02 2.548439391877912907e+00 1.470259839031326621e+00
3.196375123030437831e-02 2.506301390128982121e+00 1.247655887324988333e+00
3.594493862120889949e-02 2.517203451697410888e+00 1.685714432675504026e+00
4.042199562789462741e-02 2.527422798933046000e+00 1.315635627703531929e+00
4.545668439610148215e-02 2.469809354299302484e+00 1.184559704120991652e+00
5.111845974424988198e-02 2.581771809194966405e+00 1.781512802439484844e+00
5.748542731041342280e-02 2.624591300926301773e+00 1.540003383068216269e+00
6.464542103955986385e-02 2.615039551641655802e+00 1.276186907316232855e+00
7.269721487527225356e-02 2.420739815184647981e+00 1.130726259806698053e+00
8.175188537154723378e-02 2.550408911735199347e+00 9.735023527767582285e-01
9.193434402224848201e-02 2.556948867720397089e+00 9.825265538059007042e-01
1.033850604470918644e-01 2.505418450197354208e+00 9.314067866350050906e-01
1.162620002059532864e-01 2.174291133879304727e+00 7.964561301515824532e-01
1.307428039741433123e-01 2.329352717340646084e+00 8.119987590434816216e-01
1.470272381409276352e-01 2.290784446162657861e+00 7.934115980636416987e-01
1.653399506379271133e-01 2.187102317437455312e+00 7.729681637804602934e-01
1.859335700147545234e-01 2.254218953658393865e+00 6.662324103294683386e-01
2.090921905144283999e-01 2.213455109338943405e+00 7.200027184418097415e-01
2.351352912260692984e-01 2.097498928781801553e+00 5.950366083963298802e-01
2.644221433805926669e-01 1.798803885485353193e+00 5.770441020224380546e-01
2.973567665891694300e-01 1.809419885054588617e+00 5.213450631335503349e-01
3.343935023970293630e-01 1.788592540859665903e+00 5.484551985242731575e-01
3.760432820412060173e-01 1.786237706179333529e+00 5.409178431870959036e-01
4.228806748775456592e-01 1.677852100526019408e+00 6.291026647743568345e-01
4.755518147118309447e-01 1.730629388055757722e+00 5.620832836775014885e-01
5.347833133807834427e-01 1.633406375221333917e+00 5.143439113882771752e-01
6.013922845480719204e-01 1.616960079262335759e+00 4.442946508509636461e-01
6.762976159961556766e-01 1.508595034774760091e+00 4.501690762834670845e-01
7.605326459181123155e-01 1.495260836279584948e+00 4.028069123668248097e-01
8.552594180821317948e-01 1.262973206628547507e+00 3.133016739730243305e-01
9.617847125223148996e-01 1.171464377145134739e+00 2.990647989983476474e-01
1.081578072903254917e+00 1.108201329690730486e+00 3.075441552005358514e-01
1.216292079250507419e+00 1.223625668780251141e+00 3.264165058855431067e-01
1.367785145714441652e+00 1.172401552797721402e+00 2.980722343610190395e-01
1.538147157868451576e+00 1.135268387994344153e+00 2.982326300079098935e-01
1.729728303214613128e+00 9.222170617527714054e-01 2.435136248680986326e-01
1.945171492620986431e+00 9.082646030792946856e-01 2.435795352909637668e-01
2.187448819952564349e+00 9.323538429466753374e-01 2.821494085796940055e-01
2.459902562865805997e+00 7.815299762793448402e-01 2.206214495808794251e-01
2.766291290383186219e+00 7.960613371836967600e-01 2.417217616440067995e-01
3.110841713313555523e+00 6.975684107507440501e-01 1.975091200128913926e-01
3.498306992808092986e+00 6.941949528680243509e-01 2.039071335844813704e-01
3.934032311433284690e+00 6.765514211226332231e-01 2.385805801615764887e-01
4.424028611330654392e+00 6.149356497239593100e-01 2.179306442178387537e-01
4.975055516700003011e+00 4.789574984401658297e-01 1.921463467131562519e-01
5.594714584543005742e+00 5.073542044822658692e-01 2.090635653615380563e-01
6.291554170084987518e+00 2.691675362938144023e-01 1.591920209658163887e-01
7.075187353520215439e+00 2.103807842077813628e-01 2.771563029487089658e-01
7.956424554910279667e+00 2.215682006196402209e-01 2.108485118102014777e-01
8.947422666691988269e+00 1.284794322555262991e-01 1.942792821167557415e-01
1.006185276111580862e+01 1.305562436260752912e-01 1.535128479446851157e-01
1.131508868618187336e+01 1.178024675061982163e-01 9.312160591353640937e-02