22.056018637175466 16.07443530132175
25.11320135879392 16.074178305324956
28.594139897230974 16.073843753833312
32.557571007413905 16.073407702258756
37.07037294048656 16.07283843451731
42.2086939358537 16.072093671679745
48.05923713340422 16.071116584526195
54.72072358729956 16.06982995769753
62.305558067969706 16.068127391315265
70.94172576077075 16.065859552479573
80.77495186586972 16.062811737130424
91.97116054007152 16.058665258546277
104.71927467234688 16.052926498268768
119.23440373598983 16.044785202671854
135.76147350867063 16.032798463131307
154.57935890765222 16.014067696741968
176.00558967691728 15.98151022307607
200.40170832915692 15.909456732223035
228.17937075160677 15.703801121007373
259.8072924162992 16.26244167733156
295.8191574038826 16.257660775736447
336.82262369650533 16.24933013811166
383.5095766935228 16.22986550994736
436.6678039660763 16.198760150021393
497.19428824833324 16.296140801108077
566.1103429690254 16.287492502184357
644.5788457176267 16.285938482762663
733.9238604396971 16.280875701098687
835.6529794629254 16.251777763059074
951.4827623493532 16.255218047060605
1083.3677008245754 16.31406975533065
1233.5331985331213 16.328622746002306
1404.5131221147033 16.31904497813582
1599.192557231709 16.302702840287324
1820.856491005739 16.311626099556047
2073.245242322212 16.3037470271874
2360.6175753244124 16.319634242459834
2687.822561063165 16.308668647918825
3060.381399883176 16.30702634896331
3484.580585202849 16.299509786952296
3967.577980717089 16.31851262519966
4517.523600951454 16.299772330422552
5143.697133197844 16.276003265888193
5856.664521353109 16.347442675017557
6668.456253829156 16.32484985866771
7592.770363933923 16.270591443062365
8645.203568116603 16.261687385075827
9843.514442263793 16.34668162770317
11207.923076837944 16.508712300332537
12761.45226718713 16.51954385224689
14530.315996212314 16.579229045783755
16544.361764581565 16.691567777740435
18837.5742322947 16.830175050273393
21448.648669959006 17.017204195633354
24421.643896093832 17.12095225879042
27806.725718015 17.269305848910694
31661.0134209921 17.48358349988533
36049.54358919034 17.68516331539858
41046.36752174475 17.857163733952653
46735.800761575796 18.193837504421495
53213.84582127973 18.52087976039131
60589.81211292406 18.78347069601884
68988.1604161635 19.110933273128552
78550.60300791255 19.439834796529237
89438.49489079931 19.88928935170117
101835.5564695761 20.16827925740707
115950.97361745797 20.537076584654095
132022.9274423722 21.021328277640823
150322.61331378363 21.537149810485044
171158.81696646084 22.01898179764285
194883.12489756497 22.468667217695394
221895.85697640167 22.95690863854644
252652.82137266715 23.51232012910056
287673.00578467955 24.142187485153308
327547.3347480505 24.817069947869776
372948.6407941066 25.615377604380765
424643.01770966983 26.52034322482037
483502.7474711323 28.036784821022838
550521.018979679 29.402335348243128
626828.6869590522 32.860471829872445