2.205458106309976785e+01 1.714144433840809967e+01
2.510849031292998035e+01 1.714143299550904587e+01
2.858527595653594133e+01 1.714141828319337790e+01
3.254349390694051891e+01 1.714139919599902839e+01
3.704980834473697371e+01 1.714137442646121201e+01
4.218011447409431014e+01 1.714134227061627058e+01
4.802081674736746209e+01 1.714130050599851884e+01
5.467028408613066404e+01 1.714124622689119448e+01
6.224050660742000218e+01 1.714117562503337666e+01
7.085898175771620799e+01 1.714108369176429036e+01
8.067086162087535683e+01 1.714096380950303100e+01
9.184139756490016282e+01 1.714080718155830851e+01
1.045587234002140349e+02 1.714060201812992190e+01
1.190370239233014473e+02 1.714033234028417496e+01
1.355201422102255719e+02 1.713997615360067428e+01
1.542856864139450863e+02 1.713950251179135620e+01
1.756497052319805050e+02 1.713886645001529985e+01
1.999720107885069922e+02 1.713799930841539521e+01
2.276622385786845939e+02 1.713678708765450409e+01
2.591867465366144074e+02 1.713500594112158026e+01
2.950764694208049264e+02 1.713191116165918970e+01
3.359358608004562257e+02 1.712909601431950790e+01
3.824530732432118612e+02 1.712553626968333731e+01
4.354115481587756449e+02 1.710565893454947428e+01
4.957032104941693547e+02 1.712798986899998965e+01
5.643434905052695285e+02 1.714419019696645563e+01
6.424884256008209604e+02 1.713811357783309575e+01
7.314541302876376676e+02 1.712226573807135921e+01
8.327389621291895310e+02 1.713408363008777968e+01
9.480487570359402980e+02 1.712096591614308139e+01
1.079325558899397038e+03 1.709113259596603029e+01
1.228780327433447837e+03 1.710693484127202524e+01
1.398930175087410817e+03 1.709353210940476941e+01
1.592640760173700073e+03 1.708619632896579432e+01
1.813174550193807590e+03 1.710308761151168966e+01
2.064245768212008443e+03 1.705358162156877100e+01
2.350082947681853966e+03 1.697394908545519954e+01
2.675500149271860664e+03 1.722505276679808617e+01
3.045978039121881920e+03 1.723660321263940176e+01
3.467756194047605277e+03 1.721111062128802160e+01
3.947938188294453084e+03 1.728067676674899644e+01
4.494611231708671767e+03 1.727876799226666193e+01
5.116982374267871819e+03 1.725291801773813560e+01
5.825533570923360458e+03 1.728292743521254238e+01
6.632198218351436481e+03 1.735860509057497580e+01
7.550562136839953382e+03 1.726866927435019150e+01
8.596092382240696679e+03 1.743504123445136855e+01
9.786397741631195458e+03 1.752320673173170462e+01
1.114152529994558063e+04 1.745501321985175736e+01
1.268429807234023974e+04 1.742415469436932796e+01
1.444069938868784448e+04 1.768390980062395457e+01
1.644031050399111700e+04 1.773501405792508834e+01
1.871680880493697259e+04 1.784541593453937836e+01
2.130853500336998695e+04 1.796598503267011893e+01
2.425913886933959657e+04 1.817015419255258379e+01
2.761831437913634727e+04 1.832210887732513527e+01
3.144263665965709515e+04 1.845086538446206248e+01
3.579651482488946203e+04 1.865764700508013618e+01
4.075327675215726049e+04 1.893232255445605006e+01
4.639640406789378903e+04 1.917181282578068391e+01
5.282093814253407618e+04 1.946518838136715601e+01
6.013508077424735529e+04 1.977598749660473132e+01
6.846201652017392917e+04 2.011727971198729037e+01
7.794198736681138689e+04 2.055622975652740081e+01
8.873465468108229106e+04 2.081562997071342735e+01
1.010217882219884486e+05 2.115463583592027419e+01
1.150103275010999350e+05 2.164298651818624819e+01
1.309358670512148819e+05 2.207978255299260439e+01
1.490666243019737012e+05 2.261134061500405323e+01
1.697079568892624811e+05 2.307000404650097636e+01
1.932075054787863337e+05 2.368921330629292044e+01
2.199610487190838030e+05 2.414975851450633826e+01
2.504191689329144137e+05 2.459934047273894464e+01
2.850948408103803522e+05 2.530893089285459396e+01
3.245720709123120178e+05 2.575422125315613542e+01
3.695157334901556605e+05 2.662895094356873216e+01
4.206827682769309613e+05 2.754704290916490095e+01
4.789349288420944358e+05 2.895487008923743844e+01
5.452532962176965084e+05 2.995480073247447805e+01
6.207548022338619921e+05 3.332124602767441246e+01
