1.068425784138436275e-03 8.630685385484460070e+00 2.543736424421790048e+02
1.214641528285228308e-03 8.630690049728750424e+00 2.237522923405743143e+02
1.380867126325278395e-03 8.630696078258171866e+00 1.968170097189846217e+02
1.569840958144870166e-03 8.630703870273309875e+00 1.731240660400441413e+02
1.784676155212263629e-03 8.630713942380731751e+00 1.522831467036146762e+02
2.028911885919399902e-03 8.630726961765093463e+00 1.339509209319315062e+02
2.306571659403055478e-03 8.630743791873072723e+00 1.178253858698319902e+02
2.622229608335351937e-03 8.630765549338681453e+00 1.036408913855108409e+02
2.981085842618093860e-03 8.630793678897223487e+00 9.116376377296096223e+01
3.389052115348361541e-03 8.630830050276674825e+00 8.018845622654777117e+01
3.852849212305834575e-03 8.630877084433778990e+00 7.053416267350604585e+01
4.380117669344199202e-03 8.630937917292431649e+00 6.204183915077459943e+01
4.979543641631192091e-03 8.631016613992791520e+00 5.457158369494027284e+01
5.661001998291546357e-03 8.631118448596501125e+00 4.800033153651863671e+01
6.435718999776249630e-03 8.631250271390323192e+00 4.221982763835407582e+01
7.316457237884894244e-03 8.631420992873533038e+00 3.713484315358620336e+01
8.317725885120117596e-03 8.631642225191875184e+00 3.266160639498296803e+01
9.456019716995939586e-03 8.631929138185062911e+00 2.872642242815435765e+01
1.075009084492385691e-02 8.632301611938089536e+00 2.526445848236309644e+01
1.222125763617053218e-02 8.632785805999640516e+00 2.221867507134824393e+01
1.389375590999617285e-02 8.633416325690760118e+00 1.953888505333936720e+01
1.579513819553520979e-02 8.634239264881088616e+00 1.718092486637052474e+01
1.795672762874412492e-02 8.635316571667351226e+00 1.510592383990229948e+01
2.041413396585839424e-02 8.636732477684232023e+00 1.327965876763957453e+01
2.320784021410028652e-02 8.638603272326953686e+00 1.167198169217389392e+01
2.638386954371896992e-02 8.641092747824371756e+00 1.025630875753846638e+01
2.999454346798931248e-02 8.644437781963045353e+00 9.009156156058477194e+00
3.409934378133246125e-02 8.648993231058963005e+00 7.909703230713191147e+00
3.876589245502002484e-02 8.655316563258230289e+00 6.939345365417031175e+00
4.407106563314207998e-02 8.664342500192161012e+00 6.081144281182139011e+00
5.010226008067052150e-02 8.677786982361887169e+00 5.318874701623459877e+00
5.695883294692601073e-02 8.699207047930277881e+00 4.634274305100654523e+00
6.475373856293323294e-02 8.735754985555196583e+00 3.989676964464809572e+00
7.361538923706122117e-02 9.037748534504949305e+00 3.455923285783717436e+00
8.368977070346539371e-02 8.457718913456579557e+00 3.170065535236810117e+00
9.514284707296646881e-02 8.510742906488729886e+00 2.793048074992836138e+00
1.081632949052285797e-01 8.584238753991446202e+00 2.530726584710313976e+00
1.229656114430028868e-01 8.631895445216768437e+00 2.229618535231693954e+00
1.397936482131023062e-01 8.686126249260805565e+00 1.910037067348451467e+00
1.589246282062107551e-01 8.193009138252406842e+00 1.646035451240215775e+00
1.806737128140495918e-01 8.145768303079897521e+00 1.517416428761690916e+00
2.053991937590575190e-01 8.238797524760133939e+00 1.375503052915415747e+00
2.335083955477896267e-01 8.419522685601554812e+00 1.235359126386525563e+00
2.654643856843207916e-01 8.466155520070492102e+00 1.081098397091359908e+00
3.017936031868765911e-01 8.357879072747739002e+00 9.631133196963468368e-01
3.430945310789286218e-01 8.411073577374908794e+00 8.419586957261143700e-01
3.900475557242979452e-01 8.468584434656095894e+00 7.623693526052124358e-01
4.434261754277288858e-01 8.399110671066939204e+00 6.766809591413959213e-01
5.041097429500291938e-01 8.379953989440709350e+00 6.151430061594161947e-01
5.730979518563916741e-01 8.137987907632773243e+00 5.389252074862852515e-01
6.515273053442021123e-01 8.148663872771855665e+00 4.878421887791212219e-01
7.406898388557605628e-01 8.123066796216651397e+00 4.495519420392123933e-01
8.420544049099154549e-01 8.238363018186003472e+00 4.122775729656836252e-01
9.572908707962853869e-01 8.116261007830239294e+00 3.715945485347598720e-01
1.088297627761889430e+00 8.084456791932423059e+00 3.458793487384438370e-01
1.237232864873103910e+00 8.048407858147287541e+00 3.243226362801674423e-01
1.406550122754675947e+00 8.044722907972911230e+00 3.057060417604591795e-01
1.599038712913680715e+00 7.848699741924685114e+00 2.859365343738337062e-01
1.817869668511348680e+00 7.838169460370671970e+00 2.819996587374671848e-01
2.066647983570084168e+00 7.803537884421446691e+00 2.798549112725119414e-01
2.349472001197886240e+00 7.680420378505662171e+00 2.767438396422069458e-01
2.671000929184417672e+00 7.565334969968822598e+00 2.778153936813509972e-01
3.036531595212287105e+00 7.489685707593277009e+00 2.775398251405966632e-01
3.452085706139361498e+00 7.372711966997507638e+00 2.871820513255426421e-01
3.924509048850707948e+00 7.230869385765857693e+00 2.886980912034865510e-01
4.461584266902704599e+00 7.020743515871252782e+00 2.992230745796544689e-01
5.072159070827757077e+00 6.862752902030913482e+00 3.119812300021775342e-01
5.766291994220297035e+00 6.727036608894761294e+00 3.315585631046168436e-01
6.555418096771719050e+00 6.473518950790739801e+00 3.456602581327698487e-01
7.452537344025515154e+00 5.991473983936602465e+00 3.440632626825494977e-01
8.472428767197360600e+00 5.673159926959975508e+00 3.693281396554592977e-01
9.631893931102407436e+00 5.176730170375773987e+00 3.819563806375096404e-01
1.095003372105026429e+01 4.832250887147561791e+00 3.947138700386362276e-01
1.244856300846062958e+01 4.538173524001549275e+00 4.166354663732507180e-01
1.415216837896192814e+01 4.018168533439343548e+00 4.489242326596813437e-01
1.608891481614121233e+01 3.676799620934842583e+00 5.041019297647751918e-01
1.829070804060312838e+01 3.300048258997287043e+00 6.131988008782074395e-01
2.079382012085407183e+01 2.821542713747017039e+00 6.041276980865688540e-01
2.363948701486013704e+01 2.102458974200249298e+00 6.989672633016495995e-01
2.687458788610452132e+01 1.944540757839636091e+00 9.121078043696744242e-01