1.068283346580486048e-03 8.302992211122912636e+00 2.214175180625308315e+02
1.214175270581920431e-03 8.302992704205259145e+00 1.948114433896110711e+02
1.379991172203123406e-03 8.302993340708034964e+00 1.714021218530535009e+02
1.568452003182238238e-03 8.302994162491735608e+00 1.508054187452765689e+02
1.782650306638538986e-03 8.302995223352528598e+00 1.326833528673047340e+02
2.026100964078558601e-03 8.302996592571787460e+00 1.167385504829571090e+02
2.302798872753027398e-03 8.302998359297767195e+00 1.027093655046826370e+02
2.617284499819723907e-03 8.303000638170624725e+00 9.036558601146643355e+01
2.974718389021572228e-03 8.303003576369658134e+00 7.950465651555204261e+01
3.380965842495384753e-03 8.303007362498645350e+00 6.994835405436273845e+01
3.842693167295183239e-03 8.303012237639842752e+00 6.153986352380290015e+01
4.367477065984951695e-03 8.303018508904896677e+00 5.414120423609210775e+01
4.963928966342900928e-03 8.303026565759831001e+00 4.763096545718568109e+01
5.641836330362316396e-03 8.303036899021458694e+00 4.190231371272345484e+01
6.412323261355338568e-03 8.303050121820465534e+00 3.686123909722118697e+01
7.288033044637820534e-03 8.303066990506758671e+00 3.242501170589599013e+01
8.283335617191901062e-03 8.303088420717664064e+00 2.852082269712946072e+01
9.414563370774304413e-03 8.303115488697976332e+00 2.508458742798336161e+01
1.070027915787537254e-02 8.303149397682171085e+00 2.205989060704850147e+01
1.216158089836569083e-02 8.303191368867494759e+00 1.939705546604224295e+01
1.382244778526514617e-02 8.303242375263158337e+00 1.705232049842630815e+01
1.571013377068901720e-02 8.303302549968663016e+00 1.498710817353429725e+01
1.785561478886853876e-02 8.303369909446598029e+00 1.316736976752091337e+01
2.029409705494047977e-02 8.303437585957185618e+00 1.156298801100817286e+01
2.306559478042153472e-02 8.303487636674935501e+00 1.014721193274638544e+01
2.621558678537469489e-02 8.303476356665566271e+00 8.896078493491307526e+00
2.979576278192781411e-02 8.303296039521987026e+00 7.787719149986526368e+00
3.386487157526447966e-02 8.302660083305799077e+00 6.801264487004546666e+00
3.848968510061936965e-02 8.300668668873372624e+00 5.914296649787869065e+00
4.374609411561812544e-02 8.293311940660796466e+00 5.093068558253301958e+00
4.972035352769678396e-02 8.216088251194983982e+00 4.162555048322230000e+00
5.651049779176883781e-02 8.541730837962457912e+00 3.962215679899419030e+00
6.422794960407116061e-02 8.204521241817303689e+00 3.688195631934679142e+00
7.299934829000875869e-02 8.321620816578908730e+00 3.162320497495836769e+00
8.296862788888136053e-02 8.447739400805870602e+00 3.069288304581072602e+00
9.429937903576915414e-02 8.386062504852970889e+00 2.602364421045680221e+00
1.071775333978172706e-01 8.585940907959482615e+00 2.348814789208916398e+00
1.218144147151069001e-01 8.008477208012102722e+00 2.052720582307264952e+00
1.384502065120884473e-01 8.033004086811031286e+00 1.816221809489353189e+00
1.573578933828981286e-01 8.338453507583261981e+00 1.689661197572388751e+00
1.788477405249773722e-01 8.550316764558884230e+00 1.514022841167834033e+00
2.032723850277852184e-01 8.127483936987498936e+00 1.316092515008304265e+00
2.310326224619739799e-01 8.143959114987671555e+00 1.162540272699747579e+00
2.625839837239132279e-01 8.189366143142242649e+00 1.055115183038292992e+00
2.984442100581226054e-01 8.178032435975422842e+00 9.464109216842718775e-01
3.392017489187991730e-01 8.031137252522695391e+00 8.061898240638710744e-01
3.855254100830582953e-01 8.152363761058825986e+00 7.411813974867978994e-01
4.381753404676295149e-01 8.126428793773937898e+00 6.796130289355870602e-01
4.980154977399767757e-01 8.129419691091289479e+00 6.089476880457524999e-01
5.660278274092412909e-01 8.251108363448397043e+00 5.515852870881161607e-01
6.433283760356114378e-01 8.101596202046730255e+00 4.954569698292880520e-01
7.311856049674136937e-01 8.055810402652568314e+00 4.566483152250867539e-01
8.310412051247182408e-01 8.022688072633199496e+00 4.181826214878147097e-01
9.445337543891108023e-01 7.929552985538028231e+00 3.756758122481198003e-01
1.073525605804950489e+00 7.874853036454598332e+00 3.543756968077950709e-01
1.220133447813362526e+00 7.807748008425426711e+00 3.313458295195838565e-01
1.386763037996328940e+00 7.878890794933766983e+00 3.161706794329610104e-01
1.576148680293352200e+00 7.832812052651002332e+00 2.990134394246156124e-01
1.791398093491047394e+00 7.746330447394607077e+00 2.898500264664568005e-01
2.036043407253990800e+00 7.625367838348893201e+00 2.832272078084818179e-01
2.314099122514866380e+00 7.451187545367347731e+00 2.741865561470764878e-01
2.630127987323430894e+00 7.337653018908348201e+00 2.702232131846097896e-01
2.989315869142318061e+00 7.246738749455644779e+00 2.730624561526057703e-01
3.397556852204703493e+00 7.115357210652574871e+00 2.831420999755157597e-01
3.861549956336701506e+00 6.969999491466190022e+00 2.878884992605503235e-01
4.388909064349503453e+00 7.038822720548701284e+00 3.007964544155511399e-01
4.988287861851937066e+00 6.784305698475776580e+00 3.085620362426826357e-01
5.669521839680074393e+00 6.623257587858328854e+00 3.249446212553379065e-01
6.443789689129094000e+00 6.167338231203444820e+00 3.355801845246079163e-01
7.323796738398227646e+00 5.760526643901527244e+00 3.392951615307246982e-01
8.323983440344395746e+00 5.738153161861636598e+00 3.597413211203404626e-01
9.460762332718925194e+00 5.232151383926440857e+00 3.654883718997439246e-01
1.075278735928023544e+01 4.900247577053622017e+00 3.866588534738047422e-01
1.222125997120024010e+01 4.614198399074687096e+00 4.080227808691783142e-01
1.389027703172762784e+01 4.177649201919980904e+00 4.728987691708865237e-01
1.578722623304048867e+01 3.486366780351799921e+00 4.856402799272727111e-01
1.794323551387098092e+01 3.312132993759124400e+00 5.040781028833664079e-01
2.039368385260887706e+01 2.785061176704225705e+00 5.373737770757928134e-01
2.317878181773000890e+01 2.398794276359609512e+00 8.066285022432246876e-01
2.634423140207704961e+01 1.720548366365779902e+00 1.043691106450856942e+00
