1.068143075887014251e-03 8.792742781692345133e+00 2.600738201973072705e+02
1.213716185243729744e-03 8.792745532993416546e+00 2.288802864537845494e+02
1.379128893476452410e-03 8.792749085344013338e+00 2.014280664648651964e+02
1.567085063168733011e-03 8.792753672139022925e+00 1.772684218400795260e+02
1.780657055930560256e-03 8.792759594605369600e+00 1.560064351689387934e+02
2.023335953712607823e-03 8.792767241631713304e+00 1.372945545926802140e+02
2.299088624590133433e-03 8.792777115764286222e+00 1.208269127060138430e+02
2.612422565822966700e-03 8.792789865813112726e+00 1.063343267762192568e+02
2.968459584126612646e-03 8.792806329717359759e+00 9.357989863146026721e+01
3.373019517543963952e-03 8.792827589989684611e+00 8.235514229276824949e+01
3.832715367448723352e-03 8.792855045031918948e+00 7.247657601249453307e+01
4.355061395723492518e-03 8.792890501729116792e+00 6.378272304017993832e+01
4.948595954086277074e-03 8.792936295180492579e+00 5.613147207893577928e+01
5.623021053353223497e-03 8.792995444035419439e+00 4.939775428498698773e+01
6.389360954059081915e-03 8.793071851856391064e+00 4.347149882911692487e+01
7.260142370783034295e-03 8.793170568899846273e+00 3.825583360226878682e+01
8.249599235828627281e-03 8.793298132593607264e+00 3.366550163597819534e+01
9.373905369357678208e-03 8.793463011906837323e+00 2.962546734580932295e+01
1.065143885924134393e-02 8.793676188291858153e+00 2.606968978550716187e+01
1.210308247222369876e-02 8.793951918320544792e+00 2.294004283041832792e+01
1.375256500696676182e-02 8.794308738835511008e+00 2.018536458330176586e+01
1.562684916878843283e-02 8.794770798628814390e+00 1.776062038041217761e+01
1.775657230635579314e-02 8.795369633557134748e+00 1.562616558029671232e+01
2.017654721468630993e-02 8.796146549000996018e+00 1.374709585905976716e+01
2.292633119066291025e-02 8.797155840673726246e+00 1.209267400807886261e+01
2.605087264293524593e-02 8.798469176303669315e+00 1.063582318438586682e+01
2.960124582579621091e-02 8.800181571201395769e+00 9.352677070277675142e+00
3.363548570711101526e-02 8.802419466270402282e+00 8.222177119696681302e+00
3.821953661718352491e-02 8.805351209780981847e+00 7.225705118589497822e+00
4.342833018532604727e-02 8.809198720848863573e+00 6.346733140496693792e+00
4.934701018425603075e-02 8.814241801063882775e+00 5.570454487727415582e+00
5.607232430382209920e-02 8.820771637030347279e+00 4.883297039668778261e+00
6.371420560421535428e-02 8.828755251561171136e+00 4.271958936358376313e+00
7.239756949935313712e-02 8.835427003344014096e+00 3.719957883714146707e+00
8.226435564421277769e-02 8.791417840091678926e+00 3.166223721547902326e+00
9.347584810313261383e-02 9.094503867800158403e+00 2.889739601793338775e+00
1.062153117249221984e-01 9.229095831979341469e+00 2.536611482588714495e+00
1.206909878193907770e-01 8.866865295425037985e+00 2.231977353578490586e+00
1.371394981031017757e-01 8.590773273764821027e+00 1.980114967119795288e+00
1.558297125557951968e-01 8.468474744020559442e+00 1.745773863088933009e+00
1.770671444120775484e-01 8.399355425615391724e+00 1.458588517479148861e+00
2.011989441296158088e-01 8.667127463533239151e+00 1.415463146101228142e+00
2.286195739660389359e-01 8.861473295432633179e+00 1.251561936660322560e+00
2.597772559220884458e-01 8.593455378606574158e+00 1.096849019929515334e+00
2.951812984501269721e-01 8.464736968520069738e+00 9.441807041351230056e-01
3.354104216915558268e-01 8.424237232782157747e+00 8.701150946975737543e-01
3.811222173288021375e-01 8.523690932717540747e+00 7.737414914557135814e-01
4.330638976841296173e-01 8.309213889367224937e+00 6.919389253488122948e-01
4.920845097717613248e-01 8.239887809636877947e+00 6.178546670140724340e-01
5.591488139561644477e-01 8.405334772245755204e+00 5.555486724458946757e-01
6.353530540792625692e-01 8.223898447272690149e+00 4.954865012632079790e-01
7.219428768376014993e-01 8.025533907197207384e+00 4.512180722895220431e-01
8.203336933224698591e-01 8.030036659447437941e+00 4.078405127773446770e-01
9.321338155559653060e-01 7.931335331290479296e+00 3.758408647943050074e-01
1.059170746216530068e+00 8.009705168932304886e+00 3.545308090464439066e-01
1.203521051290007859e+00 7.979861019372441966e+00 3.298413388766684995e-01
1.367544303949356888e+00 7.788544606164131245e+00 3.048226737178490464e-01
1.553921654515107331e+00 7.786334087927969883e+00 2.937927880166603667e-01
1.765699656967302911e+00 7.700536043824509846e+00 2.845163248446246351e-01
2.006340068404099064e+00 7.629311744603682222e+00 2.741038915952777599e-01
2.279776435476935426e+00 7.500425798400172539e+00 2.721435463878725813e-01
2.590478392773200245e+00 7.518464318905934363e+00 2.757030748309869383e-01
2.943524724178031349e+00 7.458499671515368412e+00 2.839528995089173335e-01
3.344686381487964599e+00 7.334626428543113086e+00 2.819532726391821287e-01
3.800520817311960009e+00 7.108889666184801115e+00 2.802857055640427530e-01
4.318479174240493101e+00 6.937024117052292382e+00 2.881530740101297394e-01
4.907028082414017334e+00 6.769002709321531697e+00 2.956050873831551629e-01
5.575788056413317761e+00 6.615776768969767296e+00 3.183479819983296988e-01
6.335690753729478431e+00 6.401527944742477771e+00 3.226285201817432058e-01
7.199157665385564897e+00 6.006218720266391031e+00 3.470523665955853043e-01
8.180303159615462505e+00 5.683884053455025231e+00 3.683371583725164600e-01
9.295165197584381644e+00 5.391337877661611877e+00 3.786712644445981990e-01
1.056196749246704059e+01 4.988129239596219122e+00 3.768087472014600148e-01
1.200141739717776090e+01 4.545692540344946408e+00 4.040476975992928765e-01
1.363704439007299740e+01 4.046216852332837455e+00 4.249028283984299104e-01
1.549558469156766805e+01 3.818720519285405679e+00 4.576646577395587778e-01
1.760741829866997321e+01 3.382200682927705149e+00 4.926031750736826198e-01
2.000706558127131984e+01 2.821516102345694499e+00 5.957740178939824327e-01
2.273375155763340416e+01 2.367470312651457576e+00 6.085680532574810897e-01
2.583204707281009860e+01 1.925788699518614200e+00 8.300173088862821125e-01