22.28454272809868 17.73361017488371
25.867188743596067 17.733608911912604
30.025810341315076 17.73360720886394
34.85300608384898 17.733604913792426
40.45626143882485 17.733601821501644
46.9603421199586 17.733597653645294
54.51007220126407 17.733592037397425
63.273558863707066 17.73358446745713
73.44593557860233 17.733574263683376
85.25370707590008 17.73356050752155
98.95979284524064 17.73354195874459
114.86938147163906 17.7335169406739
133.3367261622307 17.733483184945463
154.773032777679 17.73343761715829
179.65561600826194 17.73337606207594
208.53852757198712 17.733292832617447
242.06489308907823 17.733180149858
280.98123233367437 17.73302731034473
326.15408172674205 17.732819457645938
378.58928919739657 17.732535699404405
439.4544110445148 17.732146047211053
510.1047095016693 17.731605977489703
592.1133298840061 17.730845306425852
687.3063292609701 17.729739658464908
797.8033366259956 17.728001866703146
926.0647499288436 17.723965350106468
1074.9465208902811 17.724892370585483
1247.7637474732799 17.7251112547143
1448.3644900018946 17.721784941882323
1681.215454565344 17.714979345050434
1951.5014515894823 17.70412385373625
2265.2408441846355 17.686282498784898
2629.4195569175226 17.69137262504516
3052.1466289333825 17.64951549928597
3542.83477507489 17.657871440192697
4112.409975488734 17.620109977959817
4773.5547605777765 17.68604663881932
5540.9906084392 17.81224991940799
6431.805742832888 17.827950265782494
7465.835630642012 17.85509380986946
8666.104651228738 17.83476427486672
10059.338772181103 17.80851832351308
11676.56064702133 17.746265799432123
13553.780385706708 17.866589147306495
15732.797379066473 17.874223957373864
18262.131031117107 17.801200977779583
21198.101123544715 17.89045833144642
24606.081868449946 17.965175353462442
28561.95757290629 18.04353737551379
33153.81232810181 18.04806625819314
38483.891346777564 18.04063708684388
44670.877621372325 17.982773567421077
51852.534596419246 18.324831076303266
60188.77369864972 18.377210125760556
69865.21502841706 18.533698795451482
81097.3204971023 18.55502260612984
94135.19144161626 18.91887829779632
109269.13754279187 19.176819414506575
126836.14104880995 19.61759979794953
147227.360240246 20.004265062039313
170896.8392137515 20.452865188180194
198371.617922055 20.874904857227552
230263.4675869844 21.40357274441556
267282.51279381884 22.041353163276163
310253.0435853479 22.512930273739016
360131.86963796645 23.097691928293337
418029.6252057856 23.699214325302464
485235.4992224413 24.306977907594618
563245.9412170702 24.649173585616236
653797.9822289781 25.389318887321423
758907.9126660707 26.069515259433942
880916.1783332983 26.561655376509872
1022539.4943151666 27.05457772434329
1186931.3371137958 28.04867565426499
1377752.1619996452 28.674950612562373
1599250.9090799293 29.054449851110522
1856359.6129516654 30.0100751792567
2154803.222579145 30.50623940965214
2501227.0767163937 32.07872096603906
2903344.873324942 32.97270802743822