2.228507421881327843e+01 1.888799563620741750e+01
2.586895413675031818e+01 1.888799450245329936e+01
3.002919270353354619e+01 1.888799297217668638e+01
3.485847976918758917e+01 1.888799090897388311e+01
4.046441154163553477e+01 1.888798812231939905e+01
4.697188782335149426e+01 1.888798435754096872e+01
5.452589477099655824e+01 1.888797926616719280e+01
6.329473517774520985e+01 1.888797237207717217e+01
7.347377824878705610e+01 1.888796302025503593e+01
8.528981241476206776e+01 1.888795030156399690e+01
9.900609816353623671e+01 1.888793294124379329e+01
1.149282334670863719e+02 1.888790911915707937e+01
1.334109624848317708e+02 1.888787616877311137e+01
1.548660792408890359e+02 1.888783002085600771e+01
1.797716023686744222e+02 1.888776403798325276e+01
2.086824253355796941e+02 1.888766608170612216e+01
2.422426794340471190e+02 1.888750870624513922e+01
2.812000849856976856e+02 1.888719282953649525e+01
3.264226105024242770e+02 1.888651648017375706e+01
3.789178109694980776e+02 1.888788626322354958e+01
4.398552761064020160e+02 1.888765612452039733e+01
5.105926887512108578e+02 1.888733422492570213e+01
5.927060739476631852e+02 1.888687450071178020e+01
6.880249126826527117e+02 1.888619096380065798e+01
7.986729026059750822e+02 1.888506982425785452e+01
9.271152738785649490e+02 1.888222922915139890e+01
1.076213714343306947e+03 1.888374591637926514e+01
1.249290127747722636e+03 1.888416344922655909e+01
1.450200645547671456e+03 1.888141131523518013e+01
1.683421541270333137e+03 1.887793626043369244e+01
1.954148961603000771e+03 1.886636689801440525e+01
2.268414696209984868e+03 1.887008468821660401e+01
2.633220565621764308e+03 1.887497432308138201e+01
3.056694421349995537e+03 1.886050562537126751e+01
3.548271233900983589e+03 1.887552213592072192e+01
4.118903303317020800e+03 1.887460727726460163e+01
4.781304275723048704e+03 1.886226845415299636e+01
5.550232402551732775e+03 1.884536462760251396e+01
6.442819353444457192e+03 1.888261285122353428e+01
7.478951908758661375e+03 1.888293545995518841e+01
8.681715035766299479e+03 1.889779325232588647e+01
1.007790622025282028e+04 1.889706481772804736e+01
1.169863251279196447e+04 1.888423939844145849e+01
1.358000359184924673e+04 1.886046985159450173e+01
1.576393628511595671e+04 1.889847401941554850e+01
1.829908847375760524e+04 1.889292877063883225e+01
2.124194318690405271e+04 1.887859976006426521e+01
2.465806703993732663e+04 1.895134741314218374e+01
2.862357105450203380e+04 1.896888032419144920e+01
3.322680640721500822e+04 1.899989027024248855e+01
3.857033288824734336e+04 1.899567972600829435e+01
4.477320392691050074e+04 1.901226477428199502e+01
5.197361909447099606e+04 1.919474611124468311e+01
6.033200318178693851e+04 1.933789446398310830e+01
7.003458045342026162e+04 1.948491425253650533e+01
8.129752371237818443e+04 1.966167379798698178e+01
9.437177061638147279e+04 1.975131030408891775e+01
1.095486145528797351e+05 2.010419998515770601e+01
1.271661946371518716e+05 2.041600480788458327e+01
1.476170294302356488e+05 2.072097173714464091e+01
1.713567622274421155e+05 2.119353933466280537e+01
1.989143127619246952e+05 2.179090319921126451e+01
2.309036615026115032e+05 2.227415082041339289e+01
2.680375290999081335e+05 2.273193729782822459e+01
3.111432557563477312e+05 2.330567058950749271e+01
3.611812343135535484e+05 2.395126622160299945e+01
4.192663077435216983e+05 2.442925644446887645e+01
4.866926077789555420e+05 2.512824576874381322e+01
5.649623880857627373e+05 2.565956732193334489e+01
6.558194943789512618e+05 2.620474567574048308e+01
7.612882171939795371e+05 2.683549438353820094e+01
8.837183929508220172e+05 2.747112850832388631e+01
1.025837758159591118e+06 2.808852273612153638e+01
1.190812723216067534e+06 2.897797566698332972e+01
1.382318919823441887e+06 2.971166670670756815e+01
1.604623093832311686e+06 3.029348864629380245e+01
1.862678168066202896e+06 3.140113410349196243e+01
2.162233593126290478e+06 3.203704836064351724e+01
2.509963444784231484e+06 3.405731266028114845e+01
2.913615121964839287e+06 3.616295758833428664e+01
