22.285644751437548 18.040652945395028
25.87084927200569 18.040651573772145
30.032823798452757 18.04064972173622
34.86435624225577 18.0406472264979
40.47316177606785 18.040643863190542
46.984284257811815 18.040639329134446
54.54288398402794 18.040633216983423
63.31747392321946 18.040624976604665
73.50367657844386 18.04061386410561
85.32858523541313 18.04059887591977
99.05582682666007 18.040578654208957
114.99143928430048 18.040551360386957
133.4906944122957 18.04051450115436
154.96601838872542 18.040464687166107
179.8961864793688 18.040397297322368
208.8369969514193 18.040306004509468
242.43366215374903 18.04018209613263
281.4351930130007 18.04001347951513
326.71109763640584 18.03978318458845
379.2707663033966 18.0394670242526
440.28597501897866 18.039029747997645
511.1170093276886 18.03841826519381
593.3429907977868 18.037548472161067
688.7970822805305 18.036275497599814
799.6073568177752 18.03430375746447
928.244241337695 18.030901683369684
1077.5755928580757 18.02504522508193
1250.9306350773254 18.019911466982084
1452.174180768643 18.023090732996714
1685.792794706579 18.03216748285889
1956.9948180599026 18.02525140426478
2271.826484215049 18.02088302022195
2637.3067147400734 18.033718786626025
3061.5836006578984 18.052052986778648
3554.116057654367 18.046144023189044
4125.884705079488 18.056035033346507
4789.6366701214565 18.04922994455431
5560.1697748677625 18.03387487687174
6454.662441977894 18.03488515278588
7493.056673952165 18.018268160123455
8698.502644214872 18.032195480793074
10097.874811816235 17.98868367562745
11722.371066119998 18.02151834338659
13608.208258930832 18.01233753455986
15797.429630397073 18.018705467551495
18338.842129607056 18.165617897222802
21289.104526696166 18.122224838045334
24713.990575058553 18.13622351902327
28689.85538486007 18.20147180994643
33305.33769948376 18.304515616084466
38663.336025807024 18.327441666891037
44883.30267456315 18.342721534177148
52103.906854592184 18.35768449775629
60486.126192549404 18.534881163919394
70216.83560104405 18.669426532844568
81512.9735061686 18.840780237561013
94626.37831714746 19.16133030042932
109849.40296334906 19.34705784999859
127521.4326702978 19.806636697583468
148036.45128331712 20.027432951771097
171851.82482397166 20.519567071015643
199498.49810171223 21.027555589297698
231592.83170606877 21.510030161879737
268850.34327571775 22.095000309432127
312101.6593950874 22.603241050012993
362311.0337533457 23.19053831132196
420597.8444133971 23.739342277084788
488261.5494554002 24.05665465209141
566810.6573610262 24.758380419248446
657996.3580101338 25.05376059304553
763851.5640661815 26.029405870530056
886736.2331470012 26.67785268039691
1029389.9812026912 27.198512619297375
1194993.1600740305 27.63577478472781
1387237.7609069988 28.226069103998537
1610409.724158625 28.82527941510924
1869484.4912302822 29.21180482688557
2170237.9279760807 29.943805243834518
2519375.093037745 32.48880767057525
2924679.721793574 35.620691907780916