22.285014390848467 17.422793802807888
25.868755410167022 17.422773483265726
30.02881195113141 17.422746088966328
34.85786358480979 17.42270915016707
40.46349404946831 17.422659331035575
46.970588048455475 17.422592117755585
54.52411348660329 17.422501398765963
63.29235112903278 17.42237888308343
73.47064363412426 17.422213295821447
85.28574748325947 17.421989256554376
99.00088476154264 17.42168569193122
114.9216073352947 17.421273558631803
133.40260407104938 17.420712505329796
154.85560275027214 17.419945849394978
179.75854272213735 17.418892748873088
208.6662226467598 17.41743544431218
242.22266054399293 17.415397213974973
281.17544151040147 17.412501231505146
326.3923727491643 17.40828525467543
378.88081696099505 17.40189503656185
439.81013481387663 17.391411393754144
510.53773647482876 17.372255648280397
592.6393225912035 17.286497275544328
687.9439884434025 17.409277111605817
798.5749733347869 17.384445501026136
926.9969630516241 17.342285532434666
1076.0709992181025 17.49471173402572
1249.1182188411995 17.526876108120845
1449.9938440630378 17.518916527801238
1683.1730704970164 17.48965819962257
1953.85076760587 17.51155087622838
2268.057212290585 17.499901818099104
2632.792434054005 17.460089359036843
3056.182164739822 17.35395468111374
3547.6588671639256 17.3096781764173
4118.17187567361 17.64759155207846
4780.43133023857 17.420663849261278
5549.191338544733 17.869133122174787
6441.578674500718 17.93137465307656
7477.474336046978 17.944082945880115
8679.956462780445 17.923531764662197
10075.814480908526 17.908711797473217
11696.145929880107 17.8886710603017
13577.049267059925 17.878438197700323
15760.428085054004 17.896350618479538
18294.924658393567 17.905595324040362
21237.003617541654 17.802950326431738
24652.209892788895 17.895754444457065
28616.62895306641 18.12008863457975
33218.581871519025 18.141468147461453
38560.59298125573 18.277671970885766
44761.67395757868 18.241655512821282
51959.975212479985 18.468741111266418
60315.86367034023 18.69363112323782
70015.49549287079 18.778902718875823
81274.96334803881 18.93809708254223
94345.11061765833 19.112700431493863
109517.11979668296 19.30007395608929
127128.99958502062 19.59139467467127
147573.11519415694 19.939651175267535
171304.92963207382 20.439142680537437
198853.15070865743 20.970372765709183
230831.50982104833 21.36349495872819
267952.4349318996 21.94615115677697
311042.9223531725 22.585363693593955
361062.96093405614 23.110783734268516
419126.91911518073 23.869944052000044
486528.3713193359 24.498460973363695
564768.9167719511 25.1148566001374
655591.6327897126 25.589279478337694
761019.9078244088 26.085567867099062
883402.5194016462 26.494920524156967
1025465.9612206081 27.3135681291137
1190375.1851810117 27.918671423828574
1381804.1115748847 28.352175504068935
1604017.4783002646 29.27606661862122
1861965.8525696204 30.250444091950992
2161395.9218256865 31.270246687928207
2508978.5209742654 32.25529592104089
2912457.2481810655 35.10839078104686