1.079521824009464131e-03 7.786944480449919936e+00 8.753714120078624319e+02
1.251212913015976652e-03 7.786944951117479974e+00 7.552529773398420048e+02
1.450210379150426504e-03 7.786945579714942944e+00 6.516171261681728311e+02
1.680857128245422539e-03 7.786946425984482723e+00 5.622021188116125359e+02
1.948186777720193556e-03 7.786947562560623481e+00 4.850565684456227018e+02
2.258033509871053800e-03 7.786949089365690746e+00 4.184968563712612877e+02
2.617159396629931134e-03 7.786951140477071931e+00 3.610703883814138635e+02
3.033401974516972133e-03 7.786953895860465380e+00 3.115238935577322650e+02
3.515845290451970716e-03 7.786957597732655501e+00 2.687760729012250067e+02
4.075018151315617718e-03 7.786962571193696725e+00 2.318940011301482116e+02
4.723123903844200083e-03 7.786969252592720103e+00 2.000727666167499024e+02
5.474306759556983246e-03 7.786978229298679999e+00 1.726179051043669403e+02
6.344960476971603022e-03 7.786990290079535804e+00 1.489302436692466358e+02
7.354086137765085060e-03 7.787006495328299138e+00 1.284928244640706509e+02
8.523706824960673376e-03 7.787028270459852131e+00 1.108596226102632727e+02
9.879348253046250222e-03 7.787057532365008861e+00 9.564581218164593679e+01
1.145059583926014840e-02 7.787096859694519146e+00 8.251936772988288737e+01
1.327174037352643957e-02 7.787149722667938256e+00 7.119381810350125761e+01
1.538252637809217269e-02 7.787220794522173861e+00 6.142199440798810173e+01
1.782901948901133987e-02 7.787316373639557199e+00 5.299063561261648658e+01
2.066461178914426322e-02 7.787444958268419981e+00 4.571573405575015414e+01
2.395118703298471097e-02 7.787618032129816292e+00 3.943851919395292072e+01
2.776047119309425076e-02 7.787851144647625290e+00 3.402199184141679211e+01
3.217559780236831785e-02 7.788165407776403093e+00 2.934793308567867953e+01
3.729292225404677585e-02 7.788589591096564568e+00 2.531432230756109192e+01
4.322412465461664133e-02 7.789163093184687803e+00 2.183310744688525418e+01
5.009864712211176130e-02 7.789940228521645693e+00 1.882827795526815962e+01
5.806651872122537555e-02 7.790996549588498965e+00 1.623419672601360730e+01
6.730162968640843180e-02 7.792438434909986888e+00 1.399415140976927852e+01
7.800552638935381866e-02 7.794418153354860657e+00 1.205908696724938522e+01
9.041180987195339414e-02 7.797158607288317000e+00 1.038647734335237516e+01
1.047912339379825780e-01 7.800996306482842257e+00 8.939276322329428481e+00
1.214576140638842366e-01 7.806461493330723478e+00 7.684826220657063445e+00
1.407746760842794598e-01 7.814442099210172188e+00 6.593370189694199190e+00
1.631639941174062303e-01 7.826566425917062197e+00 5.634655320158102221e+00
1.891141909671773258e-01 7.846339758326035252e+00 4.760853793642562337e+00
2.191916017907453162e-01 7.879535701658580749e+00 3.945445678072624140e+00
2.540526337546576974e-01 7.960735950928207849e+00 3.790462929237171874e+00
2.944580914158151375e-01 8.101558797727809846e+00 3.222542480842030876e+00
3.412897804632774035e-01 7.516457275105211444e+00 2.670679304602662452e+00
3.955697521797361116e-01 7.520519700123805329e+00 2.311272698090059752e+00
4.584826086123444666e-01 7.362626936402094202e+00 1.950349033645548680e+00
5.314013552392858886e-01 7.773292697549659458e+00 1.809632950003025043e+00
6.159173653387443048e-01 8.093593786507023324e+00 1.727677787663497666e+00
7.138751100004251393e-01 7.429958751180037346e+00 1.400986457217830772e+00
8.274124117248062849e-01 7.608632324007372105e+00 1.274871011525866793e+00
9.590071001016589047e-01 7.753981352834534491e+00 1.102708193060827346e+00
1.111531087777879456e+00 7.549670795948959956e+00 9.360784828739622254e-01
1.288313046864520306e+00 7.291147412422768426e+00 7.797447703389145390e-01
1.493211053628233920e+00 7.351486767057565430e+00 7.127306245095761383e-01
1.730696786859455605e+00 7.388717945597833570e+00 6.521050457104716758e-01
2.005953117456220625e+00 7.284748899945689082e+00 5.635104278104946518e-01
2.324987219011399375e+00 7.005308278816730017e+00 4.957765954292890909e-01
2.694761667920355208e+00 7.009356775664155492e+00 4.481734423331520945e-01
3.123346394127977987e+00 6.870118121581152870e+00 3.951340972738728863e-01
3.620094798676854797e+00 6.601348911442329381e+00 3.522916465546933051e-01
4.195847881632769116e+00 6.453642745548499704e+00 3.273019596457224512e-01
4.863170835260136826e+00 6.217772993669250070e+00 3.027416713274001525e-01
5.636627265839166512e+00 6.084171010218979880e+00 2.818778142648701857e-01
6.533097028721183364e+00 5.861006730608714577e+00 2.746673691045027899e-01
7.572144613030616256e+00 5.563059700024078680e+00 2.773278381190045216e-01
8.776446115613875776e+00 5.139152629835114006e+00 2.716945833080670059e-01
1.017228412248266523e+01 4.919318094450812140e+00 2.866905691435845949e-01
1.179012129800732822e+01 4.371660875013027692e+00 2.792875347072336645e-01
1.366526519982805965e+01 4.102298708562891250e+00 2.997248825307591291e-01
1.583863882835482251e+01 3.644429006356156631e+00 3.021539323418893641e-01
1.835767372727061542e+01 3.388508282871941280e+00 3.105791435837580439e-01
2.127734512599696615e+01 3.035417788943620465e+00 2.969192895903196572e-01
2.466137171499328673e+01 2.937041711774643460e+00 3.153744848409864021e-01
2.858360623769662823e+01 2.697461309099787208e+00 3.396152240433403802e-01
3.312964724727648758e+01 2.470902513677084578e+00 3.356414614175707301e-01
3.839870720306353746e+01 2.343115036409702423e+00 3.410325861051754504e-01
4.450577767584945832e+01 2.260524359334382005e+00 3.470855753590910142e-01
5.158413891533592732e+01 2.083230596869451112e+00 3.503575650584495049e-01
5.978826854834611026e+01 1.863925321098857557e+00 3.750625073250514752e-01
6.929721288701043136e+01 1.562722258076126858e+00 3.449116331667507196e-01
8.031849442210474876e+01 1.254258559176354870e+00 3.309065799974417743e-01
9.309264077838423646e+01 1.123970001142082342e+00 3.712656496627696479e-01
1.078984339714940859e+02 5.818194244189390796e-01 2.874887340875471042e-01
1.250589945258499540e+02 5.092595574994253083e-01 2.232609801555517082e-01