1.078944167541685687e-03 1.011037230467985104e+01 9.269948902164267110e+02
1.249296865802757180e-03 1.011040410533463785e+01 8.005883958808940406e+02
1.446546267969229214e-03 1.011044674267266075e+01 6.914181477235840703e+02
1.674939049839955802e-03 1.011050391227731282e+01 5.971337679445498452e+02
1.939392387785311310e-03 1.011058056904951385e+01 5.157053630272441751e+02
2.245599822966098079e-03 1.011068336056306194e+01 4.453798219425513025e+02
2.600153840277730222e-03 1.011082120628943670e+01 3.846430723136807046e+02
3.010687801079816803e-03 1.011100607296930143e+01 3.321874827447527423e+02
3.486040285448127087e-03 1.011125402720677791e+01 2.868837105608947127e+02
4.036445382151095107e-03 1.011158664518506534e+01 2.477563870307841114e+02
4.673753023193893963e-03 1.011203291917636626e+01 2.139631177710516283e+02
5.411684106616853306e-03 1.011263183804243049e+01 1.847763457655927652e+02
6.266125900207733003e-03 1.011343588685258155e+01 1.595676862342792788e+02
7.255474086014327209e-03 1.011451581781676623e+01 1.377943960670162085e+02
8.401028809695678182e-03 1.011596718520271132e+01 1.189876859770822080e+02
9.727453261445969529e-03 1.011791936314406115e+01 1.027426232076800403e+02
1.126330466149698915e-02 1.012054810502322511e+01 8.870940633314934587e+01
1.304164908203753019e-02 1.012409325032183638e+01 7.658582260311693801e+01
1.510077334234201721e-02 1.012888408795157247e+01 6.611072253879474658e+01
1.748500930383575791e-02 1.013537643438132640e+01 5.705836615438814619e+01
2.024568831173565592e-02 1.014420826977376500e+01 4.923350979973771047e+01
2.344224633189248216e-02 1.015628602552809845e+01 4.246711018274092453e+01
2.714350357584926696e-02 1.017292411300820199e+01 3.661251770815218265e+01
3.142914616376965564e-02 1.019608275585439472e+01 3.154200130407041769e+01
3.639144172465919036e-02 1.022880157905161624e+01 2.714335267874662705e+01
4.213722586984916529e-02 1.027606266445409844e+01 2.331603428386160459e+01
4.879020230747164316e-02 1.034672771921826673e+01 1.996538409497180666e+01
5.649360611817923206e-02 1.045873346107436852e+01 1.698943554058414662e+01
6.541328753103434201e-02 1.065807183860768603e+01 1.422866795228756231e+01
7.574128259163923071e-02 1.119859031643294678e+01 1.086942036434896686e+01
8.769994759711230436e-02 1.008906225591118933e+01 1.139987803067686656e+01
1.015467463101193263e-01 8.031119649649859582e+00 1.024251518061962685e+01
1.175797930181575746e-01 8.037042562174367077e+00 8.837183504497389208e+00
1.361442707772419491e-01 8.045240323670700633e+00 7.621682613596705735e+00
1.576398630214004282e-01 8.056721532089046178e+00 6.569519685497457573e+00
1.825293585366201676e-01 8.073068351008119592e+00 5.657399704910893945e+00
2.113486150598029856e-01 8.096873128380799756e+00 4.864252300842782262e+00
2.447180960137716188e-01 8.132460595563291150e+00 4.169081332681895624e+00
2.833562287581588013e-01 8.183963662175914422e+00 3.539956223378913691e+00
3.280948719522875368e-01 8.325868757517660868e+00 2.977545013610656266e+00
3.798972250342262935e-01 8.849914607663235344e+00 2.683315532125539082e+00
4.398785653976733379e-01 7.491288105630772520e+00 2.339473717021504307e+00
5.093302597271738286e-01 7.514009580692489365e+00 1.951144194778883012e+00
5.897475664430787967e-01 7.771928627466407669e+00 1.744841632149314314e+00
6.828618278282467813e-01 7.425940104435161615e+00 1.481211888860937576e+00
7.906777449160367066e-01 7.391473385618809289e+00 1.261573462047353322e+00
9.155165376483047623e-01 7.331065787050845550e+00 1.101551883068495830e+00
1.060065919518888844e+00 7.262776297216396060e+00 9.681973056583752513e-01
1.227437962630349988e+00 7.128122058452034615e+00 8.524816290346685088e-01
1.421236098968181150e+00 7.306995948951099606e+00 7.626839016709672237e-01
1.645632700394653813e+00 7.174854873842034131e+00 6.693189369798305810e-01
1.905458907618719167e+00 6.944300018044441636e+00 5.674413057752828449e-01
2.206308642112419172e+00 6.958824561598930813e+00 5.058300950714529343e-01
2.554659040295604200e+00 6.955204462185781367e+00 4.543884186134097836e-01
2.958009902873560470e+00 6.912273112948871479e+00 4.065656154049851478e-01
3.425045161598393229e+00 6.739376362611074534e+00 3.780485455549895679e-01
3.965819839748522035e+00 6.437524310131573557e+00 3.405975121322292742e-01
4.591976531487020452e+00 6.377726800361289250e+00 3.217467609754683378e-01
5.316996060785423417e+00 6.135071931510604593e+00 2.997895391087814776e-01
6.156487716467678339e+00 5.926858429147904062e+00 2.918010993364686945e-01
7.128525311981990242e+00 5.607358461631654301e+00 2.835045866695631300e-01
8.254036305090501457e+00 5.232429007840925017e+00 2.830095267381435020e-01
9.557252355018947654e+00 4.930886554488736806e+00 2.802160695845531957e-01
1.106623101732452419e+01 4.594084128068241846e+00 2.725965021781571740e-01
1.281345980829785525e+01 4.271385859421264364e+00 2.865493806222083606e-01
1.483655564408769756e+01 3.818778305599445755e+00 2.890646790105152464e-01
1.717907471310451939e+01 3.447051968647858455e+00 2.892221689856769862e-01
1.989145021782945477e+01 3.316301839249284011e+00 3.073737189629011102e-01
2.303207817511631106e+01 3.091804108558124486e+00 3.241353725463116398e-01
2.666857465169547936e+01 2.954767905980302256e+00 3.412538382000505077e-01
3.087923150249827842e+01 2.535515762257050110e+00 3.355981945570575831e-01
3.575470195308176358e+01 2.270854105788225219e+00 3.399801230377609285e-01
4.139995231585604074e+01 1.999357546584437761e+00 3.007808887278063947e-01
4.793652185953752110e+01 2.020388544162610600e+00 3.272211734865997923e-01
5.550513948562753086e+01 1.683614946377018917e+00 3.209051818251413835e-01
6.426875354758355741e+01 1.408615651034841543e+00 3.039097122107097815e-01
7.441604004309510856e+01 1.270353647777461514e+00 3.051400979633444033e-01
8.616546470899697852e+01 1.074252073061032098e+00 2.839056070386190012e-01
9.976998647358550443e+01 7.292445507925376935e-01 2.418416346330939937e-01
1.155225035291904021e+02 6.861805648174748029e-01 3.174442403227333287e-01