22.012479989548407 16.425816896688712
24.970699443731014 16.4258129959742
28.32646893967445 16.425807975979545
32.13321454605004 16.425801515010242
36.45154216932022 16.425793199171437
41.350202439832195 16.425782495523418
46.907185267300086 16.425768717359418
53.21096149172185 16.425750980001123
60.361891397634864 16.425728143126303
68.47382251618775 16.42569873619022
77.67590215309416 16.42566086177371
88.11463349911102 16.425612069577905
99.95620805767983 16.42554919218619
113.38915152352051 16.42546812974259
128.6273252363144 16.425363566312896
145.9133309946027 16.425228593660446
165.5223734367884 16.42505420790686
187.7666414809012 16.424828628249493
213.00027857854153 16.42453636116116
241.62502091273245 16.424156889582903
274.0965933035173 16.423662788219634
310.9319646483467 16.423016911696827
352.7175784086629 16.422167881047113
400.1186891774678 16.421044372460862
453.8899539722035 16.419540758713936
514.8874468733279 16.41748642144765
584.0822882895742 16.414582847449466
662.5761058368063 16.410083063468022
751.6185729778838 16.40196558229759
852.627304650274 16.402325724651543
967.2104266329534 16.390010410366152
1097.1921779718473 16.34087981261201
1244.6419540713325 16.40050179261191
1411.9072528370261 16.417647616863505
1601.6510483942345 16.388018996394894
1816.8941873963565 16.396486544784825
2061.0634829005044 16.396081418928006
2338.0462714966347 16.38358760970264
2652.2523022757387 16.35851984944467
3008.6839429503916 16.35808167304871
3413.0158208554994 16.373040259829725
3871.685166766617 16.334232315791688
4391.994299869169 16.41136264586773
4982.226885506997 16.390623231907846
5651.779816610458 16.415918964539646
6411.312818443601 16.460429867334632
7272.918158476861 16.599640380474483
8250.313163278659 16.533924220134875
9359.058607422066 16.646665692444696
10616.806451302295 16.65220347486845
12043.580872014816 16.715975083854097
13662.09706149151 16.862992984965533
15498.122867371838 17.015701985772644
17580.889034170854 17.130998246944998
19943.554576054514 17.261297807058888
22623.734690264682 17.389885023814795
25664.099615924297 17.554392932907472
29113.0539724509 17.714263816464356
33025.50739309519 17.99864780394867
37463.74872259975 18.275188101988185
42498.43769678274 18.486472358458638
48209.72989224104 18.803637694124912
54688.55285611564 19.112309678193693
62038.05373274877 19.39028985326561
70375.24143440623 19.757340223094268
79832.84950050808 20.064893617558496
90561.44930331843 20.505944429918117
102731.8472437253 20.833117050419343
116537.80410205279 21.39871327596664
132199.1198377673 21.747574237048667
149965.13295012832 22.20643304040938
170118.69011191963 22.71546661928158
192980.64927545266 23.441919093776164
218914.98794326693 23.913472034880144
248334.5979305744 24.49694078269024
281707.85887589474 25.241337686594346
319566.0951545182 26.095670922010864
362512.0349137875 26.866265425151536
411229.405903629 27.75283155826669
466493.8208743037 28.839608376738425