22.0069334306947 16.397067312674718
24.95257196508529 16.397057928957427
28.292485622023612 16.39704586227185
32.079448314685045 16.397030344397656
36.3732977696904 16.397010386627187
41.24188102190417 16.39698471573653
46.762126464162414 16.39695169146789
53.02125939136802 16.396909199689063
60.1181802457427 16.39685451307525
68.16502734086336 16.396784110103468
77.28894875705573 16.396693437810807
87.63411140583176 16.3965766001978
99.3639790085597 16.39642594561497
112.66389498366566 16.396231516454154
127.74401105451902 16.395980306917924
144.84260785287952 16.395655248566214
164.22985998669938 16.39523379894195
186.21210506404645 16.394685933331548
211.13668412791512 16.3939712022418
239.39742998554502 16.393034253030688
271.4408901532362 16.391797666238524
307.77338274529535 16.39014971379607
348.9689967970832 16.387921478063717
395.6786634351155 16.384838340072385
448.6404412276086 16.380395770718454
508.6911782341014 16.37342226442464
576.7797350259787 16.358841162719518
653.9819776145991 16.35266019718928
741.5177771900023 16.36251256025509
840.7702852827475 16.316539204294763
953.3077889153586 16.35795790483555
1080.9084910762108 16.394029138157656
1225.5886080716643 16.36827427425548
1389.6342277221834 16.337226018803605
1575.6374317931904 16.294677832995582
1786.5372534305268 16.305120042738196
2025.6661167681734 16.313442627468177
2296.8024924996157 16.430762023923275
2604.2306014225437 16.473799557556656
2952.8081093314804 16.43473499134689
3348.042882904077 16.423050125730633
3796.1800193993868 16.399535240556656
4304.300525322755 16.500094713698957
4880.433203277065 16.480915408240207
5533.681514922385 16.428898669953934
6274.367424603246 16.58074621244255
7114.194496514055 16.63382090138213
8066.432822497836 16.605740490066125
9146.128702519074 16.988906785831624
10370.342390967786 17.083884829136757
11758.417665419809 17.175916576643775
13332.287477304195 17.270890611525587
15116.82051405818 17.44962751284471
17140.214148791874 17.54528040922368
19434.43998645299 17.703827642843144
22035.749046558154 17.974651722948586
24985.244564873698 18.211870173605725
28329.53146487464 18.417110374748695
32121.452761268145 18.635654816408145
36420.92453147978 18.81156273551324
41295.88264847137 19.158194899665908
46823.356234197985 19.385183565647413
53090.68479532217 19.662716352646207
60196.8982731238 19.840201938955133
68254.28181374854 20.408574005589863
77390.14998370038 20.74154744334241
87748.85846492375 21.13018198224017
99494.08501623188 21.51887542924444
112811.41574250993 21.86532401501281
127911.2775372845 22.261402566139466
145032.26303412946 22.697788164231486
164444.90060440256 23.139410894500706
186455.928970978 23.55078418772671
211413.14398106444 23.967711690444066
239710.89412187674 24.55368447846257
271796.31161370093 25.15675183947018
308176.37753773725 26.15145006759266
349425.93263467407 27.566681217525936
396196.76035247196 29.161670330778374
449227.8856644239 31.334647490144768