1.066174437035182811e-03 5.361608570508437310e+00 2.134467071370782776e+02
1.207281423339396026e-03 5.361604007509134462e+00 1.884985119438744618e+02
1.367063760404434256e-03 5.361598156121003989e+00 1.664661868342908235e+02
1.547993109876361377e-03 5.361590652695968018e+00 1.470089153153301993e+02
1.752868255037181786e-03 5.361581030345641707e+00 1.298257142067737675e+02
1.984858394985040270e-03 5.361568690302361162e+00 1.146507777506428880e+02
2.247552168750424975e-03 5.361552864173927624e+00 1.012493658803367964e+02
2.545013167698952430e-03 5.361532565866986566e+00 8.941417303032481811e+01
2.881842794938164684e-03 5.361506529489012074e+00 7.896212132714117615e+01
3.263251444096028180e-03 5.361473129522077663e+00 6.973152856467446270e+01
3.695139098530632934e-03 5.361430277640081066e+00 6.157960712286737248e+01
4.184186597754550180e-03 5.361375289617229534e+00 5.438025516516092495e+01
4.737958982867681787e-03 5.361304712820109231e+00 4.802210593047299625e+01
5.365022519641794545e-03 5.361214102306552043e+00 4.240680493592677891e+01
6.075077209478542059e-03 5.361097729091330422e+00 3.744748843510379288e+01
6.879106838043567117e-03 5.360948198407343490e+00 3.306743957564981429e+01
7.789548882668391808e-03 5.360755947393339049e+00 2.919890144710473834e+01
8.820486906805632965e-03 5.360508579624672976e+00 2.578202862191266931e+01
9.987868417673764071e-03 5.360189975731794121e+00 2.276396091759329465e+01
1.130975155711585328e-02 5.359779091978791321e+00 2.009800497033967304e+01
1.280658444171570501e-02 5.359248315551239372e+00 1.774291083041694250e+01
1.450152147326384637e-02 5.358561175935808052e+00 1.566223218500606507e+01
1.642078151255755084e-02 5.357669096142780418e+00 1.382375997819879387e+01
1.859405345710003071e-02 5.356506668287002171e+00 1.219902010991492070e+01
2.105495549655141824e-02 5.354984580192051702e+00 1.076282648000868924e+01
2.384155515012165855e-02 5.352978647324005301e+00 9.492880728366639431e+00
2.699695813032679942e-02 5.350312071043473061e+00 8.369409197945568479e+00
3.056997514220036183e-02 5.346725224497930640e+00 7.374824915935005443e+00
3.461587693262965781e-02 5.341820815573370851e+00 6.493395115820422170e+00
3.919724926962155076e-02 5.334955971930219754e+00 5.710875307073657758e+00
4.438496107711143585e-02 5.325005884569201875e+00 5.014013247024576181e+00
5.025926070132415158e-02 5.309762282634294728e+00 4.389624961078808951e+00
5.691101726675341921e-02 5.284003616468421427e+00 3.822028960375340567e+00
6.444312632420738651e-02 5.229944683851408094e+00 3.280820180125947338e+00
7.297210153479059824e-02 5.023254146625472316e+00 2.607122479176549934e+00
8.262987701146856656e-02 5.481105882204198032e+00 2.844897872501878755e+00
9.356584819850924384e-02 5.458420088612925269e+00 2.467325232698212023e+00
1.059491828590207602e-01 5.350045757061153040e+00 2.039833109398762279e+00
1.199714379190874869e-01 5.554238608489731277e+00 1.968419837770755576e+00
1.358495226482814844e-01 5.511591998918358826e+00 1.637772385723033741e+00
1.538290540137782769e-01 5.539011893924523200e+00 1.484411141807502776e+00
1.741881561118113764e-01 5.590883829619659906e+00 1.343269933913653125e+00
1.972417624496027033e-01 5.637673168865825701e+00 1.179218688639285695e+00
2.233464876294621593e-01 5.738808832781523428e+00 1.106939985143557736e+00
2.529061437947924817e-01 5.809164333981803097e+00 1.007663490255819916e+00
2.863779871715114167e-01 5.420272769877938934e+00 8.644133715127649831e-01
3.242797913321985859e-01 5.571376121392876968e+00 8.009388905320952157e-01
3.671978565987883969e-01 5.641729641860212752e+00 7.355441226191585802e-01
4.157960794806898619e-01 5.624258447173969166e+00 6.855069568077146736e-01
4.708262224428314546e-01 5.669712283459741542e+00 6.170682474247874971e-01
5.331395428659437830e-01 5.487659267509346961e+00 5.572154607089720990e-01
6.036999610866412569e-01 5.514540706704471162e+00 5.203500024547069724e-01
6.835989712127821250e-01 5.605128106155539136e+00 4.986135949031179071e-01
7.740725253684541673e-01 5.636353697253897010e+00 4.818352149774228210e-01
8.765201525497736679e-01 5.742689677037267515e+00 4.570026830538279072e-01
9.925266078397219083e-01 5.546951014660479018e+00 4.283473718523066465e-01
1.123886386872189114e+00 5.472414247495468231e+00 4.102494450757205868e-01
1.272631484757734910e+00 5.487147094343928444e+00 3.969895430320751206e-01
1.441062828871919610e+00 5.471105380668014995e+00 3.973090624274175364e-01
1.631785871737775118e+00 5.406476019334486516e+00 3.798687836753861236e-01
1.847750894586199788e+00 5.452817249402826860e+00 3.890411353392810856e-01
2.092298645047194317e+00 5.329204509331467499e+00 3.911129204005898141e-01
2.369212014938143263e+00 5.091613582918955494e+00 3.750587443109182906e-01
2.682774557549190586e+00 5.056917730022824742e+00 3.720058918009503390e-01
3.037836749625449695e+00 5.094913926370231216e+00 3.708915392226433405e-01
3.439891023047959351e+00 4.921951174588045319e+00 3.895089975349561029e-01
3.895156726873116870e+00 4.637208039888157884e+00 3.824104194671049672e-01
4.410676334002385346e+00 4.403350500370071252e+00 3.773600782158249567e-01
4.994424380696409038e+00 4.409252170868383836e+00 4.049301403135492916e-01
5.655430824111165933e+00 4.126423664296441807e+00 4.079478554493085052e-01
6.403920726065122082e+00 4.057328908339773221e+00 4.104171859543930267e-01
7.251472423795719990e+00 3.829879671643667383e+00 4.329145221259960707e-01
8.211196634437392561e+00 3.521367057536936240e+00 4.410895582123105507e-01
9.297939263775564456e+00 3.358433815228551111e+00 4.783285879666998586e-01
1.052851105651090435e+01 3.007544865510558108e+00 4.915469613891385592e-01
1.192194764047752642e+01 2.583268360838459010e+00 5.217021777052410769e-01
1.349980398742057908e+01 2.356044115594848165e+00 5.001295131756023915e-01
1.528648784532632732e+01 2.299704065941741149e+00 6.661466956817895246e-01
1.730963730014561719e+01 1.906984839354872063e+00 1.084154737512037059e+00
1.960054830738629050e+01 8.727896185647167071e-01 9.010317036293677972e-01