2.221548098115321324e+01 1.406614628629035124e+01
2.563826010182063442e+01 1.406590681989582770e+01
2.958839295922757628e+01 1.406558667321872491e+01
3.414712989230882556e+01 1.406515809086286417e+01
3.940823962588911655e+01 1.406458328088681142e+01
4.547993800091796857e+01 1.406381034246404482e+01
5.248711386764142617e+01 1.406276710025242416e+01
6.057389792613948742e+01 1.406135127336617607e+01
6.990662735274618456e+01 1.405941357049905704e+01
8.067726719179579220e+01 1.405672519292852130e+01
9.310735888735045762e+01 1.405290397315335049e+01
1.074525771723145624e+02 1.404719605384385162e+01
1.240079890456528062e+02 1.403743315716829088e+01
1.431141230096891377e+02 1.400470444620046706e+01
1.651639734057154101e+02 1.404781997074004529e+01
1.906110839201871840e+02 1.403489273442183460e+01
2.199788765312628129e+02 1.401524855594259655e+01
2.538714177829174901e+02 1.398567034621054539e+01
2.929858438382789245e+02 1.393541890646552694e+01
3.381266998832840613e+02 1.391466373441729587e+01
3.902224888280529171e+02 1.382062157197544217e+01
4.503447696964549323e+02 1.382471339604002125e+01
5.197301985389140100e+02 1.388106651940558578e+01
5.998059652283006926e+02 1.386876467096253940e+01
6.922191493487295020e+02 1.393588551584065272e+01
7.988705989989546197e+02 1.405289134428682374e+01
9.219540293639522588e+02 1.435995822947540645e+01
1.064001145273765815e+03 1.480057992161386515e+01
1.227933715876170709e+03 1.505884595000424397e+01
1.417123672547833394e+03 1.527230009350557793e+01
1.635462466198767743e+03 1.529255210915214924e+01
1.887441110581456542e+03 1.544252442641861300e+01
2.178242558016612747e+03 1.547942651937551162e+01
2.513848307613191992e+03 1.564266939757467334e+01
2.901161438808648654e+03 1.584939788323628207e+01
3.348148600908085882e+03 1.600074875671361241e+01
3.864003879207135469e+03 1.662473285403450873e+01
4.459337908263190911e+03 1.700020246182053896e+01
5.146396122188556546e+03 1.724709836751828362e+01
5.939310631158885371e+03 1.728312035534037960e+01
6.854390904988426882e+03 1.770898565977655892e+01
7.910459242846633060e+03 1.794450683078423125e+01
9.129237929397520929e+03 1.827804076922436138e+01
1.053579604078191915e+04 1.838588132883994319e+01
1.215906509080123760e+04 1.878878457753530284e+01
1.403243412363639436e+04 1.896509611657120686e+01
1.619443649357249888e+04 1.933276664945929113e+01
1.868954245811133660e+04 1.957494424729114613e+01
2.156907388733047992e+04 1.979986177609106690e+01
2.489225990415897104e+04 1.993278203443688312e+01
2.872745516904940087e+04 2.026123964364866481e+01
3.315354586796108924e+04 2.067959553481134094e+01
3.826157232344125805e+04 2.084309297063290956e+01
4.415660160431452096e+04 2.134792190231939202e+01
5.095988865171617363e+04 2.172280084085869589e+01
5.881137037370122562e+04 2.186881637437453563e+01
6.787254400949677802e+04 2.224060550470406739e+01
7.832978896851309401e+04 2.240773477697983651e+01
9.039820047106678248e+04 2.286839304162258202e+01
1.043260138450274826e+05 2.326460281663331742e+01
1.203997104818078224e+05 2.375948133729178480e+01
1.389499104761786875e+05 2.419252573352354574e+01
1.603581731557015446e+05 2.463045733748141686e+01
1.850648453799647978e+05 2.501607793311681860e+01
2.135781190414025914e+05 2.529620305916648704e+01
2.464844840715594182e+05 2.594080975538564360e+01
2.844607919608348748e+05 2.645547301377236593e+01
3.282881779264177894e+05 2.672257363676467889e+01
3.788681280936800176e+05 2.680632723218701940e+01
4.372410221771138022e+05 2.696212522669288347e+01
5.046075330654782010e+05 2.804473309084258403e+01
5.823533234795269091e+05 2.844598485646207564e+01
6.720775476882230723e+05 2.899515872354719903e+01
7.756257445356445387e+05 2.937661275499244695e+01
8.951277983557239641e+05 3.006145525934439178e+01
1.033041748593407916e+06 3.045405931276697231e+01
1.192204349252965767e+06 3.108824350004781323e+01
1.375889418131458107e+06 3.317704910403504925e+01
1.587875176023570821e+06 3.418881533508983495e+01
1.832521960998893948e+06 3.680728171972332774e+01
