2.220778902978242897e+01 1.471522713386203485e+01
2.561281975904019603e+01 1.471472689581249504e+01
2.953993011773073363e+01 1.471405787289466716e+01
3.406916846991917680e+01 1.471316143640039975e+01
3.929285667250253056e+01 1.471195720561497922e+01
4.531747192036733907e+01 1.471033378331130237e+01
5.226581712727595175e+01 1.470813445489542737e+01
6.027952408250115468e+01 1.470513403134903641e+01
6.952194040637240846e+01 1.470099887853389120e+01
8.018145915107317023e+01 1.469521166924844380e+01
9.247535891570029776e+01 1.468691130984394455e+01
1.066542327506786023e+02 1.467448326112204526e+01
1.230070961282279143e+02 1.465409828401104164e+01
1.418672780973414262e+02 1.460119990251225808e+01
1.636192157057984673e+02 1.453711109879035135e+01
1.887062901835028583e+02 1.466370526112510397e+01
2.176398646162097634e+02 1.469064950352213472e+01
2.510097073293164271e+02 1.459848082195321339e+01
2.894960134470531443e+02 1.464169213303951267e+01
3.338832696688622832e+02 1.457191893541871686e+01
3.850762448760242478e+02 1.461366805051629747e+01
4.441184325135072868e+02 1.467197921105878677e+01
5.122133206678503257e+02 1.481948396699128878e+01
5.907489234003066940e+02 1.489502850756407604e+01
6.813260733703635879e+02 1.496356126496350214e+01
7.857910524531258716e+02 1.506992887082865451e+01
9.062732254776641412e+02 1.492838687108858764e+01
1.045228444194690837e+03 1.559453832744166846e+01
1.205489106199551316e+03 1.560473337172606456e+01
1.390321889187996476e+03 1.571716833453932338e+01
1.603494337372552309e+03 1.589513481301275988e+01
1.849351657325571068e+03 1.604569396989110075e+01
2.132905288619187559e+03 1.639185756558405771e+01
2.459935054644296997e+03 1.661954971001464898e+01
2.837106975802639681e+03 1.658768156011835160e+01
3.272109146520496779e+03 1.683373465986199946e+01
3.773808445736906833e+03 1.741157156746905343e+01
4.352431275179038494e+03 1.753537929732986100e+01
5.019772009508428710e+03 1.746719475801911869e+01
5.789433407287459886e+03 1.759084014404037077e+01
6.677103883189779481e+03 1.804276485218347403e+01
7.700877293240513609e+03 1.818033913364844523e+01
8.881621751437678540e+03 1.831236636538966067e+01
1.024340499553875634e+04 1.853418209072708578e+01
1.181398497246785155e+04 1.881011674935909639e+01
1.362537564320481397e+04 1.899019530236298792e+01
1.571449954025613260e+04 1.907837966587340972e+01
1.812394037913119246e+04 1.961577421836697965e+01
2.090281106470083614e+04 1.982658256749207126e+01
2.410775478547035891e+04 2.028476354859488850e+01
2.780409960160002083e+04 2.048651975548694182e+01
3.206719006125030501e+04 2.087398554383817384e+01
3.698392298829108768e+04 2.099218534569697781e+01
4.265451874614656845e+04 2.108062931283452457e+01
4.919456408238209406e+04 2.163970835537580939e+01
5.673736819441271655e+04 2.210830481154860649e+01
6.543668004126523010e+04 2.236180160033560682e+01
7.546982228979366482e+04 2.252788273578766365e+01
8.704130577622912824e+04 2.306979234910070531e+01
1.003869981585421192e+05 2.346174874581393510e+01
1.157789317314597283e+05 2.364958310374228034e+01
1.335308484043695498e+05 2.430032555322842214e+01
1.540045948683232709e+05 2.456934737437634553e+01
1.776174983082057151e+05 2.509276838483334515e+01
2.048508730031047016e+05 2.573681713186478959e+01
2.362598312094085268e+05 2.616506775733622447e+01
2.724845983070438961e+05 2.657696800360249512e+01
3.142635628514504642e+05 2.700422079447738710e+01
3.624483275373972720e+05 2.754215885263661789e+01
4.180210678663795115e+05 2.797398386824797001e+01
4.821145523484821315e+05 2.849364638497536362e+01
5.560352323210543254e+05 2.887428347186876820e+01
6.412898720361595042e+05 2.909303764495056299e+01
7.396162618319427129e+05 2.976891828546822794e+01
8.530186404306909535e+05 3.075509148608398746e+01
9.838085483950065682e+05 3.124699463342847139e+01
1.134651945479651680e+06 3.180539681031044807e+01
1.308623552296927432e+06 3.286741103522316365e+01
1.509269523970458889e+06 3.454498523990022818e+01
1.740679733287544921e+06 3.665225847993399810e+01
