2.228106329041920475e+01 1.574724093470867992e+01
2.585563283850874683e+01 1.574653169762794036e+01
3.000367355750168485e+01 1.574555915631101399e+01
3.481718790515773065e+01 1.574421661725810750e+01
4.040293837019071077e+01 1.574234590931713029e+01
4.688481543633251647e+01 1.573970442453026308e+01
5.440658544084470805e+01 1.573590216380356566e+01
6.313507927426072541e+01 1.573026950687623327e+01
7.326389264588445371e+01 1.572154145800189973e+01
8.501767998596577058e+01 1.570694894295573718e+01
9.865713722217996917e+01 1.567865123937022886e+01
1.144847839470890847e+02 1.559423288043822353e+01
1.328516732235468112e+02 1.564114311579610828e+01
1.541651778497750342e+02 1.588120692027930225e+01
1.788980257814343133e+02 1.588033880904525397e+01
2.075987851139852012e+02 1.587912704003007924e+01
2.409040311795051821e+02 1.587753947399813192e+01
2.795524656209869931e+02 1.587531025610916302e+01
3.244013006014889697e+02 1.587204343039278243e+01
3.764452715456112060e+02 1.586700089649211520e+01
4.368387001109284711e+02 1.586061028383521077e+01
5.069210967403114410e+02 1.584999692385752468e+01
5.882468706530510190e+02 1.584094520117395177e+01
6.826198062346099960e+02 1.581217554190991414e+01
7.921330705023096925e+02 1.576048685826596518e+01
9.192156390020714980e+02 1.578671782287374370e+01
1.066686169850451961e+03 1.585822077944917652e+01
1.237815520834129984e+03 1.592835072162147192e+01
1.436399296179756220e+03 1.591455649920358262e+01
1.666842032062529370e+03 1.586034228762939691e+01
1.934254888066059721e+03 1.588689136658205392e+01
2.244569011364535982e+03 1.587596422205430180e+01
2.604667088015085938e+03 1.590991114603572854e+01
3.022535999133582209e+03 1.591761209446770131e+01
3.507443967827929100e+03 1.595418191230865368e+01
4.070146125961434336e+03 1.595059512944504831e+01
4.723123060163332411e+03 1.598805836347681186e+01
5.480857627974512070e+03 1.607894347659027190e+01
6.360156183838152174e+03 1.624081568846128221e+01
7.380521339643675674e+03 1.633550735777426866e+01
8.564584527555343811e+03 1.643346974885430711e+01
9.938607959255861715e+03 1.652868312413136920e+01
1.153306711492966315e+04 1.668088124887335510e+01
1.338332668143910632e+04 1.697699661943260807e+01
1.553042493182545331e+04 1.720108828862961659e+01
1.802198394346674831e+04 1.742832154640458242e+01
2.091326584329313482e+04 1.762157324396497415e+01
2.426839850730211037e+04 1.793377798421874303e+01
2.816179790006832991e+04 1.833080741689624915e+01
3.267981860136594696e+04 1.863868569470139036e+01
3.792266912815225078e+04 1.898530316010016250e+01
4.400663453325292357e+04 1.926980803275382215e+01
5.106665557740624354e+04 1.976475555384673299e+01
5.925932168002737308e+04 2.011899328184410507e+01
6.876634403155729524e+04 2.045330082394499271e+01
7.979858590011979686e+04 2.091333091145681422e+01
9.260073952363342687e+04 2.137232307508345386e+01
1.074567533196215809e+05 2.185132844240055761e+01
1.246961297868145193e+05 2.224907348165960741e+01
1.447012337843528076e+05 2.274484254901633307e+01
1.679157732843122503e+05 2.317298623553942605e+01
1.948546406984229980e+05 2.364990436717446443e+01
2.261153330570328981e+05 2.409550982121967877e+01
2.623912043368989252e+05 2.456222973064260628e+01
3.044868438709662296e+05 2.514496709598289925e+01
3.533359219292410999e+05 2.553184766812804440e+01
4.100218982810746529e+05 2.593716951934970183e+01
4.758020530493447441e+05 2.645569412957027566e+01
5.521353728545987979e+05 2.690576309601489058e+01
6.407149107565350132e+05 2.732390718715161171e+01
7.435053377278561238e+05 2.783514194122346908e+01
8.627865185423658695e+05 2.823012307662207832e+01
1.001204078579093679e+06 2.858696798811320150e+01
1.161828083100941731e+06 2.927025937312556891e+01
1.348221130498894956e+06 2.981628906026816850e+01
1.564517369792129146e+06 3.034492309688035050e+01
1.815514194971510675e+06 3.098580624566173469e+01
2.106778649943011813e+06 3.145285017573688080e+01
2.444770904104855377e+06 3.354780992700433728e+01
2.836987537214388140e+06 3.647751975714887607e+01
