2.228212761234222938e+01 1.584213002027486539e+01
2.585916741422107634e+01 1.584209538267822026e+01
3.001044384048482883e+01 1.584204868599339555e+01
3.482814141214772263e+01 1.584198571056200144e+01
4.041924340313131836e+01 1.584190074252724223e+01
4.690790754374710758e+01 1.584178603031317678e+01
5.443822310543951204e+01 1.584163103122381777e+01
6.317741059146108284e+01 1.584142135672275487e+01
7.331953508679524134e+01 1.584113727731682353e+01
8.508981572711647345e+01 1.584075156604989232e+01
9.874962698418154616e+01 1.584022631720939955e+01
1.146023028277329132e+02 1.583950811110284818e+01
1.329998726529189241e+02 1.583852036754549886e+01
1.543508785533066145e+02 1.583715058780467899e+01
1.791294475322546873e+02 1.583522739085764464e+01
2.078858201129647512e+02 1.583247386869800266e+01
2.412585691487618078e+02 1.582838330231536794e+01
2.799887801682626218e+02 1.582177734770912991e+01
3.249365081485397582e+02 1.581350130240643814e+01
3.770998761604455467e+02 1.579402640567273863e+01
4.376372399964882902e+02 1.575880939448362028e+01
5.078929109758040568e+02 1.572364130059492382e+01
5.894270081347417545e+02 1.588599136703595427e+01
6.840501027099866178e+02 1.587989571359069529e+01
7.938634242402697510e+02 1.587123575493983907e+01
9.213055211157204667e+02 1.584770386015673260e+01
1.069206411733375489e+03 1.585668294353183860e+01
1.240850428756053134e+03 1.585727999787652287e+01
1.440049152013534012e+03 1.585468669281557297e+01
1.671226049616483124e+03 1.581298406736119766e+01
1.939514706849718550e+03 1.586830515824729915e+01
2.250872824145841150e+03 1.586703676308679256e+01
2.612214515613282401e+03 1.584542584827600287e+01
3.031563845980580027e+03 1.583932933560250156e+01
3.518233015445475758e+03 1.582282926802169420e+01
4.083029149256405617e+03 1.589057699766518716e+01
4.738494284059413076e+03 1.604354777586014080e+01
5.499183880221105937e+03 1.621260304972989275e+01
6.381990044857990142e+03 1.631213733415075140e+01
7.406516643162120090e+03 1.636122015799162810e+01
8.595514627860586188e+03 1.645710284897980458e+01
9.975387253868637345e+03 1.667206690284588433e+01
1.157677639708844072e+04 1.690877815417000818e+01
1.343524299732904183e+04 1.702791495374950159e+01
1.559205673547226252e+04 1.724299332904245574e+01
1.809511248069848807e+04 1.748674133139192932e+01
2.099999385868145691e+04 1.777974325374687581e+01
2.437120755867420667e+04 1.811138327195657283e+01
2.828361578888919394e+04 1.834073313178106801e+01
3.282409868971710966e+04 1.873657645058669274e+01
3.809348362084375549e+04 1.905487515497744511e+01
4.420878416460785957e+04 1.948556147131763083e+01
5.130579856559714244e+04 1.985810872888066925e+01
5.954212530823121779e+04 2.016954030867685788e+01
6.910066279717494035e+04 2.064259801003789363e+01
8.019367085556122765e+04 2.114646392941420316e+01
9.306748423190241738e+04 2.151038596788472290e+01
1.080079827852742746e+05 2.199112945807388897e+01
1.253469398213864770e+05 2.238719326214127037e+01
1.454693895526435517e+05 2.277637181080687157e+01
1.688221772862799116e+05 2.323663707378697652e+01
1.959238822086757282e+05 2.379390886077043987e+01
2.273763331142555107e+05 2.425103435238390759e+01
2.638779728007835802e+05 2.467967878917632163e+01
3.062393679049327038e+05 2.513409328176928170e+01
3.554012085943020065e+05 2.551559965517420636e+01
4.124551978225788334e+05 2.595735995253864914e+01
4.786682940210748347e+05 2.627577785739970295e+01
5.555108455672935816e+05 2.673272682127340616e+01
6.446892417931954842e+05 2.712201870131126924e+01
7.481838055914930301e+05 2.773226430316631763e+01
8.682927690748337191e+05 2.838945937981349843e+01
1.007683308824902051e+06 2.868802550623328429e+01
1.169450774035857758e+06 2.896688297894346675e+01
1.357187422790493583e+06 2.997645082598083377e+01
1.575062192847995320e+06 3.046148164404011283e+01
1.827913278357939795e+06 3.053063441306718317e+01
2.121355568287537433e+06 3.136156701492645382e+01
2.461905332372843288e+06 3.323371473839961254e+01
2.857124923408555333e+06 3.438793540147532468e+01
