1.079122409953359521e-03 9.236743603537551195e+00 1.616841078657805326e+02
1.249887941373732745e-03 9.236728179213390177e+00 1.395924617974525006e+02
1.447676233559998336e-03 9.236707476168735553e+00 1.205188246770245115e+02
1.676763498422937640e-03 9.236679682827702464e+00 1.040508213558949393e+02
1.942102636257035577e-03 9.236642361981491689e+00 8.983241069311604576e+01
2.249430318171893525e-03 9.236592231441264289e+00 7.755618780106892984e+01
2.605391013763717033e-03 9.236524865274605034e+00 6.695673775084119939e+01
3.017680645523340525e-03 9.236434284706152908e+00 5.780489702157643706e+01
3.495212975810171093e-03 9.236312394392321323e+00 4.990279857820529941e+01
4.048312323702877094e-03 9.236148198375692786e+00 4.307959336363003189e+01
4.688936778293390124e-03 9.235926697560236320e+00 3.718775557838397816e+01
5.430936734328416574e-03 9.235627316389697583e+00 3.209989165580407899e+01
6.290354339776997941e-03 9.235221615353420788e+00 2.770598358994899613e+01
7.285770329424458638e-03 9.234669886158403784e+00 2.391100641992663967e+01
8.438705743085944677e-03 9.233915933182649027e+00 2.063286731900297966e+01
9.774087213646370439e-03 9.232878781214198582e+00 1.780061985146073766e+01
1.132078588452240311e-02 9.231438904521295896e+00 1.535291124663633333e+01
1.311224160802117351e-02 9.229414091126333375e+00 1.323662207143881986e+01
1.518718591985586744e-02 9.226514240239085396e+00 1.140565387580137013e+01
1.759047942063331552e-02 9.222249355674318139e+00 9.819803701343786884e+00
2.037408166862427622e-02 9.215720886829002367e+00 8.443610209945621392e+00
2.359817455304049835e-02 9.205072954845574529e+00 7.244869651393761600e+00
2.733246343531370651e-02 9.185692829651758373e+00 6.191727677686799325e+00
3.165768418924189836e-02 9.141551766636720089e+00 5.242223069917318234e+00
3.666734872243225529e-02 8.910726012662737006e+00 4.210055311546248014e+00
4.246976671747039467e-02 9.739957508115720586e+00 3.984303404336997811e+00
4.919038730315685587e-02 9.242166223731464569e+00 3.652888769814988112e+00
5.697451128308664292e-02 9.129066022527867474e+00 3.023300656207745796e+00
6.599043256035200256e-02 9.516796990753144669e+00 2.812952294200009806e+00
7.643307667643137182e-02 9.529112786709774241e+00 2.369817673720427731e+00
8.852821513000969089e-02 9.326944947786724782e+00 2.044037714171317521e+00
1.025373465899213216e-01 9.270298005205344083e+00 1.735351861571007737e+00
1.187633505347562290e-01 9.106762597921861158e+00 1.462244743440167305e+00
1.375570355516471943e-01 9.147489348641258289e+00 1.287712777374080186e+00
1.593247238694196766e-01 9.440574146136034628e+00 1.195936684463664745e+00
1.845370361048237484e-01 9.322415380808553920e+00 1.008117305548652087e+00
2.137390661493511756e-01 9.590331587120056511e+00 9.395336642113958359e-01
2.475621661791854167e-01 9.652356826258174038e+00 8.673182999441626517e-01
2.867375965819278782e-01 9.342011446380825035e+00 7.525694342170695661e-01
3.321123359135205177e-01 9.354370729464166700e+00 6.822322711012661633e-01
3.846673926989551129e-01 9.479395028584088223e+00 6.243136798474464566e-01
4.455390149805882327e-01 9.358861201622813653e+00 5.618026010703118800e-01
5.160432561676083774e-01 9.147895716544510947e+00 5.095281278160381788e-01
5.977044283039281147e-01 9.086456690375566581e+00 4.742895921947937743e-01
6.922880579183314786e-01 9.193042989544998989e+00 4.548597676286080804e-01
8.018390569671900447e-01 9.027155279086697348e+00 4.345119833567294143e-01
9.287259341311360217e-01 8.892765876429050920e+00 4.112388712058598350e-01
1.075692002320416396e+00 8.844084312332602948e+00 4.019968824497965887e-01
1.245914689502708672e+00 8.718691222368347482e+00 4.000005690642123857e-01
1.443074235162199903e+00 8.826824104029332929e+00 4.115783878639700522e-01
1.671433257617467749e+00 8.614366030699116550e+00 4.034549896408746728e-01
1.935928912455244566e+00 8.518482646360736155e+00 4.093072822307328162e-01
2.242279634558934198e+00 8.156567138977029785e+00 4.153067378082996863e-01
2.597108771510215242e+00 7.831858158496099342e+00 4.037757642464522290e-01
3.008087781336009847e+00 7.636818587957662885e+00 4.144922472200011643e-01
3.484102090557126274e+00 7.358425076735891857e+00 4.175454985218789439e-01
4.035443198413959820e+00 7.087627689469971237e+00 4.169216519376038876e-01
4.674031180590771939e+00 6.957083239069999259e+00 4.322802321587894125e-01
5.413672403001747568e+00 6.475335992963007214e+00 4.611923117993734222e-01
6.270358017448730337e+00 6.037547802090523774e+00 4.557222288045122416e-01
7.262609692670553230e+00 5.867761949712567926e+00 4.531917489121153886e-01
8.411880055539997514e+00 5.379344365832722907e+00 4.438112741906392045e-01
9.743016500005847291e+00 5.037365454993904201e+00 4.340236727596074595e-01
1.128479839139745700e+01 4.923651489167969686e+00 4.469475081870061262e-01
1.307055928052776750e+01 4.752021645075862999e+00 4.688634844317925987e-01
1.513890757995498149e+01 4.128408144410762759e+00 4.372482679626290558e-01
1.753456128352942045e+01 3.823226197735130949e+00 4.162128443022165558e-01
2.030931477598483781e+01 3.446175906168965852e+00 3.937070435975114635e-01
2.352315863513943128e+01 3.183368405075057694e+00 3.656007171142881540e-01
2.724557663699425092e+01 2.878117437890413743e+00 3.829622047974722276e-01
3.155704800517008479e+01 2.946695632604418691e+00 4.012922869198328191e-01
3.655078738353591916e+01 2.398435939619734558e+00 3.328907753717362250e-01
4.233476015049232899e+01 2.268098812022442345e+00 3.496796778904405212e-01
4.903401664630108314e+01 2.078046956129552481e+00 3.259274083568648450e-01
5.679339577979806819e+01 1.865493723098579304e+00 3.300358799870989901e-01
6.578065646686322054e+01 1.466299623508680705e+00 3.132414057078813374e-01
7.619010460280767916e+01 1.344139854245350874e+00 3.199689308440287761e-01
8.824679398435307576e+01 1.139034580315990031e+00 2.946633326625955340e-01
1.022113920057523444e+02 9.319622426493235912e-01 3.201794359780203991e-01
1.183858153261177648e+02 5.945048059142765684e-01 2.595991603300097372e-01
