22.28172779605873 14.479417690411811
25.85783961262971 14.4793388626294
30.00790044436102 14.47923254091625
34.824026390776496 14.479089059957428
40.41311774924215 14.478895294256876
46.89923180872288 14.47863336717811
54.42633646570293 14.478278834852564
63.16150578242424 14.477798094088502
73.29862841709253 14.477144612174419
85.06271123957343 14.476253307046711
98.71487365703238 14.475031899868323
114.55814350519324 14.47334705347841
132.94418315270295 14.47100095383934
154.2810951134017 14.467688970028775
179.04248042240545 14.462916008187404
207.77795083866272 14.455810306872621
241.12532820625074 14.444632248240477
279.82480175540053 14.425081915484034
324.73535758330746 14.38035444041789
376.85384498882553 14.298889389597743
437.33710286360895 14.544345575124106
507.527637264272 14.528540065351681
588.9834201133092 14.499575964158533
683.5124704504271 14.450223007489813
793.2129858109889 14.39831874140698
920.5199145006924 14.4598898375244
1068.259002499834 14.622041412590377
1239.709514639818 14.643483664170247
1438.677022231537 14.697822629356224
1669.5778727634872 14.725888389560033
1937.5372165865028 14.696888786141974
2248.5027664172767 14.679469332946791
2609.3768147035903 14.76356705690396
3028.1694391516103 14.730222647108263
3514.1762970149707 14.691437841362903
4078.1849545254454 14.775392526504042
4732.714331220379 14.753099530915797
5492.292573950985 14.768039917008748
6373.779528353387 14.91638774007978
7396.7409654639605 14.996431985510036
8583.882869934632 15.159357978029718
9961.555429450606 15.283628257788394
11560.337912063398 15.477558238649749
13415.717413566692 15.620311848861139
15568.876540612444 15.749468356255925
18067.60751323778 16.00978224877748
20967.372976519546 16.233686378694383
24332.537067476875 16.49923584962798
28237.794062383124 16.796387787298332
32769.826315207276 17.214424153507633
38029.22828732545 17.61439414369826
44132.73937489181 17.905839765895905
51215.835094430855 18.315544110223925
59435.7341414492 18.746272371701433
68974.88806771718 19.082242073605528
80045.03103523223 19.58473943357633
92891.87953651937 20.108447810217516
107800.58639778868 20.51736163199167
125102.07012377703 21.051552840537738
145180.36007247053 21.443981615650326
168481.120495593 21.932080245796097
195521.5426472352 22.32114863253955
226901.82452908476 22.894890168064535
263318.4930804125 23.265979691158755
305579.86451647745 23.789209339452327
354623.985978047 24.191066362084577
411539.45673071995 24.622872699208703
477589.5910681587 25.01590063249012
554240.4592468931 25.551631065470257
643193.4288583939 26.336718332304144
746422.9289372958 26.650889198358684
866220.2750301939 27.130199821168926
1005244.5279804871 27.629321582050018
1166581.5153073955 28.186640922362592
1353812.3252368642 28.689201492585276
1571092.793700146 29.360714072254996
1823245.7486193075 30.078352304778583
2115868.0589638236 31.33059194673433
2455454.8646739298 32.7290416670646
2849543.744898486 35.36769730973638