22.281403812609348 14.806061488531052
25.856763676839897 14.805911031357716
30.005839554040715 14.805707059167025
34.82069212510478 14.80542988161271
40.408154482318295 14.805052003278949
46.89220256738323 14.80453453957494
54.4167059790539 14.803821544544988
63.1486201859604 14.802830617508906
73.2816909741955 14.801436437756811
85.04075332482759 14.799439761917112
98.68672010585476 14.796503411758401
114.52237126888204 14.792002732403736
132.89907200259216 14.784608612608887
154.22456890699516 14.77074016759597
178.97203717182146 14.733921771403313
207.69057950000212 14.712265540182111
241.01740972884357 14.872024663149922
279.69199148197606 14.870503841558463
324.57244556384387 14.86833606861133
376.6545901479028 14.865128706953332
437.0940362267409 14.859840590367167
507.23182858321854 14.851382725553576
588.6242012105844 14.847888101945278
683.0771074018946 14.83081250067579
792.6862906705597 14.818938632578599
919.8837856051217 14.829806858192766
1067.4918804302679 14.813377911438774
1238.7857386082017 14.869839734586682
1437.5660689433341 14.872894194932918
1668.243456611834 14.864526620587437
1935.9362262729526 14.84329408534547
2246.584008672067 14.851807449549955
2607.0795305782153 14.819422236495546
3025.4215522425493 14.83162071560395
3510.8923457903343 14.857427817665899
4074.2636524792456 14.848652516435942
4728.03568865248 14.934304273578913
5486.714503507549 14.974454998084653
6367.133842760807 15.115973348062113
7388.8286597950955 15.158452364233288
8574.468561844611 15.183392444715352
9950.360808623818 15.31385704198998
11547.0340240535 15.538997589896113
13399.915572618313 15.72849021127498
15550.117630143286 15.93831925014388
18045.349390514464 16.104448561581247
20940.97564860286 16.40804233801721
24301.245247481245 16.690994329860246
28200.7166470121 16.962604141955396
32725.91224466135 17.303062982437872
37977.23815500088 17.652414862685955
44071.21204442315 17.963585495099668
51143.048452794035 18.44120679178609
59349.65896577429 18.758601377547663
68873.13380634582 19.191719477826297
79924.7820959224 19.783347851811605
92749.82043131751 20.149458043886895
107632.81380882897 20.583825638911048
124903.98961995577 21.00568541657758
144946.56481518355 21.64332549942359
168205.24881268924 22.145614464122
195196.11081652174 22.64153949335592
226518.0304826578 23.158663630987512
262865.98600303306 23.56375525952337
305046.4744467087 23.932143956142763
353995.4065083669 24.29666972075409
410798.87271706853 24.64782676553404
476717.241870837 24.996749570538036
553213.126398863 25.76922000106476
641983.8351534277 26.09053282640147
744999.0337017977 26.515296274820404
864544.4477335911 27.16363344802743
1003272.579285193 27.565756547195353
1164261.5610848663 28.02867553779611
1351083.454892722 28.95480662985834
1567883.5092553494 29.493337315354395
1819472.1352649971 30.297592172959757
2111431.6411032667 31.556651859110218
2450240.09362074 33.32917877743365
2843415.0552226836 35.97839466355409