1.079817167415215648e-03 9.090093264974010268e+00 1.447401101310339584e+02
1.252193062674024360e-03 9.089873542433654308e+00 1.248047547279791871e+02
1.452086069313274089e-03 9.089577577379598594e+00 1.076119821364713545e+02
1.683888863104635210e-03 9.089178683749905119e+00 9.278396841488985558e+01
1.952695341694715443e-03 9.088640646933555445e+00 7.999484957609629987e+01
2.264412563692633738e-03 9.087914166885145306e+00 6.896355723181721942e+01
2.625890557079379670e-03 9.086931846561936865e+00 5.944763658536628270e+01
3.045072849496259157e-03 9.085601025774741046e+00 5.123790959914040855e+01
3.531171028335803371e-03 9.083793338844550647e+00 4.415386386629506887e+01
4.094867166616679953e-03 9.081329130002304240e+00 3.803966201235442668e+01
4.748548562978507567e-03 9.077953483965607973e+00 3.276067703189533376e+01
5.506579954239584213e-03 9.073297956627168759e+00 2.820046448677837247e+01
6.385619182425210719e-03 9.066816581641511164e+00 2.425807949768817551e+01
7.404983253092103229e-03 9.057672546828555937e+00 2.084562580617332372e+01
8.587072829129948140e-03 9.044522533948352816e+00 1.788586010384871727e+01
9.957864488348584092e-03 9.025066325686998070e+00 1.530948609002355632e+01
1.154748156227768455e-02 8.994979877549422298e+00 1.305115812740629977e+01
1.339085610043855984e-02 8.944874422266734015e+00 1.104075950910445236e+01
1.552849650684209881e-02 8.848430267163296392e+00 9.172412388447403586e+00
1.800737771762852407e-02 8.555496586988782681e+00 7.022045026203743490e+00
2.088197348162249348e-02 8.927722838838096919e+00 7.001608406432882958e+00
2.421545342830801195e-02 9.675526293827978463e+00 7.730287608583069847e+00
2.808107122895326171e-02 9.683125841873987838e+00 6.653089723001111011e+00
3.256377435591319147e-02 9.694580267822024311e+00 5.721171732546898703e+00
3.776207081478766270e-02 9.712972175454577695e+00 4.913196654420087128e+00
4.379019387112595418e-02 9.746375705332001260e+00 4.209275323055438278e+00
5.078061234183879613e-02 9.830281781146256392e+00 3.586212024432023693e+00
5.888694161531023846e-02 9.889357951101942490e+00 3.008170185927864004e+00
6.828731937026877308e-02 9.406931248876187368e+00 2.624238748163453039e+00
7.918832017529488232e-02 9.588885565448711290e+00 2.328988252525314717e+00
9.182949499281735373e-02 9.824684793693876372e+00 1.979519338425644204e+00
1.064886353438102284e-01 9.687910945901951010e+00 1.683477382548469903e+00
1.234878778139197608e-01 9.521214741525488634e+00 1.443424150567625741e+00
1.432007830483664201e-01 9.344476995148379928e+00 1.283868401200952469e+00
1.660605447974894400e-01 9.104852604305552433e+00 1.109374862832579245e+00
1.925695094078158642e-01 8.995174271265062416e+00 9.850402568176722662e-01
2.233102149507550926e-01 8.936433059993001748e+00 8.492433842544919731e-01
2.589581925752595382e-01 9.097276678393964033e+00 7.557129367002458631e-01
3.002968113959019192e-01 9.391016893903678664e+00 7.012406571068774408e-01
3.482344931347864936e-01 9.227892392690115742e+00 6.305431987791808579e-01
4.038246748113707429e-01 9.141774998185001166e+00 5.789968006168347836e-01
4.682889581629992581e-01 9.156685028533322779e+00 5.328970872556854088e-01
5.430439545077854202e-01 9.249381297485266273e+00 5.057458419730392896e-01
6.297324149693229733e-01 9.232821409258708201e+00 4.720741193368784283e-01
7.302593301541121518e-01 9.217447629735209702e+00 4.626449880321252817e-01
8.468337925769808816e-01 8.993198349235456135e+00 4.329187419640919687e-01
9.820175417669392282e-01 9.005076556827974699e+00 4.278447696235533892e-01
1.138781258838720056e+00 8.959915568424069221e+00 4.098715763334070949e-01
1.320569847610800762e+00 8.831430092360024631e+00 4.085363258847026779e-01
1.531378136831275327e+00 8.753023652572402113e+00 4.069519940168055960e-01
1.775838667078202482e+00 8.461093844824693733e+00 3.834520084540634643e-01
2.059323491463392664e+00 8.496274120299755594e+00 4.011514326748277792e-01
2.388062227223833212e+00 8.334187495633653242e+00 4.176652121702725262e-01
2.769278952400388683e+00 7.940244058106409319e+00 4.092670113148665911e-01
3.211350955926739026e+00 7.662559985734883838e+00 4.127218530346414838e-01
3.723992829683174577e+00 7.475165067597987267e+00 4.351531238195214257e-01
4.318469947962947586e+00 7.033991825700061540e+00 4.326617919218888608e-01
5.007846025591223160e+00 6.716118730037067053e+00 4.267438398611467232e-01
5.807270194819698972e+00 6.242368542399179709e+00 4.270617858449398119e-01
6.734309909550331597e+00 5.955069904233442735e+00 4.471112105515532287e-01
7.809336992503382646e+00 5.717018162984539131e+00 4.541363959210292789e-01
9.055975308768347887e+00 5.179119774300341206e+00 4.420749321778105756e-01
1.050161990342439466e+01 4.678281849658525005e+00 4.014065135649080851e-01
1.217803901134956845e+01 4.330845109177827723e+00 3.917323545643587868e-01
1.412207216846541868e+01 4.224279797042409079e+00 3.886019515550838133e-01
1.637643976550574365e+01 3.814997190782341452e+00 3.889843524781186890e-01
1.899068183436288493e+01 3.650951484858255824e+00 3.868387191436518657e-01
2.202224669696776260e+01 3.256533421588024613e+00 3.742867376134835777e-01
2.553775339990988158e+01 3.058426880216516874e+00 3.859562472482441220e-01
2.961445567696812020e+01 2.716611991324521025e+00 3.600269145696017858e-01
3.434193961032622155e+01 2.497070483859482604e+00 3.556585656286306296e-01
3.982409229680749263e+01 2.340225125607773293e+00 3.586195570239127384e-01
4.618138478083407250e+01 2.282987968320748351e+00 3.702115617236119705e-01
5.355351942187074599e+01 1.795757318761736387e+00 3.640892006159352490e-01
6.210249987260974081e+01 1.626443142474444326e+00 3.481646374784536646e-01
7.201619113108074544e+01 1.535514465547699325e+00 3.729634683793141559e-01
8.351244789931206469e+01 1.350778560506860515e+00 4.369749363797699737e-01
9.684390196977980736e+01 1.044661301855379643e+00 3.555118874389155414e-01
1.123035138431091298e+02 8.058607390385610358e-01 3.083613326888597350e-01
1.302310105745740145e+02 8.254809332205091943e-01 4.737010595525493750e-01
