1.079576522062664426e-03 9.404288799198619486e+00 1.775576479752847945e+02
1.251394411915173702e-03 9.404283549932515029e+00 1.531776938012621656e+02
1.450557641972900075e-03 9.404276493859125452e+00 1.321449623857457993e+02
1.681418306372146031e-03 9.404267007841658810e+00 1.139998485455416528e+02
1.949021148279328269e-03 9.404254252477178611e+00 9.834584694036367125e+01
2.259213797092628814e-03 9.404237096663750961e+00 8.484088764393978011e+01
2.618774550229865071e-03 9.404214014256860210e+00 7.318986119780403499e+01
3.035560491776887523e-03 9.404182943407656481e+00 6.313816981406211681e+01
3.518679184669761505e-03 9.404141093243055138e+00 5.446616377303230649e+01
4.078687688210387227e-03 9.404084676560112044e+00 4.698434141293742528e+01
4.727823249825570742e-03 9.404008536914709282e+00 4.052920776982422524e+01
5.480270712121818738e-03 9.403905622076116799e+00 3.495970128551667244e+01
6.352472478586893706e-03 9.403766229365118079e+00 3.015411035981270871e+01
7.363487811276372627e-03 9.403576903536885467e+00 2.600741213901258675e+01
8.535409311820767869e-03 9.403318789092658392e+00 2.242897499660142913e+01
9.893845686652726068e-03 9.402965095766147030e+00 1.934057382325194752e+01
1.146848134578976747e-02 9.402477063453023476e+00 1.667467354020397963e+01
1.329372506346676239e-02 9.401797268702532406e+00 1.437294104949599394e+01
1.540946187508268270e-02 9.400837962268523640e+00 1.238494860546538590e+01
1.786192464083529580e-02 9.399459504451307623e+00 1.066703075456202221e+01
2.070470432136146260e-02 9.397427430862856923e+00 9.181247865048851153e+00
2.399992104182100544e-02 9.394318343044121278e+00 7.894376436222592552e+00
2.781958153439436504e-02 9.389284147979504169e+00 6.776729505276675170e+00
3.224715262188602993e-02 9.380327466273088888e+00 5.800101656732646660e+00
3.737938512603328906e-02 9.361070343294091600e+00 4.930744204197392122e+00
4.332842805637453915e-02 9.256818227125567233e+00 3.992455706810465355e+00
5.022427927871186970e-02 9.444490160936913625e+00 3.768094409228256669e+00
5.821762621491958362e-02 9.439165437717269569e+00 3.191144298556611858e+00
6.748313864877461543e-02 9.448120771107593185e+00 2.702696299797573865e+00
7.822328559185874608e-02 9.670621112107228967e+00 2.439514486434191110e+00
9.067275961528806216e-02 1.003858517983274545e+01 2.246618604710056033e+00
1.051036053273053938e-01 9.301075675616178984e+00 1.879822483178702264e+00
1.218311640636932092e-01 9.412515384219226178e+00 1.605391288812205719e+00
1.412209646937624408e-01 9.540478451120039338e+00 1.435179309622852672e+00
1.636967111190904545e-01 9.556557114011150489e+00 1.231526210366806096e+00
1.897495410069982569e-01 9.386424638931421427e+00 1.073494129775497630e+00
2.199487580796460895e-01 9.238225801147487815e+00 9.837532956574235321e-01
2.549542724796074467e-01 9.149219576133686971e+00 8.452776012972237352e-01
2.955310210574955132e-01 9.092900019477509588e+00 7.506622729580230136e-01
3.425656826922626741e-01 9.082396337822906673e+00 6.712520332471210160e-01
3.970860539056080274e-01 9.030007779115573285e+00 5.874953552687084413e-01
4.602835081644002235e-01 9.086997255309592347e+00 5.414215311779474460e-01
5.335390296494503248e-01 9.192094453194220804e+00 5.063595462574524975e-01
6.184533903778348662e-01 9.028162375191964628e+00 4.678629098193096691e-01
7.168821301060979145e-01 8.915222222045313671e+00 4.282328893226721167e-01
8.309761033915336048e-01 8.888356378037462591e+00 4.082541727887626926e-01
9.632284798417007909e-01 8.990639505881608429e+00 4.033054780137373396e-01
1.116529224596721104e+00 8.895286819024784464e+00 3.867004033864187007e-01
1.294228249546182319e+00 8.739629708339165859e+00 3.786436550076671126e-01
1.500208615254454259e+00 8.440402395106657352e+00 3.626222088794174292e-01
1.738971383195245801e+00 8.409426679057110832e+00 3.685839009838101643e-01
2.015733972477602887e+00 8.304192669129260906e+00 3.774089891126968244e-01
2.336544170344256877e+00 8.170490025787346511e+00 3.869172075132373267e-01
2.708412287787838046e+00 7.876280370186025337e+00 3.955914905720986918e-01
3.139464348135719174e+00 7.585859897511897820e+00 4.028499232738403935e-01
3.639119656064462305e+00 7.245853444541857868e+00 4.080646014726022619e-01
4.218296627263444343e+00 6.976370007227790992e+00 4.034352626618307180e-01
4.889651376516029657e+00 6.589145440079776428e+00 4.231074352688021234e-01
5.667854277800159934e+00 6.319336412834695160e+00 4.320704735090094561e-01
6.569910539770827285e+00 5.918548966463921701e+00 4.287973694605508035e-01
7.615531801806441514e+00 5.499074787225931793e+00 4.297095113630645669e-01
8.827566870697188151e+00 5.113327951816197370e+00 4.359157962381806084e-01
1.023250101038854964e+01 4.660550185171092430e+00 4.273231422379175082e-01
1.186103469520739928e+01 4.565664478682224470e+00 4.529879574690192090e-01
1.374875447342581403e+01 4.301307963351008290e+00 4.505066026558551262e-01
1.593691060080326594e+01 4.019765200756640233e+00 4.453928154572668330e-01
1.847331843687432951e+01 3.785147793290434493e+00 4.204293224665326401e-01
2.141340330119946600e+01 3.415356357789673947e+00 4.269206446627009655e-01
2.482141162166873016e+01 2.897651812619800094e+00 4.043116801124331250e-01
2.877181484074512952e+01 2.826453749175728003e+00 4.482592280497057491e-01
3.335093675766006527e+01 2.501153560362036288e+00 3.605397029846502677e-01
3.865883986707299869e+01 2.235567080949163898e+00 3.318057554101985218e-01
4.481151191427129277e+01 1.966377955627280683e+00 3.351067011942225893e-01
5.194340044728608063e+01 1.868749209855674165e+00 3.254257966186522300e-01
6.021035075069262632e+01 1.578732262424143551e+00 3.220925707630381551e-01
6.979301136051914511e+01 1.327668409525526005e+00 2.889844073097088128e-01
8.090078157721951868e+01 1.188049545860563994e+00 3.207114966492820574e-01
9.377638723735233839e+01 1.157434905771915101e+00 3.844520489916151695e-01
1.087011847332526173e+02 8.396957451383845195e-01 3.856889421996052003e-01
1.260013091835794228e+02 5.444654737451104509e-01 3.698197464700167525e-01
