2.207003774122145856e+01 1.707892180724411091e+01
2.515916410096598810e+01 1.707885218578160291e+01
2.868067312259628210e+01 1.707876159048904796e+01
3.269508507771264050e+01 1.707864365556311625e+01
3.727139121419967438e+01 1.707849005012858612e+01
4.248823943231976585e+01 1.707828984821063401e+01
4.843528591898572699e+01 1.707802868045207845e+01
5.521473596925197569e+01 1.707768757965501294e+01
6.294310047541574704e+01 1.707724138911166278e+01
7.175319827055862731e+01 1.707665653099022407e+01
8.179643873858745451e+01 1.707588781051247651e+01
9.324542391946256714e+01 1.707487371516318575e+01
1.062969148291116852e+02 1.707352926339539323e+01
1.211752129728807574e+02 1.707173465443587901e+01
1.381360151668449703e+02 1.706931626377390998e+01
1.574708079155208225e+02 1.706601257578138942e+01
1.795118768672760723e+02 1.706140744819003885e+01
2.046380174393956963e+02 1.705478277634892592e+01
2.332810447549852597e+02 1.704473244517891573e+01
2.659332147707800118e+02 1.702783184193532406e+01
3.031556841345570774e+02 1.699053080990580256e+01
3.455881541623413113e+02 1.694031865351358945e+01
3.939598646757489178e+02 1.707245948394381330e+01
4.491021266383642683e+02 1.703125038347851472e+01
5.119626089756779947e+02 1.713325288247134637e+01
5.836216251103201103e+02 1.712706323511688211e+01
6.653106991112171045e+02 1.709878568932911946e+01
7.584337305324936551e+02 1.708499511350150257e+01
8.645911216787417288e+02 1.701392191542034382e+01
9.856072819452201657e+02 1.697440890808745451e+01
1.123561981919586060e+03 1.703752191818131934e+01
1.280826096093344404e+03 1.703127196427607259e+01
1.460102348453375726e+03 1.702584401862086239e+01
1.664471761202852576e+03 1.701140032973704308e+01
1.897446604874214700e+03 1.692949500393473272e+01
2.163030759829098315e+03 1.713636298294240845e+01
2.465788526511400050e+03 1.721785134209969570e+01
2.810923067019005885e+03 1.716637809429716910e+01
3.204365826082531839e+03 1.750108678146102648e+01
3.652878468230296221e+03 1.853199344950578009e+01
4.164169083020559810e+03 1.870382691837389899e+01
4.747024655431560859e+03 1.885879317079550432e+01
5.411462078031059718e+03 1.883528887043665279e+01
6.168900300204144514e+03 1.901464207318628041e+01
7.032356572977236283e+03 1.936728893241576799e+01
8.016670162080519731e+03 1.951816280031865602e+01
9.138757373957205346e+03 1.970646492410450534e+01
1.041790227756888635e+04 1.975698349309084634e+01
1.187608811831043204e+04 2.008856131421296709e+01
1.353837511967788669e+04 2.023816342283100767e+01
1.543333116554787921e+04 2.044950389727892670e+01
1.759352276472736412e+04 2.033273894421863304e+01
2.005607473543715969e+04 2.102555484938156027e+01
2.286330822840609108e+04 2.131895774320724968e+01
2.606346805357114499e+04 2.142083077881529718e+01
2.971155181014155824e+04 2.150453431011175098e+01
3.387025506936597958e+04 2.167351218664090950e+01
3.861104885381096392e+04 2.168582976174723598e+01
4.401540793059295538e+04 2.209164438683156817e+01
5.017621102787747077e+04 2.219672351821656520e+01
5.719933703861451067e+04 2.284091536064394035e+01
6.520548464369408612e+04 2.308681651746391950e+01
7.433224662636773428e+04 2.341986039459413860e+01
8.473647452687859186e+04 2.357726630443134042e+01
9.659697427599744697e+04 2.377620578342411051e+01
1.101175791343302990e+05 2.437876799386090454e+01
1.255306527485980623e+05 2.449200201243524688e+01
1.431010825280339341e+05 2.496568922894605436e+01
1.631308319706310285e+05 2.554825609613541104e+01
1.859641301750247076e+05 2.584535771102289203e+01
2.119933877243975585e+05 2.605780401890047315e+01
2.416659406121450011e+05 2.663423749555163766e+01
2.754917381096763420e+05 2.721505309488415492e+01
3.140521066992110573e+05 2.765097080512219208e+01
3.580097406875680899e+05 2.836025158135704416e+01
4.081200911985527491e+05 2.847594726495028183e+01
4.652443492739269277e+05 3.007137663667831617e+01
5.303642462091251509e+05 3.102780179773881031e+01
6.045989254806785611e+05 3.251443653949004187e+01
6.892241762244600104e+05 3.565414727381061510e+01
