2.207891236705942362e+01 1.477570236533068027e+01
2.518827996438697880e+01 1.477522100271551686e+01
2.873553900738806277e+01 1.477459252930817968e+01
3.278235763667069591e+01 1.477377118601133432e+01
3.739908870135597851e+01 1.477269640476959900e+01
4.266599282436298779e+01 1.477128759405666614e+01
4.867463371166560648e+01 1.476943677134850219e+01
5.552946996259627355e+01 1.476699790877703045e+01
6.334967105438884261e+01 1.476377106338204293e+01
7.227118907136126325e+01 1.475947783343435127e+01
8.244912219519086705e+01 1.475372153285774957e+01
9.406041104492196325e+01 1.474591843721187523e+01
1.073069147418494538e+02 1.473516899385579215e+01
1.224189201758352681e+02 1.471998812974192816e+01
1.396591454807046944e+02 1.469764103529852051e+01
1.593273073180621395e+02 1.466200407672140393e+01
1.817653313705220057e+02 1.458996063630002560e+01
2.073632966273712555e+02 1.439206055864852729e+01
2.365662168024671246e+02 1.469670066288242261e+01
2.698817767774861522e+02 1.471591905986402438e+01
3.078891585665043067e+02 1.472784461717983540e+01
3.512491102389172397e+02 1.445344862759099058e+01
4.007154328462063972e+02 1.486797360111883570e+01
4.571480850496729431e+02 1.514938706705442684e+01
5.215281332695531091e+02 1.510173786731049006e+01
5.949748072598197268e+02 1.503567215962064729e+01
6.787649576152325608e+02 1.486074538409588897e+01
7.743552534741454565e+02 1.518014418078761629e+01
8.834075063181356882e+02 1.531740946081724886e+01
1.007817560115880610e+03 1.572855751988432615e+01
1.149748250058620897e+03 1.589086754043597693e+01
1.311667002865939139e+03 1.608887760337065842e+01
1.496388732333009330e+03 1.623427118871596520e+01
1.707124775846823468e+03 1.641474540811542937e+01
1.947538722619517330e+03 1.650833999843660393e+01
2.221810104197556029e+03 1.687883346875668167e+01
2.534707054489085749e+03 1.709573202054487240e+01
2.891669202484405560e+03 1.715757002423170263e+01
3.298902238737112384e+03 1.723288452682524152e+01
3.763485799618677902e+03 1.743233857008873144e+01
4.293496544885078038e+03 1.746703511970835265e+01
4.898148568225731651e+03 1.805582114254642789e+01
5.587953581794246929e+03 1.804303342516026021e+01
6.374903659485762546e+03 1.845527511677270383e+01
7.272679715903427677e+03 1.871907777712763021e+01
8.296889345364597830e+03 1.896255561421839886e+01
9.465338155713534434e+03 1.912082310790487227e+01
1.079833931400580695e+04 1.924508787570283630e+01
1.231906668543246815e+04 1.926356934749656347e+01
1.405395770470882781e+04 1.957342192843449880e+01
1.603317298373816084e+04 2.004976279455196675e+01
1.829112064570547955e+04 2.016556352024469589e+01
2.086705450100798771e+04 2.013808746223771706e+01
2.380575646414930088e+04 2.042515920339248225e+01
2.715831507523072651e+04 2.086398949871285424e+01
3.098301366042564041e+04 2.096657138837800360e+01
3.534634357186706620e+04 2.123715307836270583e+01
4.032416012184997089e+04 2.183667929846082600e+01
4.600300130695260304e+04 2.206159494833893575e+01
5.248159224773935421e+04 2.235495750452862396e+01
5.987256149832347728e+04 2.258660780516594357e+01
6.830439906336760032e+04 2.280276606708851261e+01
7.792369016211898997e+04 2.294536515475566318e+01
8.889766357286422863e+04 2.326424927460456615e+01
1.014170988600837009e+05 2.350208469811195755e+01
1.156996430256642925e+05 2.402819776755505643e+01
1.319935942432568118e+05 2.450944391770185149e+01
1.505822184549777303e+05 2.484970679042741182e+01
1.717886738733234233e+05 2.530506010402135786e+01
1.959816289994334220e+05 2.567087015706466246e+01
2.235816718254320440e+05 2.604809396581146785e+01
2.550686216431015055e+05 2.646180919553707866e+01
2.909898705727058696e+05 2.671301616573016702e+01
3.319698998271910241e+05 2.727959331833332968e+01
3.787211361494454904e+05 2.814512522431169828e+01
4.320563371588514419e+05 2.887595713238972550e+01
4.929027209230302833e+05 2.985741896976801613e+01
5.623180853935752530e+05 3.125888507640907932e+01
6.415091979378078831e+05 3.272279772398835007e+01
7.318527746635967633e+05 3.633143940809188166e+01
