2.208007381838734062e+01 1.568567868004401689e+01
2.519209158295888429e+01 1.568500251230292086e+01
2.874272448290846071e+01 1.568411803605587451e+01
3.279379197157365411e+01 1.568295933626220418e+01
3.741582648208394346e+01 1.568143837268036478e+01
4.268930145531556519e+01 1.567943660786507465e+01
4.870603244900726736e+01 1.567679274069183570e+01
5.557077572250504005e+01 1.567328415239537875e+01
6.340305212981678551e+01 1.566859769780695899e+01
7.233922807646298736e+01 1.566228134064567890e+01
8.253488977130186299e+01 1.565365871487800042e+01
9.416755211101528289e+01 1.564166478785729808e+01
1.074397493611737389e+02 1.562449065117503544e+01
1.225825614451918426e+02 1.559867240871413152e+01
1.398596372367790934e+02 1.555599089688148950e+01
1.595717849047336472e+02 1.546383083980809481e+01
1.820622092317747729e+02 1.539061469832836870e+01
2.077224870934638261e+02 1.552125428747770641e+01
2.369993851352411696e+02 1.559314859462820024e+01
2.704026383489695036e+02 1.551938952510170822e+01
3.085138249804310817e+02 1.578816852278195171e+01
3.519964922872536022e+02 1.620879981470685749e+01
4.016077094450779441e+02 1.620481241791607729e+01
4.582112487476133538e+02 1.623410220768355927e+01
5.227926245961671157e+02 1.619808247036726456e+01
5.964762521198853165e+02 1.616562675832787122e+01
6.805450241724652187e+02 1.618088653422009315e+01
7.764626475570310049e+02 1.616947058800786863e+01
8.858991273713097598e+02 1.623862297730917348e+01
1.010759843176620961e+03 1.621109036156443040e+01
1.153218723230806518e+03 1.623974497687777330e+01
1.315756094375922430e+03 1.620192410420840190e+01
1.501201866578517638e+03 1.604072693160685503e+01
1.712784804001030807e+03 1.650546673874233861e+01
1.954188740454387471e+03 1.649649206718318339e+01
2.229616717989288190e+03 1.677464317618192169e+01
2.543864165332068751e+03 1.681694388318195976e+01
2.902402390262178869e+03 1.701486330452791051e+01
3.311473839602583212e+03 1.707195618164040951e+01
3.778200785378249748e+03 1.700200448545824727e+01
4.310709329458563843e+03 1.728072956329662446e+01
4.918270885706981062e+03 1.758081233592766779e+01
5.611463602959093805e+03 1.819115997690051501e+01
6.402356539336552487e+03 1.844496820467456644e+01
7.304719794523865858e+03 1.866385956834570692e+01
8.334264258584718846e+03 1.884676987100616685e+01
9.508915151542814783e+03 1.909497477272622135e+01
1.084912411627742949e+04 1.930682386365533887e+01
1.237822529852895605e+04 1.942216986499821019e+01
1.412284161366157059e+04 1.949515539951713095e+01
1.611334827362323085e+04 1.998919131522282200e+01
1.838440164449036820e+04 2.017513771400935241e+01
2.097554264244428123e+04 2.032953656318028379e+01
2.393188517380192934e+04 2.044037759544501398e+01
2.730490160541082878e+04 2.037313457029865660e+01
3.115331894109720088e+04 2.087750886161476416e+01
3.554414130733958882e+04 2.132275971585709584e+01
4.055381655048879475e+04 2.172732568308822465e+01
4.626956725695605564e+04 2.196932625313952414e+01
5.279090937053067319e+04 2.205098819636914698e+01
6.023138484720989072e+04 2.247303336461620304e+01
6.872053851449381909e+04 2.293475798073681204e+01
7.840617355389910517e+04 2.324381736466590098e+01
8.945692487650655676e+04 2.338383093519584577e+01
1.020651951961374143e+05 2.357732157960328578e+01
1.164505049196191540e+05 2.368819151691782920e+01
1.328633141784991312e+05 2.440033285550006070e+01
1.515893835469365004e+05 2.479035566871372964e+01
1.729547493694757577e+05 2.539775856109736196e+01
1.973314003232695977e+05 2.559294742733639794e+01
2.251437540483917110e+05 2.626597686128452835e+01
2.568760466097257158e+05 2.641896232347584217e+01
2.930807634470699704e+05 2.722006899741653640e+01
3.343882586032656254e+05 2.784323353507460297e+01
3.815177297090607462e+05 2.823007622007438400e+01
4.352897398082698928e+05 2.922076172747656386e+01
4.966405040385502507e+05 2.948967702717642680e+01
5.666381899107167264e+05 3.075530787827383250e+01
6.465015149879333330e+05 3.251121888735038112e+01
7.376209657657399075e+05 3.395285415871296664e+01
