2.189744888661503452e+01 1.707483162055202541e+01
2.459597149414932815e+01 1.707476967921485311e+01
2.762704536375437669e+01 1.707469144394494265e+01
3.103165230584601275e+01 1.707459259958586983e+01
3.485582450645588892e+01 1.707446767083298056e+01
3.915126690807800003e+01 1.707430969981767888e+01
4.397605628934869060e+01 1.707410982761345153e+01
4.939542649550752884e+01 1.707385674722783619e+01
5.548265043639328553e+01 1.707353598198016442e+01
6.232003077707980765e+01 1.707312892284289063e+01
7.000001271584250162e+01 1.707261152580653274e+01
7.862643389483443457e+01 1.707195251830357563e+01
8.831592834296191086e+01 1.707111087531798077e+01
9.919950343305090712e+01 1.707003217061939893e+01
1.114243111746454531e+02 1.706864312255041938e+01
1.251556377913048408e+02 1.706684309463808447e+01
1.405791384825955390e+02 1.706449014409345466e+01
1.579033475860067597e+02 1.706137656646892964e+01
1.773624980775803692e+02 1.705718225092569540e+01
1.992196885324769653e+02 1.705137518266161578e+01
2.237704403645518596e+02 1.704296346700630949e+01
2.513466934408064901e+02 1.702971276722739447e+01
2.823212940936524546e+02 1.700435025092848207e+01
3.171130362114178070e+02 1.689701976789597992e+01
3.561923235654541031e+02 1.709039725618293915e+01
4.000875299316661540e+02 1.707375839475872326e+01
4.493921429988573664e+02 1.705825014415999519e+01
5.047727886535192852e+02 1.705006845567862683e+01
5.669782441338728631e+02 1.700350403636328522e+01
6.368495619160360093e+02 1.686007247058899949e+01
7.153314412129071798e+02 1.706810825662410380e+01
8.034850008347791572e+02 1.699879900761439799e+01
9.025021261078838961e+02 1.715088598192157932e+01
1.013721583829214751e+03 1.709084961709687889e+01
1.138647123140815893e+03 1.703931841970857519e+01
1.278967807057450500e+03 1.715718175502571796e+01
1.436580849541259113e+03 1.718016839157745324e+01
1.613617266893397982e+03 1.726412708554934738e+01
1.812470690283789736e+03 1.725687466212117016e+01
2.035829728980472282e+03 1.733564459338716901e+01
2.286714321847466181e+03 1.736616577635434666e+01
2.568516568603697124e+03 1.735644017427123842e+01
2.885046592904391673e+03 1.726902489324332635e+01
3.240584057339397077e+03 1.705292734389085751e+01
3.639936026859960293e+03 1.682982386138687758e+01
4.088501962979770269e+03 1.859839017773546743e+01
4.592346727508169351e+03 1.871665448435791390e+01
5.158282582866733719e+03 1.867880115934984531e+01
5.793961297679252311e+03 1.853942494521507456e+01
6.507977602954120812e+03 1.916075392858098780e+01
7.309985397644455588e+03 1.919023205619130934e+01
8.210828274749965203e+03 1.949842708020813475e+01
9.222686132746306612e+03 1.953890504164679243e+01
1.035923985461029588e+04 1.975195888676673306e+01
1.163585628099334645e+04 1.977331445607816107e+01
1.306979597848357480e+04 1.978156016397256778e+01
1.468044661209949663e+04 1.960439121193258316e+01
1.648958507734171144e+04 2.023878402302549873e+01
1.852167193597418736e+04 2.017327758085676237e+01
2.080418213647115772e+04 2.071499337568400279e+01
2.336797649065478618e+04 2.097337741780334497e+01
2.624771892909504095e+04 2.104136513302029954e+01
2.948234517679754572e+04 2.157426855019213718e+01
3.311558918593636918e+04 2.169953431222574025e+01
3.719657444329623104e+04 2.162863838171489306e+01
4.178047814723056217e+04 2.201171180653947346e+01
4.692927723417857487e+04 2.243278785646811713e+01
5.271258634143646486e+04 2.253773176766580733e+01
5.920859903590691829e+04 2.280222356031724829e+01
6.650514503476489335e+04 2.286364105451330175e+01
7.470087771225317556e+04 2.309882824292599679e+01
8.390660794836243440e+04 2.344441320008719742e+01
9.424680235377447389e+04 2.355146157383434513e+01
1.058612661279055465e+05 2.413629579866696417e+01
1.189070333032303752e+05 2.407559042278476724e+01
1.335604899330451735e+05 2.556685968304455159e+01
1.500197589293521014e+05 2.681870192648916174e+01
1.685073787952058774e+05 2.764051549235309935e+01
1.892733124694777362e+05 2.935654985570532460e+01
2.125983269652983581e+05 3.135860364076019735e+01
