2.189793488840393110e+01 1.348466563415531461e+01
2.459754930685730656e+01 1.347697843921644711e+01
2.762997675290721489e+01 1.346667400783458213e+01
3.103624697901785723e+01 1.345254488261781134e+01
3.486244795487360193e+01 1.343247223780054789e+01
3.916034945294573077e+01 1.340213199025572877e+01
4.398810351074174463e+01 1.334960209776136608e+01
4.941103124722444306e+01 1.313413889407423696e+01
5.550250667928880688e+01 1.341591080236066169e+01
6.234494949662765606e+01 1.325069687712006328e+01
7.003094022756050663e+01 1.324628497254925108e+01
7.866447288439030672e+01 1.383991077192636432e+01
8.836236203699675684e+01 1.374474893739126458e+01
9.925582335283964142e+01 1.388786442364557239e+01
1.114922489886050414e+02 1.388934514846178558e+01
1.252372018551339750e+02 1.387818796061215387e+01
1.406766557387014416e+02 1.386522405829096627e+01
1.580195115882322057e+02 1.379818317199766220e+01
1.775004240146572556e+02 1.379948454912156741e+01
1.993829762458864536e+02 1.374284267738377352e+01
2.239632464955973319e+02 1.361702478307038788e+01
2.515738139999932059e+02 1.358672448035943958e+01
2.825882589255434709e+02 1.341074602082096057e+01
3.174262170329546393e+02 1.275457710887592455e+01
3.565590574886572313e+02 1.579909105771362832e+01
4.005162606464881492e+02 1.649364847088562414e+01
4.498925820930763848e+02 1.655597819695861261e+01
5.053560998888503377e+02 1.651927119095275742e+01
5.676572538865158322e+02 1.645908642101535690e+01
6.376389994319918060e+02 1.649685623627026843e+01
7.162482128307560743e+02 1.680429149626288421e+01
8.045485028993555261e+02 1.666802984964711598e+01
9.037346019466382359e+02 1.679258573068342386e+01
1.015148530899469733e+03 1.629354027586563802e+01
1.140297757292466713e+03 1.757982658153593292e+01
1.280875591805388922e+03 1.764149547346018565e+01
1.438784099320128917e+03 1.765128223928691042e+01
1.616159834491528500e+03 1.767437176219281625e+01
1.815402750042848083e+03 1.780779486852583560e+01
2.039208668924763060e+03 1.791948452221242505e+01
2.290605759696989480e+03 1.791265217196107784e+01
2.572995508656602851e+03 1.783225427701297860e+01
2.890198743079565702e+03 1.805934577176862632e+01
3.246507328285251333e+03 1.813266634962931789e+01
3.646742238002448630e+03 1.821732805857375226e+01
4.096318783748214628e+03 1.865579953273944014e+01
4.601319885794787297e+03 1.875043402807730430e+01
5.168578377105116488e+03 1.882419469486365671e+01
5.805769453836661341e+03 1.885595353755049075e+01
6.521514523299509165e+03 1.884529395506559268e+01
7.325497854466298122e+03 1.879726216471522093e+01
8.228597609354092128e+03 1.943357863275045361e+01
9.243033028176474545e+03 1.952870608456855095e+01
1.038252975972990498e+04 1.949349379973450525e+01
1.166250557398948513e+04 1.947434627833636611e+01
1.310027896966742082e+04 1.962652159408952812e+01
1.471530349926375857e+04 1.995813236419211023e+01
1.652943098210537210e+04 2.030833672792972777e+01
1.856720716673325660e+04 2.043675387095711216e+01
2.085620384304848994e+04 2.060421738966512351e+01
2.342739189780483503e+04 2.053519360223806700e+01
2.631556036101289646e+04 2.105218228212676124e+01
2.955978711309310165e+04 2.108046780742655102e+01
3.320396762160198705e+04 2.132391119791528311e+01
3.729740886151562154e+04 2.151600932236190644e+01
4.189549645500910992e+04 2.162776114997253529e+01
4.706044405735576584e+04 2.170915468567788764e+01
5.286213512838606403e+04 2.196256379683026339e+01
5.937906847895476676e+04 2.207059083405774302e+01
6.669942038597427018e+04 2.230209610968801215e+01
7.492223764678418229e+04 2.319629258350190426e+01
8.415877771527970617e+04 2.330583368944530065e+01
9.453401405228670046e+04 2.322991244850708625e+01
1.061883270580747921e+05 2.452777813908159388e+01
1.192794034658883174e+05 2.494165600764354451e+01
1.339843698959214671e+05 2.608454858150263433e+01
1.505021894374327385e+05 2.660067505942485866e+01
1.690563536855532438e+05 2.830286442219999898e+01
1.898979066569411079e+05 3.010778320928211826e+01
2.133088414988683653e+05 3.224210963005021569e+01
