2.219351518226141806e+01 1.980767981771209918e+01
2.556564086896084831e+01 1.980766915253450122e+01
2.945013386446708026e+01 1.980765499323996437e+01
3.392484425016034066e+01 1.980763619303346346e+01
3.907945079958513190e+01 1.980761122890871562e+01
4.501725825285038951e+01 1.980757806570701973e+01
5.185726767238347890e+01 1.980753400280422127e+01
5.973656137254774734e+01 1.980747542830226848e+01
6.881305022008595529e+01 1.980739752009009891e+01
7.926863836471464708e+01 1.980729381516378140e+01
9.131286882501548519e+01 1.980715562915058570e+01
1.051871229917082928e+02 1.980697124348246518e+01
1.211694582115861465e+02 1.980672475609529215e+01
1.395801804033245332e+02 1.980639443041970438e+01
1.607882633873302609e+02 1.980595026116823831e+01
1.852187435810028830e+02 1.980535028080899806e+01
2.133612382583176554e+02 1.980453475101345617e+01
2.457797580902696097e+02 1.980341659694470380e+01
2.831240106217209700e+02 1.980186474789489282e+01
3.261424212204149171e+02 1.979967298761525640e+01
3.756971324542052457e+02 1.979649613751796267e+01
4.327812825027174881e+02 1.979170222652106048e+01
4.985389088843455170e+02 1.978396395608425706e+01
5.742878763940839235e+02 1.976975661223779568e+01
6.615462887566461632e+02 1.973313266278115563e+01
7.620629133173191576e+02 1.970893131438635137e+01
8.778522285192784693e+02 1.985845893071799395e+01
1.011234796562497309e+03 1.985559197844504808e+01
1.164883770362654332e+03 1.985709884607513942e+01
1.341878466867461611e+03 1.983554967285826365e+01
1.545766080406451238e+03 1.984893691534751170e+01
1.780632772886671546e+03 1.988797317263571429e+01
2.051185565570419385e+03 1.986891965658589143e+01
2.362846673648311025e+03 1.989507153039722098e+01
2.721862174190117912e+03 1.989152282479570033e+01
3.135427185314544658e+03 1.987621617440080612e+01
3.611830065324538737e+03 1.987748096392245500e+01
4.160618521738549134e+03 1.987396019545541392e+01
4.792790959249747175e+03 1.988016570138576711e+01
5.521016901464821785e+03 1.990444920400785023e+01
6.359890903948738924e+03 1.990665596124835446e+01
7.326225047309364527e+03 1.989178584526080584e+01
8.439385872247930820e+03 1.986591019078039011e+01
9.721682509173730068e+03 1.987994215247836394e+01
1.119881378098431378e+04 1.994377452860146605e+01
1.290038323950813356e+04 1.995616688114930071e+01
1.486049245758196957e+04 1.995084758189256036e+01
1.711842446707578711e+04 1.992562337892785251e+01
1.971943103981503009e+04 1.991460145639380741e+01
2.271563958949114749e+04 1.991998879112219356e+01
2.616709787000516008e+04 1.994797391600200598e+01
3.014297740730121222e+04 2.001492980291064328e+01
3.472295978296396061e+04 2.008087703737832541e+01
3.999883355243111146e+04 2.007808679817068764e+01
4.607633380205241701e+04 2.012174508081331581e+01
5.307726121201156639e+04 2.014724306315979518e+01
6.114192309377311176e+04 2.025576442665883192e+01
7.043194532348754001e+04 2.025377091718462808e+01
8.113351152600478963e+04 2.027564501018310494e+01
9.346109442678108462e+04 2.038154522450723505e+01
1.076617541526224959e+05 2.057388720506239466e+01
1.240200896245693293e+05 2.074073460453762863e+01
1.428639422750065569e+05 2.090410466417142032e+01
1.645709663986003725e+05 2.113762502501763763e+01
1.895761978150831128e+05 2.150410907280496886e+01
2.183807725293224212e+05 2.190153843017550983e+01
2.515619701214902161e+05 2.232910273594809425e+01
2.897847831493881531e+05 2.283076575427428878e+01
3.338152444281725911e+05 2.333015613300830893e+01
3.845357792827772791e+05 2.403706763878880182e+01
4.429628904513068264e+05 2.463569674384405417e+01
5.102675300669080461e+05 2.537713532523017079e+01
5.877985669980285456e+05 2.623914199822576165e+01
6.771098198618122842e+05 2.684627841046501828e+01
7.799911974859123584e+05 2.769821955745553055e+01
8.985045709123968845e+05 2.843815672269315087e+01
1.035025095863406896e+06 2.944629552576929044e+01
1.192288813822298544e+06 3.000374859653478410e+01
1.373447485715251416e+06 3.196122747614221282e+01
1.582131757128682686e+06 3.475178412083551649e+01
