1.075087498848836115e-03 7.081720093463100163e+00 8.668935233807694658e+02
1.236538761513257100e-03 7.081721656773122930e+00 7.537056585025972026e+02
1.422235967176593797e-03 7.081723718418241553e+00 6.552963857594011188e+02
1.635820250272886469e-03 7.081726449190665740e+00 5.697361075220609337e+02
1.881479552591423928e-03 7.081730062261623715e+00 4.953471647228500956e+02
2.164030740070059869e-03 7.081734840238138595e+00 4.306709450190652433e+02
2.489014051477774197e-03 7.081741163064902089e+00 3.744392836730852423e+02
2.862801730927924844e-03 7.081749526821189633e+00 3.255495945076775115e+02
3.292722974278920224e-03 7.081760591667736193e+00 2.830432531153605851e+02
3.787207639360329336e-03 7.081775231632398082e+00 2.460867989497176040e+02
4.355951537881876459e-03 7.081794600495158853e+00 2.139555929794074700e+02
5.010106550054464064e-03 7.081820227250270605e+00 1.860196094107089095e+02
5.762499289673989576e-03 7.081854135833406616e+00 1.617310819347656832e+02
6.627882607233619161e-03 7.081899005105469769e+00 1.406137632359949237e+02
7.623224862515374720e-03 7.081958383095319221e+00 1.222535867901079172e+02
8.768042638692463697e-03 7.082036969897640866e+00 1.062905478575219433e+02
1.008478342177120124e-02 7.082140994993900485e+00 9.241164457080843420e+01
1.159926574891722087e-02 7.082278719074162510e+00 8.034474058385642081e+01
1.334118545605556157e-02 7.082461105962391201e+00 6.985322907454025199e+01
1.534469795120293328e-02 7.082702721504421817e+00 6.073139335093220126e+01
1.764908793069631943e-02 7.083022943935459281e+00 5.280037317410750575e+01
2.029953967005466986e-02 7.083447600864968940e+00 4.590465766898213928e+01
2.334802299326894925e-02 7.084011198427394795e+00 3.990903605629273443e+01
2.685431229252832619e-02 7.084759984374636943e+00 3.469594642232369353e+01
3.088715857923135868e-02 7.085756204217618759e+00 3.016317052964992840e+01
3.552563754775509008e-02 7.087084101517509893e+00 2.622182947277030962e+01
4.086070008469755432e-02 7.088858530809819314e+00 2.279464087052057053e+01
4.699695562584230157e-02 7.091237603754150243e+00 1.981440343606266907e+01
5.405472332875081026e-02 7.094441781580822948e+00 1.722267924101670289e+01
6.217239128019430572e-02 7.098783700169831512e+00 1.496864793808536653e+01
7.150912999755631994e-02 7.104716735914214709e+00 1.300811075151083962e+01
8.224801343030192780e-02 7.112918188023953370e+00 1.130262544236929934e+01
9.459960865783569040e-02 7.124440875429431053e+00 9.818757284922307704e+00
1.088061046702268886e-01 7.141011770507315504e+00 8.527437047188444197e+00
1.251460611885709950e-01 7.165682785637248031e+00 7.403430894503083337e+00
1.439398706394374727e-01 7.204459518250097894e+00 6.424972998748448738e+00
1.655560403813183257e-01 7.271316456567699760e+00 5.573814355750565497e+00
1.904184183644186401e-01 7.410502624537508964e+00 4.837272184527539487e+00
2.190145039038897401e-01 8.118156393211016564e+00 4.246697832515851978e+00
2.519050065234133551e-01 6.614531512923384149e+00 3.276821499390000447e+00
2.897348402980992610e-01 6.229654058655643034e+00 2.715852757317066324e+00
3.332457692728019172e-01 5.993815423841168943e+00 2.271429687849571888e+00
3.832909519061040160e-01 6.365044790345415038e+00 2.310418901437680361e+00
4.408516697261420925e-01 6.731228657444171759e+00 2.358694241269789771e+00
5.070565682122807338e-01 6.752863073390205528e+00 2.038167917310468980e+00
5.832037871761499570e-01 6.804659107758356029e+00 1.746122630462394909e+00
6.707864145726023519e-01 6.802301382756318127e+00 1.520900786546604211e+00
7.715217628366732860e-01 6.798727509162141303e+00 1.298895795049476387e+00
8.873850417943751623e-01 6.736473990949003898e+00 1.137009826141420321e+00
1.020648088402794862e+00 6.729423561087103600e+00 1.004264188425353144e+00
1.173923912728818797e+00 6.662276794040428385e+00 8.596321904507528977e-01
1.350217933620112332e+00 6.563263373596133654e+00 7.467136850616892252e-01
1.552986908692869372e+00 6.514616162794333754e+00 6.620823022329532792e-01
1.786206714130336382e+00 6.493443943410007080e+00 5.845355809376900913e-01
2.054450303312427728e+00 6.434268723549105395e+00 5.170082836998775022e-01
2.362977372882355098e+00 6.280784310341932297e+00 4.461774022912059490e-01
2.717837494414615751e+00 6.281656108732579291e+00 3.906926529189589936e-01
3.125988733880979531e+00 6.254687772417640623e+00 3.493707294864504265e-01
3.595434084794507434e+00 6.114238744206891951e+00 3.037449431460704230e-01
4.135378390200656895e+00 6.007441747094477869e+00 2.723251988112665445e-01
4.756408830428047629e+00 5.856113908015490921e+00 2.479606051931989019e-01
5.470702515586770787e+00 5.753269721492209499e+00 2.256903757684152467e-01
6.292265253269667902e+00 5.607288479183307750e+00 2.104183738897054956e-01
7.237206173192587855e+00 5.485006432975444213e+00 1.977368246798310025e-01
8.324053593589363587e+00 5.329431007093057282e+00 1.874461238564666954e-01
9.574118322841954409e+00 5.087264483657569336e+00 1.801953600414244183e-01
1.101191151993199213e+01 4.877425424610911442e+00 1.822916110262993439e-01
1.266562530708474910e+01 4.575999302040592021e+00 1.836359457232477899e-01
1.456768555841579982e+01 4.225055365112821981e+00 1.872592497993320892e-01
1.675538770361132279e+01 3.831393374030426457e+00 1.935250691973812998e-01
1.927162801342475973e+01 3.539221111829498945e+00 2.091333855677869891e-01
2.216574470597122115e+01 3.256911498979588426e+00 2.275405993009093075e-01
2.549448536615766869e+01 2.874050185209587660e+00 2.343949819752926544e-01
2.932311964732376808e+01 2.773755793275336501e+00 2.628407970620723066e-01
3.372671907284918547e+01 2.508435233810370590e+00 2.944937552886217058e-01
3.879162903196435508e+01 2.150438858776731355e+00 3.293806186007599557e-01
4.461716183252855927e+01 1.842154511064339362e+00 3.536775219598323194e-01
5.131754400800526383e+01 1.476037026615570014e+00 3.661856245273394928e-01
5.902415606125771319e+01 1.265852447797266134e+00 3.651348449057669199e-01
6.788810856186412934e+01 1.010836205466532300e+00 4.929527397316901260e-01
