1.075498518657953210e-03 7.187816532733448227e+00 1.040722194680228540e+03
1.237895608612951193e-03 7.187818253704035598e+00 9.041919444996195807e+02
1.424814178019878511e-03 7.187820530147329023e+00 7.855728352963188854e+02
1.639956897626579759e-03 7.187823547501986710e+00 6.825151421808473060e+02
1.887585530493979692e-03 7.187827545206593172e+00 5.929773944400005803e+02
2.172605353278945790e-03 7.187832841368654080e+00 5.151859384668534858e+02
2.500662324880746287e-03 7.187839857050638770e+00 4.475998028719125728e+02
2.878254927265247454e-03 7.187849151755992594e+00 3.888801737512642376e+02
3.312862893922212046e-03 7.187861466185851533e+00 3.378638736083498770e+02
3.813095375938266481e-03 7.187877782213076827e+00 2.935403205884718432e+02
4.388861480707930036e-03 7.187899398049029109e+00 2.550315089142805789e+02
5.051566561484735832e-03 7.187928038223858174e+00 2.215746175914158016e+02
5.814338146073034369e-03 7.187965986088830306e+00 1.925068988651004815e+02
6.692285980082923746e-03 7.188016268828956612e+00 1.672525502195890112e+02
7.702801335946227873e-03 7.188082899861480080e+00 1.453113081691939499e+02
8.865901516707120483e-03 7.188171201931330856e+00 1.262485386348883480e+02
1.020462637886450016e-02 7.188288236095036865e+00 1.096866272230469264e+02
1.174549472898879510e-02 7.188443373719240803e+00 9.529749910843527516e+01
1.351902963487570594e-02 7.188649059782051154e+00 8.279612020794093041e+01
1.556036305712788989e-02 7.188921834018038304e+00 7.193485099916486547e+01
1.790993177831409072e-02 7.189283700458352300e+00 6.249854107065219466e+01
2.061427841536953715e-02 7.189763973320672186e+00 5.430026731813418905e+01
2.372697338249558918e-02 7.190401776047443683e+00 4.717763132481930910e+01
2.730967606772581255e-02 7.191249449396937443e+00 4.098954264369813671e+01
3.143335624400954431e-02 7.192377239658989119e+00 3.561342429449901203e+01
3.617969990975045125e-02 7.193879821952131159e+00 3.094278519915923198e+01
4.164272740710135701e-02 7.195885509299074556e+00 2.688511158872503515e+01
4.793065587132758210e-02 7.198569493893934634e+00 2.336003582164902426e+01
5.516804290450633835e-02 7.202173328185851986e+00 2.029774669184488900e+01
6.349825393760365200e-02 7.207034414349755558e+00 1.763761036571239771e+01
7.308630215691494514e-02 7.213632236022827549e+00 1.532697578553791296e+01
8.412211725098428516e-02 7.222664016728330694e+00 1.332014311144437002e+01
9.682430772862428425e-02 7.235175227445476587e+00 1.157747934304996207e+01
1.114444913358102196e-01 7.252799875988523048e+00 1.006467366636185012e+01
1.282722793526958338e-01 7.278241012619965922e+00 8.752141992368569490e+00
1.476410135047113159e-01 7.316341818924830598e+00 7.614634376912932545e+00
1.699343691302405701e-01 7.376864023688593619e+00 6.631245277001598382e+00
1.955939554070546538e-01 7.483594104045448780e+00 5.786663437963793122e+00
2.251280631904195861e-01 7.720910893908000894e+00 5.078872697499780209e+00
2.591217337488412875e-01 8.413407771539725744e+00 4.513857079880349232e+00
2.982483478490776108e-01 6.206964252771422608e+00 3.305050048767838256e+00
3.432829647586524424e-01 5.997445530294719163e+00 2.643739605494134004e+00
3.951176753982297285e-01 6.471164769626178703e+00 2.723327691064787448e+00
4.547792737745107727e-01 6.472797153355610789e+00 2.351559155761159925e+00
5.234495967471416433e-01 6.467792140587095950e+00 2.014979794140381308e+00
6.024889350401664290e-01 6.480701034981376729e+00 1.740055206178771519e+00
6.934629792468476328e-01 6.517103575864264364e+00 1.519498913532176587e+00
7.981738346013840246e-01 6.679004504754707305e+00 1.355210702031836245e+00
9.186957188892699300e-01 6.663085281861040876e+00 1.144590564274083677e+00
1.057416050636357241e+00 6.797469135181376743e+00 9.968093686854551105e-01
1.217082741492734321e+00 6.440550379466797537e+00 8.874312825973417196e-01
1.400858629626459351e+00 6.248756957553475821e+00 7.638520250905289632e-01
1.612384132398476444e+00 6.248153524482498611e+00 6.699959528499001005e-01
1.855849359405824739e+00 6.324513219509482198e+00 5.805880992334334634e-01
2.136077114380728670e+00 6.326800424106634679e+00 5.058901781074149895e-01
2.458618430130530719e+00 6.139985525595883509e+00 4.388162539969861498e-01
2.829862528970528146e+00 6.048528966165261700e+00 3.809701039574449055e-01
3.257163386856378295e+00 6.046098158722604587e+00 3.380112196619848852e-01
3.748985408325537172e+00 5.992111572098252736e+00 3.103902463800501943e-01
4.315071097923259380e+00 5.840705638651159326e+00 2.758192273785260995e-01
4.966634049517170801e+00 5.754373836467070014e+00 2.457675105470771559e-01
5.716581076426569652e+00 5.659092941412292355e+00 2.266705497196965235e-01
6.579767882543161583e+00 5.547084492753986851e+00 2.057820278999642205e-01
7.573293339033538629e+00 5.362937298606971659e+00 1.933011354188731157e-01
8.716838195951893908e+00 5.034168292841067149e+00 1.819707704945463245e-01
1.003305493830276518e+01 4.850373081240571871e+00 1.734997339522572624e-01
1.154801650921422151e+01 4.579451813817862593e+00 1.707506611422038856e-01
1.329173278898074528e+01 4.297005053368384786e+00 1.754157038570040572e-01
1.529874506091153208e+01 4.092480852820584047e+00 1.858975944608464437e-01
1.760881023976055104e+01 3.759467505026472978e+00 1.930969909634540627e-01
2.026768841662241272e+01 3.521625400095457437e+00 2.118024832561518633e-01
2.332804932077431204e+01 3.230547342634641605e+00 2.259890028613522062e-01
2.685051565457058231e+01 2.786793425386411727e+00 2.311424794957155082e-01
3.090486396881514253e+01 2.566639993978189427e+00 2.580011548309545932e-01
3.557140686675733576e+01 2.316310832649699059e+00 2.769958927130093396e-01
4.094258391679639431e+01 2.066193575920113101e+00 3.340275743333375735e-01
4.712479278829058416e+01 1.790984463155599560e+00 3.669229630405965725e-01
5.424049688344851461e+01 1.458736229126327055e+00 3.660382893794908998e-01
6.243065121539190443e+01 1.371571135160262189e+00 5.565115216521908659e-01
7.185749458661879885e+01 8.251207091662594584e-01 8.291584533594690276e-01
