1.075073575447675579e-03 6.807176632176523690e+00 9.775159812590065940e+02
1.236492809804021643e-03 6.807176669501102673e+00 8.499051025483346393e+02
1.422148682298682212e-03 6.807176724889397512e+00 7.389533116384792493e+02
1.635680255095406420e-03 6.807176790493429053e+00 6.424858287600982294e+02
1.881272985173762036e-03 6.807176878960512489e+00 5.586117847245811845e+02
2.163740763953993750e-03 6.807176997589438727e+00 4.856871549421034047e+02
2.488620274937815117e-03 6.807177153825460181e+00 4.222825350874530841e+02
2.862279518880131695e-03 6.807177359479680945e+00 3.671551236697628724e+02
3.292042633706098245e-03 6.807177632693726999e+00 3.192243623739416307e+02
3.786333455783094659e-03 6.807177993898963386e+00 2.775507545663522251e+02
4.354840636508673472e-03 6.807178471487810079e+00 2.413174510700361566e+02
5.008707550683745395e-03 6.807179103261931985e+00 2.098142387605897738e+02
5.760750719086939545e-03 6.807179938924852181e+00 1.824236195277707111e+02
6.625711026576190307e-03 6.807181044435131945e+00 1.586087066965853865e+02
7.620542659872513516e-03 6.807182506336963534e+00 1.379027013719032482e+02
8.764745428528841753e-03 6.807184439700983525e+00 1.198997427583253170e+02
1.008074698294549737e-02 6.807186996674075452e+00 1.042469527833452645e+02
1.159434242133166801e-02 6.807190377677406090e+00 9.063751926154452576e+01
1.333519990239971642e-02 6.807194847894780132e+00 7.880468207846253392e+01
1.533744217436499094e-02 6.807200757072875419e+00 6.851650436007157907e+01
1.764031541886808621e-02 6.807208566776815850e+00 5.957132624835477941e+01
2.028895851990645399e-02 6.807218885094545868e+00 5.179381212067974616e+01
2.333528783630435532e-02 6.807232512266762292e+00 4.503151378781745962e+01
2.683901482024839136e-02 6.807250499808159994e+00 3.915188230139934689e+01
3.086881642834678197e-02 6.807274225767300457e+00 3.403966977438354036e+01
3.550368126657464651e-02 6.807305490606701426e+00 2.959467029643132463e+01
4.083445785504746101e-02 6.807346635970908721e+00 2.572975562732005272e+01
4.696563536033910441e-02 6.807400688228980812e+00 2.236916714272679130e+01
5.401739169968394760e-02 6.807471523150171677e+00 1.944703049848222776e+01
6.212794916218965235e-02 6.807564037585462913e+00 1.690606381793199020e+01
7.145628371986362248e-02 6.807684290103260594e+00 1.469645394204718691e+01
8.218524113397096542e-02 6.807839522251346587e+00 1.277487847945590005e+01
9.452512093588408271e-02 6.808037864279584461e+00 1.110365406756526063e+01
1.087177985324455365e-01 6.808287295240942782e+00 9.649993377983362208e+00
1.250414662337069605e-01 6.808592900351983168e+00 8.385354807175074754e+00
1.438160861324752626e-01 6.808950222256353157e+00 7.284869029017808195e+00
1.654096617181867457e-01 6.809329348293982953e+00 6.326824336882705957e+00
1.902454511557362116e-01 6.809635634137238824e+00 5.492183969860139570e+00
2.188102636175706106e-01 6.809605566422361811e+00 4.764079478598592488e+00
2.516640012864094222e-01 6.808493989837423044e+00 4.127115725148208014e+00
2.894506340624876106e-01 6.803907863381733812e+00 3.565798797761886352e+00
3.329108220918228778e-01 6.785015267948213413e+00 3.057095126675991814e+00
3.828964335311390021e-01 6.703639243692768090e+00 2.545937692518307927e+00
4.403872421138304016e-01 6.995064714016325347e+00 2.453438134465429687e+00
5.065101318078830683e-01 7.058594376986008889e+00 2.129878953345120340e+00
5.825611849984650981e-01 7.300753680931735268e+00 1.857709323335853702e+00
6.700310871482039188e-01 7.234839125940593085e+00 1.591361291418032398e+00
7.706343458948214931e-01 6.679846573861650150e+00 1.309856644505640988e+00
8.863428973130309529e-01 6.626081360893869565e+00 1.140423911354742526e+00
1.019424758060913039e+00 6.575371145732132661e+00 9.989717959236830147e-01
1.172488481035941055e+00 6.542160706907838907e+00 8.550054051202538030e-01
1.348534285921104914e+00 6.571486174335380070e+00 7.669057435558239710e-01
1.551012866836854798e+00 6.706117157365746984e+00 6.771300526545678267e-01
1.783893029794438423e+00 6.612748647748913911e+00 6.016608217072044740e-01
2.051739485720148082e+00 6.500003850357730428e+00 5.202913083424026697e-01
2.359802323880520358e+00 6.449881943271725149e+00 4.514668177408999172e-01
2.714119919487407273e+00 6.398891331877974764e+00 4.001866817982654423e-01
3.121637292586759926e+00 6.279973176934332990e+00 3.563889994056509969e-01
3.590342238197337998e+00 6.200210928906417784e+00 3.143364429485593359e-01
4.129421896001904457e+00 6.163707017228487572e+00 2.803403362798211340e-01
4.749442828531466709e+00 5.958188819848207807e+00 2.504631612658677620e-01
5.462558137575821426e+00 5.917224584340160298e+00 2.244203615214211411e-01
6.282745678533043332e+00 5.723161094001945948e+00 2.023437519148747754e-01
7.226082041964856373e+00 5.529081777279606591e+00 1.929976374315388044e-01
8.311057672701940291e+00 5.319458343788271648e+00 1.849174208567879729e-01
9.558939303185084668e+00 5.166772447195384643e+00 1.845598502103602545e-01
1.099418680513991298e+01 4.926791092091820978e+00 1.825652293284635574e-01
1.264493263034292170e+01 4.612672978419340986e+00 1.847119144766805332e-01
1.454353323805255371e+01 4.207111133712857942e+00 1.828518587684757613e-01
1.672720331769798818e+01 3.875575340446604677e+00 1.950907487444032695e-01
1.923874523829760363e+01 3.586085471997999097e+00 2.046500245026759146e-01
2.212738802262946791e+01 3.331040340638400821e+00 2.250824322696650392e-01
2.544975229098317726e+01 3.058798315746669161e+00 2.479616427104527066e-01
2.927096008846674025e+01 2.883824923056145462e+00 2.886526082552923755e-01
3.366591134972155430e+01 2.489470976920640233e+00 3.028286355485647063e-01
3.872075202117767390e+01 2.229174043486594314e+00 3.612125191471647345e-01
4.453456261768286595e+01 1.944640984019138319e+00 4.024993170747622750e-01
5.122130031109855963e+01 1.424457279112824937e+00 4.087619168217213605e-01
5.891203261796516699e+01 1.398049166447311809e+00 4.711549251195453758e-01
6.775750646900655738e+01 1.058115821312029414e+00 6.738034177596075036e-01
