2.216346905145899981e+01 1.758473622903479594e+01
2.546645947688860900e+01 1.758472801048126399e+01
2.926168989079427618e+01 1.758471715583656803e+01
3.362251812200572942e+01 1.758470281775840149e+01
3.863323441276202175e+01 1.758468387566582081e+01
4.439069066080954684e+01 1.758465884593260142e+01
5.100617246514421055e+01 1.758462576308100012e+01
5.860755016008100426e+01 1.758458202008060312e+01
6.734175041488677493e+01 1.758452415389540491e+01
7.737759617240816112e+01 1.758444755496459067e+01
8.890906981973407142e+01 1.758434607057642296e+01
1.021590626645636775e+02 1.758421145746993020e+01
1.173836831907309488e+02 1.758403261432270170e+01
1.348772073669529732e+02 1.758379448232107478e+01
1.549777666930843907e+02 1.758347642219328577e+01
1.780738839278556327e+02 1.758304971119673255e+01
2.046119828268658978e+02 1.758247342151510395e+01
2.351050170462005156e+02 1.758168689672404383e+01
2.701423849993435056e+02 1.758059344178281336e+01
3.104013223111814455e+02 1.757901202634572257e+01
3.566599920733065687e+02 1.757639071872190684e+01
4.098125259215392475e+02 1.757343383684403548e+01
4.708863066639479484e+02 1.757356255906738696e+01
5.410618265144623820e+02 1.756806643431778525e+01
6.216955047709391238e+02 1.755822593520491992e+01
7.143459059794928407e+02 1.752076351025495882e+01
8.208038653547548620e+02 1.756144988325380041e+01
9.431271037488770617e+02 1.753025134851600342e+01
1.083680001240374622e+03 1.756602897821580100e+01
1.245179298124626257e+03 1.758855246941393347e+01
1.430746606658308110e+03 1.756466848932969427e+01
1.643968748554781541e+03 1.755503972916563882e+01
1.888967084491027435e+03 1.756457373890086870e+01
2.170477175692874880e+03 1.760798226948059053e+01
2.493940317373537255e+03 1.761528414357145778e+01
2.865608713270948101e+03 1.759289676010270043e+01
3.292666324197542508e+03 1.759667567718974723e+01
3.783367726478385066e+03 1.755333765295072723e+01
4.347197664265802814e+03 1.739009243257162041e+01
4.995054379709663408e+03 1.766002846302980345e+01
5.739460264563467717e+03 1.763927848574457258e+01
6.594803904901164060e+03 1.757506511263393634e+01
7.577618197415557916e+03 1.775572002658916304e+01
8.706899912995057093e+03 1.774383842934467737e+01
1.000447688440799539e+04 1.783894357454692070e+01
1.149542991544787765e+04 1.809198190142469187e+01
1.320857756660142877e+04 1.815209969507143839e+01
1.517703318763863717e+04 1.816541528267697103e+01
1.743884496398136980e+04 1.816706015535914176e+01
2.003773134827642934e+04 1.839942821013572782e+01
2.302392609229511800e+04 1.855586742374774900e+01
2.645514921274085646e+04 1.884285946318458471e+01
3.039772265871692071e+04 1.894962267295859704e+01
3.492785224553795706e+04 1.922786675801471290e+01
4.013310063332304708e+04 1.961769390224581144e+01
4.611407982150399766e+04 1.985163143519149997e+01
5.298639587339470017e+04 2.016293016748041111e+01
6.088288346031081164e+04 2.049159067905385356e+01
6.995617341663718980e+04 2.080973976843226581e+01
8.038164293399304734e+04 2.131175511348714835e+01
9.236080541865846317e+04 2.168406555625761101e+01
1.061252055346553389e+05 2.207739520341960571e+01
1.219408947195864748e+05 2.248024186175415196e+01
1.401135736802656611e+05 2.290994818065229666e+01
1.609945012671940494e+05 2.331743529939740966e+01
1.849872839402364625e+05 2.376216221871505851e+01
2.125556770587588544e+05 2.445374464003666404e+01
2.442325487869945937e+05 2.501846759169634993e+01
2.806301798775393399e+05 2.554932096528378338e+01
3.224520984170056763e+05 2.616285200374736064e+01
3.705066782870708848e+05 2.669165132083679026e+01
4.257227641849309439e+05 2.705896278883607309e+01
4.891676252184381010e+05 2.770645888370512466e+01
5.620675841001132503e+05 2.889246509149799991e+01
6.458317206807453185e+05 2.921037320096647605e+01
7.420791079870571848e+05 3.094231771968221523e+01
8.526701072075173724e+05 3.187663323832886775e+01
9.797423265255969018e+05 3.276877248707953783e+01
1.125751938847055193e+06 3.438054401620740919e+01
1.293521157049648929e+06 3.592593027816214857e+01
