2.216222370500917904e+01 1.768714366176297403e+01
2.546235240347949258e+01 1.768712563550063521e+01
2.925389611388320077e+01 1.768710182874046311e+01
3.361003038057570791e+01 1.768707038245380758e+01
3.861482715962488044e+01 1.768702883623416966e+01
4.436487737986277580e+01 1.768697393013341213e+01
5.097115511598678950e+01 1.768690134001636238e+01
5.856115935163713004e+01 1.768680532110817083e+01
6.728137466777209852e+01 1.768667822500181330e+01
7.730009834681621328e+01 1.768650984054938036e+01
8.881068845475959961e+01 1.768628648364761347e+01
1.020352955881229775e+02 1.768598972364018351e+01
1.172291503072754324e+02 1.768559456762293536e+01
1.346854890021550943e+02 1.768506680903377770e+01
1.547412132579777904e+02 1.768435903244268559e+01
1.777833919448279403e+02 1.768340433912878495e+01
2.042567315193180661e+02 1.768210593851548751e+01
2.346721587126773443e+02 1.768031856263843693e+01
2.696166812483219246e+02 1.767781172705877779e+01
3.097647168975065028e+02 1.767418555441581418e+01
3.558911095200996328e+02 1.766862647125459418e+01
4.088860832957800540e+02 1.765871067448246379e+01
4.697724237573891628e+02 1.763474625636515114e+01
5.397252172147221927e+02 1.765313823536821047e+01
6.200945295331356419e+02 1.765875451788989992e+01
7.124314619599219895e+02 1.761109151310848731e+01
8.185180868673179475e+02 1.762368903403909570e+01
9.404018411621236737e+02 1.771089923551036094e+01
1.080435041143404987e+03 1.771040748974018442e+01
1.241320281432014099e+03 1.766896656636813034e+01
1.426162594156307478e+03 1.766831008335738673e+01
1.638529375049161899e+03 1.761722348863213838e+01
1.882519233010219295e+03 1.752038419263471525e+01
2.162841091907220289e+03 1.784102074208737676e+01
2.484905071255133407e+03 1.786689298636367340e+01
2.854926899740241879e+03 1.782140107321978562e+01
3.280047876735801310e+03 1.786342998331150511e+01
3.768472697027001232e+03 1.785023640193056238e+01
4.329627798716988764e+03 1.782652998270127043e+01
4.974343290376397817e+03 1.799046694391799406e+01
5.715061968570409590e+03 1.798670645752914155e+01
6.566079459732749456e+03 1.799508694376017459e+01
7.543820121045670021e+03 1.802183466967906966e+01
8.667154025121990344e+03 1.798507058404515746e+01
9.957761146189117426e+03 1.801071121536073960e+01
1.144054977644844985e+04 1.797889340276820036e+01
1.314413724790792548e+04 1.800056460376244161e+01
1.510140223746081210e+04 1.820077833676402435e+01
1.735011931451675628e+04 1.837753201671014480e+01
1.993368797774522318e+04 1.849939219277531421e+01
2.290197025110037430e+04 1.863892161621539501e+01
2.631225300445455287e+04 1.879494391928632524e+01
3.023035357131173441e+04 1.909491643817911566e+01
3.473189000165837933e+04 1.941936843400749169e+01
3.990374046541309508e+04 1.963356616313863157e+01
4.584571997248107800e+04 1.993079029804894731e+01
5.267250676955784729e+04 2.022066095611624092e+01
6.051585559250565711e+04 2.055054163816460289e+01
6.952714048934452876e+04 2.085059366014134952e+01
7.988027628950358485e+04 2.120057661350361755e+01
9.177507510272669606e+04 2.153696434199552812e+01
1.054411026269557915e+05 2.202153927604727812e+01
1.211421086906624259e+05 2.238115449268406465e+01
1.391811175376358442e+05 2.296606310118345817e+01
1.599062760950466036e+05 2.339133870610909938e+01
1.837175730944314273e+05 2.394801981977597194e+01
2.110745587224222254e+05 2.447401612944284466e+01
2.425052137879327056e+05 2.502059445080605826e+01
2.786161395778095466e+05 2.563760852763792641e+01
3.201042650618025800e+05 2.624096841233344080e+01
3.677702973920526565e+05 2.684273776149311530e+01
4.225341752873088117e+05 2.751609700765795452e+01
4.854528235470940126e+05 2.848511592512169699e+01
5.577405513520934619e+05 2.913028650454826263e+01
6.407924880312487949e+05 2.987921928441797093e+01
7.362115085981319426e+05 3.086961627781919759e+01
8.458391687105816090e+05 3.165343069363036221e+01
9.717912460881394800e+05 3.219911114318506407e+01
1.116498574324918678e+06 3.381551624370044351e+01
1.282753957177049480e+06 3.626785878841119626e+01
