2.216220913786671076e+01 1.760237254217675940e+01
2.546230436374944972e+01 1.760236681000832704e+01
2.925380495595397790e+01 1.760235924221386128e+01
3.360988432843393525e+01 1.760234925088346714e+01
3.861461188626674357e+01 1.760233605871778195e+01
4.436457550868608735e+01 1.760231863878022196e+01
5.097074563025462624e+01 1.760229563347535020e+01
5.856061689569101958e+01 1.760226524712118135e+01
6.728066872085035754e+01 1.760222510319007583e+01
7.729919224703203895e+01 1.760217205365814763e+01
8.880953824693335719e+01 1.760210192367636850e+01
1.020338486646521545e+02 1.760200916814138949e+01
1.172273438059525006e+02 1.760188640668082627e+01
1.346832479186854812e+02 1.760172378852672992e+01
1.547384482237583256e+02 1.760150811508075464e+01
1.777799966121461921e+02 1.760122160797962820e+01
2.042525794863310011e+02 1.760084013989902729e+01
2.346670999090886198e+02 1.760033060950404860e+01
2.696105376893293055e+02 1.759964684962162806e+01
3.097572776980229605e+02 1.759872272151930517e+01
3.558821250430956979e+02 1.759745870224124786e+01
4.088752582874275276e+02 1.759568733663319406e+01
4.697594092970135762e+02 1.759299168432361427e+01
5.397096012788128974e+02 1.758974061179539561e+01
6.200758259391550382e+02 1.758718145615937445e+01
7.124090974166240358e+02 1.758031220871985312e+01
8.184913858128215907e+02 1.756840426891820783e+01
9.403700080180369696e+02 1.752103503340375568e+01
1.080397139551655982e+03 1.758093139322456011e+01
1.241275209969277284e+03 1.755812346849937455e+01
1.426109057937399257e+03 1.754609240200111486e+01
1.638465852533569432e+03 1.758654767942873320e+01
1.882443937212829042e+03 1.755062406765005178e+01
2.162751925082757680e+03 1.753840256567386646e+01
2.484799571972768263e+03 1.758227293182266138e+01
2.854802181086856308e+03 1.753766244361892390e+01
3.279900554179422215e+03 1.742464190107513389e+01
3.768298804231289068e+03 1.754048658452190779e+01
4.329422689317967524e+03 1.756813476202155755e+01
4.974101523407423883e+03 1.763263402411315894e+01
5.714777174843538887e+03 1.774902485872311786e+01
6.565744186045570132e+03 1.790829099284869841e+01
7.543425648572452701e+03 1.794065740886018290e+01
8.666690157755381733e+03 1.794570597816964508e+01
9.957215963910031860e+03 1.802181110553000920e+01
1.143990934800223113e+04 1.800547093134661480e+01
1.314338529613631181e+04 1.804787903812341909e+01
1.510051974956074810e+04 1.816404344007289140e+01
1.734908408824517755e+04 1.833700447831702007e+01
1.993247409313559911e+04 1.838741765739176159e+01
2.290054745556933631e+04 1.854114660146122162e+01
2.631058599721896462e+04 1.878479724058515643e+01
3.022840117076340175e+04 1.899207531916110270e+01
3.472960417670643801e+04 1.925893838653454893e+01
3.990106520874404669e+04 1.949845838451339120e+01
4.584258999013535504e+04 1.976104916350200824e+01
5.266884595710289432e+04 1.998915705074846016e+01
6.051157526330775727e+04 2.043222244180445202e+01
6.952213731489874772e+04 2.086231784392019861e+01
7.987442990535413264e+04 2.130511255594498721e+01
9.176824532605533022e+04 2.172020041817393121e+01
1.054331262232717127e+05 2.207768811163525413e+01
1.211327956170062243e+05 2.242176845760375414e+01
1.391702465780880884e+05 2.284063644068689314e+01
1.598935897908612969e+05 2.328163865712989633e+01
1.837027718555002648e+05 2.387938749333706312e+01
2.110572939886722597e+05 2.441945009209215556e+01
2.424850800882844196e+05 2.486607934616575477e+01
2.785926653100057738e+05 2.577731329406024585e+01
3.200769017882464104e+05 2.637178774054778785e+01
3.677384074141428573e+05 2.687820327224699568e+01
4.224970172229278833e+05 2.752906873655541631e+01
4.854095355920821312e+05 2.795349833981453713e+01
5.576901318557623308e+05 2.883884455391330448e+01
6.407337729571596719e+05 2.964074673262472714e+01
7.361431453732377850e+05 3.030602069916928798e+01
8.457595858869086951e+05 3.156124703244530139e+01
9.716986181497642538e+05 3.257310906038067344e+01
1.116390780867147259e+06 3.394237169168576429e+01
1.282628535562111763e+06 3.680842761821546105e+01
