2.215050498078587893e+01 1.527603575767864896e+01
2.542371952689307335e+01 1.527551361744737690e+01
2.918062207352854287e+01 1.527482240388430945e+01
3.349268794825162843e+01 1.527390590297816786e+01
3.844195449885815208e+01 1.527268806727077788e+01
4.412258185952565270e+01 1.527106509816911917e+01
5.064264435379756435e+01 1.526889359499308085e+01
5.812618661597051783e+01 1.526597213121020502e+01
6.671558354873454277e+01 1.526201117715766387e+01
7.657424901542134421e+01 1.525658078550218022e+01
8.788974479991611588e+01 1.524901170344469215e+01
1.008773489824068292e+02 1.523818627575550977e+01
1.157841516195641844e+02 1.522202037555157617e+01
1.328937556497469927e+02 1.519582213917203717e+01
1.525316724582754091e+02 1.514395245481379604e+01
1.750715147537702592e+02 1.501295358795092127e+01
2.009421045754534418e+02 1.524769879402920303e+01
2.306356316617344078e+02 1.523359548019070964e+01
2.647170173936018500e+02 1.529481221891719400e+01
3.038346624624822994e+02 1.526349054701542585e+01
3.487327827376834648e+02 1.524711764385298096e+01
4.002655680241402365e+02 1.522373220775078018e+01
4.594134330817971090e+02 1.507179691404049215e+01
5.273016700833821915e+02 1.477651329262242541e+01
6.052218573748554036e+02 1.525217272071877339e+01
6.946564318416587867e+02 1.601004774418532151e+01
7.973068923717181633e+02 1.613362841392268621e+01
9.151261709880039916e+02 1.616954002735994678e+01
1.050355787513660516e+03 1.673419634215805019e+01
1.205568494639745495e+03 1.675020408591366561e+01
1.383717224720903687e+03 1.697566127562413030e+01
1.588191269515112253e+03 1.694964495421839956e+01
1.822880761690873896e+03 1.703227496076661396e+01
2.092250684866948177e+03 1.732072610936142709e+01
2.401425820230669160e+03 1.743581899924490841e+01
2.756288245850075782e+03 1.738683981025727476e+01
3.163589243610927497e+03 1.737662695142793723e+01
3.631077742815708007e+03 1.764574348249012914e+01
4.167647744092888388e+03 1.759720663250664074e+01
4.783507528366380029e+03 1.808783715984654705e+01
5.490373870097367217e+03 1.894652651329524673e+01
6.301694949718729731e+03 1.899262314560748877e+01
7.232906206186338750e+03 1.905859362573123406e+01
8.301723997259481621e+03 1.920577752904811319e+01
9.528482654417326557e+03 1.926158621902880697e+01
1.093652134490420940e+04 1.953650463981135132e+01
1.255262810098062255e+04 1.966666458751245727e+01
1.440754946406667659e+04 2.014940639614109585e+01
1.653657543979270849e+04 2.029432081825562051e+01
1.898021089276684506e+04 2.055942361096127158e+01
2.178494615439077825e+04 2.082870869508027667e+01
2.500414150459015218e+04 2.139268891997876310e+01
2.869904235478484770e+04 2.176242092221852431e+01
3.293994444602447766e+04 2.200383063561701746e+01
3.780753123026333924e+04 2.229757316949563162e+01
4.339440887854481844e+04 2.249247098762328534e+01
4.980686811973077420e+04 2.260841843740008983e+01
5.716690642887823924e+04 2.289430920898548294e+01
6.561454903753512190e+04 2.323641128988229809e+01
7.531051292333476886e+04 2.336772242070372840e+01
8.643926446147279057e+04 2.373954246494578513e+01
9.921252891009490122e+04 2.407153565898427772e+01
1.138733184977949568e+05 2.447916532320116545e+01
1.307005557478622068e+05 2.469663215001846268e+01
1.500143799983384670e+05 2.510686534555367899e+01
1.721822380747908901e+05 2.536900437839222633e+01
1.976258749912664643e+05 2.561898118408083036e+01
2.268293576779905125e+05 2.614759414393979142e+01
2.603482843877783162e+05 2.673573203281988242e+01
2.988203549907436245e+05 2.699203782643025562e+01
3.429775032578851096e+05 2.771234790220655242e+01
3.936598219510732451e+05 2.812380673092269490e+01
4.518315456452260842e+05 2.852842614483546413e+01
5.185993953569571604e+05 2.887182315078565864e+01
5.952336339875098784e+05 2.933651010145814553e+01
6.831922331612177659e+05 3.022304850708727741e+01
7.841486112352411728e+05 3.191908076272633110e+01
9.000234701981128892e+05 3.298232839677555717e+01
1.033021337156260386e+06 3.411100367943041789e+01
1.185672505612782435e+06 3.632755763218244738e+01
