1.070224516092730879e-03 2.678613056435526385e+00 5.028754637780166803e+01
1.220536513599108485e-03 2.678648110015140471e+00 4.409001018221432844e+01
1.391959685681120728e-03 2.678693786270116561e+00 3.865507793941209513e+01
1.587459076376213345e-03 2.678753337698429604e+00 3.388874124019323375e+01
1.810416167287279103e-03 2.678831035992675691e+00 2.970855496313998501e+01
2.064687365835689813e-03 2.678932507752587178e+00 2.604221066946864482e+01
2.354670708132861924e-03 2.679065192266363749e+00 2.282628502933365411e+01
2.685381930205578069e-03 2.679238973673202295e+00 2.000514146928596304e+01
3.062541223351276064e-03 2.679467067760142651e+00 1.752996578517354820e+01
3.492672174199042395e-03 2.679767290034007043e+00 1.535791862184844270e+01
3.983214600806389560e-03 2.680163911533007592e+00 1.345138946526448009e+01
4.542653236476646220e-03 2.680690451421095855e+00 1.177733805475772932e+01
5.180664487093944795e-03 2.681394020786322052e+00 1.030670971396192748e+01
5.908283800383876648e-03 2.682342350567239020e+00 9.013910570476380002e+00
6.738096542024831978e-03 2.683635708961425337e+00 7.876325902518251709e+00
7.684455680124424419e-03 2.685428290272851459e+00 6.873857132067227482e+00
8.763730043269971764e-03 2.687969395969234565e+00 5.988432443222407642e+00
9.994587446181892737e-03 2.691690204439631362e+00 5.203387622480629915e+00
1.139831758009110171e-02 2.697410369484100734e+00 4.502422662579380841e+00
1.299920025275742852e-02 2.706927148156289320e+00 3.867055210726755732e+00
1.482492534744221657e-02 2.725308354322907078e+00 3.266726551555923397e+00
1.690707176471219209e-02 2.783282787367419520e+00 2.546144625076257828e+00
1.928165363115615788e-02 2.670138975356149746e+00 2.601099491637858474e+00
2.198974322258732961e-02 2.498530141162299767e+00 2.531850611863627698e+00
2.507818137620653268e-02 2.482006122756378996e+00 2.117488948357153955e+00
2.860038767946620347e-02 2.437704608202277079e+00 1.678982112413878847e+00
3.261728444917622038e-02 2.473433379738565474e+00 1.346788418136447785e+00
3.719835048258091081e-02 2.672363424705204604e+00 1.594095308232172936e+00
4.242282280675499506e-02 2.776791936599452448e+00 1.736560664962451206e+00
4.838106721253905562e-02 2.736987406952549051e+00 1.756194944579764439e+00
5.517614127863992857e-02 2.832691894550405820e+00 1.333318443154255517e+00
6.292557692095319954e-02 2.608075974360998028e+00 1.351114343368228221e+00
7.176341329921288870e-02 2.870363681581621140e+00 1.924599260983200111e+00
8.184251524341261408e-02 2.545975737432460750e+00 1.728524379769666330e+00
9.333721730097378766e-02 2.422825367359183968e+00 1.871851048861397970e+00
1.064463391377796359e-01 2.450286047163535930e+00 1.614453307482741629e+00
1.213966244493661639e-01 2.527263565729351402e+00 1.381436464308755330e+00
1.384466628638615915e-01 2.454732999710453445e+00 1.093236661597665194e+00
1.578913626723977837e-01 2.241427177169149854e+00 9.513996201702057398e-01
1.800670517501797852e-01 2.109382715158435229e+00 8.758932209614633813e-01
2.053572948969819290e-01 1.999197939319859341e+00 7.485741560448179177e-01
2.341995282174874349e-01 2.136350271692418978e+00 7.518026507656003776e-01
2.670926252939251899e-01 2.183583466124884520e+00 6.531143529307765760e-01
3.046055260203310855e-01 2.333606288675293960e+00 7.964213007187715965e-01
3.473870773482300445e-01 2.256722137981754361e+00 7.318836344048512688e-01
3.961772561555250149e-01 2.321781977429874022e+00 7.088842096784452318e-01
4.518199683564600999e-01 2.154898607911908570e+00 6.073088069423621116e-01
5.152776456341907618e-01 2.119724068495886016e+00 5.597928914088388108e-01
5.876478922703161079e-01 2.276923828683795836e+00 5.571447022324901299e-01
6.701824700055083461e-01 2.432534696320279632e+00 5.930272770973363805e-01
7.643089493054440187e-01 2.156238928613799732e+00 5.939453066621490640e-01
8.716554015260804533e-01 1.860981151577105752e+00 4.946568727438566127e-01
9.940785590696483709e-01 1.642932358613105714e+00 4.335879099284586369e-01
1.133695930607297786e+00 1.658481701672925857e+00 4.059024901302930033e-01
1.292922426853688300e+00 1.794955638257033970e+00 4.164259754526841162e-01
1.474512130396167020e+00 1.760544916212752664e+00 3.680304925292477991e-01
1.681605932056031483e+00 1.885390428297686105e+00 4.296515316518014771e-01
1.917785857730631927e+00 1.764418732144305890e+00 3.995394357677563568e-01
2.187137025387864142e+00 1.688092256776986044e+00 3.782708960606354087e-01
2.494318303860579178e+00 1.709976121941797267e+00 3.767029026706810169e-01
2.844642895600279608e+00 1.715500157827690941e+00 3.537476486160289757e-01
3.244170237200587170e+00 1.756777542019050342e+00 4.277285268311465383e-01
3.699810807260288215e+00 1.427076222391138183e+00 3.699822333872747060e-01
4.219445654409307522e+00 1.324040469266474229e+00 3.114080223288980820e-01
4.812062712930245567e+00 1.492680460119740982e+00 3.310007585695354804e-01
5.487912263777044330e+00 1.421154493600379265e+00 3.417229678614487343e-01
6.258684229943254351e+00 1.394488410608758944e+00 3.205467166481302255e-01
7.137710372793195646e+00 1.347956822632070839e+00 3.382097665865831937e-01
8.140194886672128760e+00 1.287354396837414594e+00 3.571484574242848042e-01
9.283477380306271343e+00 1.109751187989583832e+00 3.001833260727742037e-01
1.058733279368590985e+01 1.044477794042137031e+00 2.819245484150049719e-01
1.207431343798448964e+01 9.626472280865209230e-01 2.810813351176438268e-01
1.377013907465332210e+01 8.684394034014745190e-01 2.948363450481026882e-01
1.570414178074758738e+01 8.727744210599840402e-01 3.027589870003201677e-01
1.790977329515685668e+01 7.016001254635094719e-01 3.004384237328868723e-01
2.042518362112265606e+01 7.562344783218145627e-01 3.107367497246283361e-01
2.329388089291967390e+01 6.052333385852570746e-01 3.167761954609872310e-01
2.656548392017365501e+01 5.825269308221689979e-01 3.460152933989559254e-01
3.029658042630048698e+01 5.200767336708806976e-01 3.018620582356152937e-01
3.455170582570339377e+01 5.432074730686212716e-01 3.362911496744895312e-01