1.071104607644198002e-03 2.432160797124023333e+00 7.526901474752185095e+01
1.223425553389064597e-03 2.432174207881724559e+00 6.589645681937359711e+01
1.397407941300294904e-03 2.432191712174088583e+00 5.769063268510210918e+01
1.596132228070382564e-03 2.432214562729856144e+00 5.050625344083742618e+01
1.823116939720790825e-03 2.432244397913335465e+00 4.421611537436023553e+01
2.082380969097466332e-03 2.432283362006257388e+00 3.870884771516816869e+01
2.378514732644307610e-03 2.432334264179873973e+00 3.388694070245345813e+01
2.716761446325544928e-03 2.432400789284498988e+00 2.966501904144460866e+01
3.103109959733267847e-03 2.432487778797592703e+00 2.596833017029197066e+01
3.544400792060541788e-03 2.432601607510284758e+00 2.273142054907592780e+01
4.048447247367040203e-03 2.432750692622689392e+00 1.989697650434719733e+01
4.624173753551573222e-03 2.432946188588331893e+00 1.741480905759529207e+01
5.281773874401338685e-03 2.433202947382040016e+00 1.524096468931555037e+01
6.032890792410703848e-03 2.433540866267948299e+00 1.333694617543558891e+01
6.890823457920022127e-03 2.433986815866981956e+00 1.166902950816782969e+01
7.870762054561704010e-03 2.434577463343101655e+00 1.020766448728677211e+01
8.990056950062606453e-03 2.435363524377438971e+00 8.926947822011360500e+00
1.026852589432899684e-02 2.436416387491496138e+00 7.804158443279066049e+00
1.172880490393009636e-02 2.437838861732243512e+00 6.819344992826987806e+00
1.339674904558868854e-02 2.439783487011079277e+00 5.954954627361237485e+00
1.530189021477742356e-02 2.442485641632222926e+00 5.195489028824905375e+00
1.747796001465010476e-02 2.446328020635367473e+00 4.527164017963566600e+00
1.996348699317545411e-02 2.451978888769926535e+00 3.937520812590987518e+00
2.280247881289503703e-02 2.460730241701453824e+00 3.414839847171211140e+00
2.604520143150711869e-02 2.475504814060883962e+00 2.946784225684526248e+00
2.974906908910996198e-02 2.505100870370464250e+00 2.514845562326237793e+00
3.397966085983256113e-02 2.632367118330734446e+00 1.981608818655950177e+00
3.881188176647516752e-02 2.309286279679317655e+00 1.990254111773938073e+00
4.433128901635160352e-02 2.229276435730302097e+00 1.703809093446220224e+00
5.063560684009006663e-02 2.215451465419310040e+00 1.402062111604686745e+00
5.783645675447102175e-02 2.146456458604597106e+00 1.020326725460670048e+00
6.606133388458558520e-02 2.380783072582580040e+00 1.073886586041599145e+00
7.545586433721722386e-02 2.246984953352379133e+00 1.368576099388956191e+00
8.618638359352054357e-02 2.220258949247354341e+00 1.100216773213422039e+00
9.844288157289976526e-02 2.288837863877005496e+00 1.082804417798943541e+00
1.124423665121103422e-01 2.478119811422842211e+00 1.124424961346573548e+00
1.284327072189677676e-01 2.176576227623892024e+00 9.379394212167586620e-01
1.466970217299415347e-01 2.513240915170279699e+00 1.142154258337962469e+00
1.675586900753013864e-01 2.606439254568780672e+00 1.006575332425095226e+00
1.913870799056615057e-01 2.417358355456933339e+00 8.822868397081872205e-01
2.186040863553831426e-01 2.307351009519328588e+00 8.236442724980215235e-01
2.496916019348189297e-01 2.290721663333221692e+00 7.119977401174757414e-01
2.852000487100720960e-01 2.263491971614270959e+00 6.074696299722420756e-01
3.257581238373437049e-01 2.423355509911762073e+00 6.854794606314964511e-01
3.720839310020724322e-01 2.420039389241948502e+00 6.229159086586419924e-01
4.249976948512987907e-01 2.248195046290552224e+00 5.520571574936113945e-01
4.854362835354791850e-01 2.316255631437720286e+00 5.295488303402664521e-01
5.544697964895748399e-01 2.401915476604355781e+00 5.908969088988115237e-01
6.333205111494741857e-01 2.162929863179709145e+00 5.202613262680564343e-01
7.233845240660871090e-01 2.233643513383497314e+00 5.103580775068738973e-01
8.262564695852950836e-01 2.123589165076273932e+00 5.176143035032185757e-01
9.437577537519803439e-01 2.181900793947023853e+00 5.121828100977529052e-01
1.077968803335388692e+00 2.228551752858622503e+00 5.327528444256686146e-01
1.231265900963085302e+00 2.100312403001984407e+00 4.732408898887246473e-01
1.406363258550405337e+00 2.177584095936028419e+00 5.052504452181251215e-01
1.606361073959289953e+00 2.104654031875143438e+00 4.590412796783402971e-01
1.834800421756865640e+00 1.812656075921281751e+00 4.495460911008663518e-01
2.095725949945727251e+00 2.008110254442771136e+00 4.911535938370253929e-01
2.393757492747038640e+00 1.964047024922503271e+00 4.865476412125243066e-01
2.734171867381314236e+00 1.753397454285231083e+00 4.341270101775043244e-01
3.122996303105219251e+00 1.744275400045613544e+00 3.810840485875849337e-01
3.567115156718373647e+00 1.667287448261842719e+00 4.092173527470999161e-01
4.074391803998636874e+00 1.471976885691363535e+00 3.477258954462810747e-01
4.653807865222754359e+00 1.597229709288349175e+00 3.702804769602033863e-01
5.315622229839047641e+00 1.603759454757707648e+00 3.843794650616508268e-01
6.071552695914011366e+00 1.454532631738251869e+00 3.400787687719146191e-01
6.934983440382088027e+00 1.431210173295399901e+00 3.309502746289876285e-01
7.921201993476844727e+00 1.346681188050543820e+00 2.955538475195571557e-01
9.047669913110063078e+00 1.206028101727476987e+00 2.934036192630714579e-01
1.033433195164187524e+01 1.211148540128599072e+00 3.161877585638729893e-01
1.180396918901466563e+01 1.081354982970912593e+00 2.529997343262189169e-01
1.348260238467284289e+01 1.109921570564068150e+00 2.686329911801652592e-01
1.539995268984262289e+01 1.037382673122391408e+00 2.890442670367010525e-01
1.758996787734356460e+01 8.610829712609520126e-01 2.874105426912830219e-01
2.009142340612870470e+01 8.372102097194398240e-01 2.845821303760086018e-01
2.294860896274120066e+01 6.652122966832985096e-01 2.651408000352040717e-01
2.621211263529287550e+01 5.300844328803845373e-01 1.931043896160660189e-01
2.993971660420892533e+01 4.526014061219974516e-01 2.146384818993453680e-01
3.419742020845043129e+01 5.179771791871016218e-01 2.587184018059455193e-01
3.906060850118171857e+01 4.246260817422696232e-01 2.783796825028634903e-01