1.072350848389373853e-03 2.727269849595829410e+00 6.526415110258210461e+01
1.227521835693445081e-03 2.727308053368629359e+00 5.701051411080734965e+01
1.405146328151249142e-03 2.727358146043378895e+00 4.979969588668602398e+01
1.608473386057161086e-03 2.727423840773216313e+00 4.349979679502730789e+01
1.841222214243088979e-03 2.727510019999814350e+00 3.799557886002671836e+01
2.107650192790785915e-03 2.727623110638451642e+00 3.318635754165282492e+01
2.412630751903665875e-03 2.727771584654400616e+00 2.898415955344912120e+01
2.761742515404710420e-03 2.727966630595666242e+00 2.531211293682588703e+01
3.161371343449777358e-03 2.728223060788289800e+00 2.210303980617720754e+01
3.618827140994668873e-03 2.728560547993173380e+00 1.929822580779589813e+01
4.142477568645579721e-03 2.729005330539429064e+00 1.684634343609954499e+01
4.741901101696491261e-03 2.729592597888385264e+00 1.470250894949046483e+01
5.428062237068985094e-03 2.730369889788077931e+00 1.282745469462169474e+01
6.213512052993511517e-03 2.731402051970095002e+00 1.118680008936023462e+01
7.112617790016867794e-03 2.732778669991333231e+00 9.750405072346000068e+00
8.141825652771010960e-03 2.734625621176479893e+00 8.491788902297354724e+00
9.319961639603706674e-03 2.737123828749780774e+00 7.387593346965465990e+00
1.066857590276719739e-02 2.740541417529248847e+00 6.417058910058107912e+00
1.221233693811046850e-02 2.745292809490124331e+00 5.561455757386180920e+00
1.397948281468882128e-02 2.752057684772494017e+00 4.803336037752803378e+00
1.600233769806362963e-02 2.762052657714471948e+00 4.125235688553898328e+00
1.831790311539994304e-02 2.777782600513624800e+00 3.506510077599108932e+00
2.096853477762701534e-02 2.805978499502334245e+00 2.911562712104053929e+00
2.400271733891381348e-02 2.897606879992769890e+00 2.173141620484936531e+00
2.747595126515529201e-02 2.658719183145547227e+00 2.334131876476591927e+00
3.145176803383342712e-02 2.401867810091958599e+00 2.690538147869841801e+00
3.600289223502069202e-02 2.409991559472523193e+00 2.303308413735360105e+00
4.121257183037057431e-02 2.427896778065915306e+00 1.943990074364142950e+00
4.717610090284118929e-02 2.513561674314573668e+00 1.542579844552325330e+00
5.400256275088768931e-02 2.176562225694775421e+00 1.256346066199298228e+00
6.181682521134190811e-02 2.377715622057697153e+00 1.381774060410677629e+00
7.076182470889830212e-02 2.405402337904816612e+00 1.226911716135681729e+00
8.100118081143617421e-02 2.543795556270804337e+00 1.147325962324854842e+00
9.272218911593307911e-02 1.842783840155103325e+00 9.119818263937673475e-01
1.061392472100484569e-01 2.057786456260469965e+00 1.035827477998733093e+00
1.214977763761614094e-01 2.243387435854415912e+00 1.071891008677884338e+00
1.390787107726367267e-01 2.209172226428071983e+00 9.838532663514450993e-01
1.592036362072378752e-01 2.272998888435433518e+00 8.426746720878598440e-01
1.822406724997715499e-01 2.330255000983881608e+00 8.961060101402613665e-01
2.086112070325884527e-01 2.409361232648535189e+00 9.100147265760898385e-01
2.387976026572665167e-01 2.302695558464065595e+00 7.587634217310689211e-01
2.733520209484699981e-01 2.228147286522626391e+00 7.505212056875821824e-01
3.129065221976133904e-01 2.269836952927090312e+00 6.984324980280590678e-01
3.581846268927447730e-01 2.185238800555988181e+00 6.397586841083879872e-01
4.100145501641873635e-01 2.322645910876215858e+00 6.532523255693157838e-01
4.693443512769199799e-01 2.316590055517792290e+00 5.713133431641439497e-01
5.372592752802106686e-01 2.219819326895065448e+00 5.500305016936778424e-01
6.150016040233771131e-01 2.019563223512377714e+00 6.098811131288008891e-01
7.039933796472108707e-01 2.137739447289331629e+00 5.740478936658334197e-01
8.058624162031668980e-01 2.063808507147867566e+00 5.239489295415056258e-01
9.224720751979861300e-01 2.037890927423684495e+00 4.996095631011389648e-01
1.055955349710146596e+00 1.814069837349168601e+00 5.156311753893224603e-01
1.208753880535800240e+00 1.816921077091180781e+00 4.530781237209430823e-01
1.383662618037226011e+00 2.044913883970489898e+00 4.603489351504962968e-01
1.583880946636536002e+00 1.745858695399807869e+00 4.326871615826805018e-01
1.813071207110371175e+00 1.750082774235939498e+00 3.817671982650471807e-01
2.075425687159933030e+00 1.617483958071687322e+00 3.517190380172292574e-01
2.375743305630172664e+00 1.619823692001344684e+00 3.578025695206031309e-01
2.719517393065607802e+00 1.759962591778563734e+00 3.827560915783049245e-01
3.113036174261516464e+00 1.673163895531369016e+00 3.778122387861971854e-01
3.563497790810777222e+00 1.545482727623645580e+00 3.571441510038975142e-01
4.079141967608412855e+00 1.555808777689108968e+00 3.559231285525208399e-01
4.669400731722747722e+00 1.543068905953832726e+00 3.441666868219662723e-01
5.345070940542951732e+00 1.549487540151040177e+00 3.268155227746292746e-01
6.118511775042294154e+00 1.388345031792431072e+00 3.221066464023142895e-01
7.003870810651657841e+00 1.352524682575863224e+00 3.078077787792699582e-01
8.017342800972091510e+00 1.203505286446806988e+00 2.671875962529307591e-01
9.177465907929626354e+00 1.026691822341439186e+00 2.451152614467843049e-01
1.050546079693614132e+01 1.021310675208113139e+00 2.401255116722940675e-01
1.202561879969541181e+01 1.006360375182985711e+00 2.491504055353660763e-01
1.376574624482574372e+01 8.868071136087050110e-01 2.353691349912943875e-01
1.575767308387770171e+01 8.676166881033336997e-01 2.485841673916185934e-01
1.803783511639958803e+01 8.005358439293578376e-01 2.492537735171290181e-01
2.064794046395786964e+01 7.409645176704424685e-01 2.708324862920931664e-01
2.363573248407913496e+01 6.333453805284160465e-01 2.313401603288731123e-01
2.705586307913394961e+01 5.451371626583009222e-01 3.482663364583459820e-01
3.097089237449810639e+01 5.444529002261578876e-01 2.736693960423863259e-01
3.545243305183991822e+01 5.542455439305599141e-01 2.680768391847693777e-01
4.058246026937607098e+01 3.730272525619481305e-01 3.011754002052280943e-01
4.645481112981087790e+01 2.783874813487891564e-01 2.400286844976999012e-01
