1.071863859227281928e-03 2.313482915391974704e+00 6.326851672130163706e+01
1.225920406207922468e-03 2.313461082985729167e+00 5.531566443638607211e+01
1.402119149199078287e-03 2.313432510671947995e+00 4.836190587903896443e+01
1.603642535514914706e-03 2.313395112488309646e+00 4.228164404493119122e+01
1.834130418361164727e-03 2.313346153130686478e+00 3.696505857705773934e+01
2.097745798740328904e-03 2.313282043109241126e+00 3.231612213320595828e+01
2.399250016290922945e-03 2.313198067403164693e+00 2.825086583371957971e+01
2.744088747134491423e-03 2.313088024611310800e+00 2.469586243599027853e+01
3.138490361996973919e-03 2.312943744722628647e+00 2.158689980376625073e+01
3.589578421118433914e-03 2.312754440648285836e+00 1.886782065742301029e+01
4.105500337799519034e-03 2.312505829171523253e+00 1.648950756352464708e+01
4.695574534465883978e-03 2.312178927177213072e+00 1.440899469863571980e+01
5.370458749138015339e-03 2.311748381978736333e+00 1.258869013394338587e+01
6.142342532205970554e-03 2.311180118133023154e+00 1.099569425577556459e+01
7.025167410326361994e-03 2.310427954744063150e+00 9.601201456846439442e+00
8.034878693973925706e-03 2.309428623596581520e+00 8.379973357944349388e+00
9.189713476717976254e-03 2.308094212776949927e+00 7.309872423987804346e+00
1.051053002797779946e-02 2.306300289729309227e+00 6.371444623036052413e+00
1.202118452864722742e-02 2.303866412278214870e+00 5.547538044857267536e+00
1.374896195407099286e-02 2.300522429596999707e+00 4.822939441295017282e+00
1.572506888684821122e-02 2.295846310700726978e+00 4.183997962920213531e+00
1.798519716049574307e-02 2.289139562307126230e+00 3.618171635062060520e+00
2.057016851432929075e-02 2.279148430480278265e+00 3.113331793904261069e+00
2.352667190311973078e-02 2.263332635271150028e+00 2.656301541103889274e+00
2.690810677858421207e-02 2.235381963619469836e+00 2.228357222405625393e+00
3.077554757380189521e-02 2.170404237773778444e+00 1.779106824594576697e+00
3.519884681077432159e-02 2.122500306613752663e+00 1.427241619940604833e+00
4.025789675511859400e-02 2.383290734163308056e+00 1.629025387293086879e+00
4.604407240551115776e-02 2.632161567102605293e+00 1.856885548735386138e+00
5.266188188071199705e-02 2.642890283904340443e+00 1.533841356699217950e+00
6.023085401295043967e-02 2.617007356987036015e+00 1.212949401362695578e+00
6.888769724080168189e-02 2.681704308767087319e+00 1.222497663974901005e+00
7.878876879481083728e-02 2.882043256759994510e+00 1.166130623419821655e+00
9.011289877353309552e-02 2.306497955564719149e+00 9.513035750720845174e-01
1.030646201175800525e-01 2.014963293817557233e+00 8.209426438606906018e-01
1.178778628204660978e-01 2.450462633988701011e+00 1.128548769300623755e+00
1.348201790999516425e-01 2.599806322837385775e+00 1.107523529184994526e+00
1.541975758436233690e-01 2.601049031587656213e+00 8.967276309708435145e-01
1.763600416108518643e-01 2.380048891705061287e+00 8.392342620916285467e-01
2.017078680181314809e-01 2.128419112965645343e+00 7.604912563437667972e-01
2.306988796827117438e-01 2.162626469279465891e+00 6.984712673069563005e-01
2.638567033095315928e-01 2.162035708215471974e+00 6.229978089141906539e-01
3.017802252751531356e-01 2.462676675347210242e+00 6.796155508406312995e-01
3.451544085286550878e-01 2.556611534843126421e+00 6.855142492147400235e-01
3.947626641810130788e-01 2.545697370907849422e+00 7.042344742058301854e-01
4.515010012347951962e-01 2.503522169804540010e+00 6.467090749327109034e-01
5.163942100222234100e-01 2.145820729525854453e+00 5.764403144568984727e-01
5.906143716518639231e-01 2.182584920428213504e+00 6.105554186928923155e-01
6.755020277758616576e-01 2.138577736783269234e+00 4.970441776558285896e-01
7.725903930395174868e-01 2.111954607549043850e+00 5.028733898120791856e-01
8.836330475310018029e-01 1.978754744813096211e+00 4.568525584872594747e-01
1.010635609403685686e+00 2.000338665056701881e+00 4.439265466486760903e-01
1.155891959732214813e+00 1.928981701612456190e+00 4.522341798928325440e-01
1.322025673884500208e+00 1.923155827812833563e+00 4.977574183473515435e-01
1.512037407730275618e+00 1.980438935181541460e+00 5.135936636548816825e-01
1.729359094561299770e+00 1.933865818915776025e+00 4.448166955460460259e-01
1.977915931611245348e+00 1.891515814922264394e+00 4.208987687079918660e-01
2.262197275756662407e+00 1.669728762135314293e+00 3.801109501658683776e-01
2.587337728895296785e+00 1.696532373484166190e+00 3.461025417279918748e-01
2.959209877540829758e+00 1.618043193898367038e+00 3.430772583585814939e-01
3.384530361667979381e+00 1.682033689538215082e+00 3.967542440224831046e-01
3.870981188590715050e+00 1.785360401963907773e+00 4.635328268214485847e-01
4.427348483007392588e+00 1.823839166338279361e+00 4.196354019528591994e-01
5.063681179273318733e+00 1.764441145088787355e+00 3.789014373865552954e-01
5.791472522151586588e+00 1.610923073772976499e+00 3.820381521356359666e-01
6.623867654252730830e+00 1.511917294424862446e+00 3.876880166989257193e-01
7.575901039543458282e+00 1.298072715019638501e+00 3.276096380601614677e-01
8.664768011194590613e+00 1.200248408212738482e+00 3.072506195872329871e-01
9.910135348381670539e+00 1.070811548166009874e+00 2.821374977335454060e-01
1.133449649158049510e+01 1.088171801220992219e+00 3.058702374805352120e-01
1.296357781214661564e+01 1.105019120912388297e+00 3.020478374648744024e-01
1.482680327409463672e+01 9.797771681461691085e-01 3.473667834198981841e-01
1.695782588065491225e+01 9.039110344702910860e-01 3.175320959067955973e-01
1.939513550443118817e+01 9.122432477040072207e-01 3.007042545726662519e-01
2.218275407960018697e+01 8.575470174981505433e-01 2.669713808926678644e-01
2.537103071249978115e+01 7.304670155480140759e-01 2.322658447037401208e-01
2.901755107164800762e+01 6.884097155611984542e-01 3.177945964806077050e-01
3.318817748231475662e+01 6.364330460075554585e-01 4.872446546727106642e-01
3.795823851151297390e+01 3.574839975962607608e-01 3.941761129850965273e-01
4.341388952932690870e+01 3.157567230070152386e-01 2.520120028845538873e-01