2.228380104189927380e+01 1.780417804483156630e+01
2.586472525921345778e+01 1.780417465584844194e+01
3.002109072311015936e+01 1.780417008520745981e+01
3.484536870864941704e+01 1.780416391816150323e+01
4.044489028198553626e+01 1.780415559216449140e+01
4.694423421370792937e+01 1.780414434386284128e+01
5.448799862100351277e+01 1.780412913161649868e+01
6.324401800243951044e+01 1.780410852918683773e+01
7.340709723830975975e+01 1.780408057068668981e+01
8.520334563099410730e+01 1.780404252112862906e+01
9.889520740953619793e+01 1.780399052259133086e+01
1.147873006176585875e+02 1.780391901662313003e+01
1.332331942894351471e+02 1.780381971990246015e+01
1.546432746919705039e+02 1.780367956746431801e+01
1.794938756441162298e+02 1.780347574125506327e+01
2.083378760435568324e+02 1.780315953757571279e+01
2.418170003772117411e+02 1.780256414587028857e+01
2.806760958780585042e+02 1.780145851407429092e+01
3.257797039681294677e+02 1.780329380001494144e+01
3.781312946709646212e+02 1.780263124178864942e+01
4.388955919228403104e+02 1.780162674688065039e+01
5.094244864787484630e+02 1.779973485933985700e+01
5.912871129263014609e+02 1.779789290835065785e+01
6.863047599642737850e+02 1.779776134885646144e+01
7.965913906334824333e+02 1.779662708334274512e+01
9.246006739985566583e+02 1.778619192001249161e+01
1.073180574646613195e+03 1.779478449324746236e+01
1.245636714515993390e+03 1.778226812700260595e+01
1.445805916735985647e+03 1.779435559946933409e+01
1.678141567688950772e+03 1.777996815305482414e+01
1.947812696439379124e+03 1.777906566417107115e+01
2.260818975859891907e+03 1.778312216524040679e+01
2.624124204011854999e+03 1.777022827987318720e+01
3.045811235489025421e+03 1.776379988758042217e+01
3.535261809653758974e+03 1.773413018921500850e+01
4.103365276604124119e+03 1.777701089534032519e+01
4.762760864630136894e+03 1.782000960691071256e+01
5.528118879152092632e+03 1.781310223050096653e+01
6.416467089285828479e+03 1.781259773200669017e+01
7.447569563519046824e+03 1.782047850921098942e+01
8.644366382876414718e+03 1.781256149849287596e+01
1.003348401436019412e+04 1.786576127271650449e+01
1.164582769951072805e+04 1.782856129988932992e+01
1.351726903761253016e+04 1.792443370970642391e+01
1.568944406097256797e+04 1.801109741474494541e+01
1.821067955793716101e+04 1.804108505508618521e+01
2.113706825258364552e+04 1.805808850124613585e+01
2.453371676180263603e+04 1.805922613436759860e+01
2.847619409445694328e+04 1.812536142594197841e+01
3.305221291898549680e+04 1.826587183604359765e+01
3.836358100447853212e+04 1.839211788170693396e+01
4.452846625109904562e+04 1.858998440765099502e+01
5.168402570249629207e+04 1.882079436941936024e+01
5.998945703076772770e+04 1.902998783249843839e+01
6.962954038374204538e+04 1.935827729321211521e+01
8.081874939399032155e+04 1.971330604506155737e+01
9.380602281174474047e+04 2.006169563728526128e+01
1.088803029215385177e+05 2.047125284128303946e+01
1.263769639618675283e+05 2.085307554886848891e+01
1.466852735680603946e+05 2.124106488500708423e+01
1.702570532413568872e+05 2.183369308470010139e+01
1.976167305232610088e+05 2.243673658377879931e+01
2.293730065170484013e+05 2.287687811594150489e+01
2.662323983367243200e+05 2.344112948109332706e+01
3.090149577773265773e+05 2.396384769296310679e+01
3.586725159172749263e+05 2.460645917726798615e+01
4.163098595606784220e+05 2.513098957295157021e+01
4.832093106554202968e+05 2.546001629005591127e+01
5.608592555326074362e+05 2.611467753711587392e+01
6.509872586890362436e+05 2.638342059148557794e+01
7.555984978317397181e+05 2.667671568056505293e+01
8.770203752917118836e+05 2.707126584786175272e+01
1.017954298326433403e+06 2.791058441237850474e+01
1.181535780325050466e+06 2.879823530335469428e+01
1.371404200054423651e+06 2.932051551451391092e+01
1.591783770957409171e+06 3.005486692832178619e+01
1.847577521917200182e+06 3.115878096684987497e+01
2.144476380382091738e+06 3.235917731715049683e+01
2.489085784744013567e+06 3.322949434011692915e+01
2.889072642856916878e+06 3.605945151756183975e+01
