2.228606124757984475e+01 1.731455433524332932e+01
2.587223278493949508e+01 1.731455027980678452e+01
3.003547472305313093e+01 1.731454481300454518e+01
3.486864660418109452e+01 1.731453744364455005e+01
4.047955050545910893e+01 1.731452750810560559e+01
4.699333552359705379e+01 1.731451411169178556e+01
5.455528917831103541e+01 1.731449604603148273e+01
6.333407799569035035e+01 1.731447167814642896e+01
7.352550955148963396e+01 1.731443880009317127e+01
8.535689988530431549e+01 1.731439442230266579e+01
9.909214369915575560e+01 1.731433449063518637e+01
1.150376004293554786e+02 1.731425349505656541e+01
1.335489274782617599e+02 1.731414392465177343e+01
1.550390130185884914e+02 1.731399549919206038e+01
1.799871853084754889e+02 1.731379406977143987e+01
2.089499039276225574e+02 1.731352001282267139e+01
2.425731713984793316e+02 1.731314581977848022e+01
2.816069420290235712e+02 1.731263234328367062e+01
3.269218493609346297e+02 1.731192264811948434e+01
3.795286253225900737e+02 1.731093118638832351e+01
4.406006442237727470e+02 1.730952250903077783e+01
5.115000944273930372e+02 1.730746009382545125e+01
5.938083614475015111e+02 1.730419725232664163e+01
6.893613001571379755e+02 1.729955013733433589e+01
8.002901828393230517e+02 1.729325875256505185e+01
9.290692364120310458e+02 1.728109575179583146e+01
1.078570829127034131e+03 1.725361157890144881e+01
1.252129537661132190e+03 1.728431709181105802e+01
1.453616523592093472e+03 1.733296553560077413e+01
1.687525878198563078e+03 1.733315535356489434e+01
1.959074861472165594e+03 1.731932002612380472e+01
2.274320271135177791e+03 1.731855863621581548e+01
2.640293537230853872e+03 1.731708406396181488e+01
3.065157555520319875e+03 1.728903476104606796e+01
3.558388757795848505e+03 1.732242967020172841e+01
4.130988480120215172e+03 1.733065872885822145e+01
4.795728343481064258e+03 1.732561063312073912e+01
5.567435119983278128e+03 1.728312614038722472e+01
6.463321438412414864e+03 1.722584363536384444e+01
7.503369705432148294e+03 1.714777909745761875e+01
8.710777805633326352e+03 1.728612161434847394e+01
1.011247652160624239e+04 1.748204602785121153e+01
1.173973021489582243e+04 1.747020081695214344e+01
1.362883416580201629e+04 1.759627975961046786e+01
1.582192412592683104e+04 1.749539029660836675e+01
1.836791614023238799e+04 1.761872838794288398e+01
2.132359760098686093e+04 1.767919476315626781e+01
2.475489386914523493e+04 1.775896327093456151e+01
2.873833871467746940e+04 1.776408020394849885e+01
3.336278137346129370e+04 1.819977192557787760e+01
3.873136829600026977e+04 1.839761781889419012e+01
4.496384379012527643e+04 1.855222874691487078e+01
5.219922087264781294e+04 1.880577795044752776e+01
6.059888190230455803e+04 1.897565015943475331e+01
7.035017815244222584e+04 1.927324430546273248e+01
8.167060861055497662e+04 1.963788891731208253e+01
9.481267121122284152e+04 2.008464461906160992e+01
1.100694947073734074e+05 2.045799658561827883e+01
1.277813767966325395e+05 2.091241998156432658e+01
1.483433743332082813e+05 2.145675932391872820e+01
1.722141149221228843e+05 2.195995331919167626e+01
1.999260264350811485e+05 2.244660028169252541e+01
2.320972126134716964e+05 2.292467643314703096e+01
2.694452396393478266e+05 2.351201664040944195e+01
3.128031411786611425e+05 2.403949303069403953e+01
3.631379988832018571e+05 2.456281325078439792e+01
4.215725127823374351e+05 2.509022904573986068e+01
4.894100426840101136e+05 2.550145234048004284e+01
5.681636791240047896e+05 2.591147150894214946e+01
6.595899922800505301e+05 2.637328377142337033e+01
7.657282116075630765e+05 2.687082381288719546e+01
8.889457100840404164e+05 2.786512318491441675e+01
1.031990807571041398e+06 2.837336312248167047e+01
1.198054071052827640e+06 2.896655302256413123e+01
1.390839479030386312e+06 2.954052191311246744e+01
1.614647037365825614e+06 3.046289789263472869e+01
1.874468689292416442e+06 3.116908616562719914e+01
2.176099658826896921e+06 3.193277506924490083e+01
2.526267711056879722e+06 3.209986989384785261e+01
2.932783212405360304e+06 3.599174666174335613e+01
