1.078993275798737460e-03 9.643908702611021511e+00 5.530100132733623468e+02
1.249459702639042075e-03 9.643940071064264430e+00 4.775558363288924966e+02
1.446857532418990150e-03 9.643982141425059496e+00 4.123951059587920440e+02
1.675441564618697886e-03 9.644038568355350449e+00 3.561233184536704357e+02
1.940138799815882466e-03 9.644114258566084175e+00 3.075275658119666673e+02
2.246654638419256101e-03 9.644215798627930880e+00 2.655603918280622224e+02
2.601595857373586139e-03 9.644352038141029482e+00 2.293172146154581981e+02
3.012613015530313069e-03 9.644534871693887013e+00 1.980168280754495811e+02
3.488565357151615035e-03 9.644780301498094843e+00 1.709845625876120323e+02
4.039711767950409510e-03 9.645109879241564599e+00 1.476377413734213633e+02
4.677931899616630945e-03 9.645552673538537292e+00 1.274731188938946076e+02
5.416982229044886230e-03 9.646147970890948997e+00 1.100560300431156264e+02
6.272792571476486917e-03 9.646949009550596088e+00 9.501101537739526748e+01
7.263809438730310306e-03 9.648028194896660636e+00 8.201371906822753033e+01
8.411393643416500282e-03 9.649484478610192539e+00 7.078388274521137191e+01
9.740280719268789092e-03 9.651453976503914234e+00 6.107928051147320758e+01
1.127911408169742988e-02 9.654125580044107480e+00 5.269045793335347838e+01
1.306106242053932387e-02 9.657764550593558539e+00 4.543614988602227101e+01
1.512453463255969410e-02 9.662749441339999024e+00 3.915925633240644288e+01
1.751400770367437035e-02 9.669632464267637673e+00 3.372324506343641559e+01
2.028098538542948831e-02 9.679243802732630186e+00 2.900880931980602639e+01
2.348510832947226651e-02 9.692885047637213702e+00 2.491048779307299554e+01
2.719543960833870760e-02 9.712722701910850631e+00 2.133259804736105281e+01
3.149195333123751273e-02 9.742697606479561401e+00 1.818263503805898296e+01
3.646725844110832587e-02 9.791071299744867673e+00 1.535519266993900622e+01
4.222859484843291544e-02 9.880489729027917889e+00 1.266628504819813017e+01
4.890014492734368751e-02 1.018254856683886267e+01 8.747276033579144183e+00
5.662571019703144942e-02 8.896755731002796708e+00 1.263213268216782126e+01
6.557181088281839598e-02 8.899842218588617015e+00 1.089316353023154527e+01
7.593127516619660455e-02 8.904337558587464230e+00 9.387481942796913614e+00
8.792739548810295236e-02 8.911159062205209480e+00 8.081224045620597707e+00
1.018187414922156753e-01 8.922285581643375707e+00 6.942801927653931671e+00
1.179047333485655213e-01 8.943376729253298407e+00 5.936622359159829720e+00
1.365320955873250974e-01 9.011099098078924285e+00 4.957794397966340583e+00
1.581023305515433242e-01 8.927954596689625433e+00 4.455239073874659894e+00
1.830803725549057237e-01 8.829712511848130774e+00 4.007696116763867167e+00
2.120046092800361159e-01 8.843742981219678612e+00 3.441844220150708900e+00
2.454984864229589059e-01 8.873800761206629417e+00 2.943639645778390879e+00
2.842839457153216731e-01 8.914278339738679335e+00 2.505216612983954150e+00
3.291969859734088510e-01 8.819437897669242687e+00 2.158932757079775833e+00
3.812056825836298013e-01 8.837037570957358312e+00 1.796603403618312278e+00
4.414310538243789717e-01 8.732394363961224926e+00 1.580022520355416127e+00
5.111712237861316677e-01 8.798758363736158827e+00 1.409152649561222770e+00
5.919294027079633480e-01 8.991841409578311684e+00 1.228717841215981155e+00
6.854462878309474094e-01 8.823971898009943970e+00 1.053653735842955408e+00
7.937375831506485735e-01 8.767709268331772776e+00 9.059183589141458492e-01
9.191374467859328989e-01 8.525716504267006002e+00 7.941332515239711842e-01
1.064348802447749875e+00 8.376871598485317705e+00 7.022747508001244698e-01
1.232501599443371232e+00 8.330143770477247855e+00 6.427622011337574826e-01
1.427220276977800850e+00 8.298722660152440866e+00 5.721206793085608089e-01
1.652701886907515405e+00 8.107834861407347660e+00 5.212741605002996215e-01
1.913806558838672789e+00 7.983983700511405601e+00 4.704293237343743495e-01
2.216162257494224352e+00 7.845945056463402345e+00 4.442586809472610643e-01
2.566286090336210357e+00 7.842134468871442721e+00 4.130911650075402286e-01
2.971724780160991841e+00 7.500516557549454788e+00 3.866410204022467934e-01
3.441217330475391023e+00 7.228234070415780366e+00 3.694574756506717184e-01
3.984883389814663168e+00 6.954703860601957111e+00 3.612125789213546101e-01
4.614441375089535669e+00 6.742482832533824855e+00 3.573775916441054856e-01
5.343461055488640810e+00 6.594046495963142185e+00 3.703682603610222723e-01
6.187656041240691351e+00 5.959636750881451839e+00 3.640701996509894123e-01
7.165222481667585797e+00 5.618621310661111146e+00 3.688755174579264051e-01
8.297231272974947558e+00 5.346134617719609849e+00 3.661446613152469221e-01
9.608082229598986501e+00 5.001433265387444926e+00 3.666534921986179807e-01
1.112603000851830259e+01 4.469447708494189264e+00 3.596261180222141141e-01
1.288379312253411868e+01 4.295640262553090949e+00 3.768733014780682455e-01
1.491925916945854524e+01 3.993556661721223477e+00 3.972925270194177516e-01
1.727630147803030525e+01 3.855878970245463222e+00 4.043087371947960973e-01
2.000572477290264573e+01 3.542627466945780679e+00 4.317488174879314244e-01
2.316636024198171384e+01 3.177932306188067990e+00 4.205655182521939595e-01
2.682633360967724201e+01 2.949821619620245805e+00 3.838339345000935654e-01
3.106453354867355543e+01 2.616575304001320657e+00 3.892943799922734538e-01
3.597231208101256072e+01 2.358148211543698913e+00 3.610994842974650787e-01
4.165545361967991056e+01 1.984621223338709717e+00 3.299466581796209330e-01
4.823645509228164485e+01 1.861113692462313951e+00 4.098300089406010094e-01
5.585716629359767182e+01 1.590334119050799799e+00 4.079115025662813365e-01
6.468184737832986286e+01 1.686341641138695335e+00 3.963025724313218867e-01
7.490070939658627935e+01 1.507896400527065639e+00 4.757309932258441121e-01
8.673401418635752691e+01 1.234110721648809195e+00 4.402230046084375514e-01
1.004368219938666016e+02 8.474880628108697467e-01 4.089176644578410569e-01
1.163044891540868093e+02 8.850314908726603091e-01 5.155872492181481359e-01
