1.078615980436982685e-03 9.312145595552026478e+00 6.564061902644814381e+02
1.248208886071084777e-03 9.312147146226003258e+00 5.672208225920618361e+02
1.444467216808349979e-03 9.312149221147574707e+00 4.901529652268403083e+02
1.671583629725286813e-03 9.312152000337064806e+00 4.235562216524268138e+02
1.934410001591814910e-03 9.312155722192239082e+00 3.660078888140185427e+02
2.238561079276307330e-03 9.312160706563393120e+00 3.162785645104713126e+02
2.590534427307062369e-03 9.312167381843728720e+00 2.733058836501527367e+02
2.997849235024068262e-03 9.312176321683567792e+00 2.361718229445212387e+02
3.469206948651420291e-03 9.312188294436277047e+00 2.040830892740889624e+02
4.014677159865469303e-03 9.312204329600360708e+00 1.763541726088387520e+02
4.645912721987041638e-03 9.312225805930717470e+00 1.523927014450763409e+02
5.376398689314367853e-03 9.312254571048940832e+00 1.316867880511725559e+02
6.221740397675486201e-03 9.312293100333908669e+00 1.137940929922792037e+02
7.199996840450769917e-03 9.312344711854260382e+00 9.833237548505782399e+01
8.332066461961204484e-03 9.312413853607921510e+00 8.497132757907661471e+01
9.642133609907571276e-03 9.312506491013287757e+00 7.342551780717492704e+01
1.115818518440210572e-02 9.312630628194581206e+00 6.344829351284148800e+01
1.291260852074048449e-02 9.312797011964951466e+00 5.482651160591007056e+01
1.494288327845439031e-02 9.313020084056715220e+00 4.737598516736404264e+01
1.729238211743656939e-02 9.313319274535352577e+00 4.093754863375951913e+01
2.001129726594301494e-02 9.313720765798814583e+00 3.537365748252730668e+01
2.315771277469906575e-02 9.314259913822592551e+00 3.056544977328852397e+01
2.679884536362108632e-02 9.314984597569896607e+00 2.641020674357664433e+01
3.101248036930141783e-02 9.315959901333036086e+00 2.281915817857818496e+01
3.588863346933204856e-02 9.317274749828365898e+00 1.971558561517828068e+01
4.153147368280217522e-02 9.319051476851578641e+00 1.703318276967420886e+01
4.806154872793466648e-02 9.321459937852827338e+00 1.471463801362651047e+01
5.561836027706747176e-02 9.324738926539930972e+00 1.271040836324836576e+01
6.436334412402547334e-02 9.329229865627851837e+00 1.097765835135815315e+01
7.448331892905184215e-02 9.335432253504958311e+00 9.479340323940451896e+00
8.619447721666764761e-02 9.344100244306661196e+00 8.183395038945214139e+00
9.974700388595067468e-02 9.356423461605260172e+00 7.062052609508020495e+00
1.154304208982417507e-01 9.374398883033265406e+00 6.091212976968049198e+00
1.335797723205795207e-01 9.401700279155420503e+00 5.249880452004717313e+00
1.545827818556421152e-01 9.446132496423093272e+00 4.519618902803093086e+00
1.788881357641572412e-01 9.529166671769548458e+00 3.884069349522760728e+00
2.070150681274439131e-01 9.770041873614665917e+00 3.332780121745730462e+00
2.395644532195795873e-01 9.618871505532503363e+00 2.671079775146858903e+00
2.772316419549935018e-01 9.129616935728236626e+00 2.454112421588109161e+00
3.208213166358863666e-01 8.839199468444252972e+00 2.157029149103109944e+00
3.712646813407142754e-01 8.888975554990956596e+00 1.801630392331191821e+00
4.296393551911626418e-01 8.903848531315627923e+00 1.502393606255723268e+00
4.971923934764954645e-01 8.930385482993891344e+00 1.338501236670449179e+00
5.753669284344251622e-01 8.677837271508261452e+00 1.225354759603206389e+00
6.658329988142006606e-01 8.617689735831891795e+00 1.059167061613750294e+00
7.705232268323504163e-01 8.652866608502606027e+00 9.571008353424748094e-01
8.916741046861365039e-01 8.695955292184509133e+00 8.392301957287950920e-01
1.031873772626475727e+00 8.616473681906557047e+00 7.271875352752830146e-01
1.194117309270952720e+00 8.352632422756613551e+00 6.546934503040620079e-01
1.381870715321168452e+00 8.361545870054955643e+00 5.725316851175178412e-01
1.599144957565425518e+00 8.216943042867992375e+00 5.247649084946726106e-01
1.850581654965152367e+00 8.098622687682530241e+00 4.687593020989165860e-01
2.141552237332712050e+00 7.851490346791965891e+00 4.265234897088025501e-01
2.478272694922563080e+00 7.708366017728515374e+00 4.093454923762844810e-01
2.867936370325645079e+00 7.390908507790532767e+00 3.825893536381425042e-01
3.318867629493709170e+00 7.243848547385381309e+00 3.568276232563453720e-01
3.840699694760135952e+00 6.882116413787587206e+00 3.456271234854300101e-01
4.444580438895314067e+00 6.608522100138019439e+00 3.489939623788832490e-01
5.143410536564896773e+00 6.447352232161340346e+00 3.563416320816881200e-01
5.952119060808811923e+00 6.046262076070754610e+00 3.514149682520135154e-01
6.887982412095089657e+00 5.621535944740487345e+00 3.569913401806293907e-01
7.970993393214189204e+00 5.521634094698953277e+00 3.806640040018194338e-01
9.224288314542683054e+00 5.062382115960401663e+00 3.870151133265261056e-01
1.067464125390503682e+01 4.677313756388954857e+00 3.840014944136481700e-01
1.235303602988265581e+01 4.366004880821096279e+00 4.090959707269108403e-01
1.429532810760784933e+01 4.121860218867804626e+00 3.954083696868630482e-01
1.654301057730374680e+01 3.878602728295426960e+00 4.151650317168116833e-01
1.914410056913197877e+01 3.634218445976774348e+00 4.370139138885397179e-01
2.215416504078501703e+01 3.339474038759663976e+00 4.171000979933789377e-01
2.563750785167309587e+01 3.142074220489467606e+00 4.112642586952109935e-01
2.966854348311333922e+01 3.070563333161354880e+00 4.202640272000701116e-01
3.433338675123778927e+01 2.867688565371039111e+00 4.110781700694216556e-01
3.973169247357911615e+01 2.427336862831058539e+00 3.780704487026408933e-01
4.597878439004134066e+01 2.309115419363174659e+00 3.852509714571467625e-01
5.320811881828885248e+01 1.887128564228698790e+00 3.352851634998372798e-01
6.157413567450340253e+01 1.765067548373569384e+00 3.771784081009030287e-01
7.125555776572514333e+01 1.634688867797597034e+00 3.969234830608485698e-01
8.245920883639821852e+01 1.362982623557211781e+00 5.170426960422906948e-01
9.542443193386101541e+01 9.913674820016513678e-01 6.341736002319735555e-01
1.104282024821062009e+02 3.918488113327578404e-01 2.955415114646801067e-01