1.066340925265555403e-03 5.952374841568421893e+00 4.642967847241871482e+01
1.207825012526846141e-03 5.952211800176560708e+00 4.098452056968341850e+01
1.368081470306669418e-03 5.952002078234667870e+00 3.617634107851468883e+01
1.549601051464280597e-03 5.951732109661584502e+00 3.193040294059274586e+01
1.755204986557516028e-03 5.951384253441116989e+00 2.818070437991487864e+01
1.988088832235400654e-03 5.950935481683181649e+00 2.486895152757652738e+01
2.251872137516628541e-03 5.950355586428721644e+00 2.194365005808750979e+01
2.550654699881783026e-03 5.949604689321764006e+00 1.935930128710832321e+01
2.889080285527972827e-03 5.948629714896448206e+00 1.707568953273210610e+01
3.272408804144772559e-03 5.947359276133899364e+00 1.505724848904844038e+01
3.706598059972998540e-03 5.945696040891164103e+00 1.327249473375746192e+01
4.198396349745241521e-03 5.943504934620176705e+00 1.169351591284017644e+01
4.755447346692500549e-03 5.940594120361581965e+00 1.029549874263482678e+01
5.386408900754921687e-03 5.936682699097476146e+00 9.056275621432551048e+00
6.101087601424330306e-03 5.931342170659285706e+00 7.955852727710397865e+00
6.910591194633726453e-03 5.923881020043177514e+00 6.975840355823597072e+00
7.827501222601725844e-03 5.913089613425023927e+00 6.098580598240573636e+00
8.866068569851049547e-03 5.896573859616620616e+00 5.305314378623958937e+00
1.004243495463460686e-02 5.868462879919583486e+00 4.570499820875641106e+00
1.137488380825383769e-02 5.805013314724593698e+00 3.828201051252528408e+00
1.288412444150932069e-02 5.766228928650332541e+00 3.187002380170424143e+00
1.459361391488188733e-02 5.983812835567387189e+00 3.267612562352654404e+00
1.652992161504498320e-02 5.728187503920699974e+00 2.829393939840313177e+00
1.872314220406335467e-02 6.311173920658989189e+00 3.043077372904353428e+00
2.120736335945561796e-02 6.388522292929522450e+00 2.577953626960506561e+00
2.402119557487385898e-02 5.983407157099063234e+00 2.158157589294099843e+00
2.720837225571785117e-02 6.369760846326696146e+00 2.063705565764858640e+00
3.081842943654582168e-02 6.435491277516342201e+00 1.902973373220795850e+00
3.490747568464917100e-02 6.528278268092407188e+00 1.792948296578788847e+00
3.953906415585817236e-02 5.812854993925463454e+00 1.399939219162757320e+00
4.478518035632574057e-02 5.883577967161498279e+00 1.201363325086794775e+00
5.072736096237257658e-02 6.074552787160458323e+00 1.147591352399180753e+00
5.745796108741979547e-02 6.319769610167186968e+00 1.147671379180198903e+00
6.508158969224318857e-02 6.505413197526216607e+00 1.067337621832648908e+00
7.371673544811646606e-02 6.431177992481652339e+00 9.846580886760818441e-01
8.349760832248488696e-02 6.294455914702145272e+00 8.967476657236279625e-01
9.457622550963402930e-02 6.330626921703193410e+00 8.251952305705698709e-01
1.071247741264998998e-01 6.137895243147347912e+00 7.505107442051239808e-01
1.213382873953311597e-01 6.288568345278942040e+00 7.250939640621975046e-01
1.374376759072194476e-01 6.369683916839312232e+00 6.500650091307634826e-01
1.556731610792843612e-01 6.293717049428514621e+00 6.216662516283329998e-01
1.763281641693114077e-01 6.218550445837778717e+00 6.035487171064984890e-01
1.997237112920490776e-01 6.156437930554968574e+00 5.699723694071663349e-01
2.262234229012194398e-01 6.349396413975393116e+00 5.994821131884296994e-01
2.562391652852352708e-01 6.385429174760819393e+00 5.617690355345362763e-01
2.902374519138274378e-01 6.349689196495421406e+00 5.491403913960890559e-01
3.287466941271883769e-01 6.346544724953912642e+00 5.331022717500947250e-01
3.723654138599685748e-01 6.299375631912039530e+00 5.101142818905851639e-01
4.217715460446919140e-01 6.245458065199185782e+00 5.047726345934585579e-01
4.777329752752692560e-01 6.249973799477356984e+00 5.142106968516539922e-01
5.411194704945253564e-01 6.012729322319666281e+00 4.762205676821207878e-01
6.129162031981537639e-01 6.061521730999494650e+00 4.791592687047239729e-01
6.942390592589871012e-01 6.090849654347504583e+00 4.753604901780214553e-01
7.863519823524469654e-01 5.913750835641345738e+00 4.560633203215986864e-01
8.906866185397765978e-01 5.820416209253283846e+00 4.490680543485129905e-01
1.008864567330931106e+00 5.784530410054602889e+00 4.531498405656426143e-01
1.142722585059667395e+00 5.646889171375858218e+00 4.385992798018393257e-01
1.294341132289078766e+00 5.510668172204381321e+00 4.200164500418406832e-01
1.466076708939727080e+00 5.524562880200369896e+00 4.187304856671745235e-01
1.660598479702410701e+00 5.466722397958045043e+00 4.175173232577608085e-01
1.880929758978474808e+00 5.419268510781158454e+00 4.327182934346945897e-01
2.130495000118774129e+00 5.302971297797113515e+00 4.489004522782922280e-01
2.413173019281812159e+00 5.098130766931398661e+00 4.364588600015522069e-01
2.733357281131870486e+00 4.921040208608582489e+00 4.272664689933184379e-01
3.096024183355132742e+00 4.773653916089694249e+00 4.177146496321478830e-01
3.506810401291762247e+00 4.654774465195781197e+00 4.150734942298456298e-01
3.972100494796900527e+00 4.388516450924178969e+00 4.161608109734216132e-01
4.499126138942092012e+00 4.331917112236502554e+00 4.309499410864141566e-01
5.096078520829816938e+00 4.076855676185367372e+00 4.151191180301261885e-01
5.772235649425363491e+00 3.849885426129346033e+00 4.108726643483452401e-01
6.538106557092769222e+00 3.847596765785544104e+00 4.747459442163468601e-01
7.405594634057426795e+00 3.603330740858528003e+00 4.662350908299264240e-01
8.388182634387430170e+00 3.296029600691753103e+00 4.168497966974278879e-01
9.501142228910875787e+00 3.093170883094334744e+00 4.537262561197613620e-01
1.076177136200205453e+01 2.785169719829059698e+00 4.659269049094120207e-01
1.218966310130520014e+01 2.357932668999038306e+00 5.499963047872736821e-01
1.380701015893715677e+01 2.043257071003652836e+00 5.105535243826583303e-01
1.563894981712678600e+01 1.906308199788293578e+00 6.026280309811592462e-01
1.771395461922634240e+01 1.729955504198290805e+00 1.208702637416932291e+00
2.006427489832942257e+01 1.476013485686725968e+00 1.207193261792810945e+00