22.317478036476004 15.132546605791646
25.976689748517934 15.13253776954567
30.23587204557223 15.132525785913991
35.193397126682584 15.13250952782516
40.963766464204475 15.132487459753406
47.68025538693029 15.132457484841577
55.49799127356793 15.132416731489236
64.5975364520655 15.132361251074684
75.18905855721184 15.132285582666967
87.51718466717264 15.132182111140867
101.86665133252095 15.132040088953673
118.56888099365122 15.131844072261693
138.0096366787942 15.131571242931344
160.6379317793565 15.131186341562895
186.9764006872005 15.130630557167908
217.63336981927736 15.12979102087002
253.3169078280192 15.128378209701829
294.85117950815845 15.12457065325573
343.1954811179651 15.127074829505563
399.4663967641767 15.12898690226854
464.9635875855406 15.126004502758573
541.1998093748151 15.120022751742013
629.9358519412042 15.11385621483669
733.2212071901679 15.123309117443597
853.4414052108684 15.115807241742576
993.3731116691424 15.102918242565195
1156.248259062868 15.095605458495982
1345.8286930472013 15.090003686591409
1566.4930578984386 15.057814447274517
1823.3379278665263 14.991901984642737
2122.295520196389 15.09867106469633
2470.2707085767256 15.110570879678239
2875.3005015472495 15.04367340923734
3346.7396692572183 15.066862590263042
3895.476805903466 14.889069366635802
4534.185818133796 15.105478170785211
5277.6186479173475 15.282578884936001
6142.945990755384 15.47869761830421
7150.153878630267 15.507866692901388
8322.505287370235 15.579199441750777
9687.07742994396 15.618526432244707
11275.387145278859 15.642289740418533
13124.118826895263 15.691284470681406
15275.971703959342 15.806941661031221
17780.64604398059 15.822363968495612
20695.99105498343 15.967198632812234
24089.340999674074 16.16155371927578
28039.070381161942 16.400848996841834
32636.40411958092 16.58020538748166
37987.52452835274 16.83793380434424
44216.02375386729 17.10762205791922
51465.75832134997 17.436320784446163
59904.17171693186 17.782073998377967
69726.16174593518 18.18354201318006
81158.58198981076 18.61146865845494
94465.48132962185 18.984595224856577
109954.20255072329 19.531149930572436
127982.48088505115 20.08187762594913
148966.70644249715 20.61305433281909
173391.54136460513 21.182429744267793
201821.11382316757 21.844651830806683
234912.04740589843 22.494585333403926
273428.62682237563 23.24729281900897
318260.45020495926 23.98976734605327
370442.9757110361 24.726450764358567
431181.43698116683 25.306759712448894
501878.67981648183 26.06474042828447
584167.5630051221 26.433078244395723
679948.6716433662 27.23218667294068
791434.2139971312 27.751074303932015
921199.1157676494 28.66667938482214
1072240.491859978 29.294296729654494
1248046.8692439694 29.45905037434199
1452678.7597134323 30.508208672819443
1690862.4434921262 31.206818083324002
1968099.1297595308 32.183544700638876
2290792.015322365 32.99000872387253
2666394.1760422844 33.46612650915172
3103580.706793991 33.472546234347725
3612449.0857840567 33.03894579737629