22.316874940570514 14.935470743055596
25.974682726805373 14.935386893248701
30.23201700752791 14.93527313747198
35.187142108968 14.935118727308042
40.95442819737788 14.934908981288599
47.666991078161566 14.934623783204493
55.47976466659613 14.934235452713402
64.57307704641471 14.93370567030366
75.15681265592566 14.932980929741781
87.47525666986208 14.931985572710161
101.81273339104203 14.930610564780569
118.50016879260845 14.92869395123651
137.92272868211003 14.925982271087904
160.52870878531184 14.922034935655116
186.83988194341742 14.915825559656431
217.46354124929172 14.905623428881
253.10651709255416 14.900804305563668
294.5914916435771 14.870863783705179
342.8759873340329 14.87675797942598
399.07446761065023 14.901953327626089
464.48406007379856 14.86943866100765
540.6144957214557 14.79631478877602
629.2229553318324 14.720288569077763
732.3546272805056 14.458195694775982
852.3899129146005 15.311872408523616
992.0993690400632 15.312216977810007
1154.7076556598145 15.300087737623034
1343.9679649524505 15.31073064793705
1564.2486494006291 15.300979934608566
1820.6340485491135 15.289307707119502
2119.0418415936806 15.241773635213143
2466.3596344378725 15.412880739027798
2870.6039338089176 15.406041656756877
3341.105177744026 15.397290075069137
3888.7230931701934 15.356918328297944
4526.097351285994 15.326009361536393
5267.939306168931 15.408393172220876
6131.371550281545 15.500238290105152
7136.323124220211 15.590491428822332
8305.989502616523 15.642369992663355
9667.367973211609 15.67701465378748
11251.880766287588 15.739107970662406
13096.100317022805 15.784135870151697
15242.593400686344 15.830225810651484
17740.903624313796 15.915639220419372
20648.69495193765 16.04225205327064
24033.08265729149 16.166561088110498
27972.182423955295 16.339394762350647
32556.91334801134 16.472373617402454
37893.09645865098 16.789906758322726
44103.89719307758 17.048259753278288
51332.66820092446 17.374973736949926
59746.25809348635 17.697827343805486
69538.86250762234 18.090313642447303
80936.50637145419 18.50151091721857
94202.26082787014 18.939439387791534
109642.31522861865 19.41154820012339
127613.04434781878 19.934707871359375
148529.23393456082 20.44785607970855
172873.6544601098 21.0364067570992
201208.20403315575 21.72456816154527
234186.87767481557 22.433702783657097
272570.86229963927 23.043776638438878
317246.10581269354 23.89315549756909
369243.7658383264 24.65835211784375
429764.01006153395 25.36774512013151
500203.71752204513 25.918189414345434
582188.7202398579 26.624161785207065
677611.3293471978 27.252296556481905
788674.0118745463 27.351267200997253
917940.2263027776 28.163488016997146
1068393.5902262595 29.233360754389167
1243506.7457867893 29.9131462716075
1447321.5123742742 30.22744682595414
1684542.1766135872 30.175396598496654
1960644.0728811782 31.47427807737907
2281999.9605185846 32.47985123707525
2656027.1146788653 33.08312954286366
3091358.5258372254 34.07201704490065
3598042.1594536216 38.486367750197594