22.31903315722061 15.421795207446245
25.981865305738523 15.42178510056155
30.245813965608352 15.42177139854438
35.20952986543803 15.421752820205796
40.987853550736396 15.421727624914258
47.71447233510837 15.42169344709195
55.54501329033169 15.421647067579066
64.66064383474261 15.421584099135462
75.27226322315413 15.421498550349927
87.62538191262898 15.42138221552172
102.00580169312924 15.42122381092583
118.74622799856085 15.421007732598902
138.23396738066094 15.42071222638614
160.91988823450635 15.420306602599048
187.328852091015 15.41974678541921
218.0718568148527 15.418967669214997
253.86017265280935 15.41786842741196
295.52179818429846 15.416278023017131
344.02061689890195 15.413871144342323
400.47869760759056 15.409632806749727
466.20225463000116 15.40220546836299
542.7118683727385 15.409466603150843
631.7776654820893 15.40148227549205
735.4602724992636 15.379806369903626
856.1584905220512 15.385210961384498
996.664793874004 15.369278063526455
1160.2299367985138 15.317909264388014
1350.6381629184532 15.397997200826552
1572.2947575076491 15.283423707948192
1830.3279681838035 15.474268858803171
2130.707652060305 15.47144455258243
2480.383394377786 15.458779397044196
2887.4452941284776 15.437710576949922
3361.3111366100516 15.48667536923061
3912.9442833336784 15.53524270454501
4555.107320387866 15.554182895131177
5302.657333667366 15.549946608309078
6172.889642455682 15.532211481485287
7185.937943982358 15.53470400456521
8365.240126700694 15.58380259592974
9738.08052934325 15.713654226657017
11336.221191462173 15.717500234174913
13196.63670006874 15.819876847588024
15362.369633786122 15.978794840255715
17883.526396073685 16.031922851711567
20818.436477123298 16.16078895402583
24235.001965114214 16.307444445401085
28212.26852912291 16.465361456602913
32842.2542199529 16.65376012171117
38232.07840002599 16.89198504464075
44506.44005726324 17.130632916485876
51810.50284123241 17.387212016839122
60313.25356976696 17.766343860780292
70211.41190847543 18.18161016264085
81733.98167749771 18.648506938084076
95147.54908455443 19.08424983681082
110762.45046422472 19.55424061160241
128939.95222028668 20.08883475108722
150100.60908628703 20.700271660427838
174733.99408108025 21.206294859074553
203410.02527161854 21.87180739177287
236792.15139900794 22.52600843621878
275652.70143051347 23.2466359897731
320890.75316479494 24.02021763264443
373552.934298474 24.6895928028013
434857.6372075686 25.298408460816468
506223.2076770542 26.189255216750027
589300.7597530728 26.753321341316983
686012.3759223089 27.25210991140015
798595.5764180014 27.91797210947534
929655.0864945704 28.657604379450476
1082223.0993586879 28.85201892136819
1259829.4290001348 29.39721704279791
1466583.17597854 30.566019767274867
1707267.7955858991 31.667085615783343
1987451.7678821299 32.37052410008223
2313617.4300659453 32.56904594427336
2693310.9518471644 32.54830090312107
3135316.9236510834 35.90095221106985
3649861.5969281187 39.94375556823723