22.319728927367287 15.253417185923684
25.984181032262917 15.253392765143065
30.25026272113655 15.253359549035018
35.216749512389434 15.253314310688335
40.998633884650914 15.253252588108488
47.729787776589134 15.253168164869564
55.566062215822384 15.253052289376292
64.6888958447678 15.25289245973228
75.30951589410341 15.252670440016324
87.67382887186723 15.252358816200072
102.06811420567522 15.251914496805384
118.82565266686618 15.251264988759445
138.33444304902855 15.250274453360973
161.04618577046529 15.248637089397075
187.48674140411313 15.245362513140137
218.2683062884392 15.228903331971242
254.10358712959487 15.257288795629602
295.8223027891227 15.25542700168053
344.39039533443565 15.2523505373787
400.93239515871255 15.246490155190436
466.75745800518524 15.2445963609098
543.3896767489183 15.243128279763432
632.6033697655746 15.242889244127177
736.4641629430012 15.243584901534646
857.3768165356538 15.233251012155655
998.1409042298577 15.22417286247287
1162.015633595532 15.229548886001723
1352.7953087568037 15.214029660715838
1574.8971825205335 15.185636853859577
1833.4637320634047 15.141604595456855
2134.481726236779 15.076159728019796
2484.920841336382 15.227675543926239
2892.895034802905 15.426265718507995
3367.8504132496105 15.419237774421891
3920.7839446543703 15.3955380024059
4564.498078709688 15.454673477674248
5313.897170730504 15.46244715085987
6186.332572426001 15.485454235800212
7202.004379659047 15.496410178465105
8384.429139134927 15.541200693621576
9760.984343153494 15.525611674862592
11363.542319485565 15.588844269999896
13229.208193261084 15.665703153555562
15401.179007407354 15.718001620839768
17929.743893442697 15.834650915505456
20873.44845026661 15.971114633960031
24300.450290608052 16.060577679960193
28290.097141029437 16.25719603421189
32934.764034319305 16.518354337027308
38341.99213205041 16.782596210635262
44636.97869893057 17.02909332497458
51965.47588103193 17.374651905905587
60497.165405301246 17.70214829405118
70429.58733708606 18.069543734934612
81992.71386089722 18.525466188188503
95454.27398429385 18.980592830472048
111125.95245141617 19.469818293207254
129370.6063938669 20.028872518510745
150610.66681101412 20.534784970674956
175337.91940495739 21.157188215461336
204124.891232545 21.761931265269492
237638.10681741388 22.4697931759317
276653.5206499152 23.20778058129453
322074.4833941945 23.817653084813777
374952.6577863527 24.772891616980925
436512.36850383726 25.363947109860785
508178.949795313 25.985278840651514
591611.7472231418 26.534780341919014
688742.5376304846 26.76810407301661
801820.256896893 27.707161177725048
933463.0710948324 28.278127591867893
1086718.996686366 29.160244917938027
1265136.4733410492 29.98018027826208
1472846.5233959293 30.570463392178116
1714658.400252046 31.067999358367956
1996170.940320414 32.573491488371495
2323902.1967255706 33.47578582879722
2705440.3562648147 34.996289288004526
3149619.433907117 36.63346552131179
3666723.812807051 38.39853586527476