22.316854694953417 15.069505333168792
25.9746153533499 15.069284242848084
30.231887601394313 15.06898342302335
35.186932145482814 15.068573474198828
40.95411474583907 15.06801359617188
47.66654585516831 15.067246677273864
55.479152897419375 15.066191827104419
64.57225609691432 15.064732621928972
75.1557303903866 15.062697765691329
87.47384948165686 15.059827456099189
101.81092384298496 15.055710618821244
118.49786279196162 15.049656617632468
137.919812101087 15.040399000213469
160.52504342120096 15.025280781914017
186.835300692636 14.997285564988204
217.4578423462204 14.925229741200244
253.09945723622815 14.881028325393954
294.58277780243367 15.200482885081808
342.8652669800219 15.19569642741266
399.06131708800297 15.206887909351337
464.46797075333615 15.197621263261844
540.5948575269899 15.182704785396446
629.1990371491672 15.164773443655633
732.325553669688 15.129358769463146
852.3546364399024 15.106409588699652
992.0566374067654 14.999306255935345
1154.6559726987655 15.146783825169106
1343.9055443185125 15.397875218659252
1564.173359644692 15.380834370471323
1820.5433479797418 15.371592838868544
2118.9327010569737 15.333464475690032
2466.2284458049407 15.301707756972679
2870.446401560309 15.27467415151997
3340.9161905685833 15.286703509368536
3888.496571939487 15.2975399411911
4525.826069109456 15.325920109745557
5267.614675461643 15.674393548121515
6130.98337086533 15.741442451428767
7135.8592854047365 15.789780641517979
8305.435630941869 15.877067124403649
9666.707016043163 15.893349706842997
11251.092499698427 15.902479205950737
13095.160764330854 15.9463397875598
15241.474145578894 16.031290595304508
17739.570999624928 16.146187567636087
20647.10908176931 16.200306147518322
24031.19632619603 16.46130211606238
27969.939742222272 16.6303993870144
32554.248176598398 16.79292498264823
37889.93055082491 17.010368782988003
44100.13800221468 17.23683412422499
51328.2062949582 17.588919906174876
59740.96410595084 17.93205911610965
69532.58354284389 18.30135975588098
80929.0617668651 18.68511959257497
94193.43715927727 19.1990571033198
109631.86042410489 19.676476982207152
127600.66075226171 20.068627266820933
148514.57013889964 20.623384906160346
172856.295676754 21.168850039111735
201187.66076045274 21.837363600541398
234162.57234827668 22.436226555033816
272542.1135744933 22.996932334283237
317212.110059905 23.748746130791094
369203.5753628731 24.61320238571816
429716.50746557786 25.189601152864366
500147.5855344139 25.818226614353613
582122.4062143845 26.37166252874782
677533.0034928432 27.091252793207588
788581.5181162662 27.9689341745425
917831.0244795671 28.705460411058247
1068264.6881067401 29.467082251874327
1243354.6191172532 29.924637679101863
1447142.0108625179 30.15415864725591
1684330.413386047 30.489915848049648
1960394.2945214726 32.421152696724995
2281705.3942915974 33.302177683316195
2655679.788952964 34.562533157140024
3090949.059022975 35.636045074791554
3597559.5119627686 37.99122056018967