2.231673211611107632e+01 1.626552040343258909e+01
2.597420743662577181e+01 1.626550769972719834e+01
3.023110410837480799e+01 1.626549048087241545e+01
3.518566092310074822e+01 1.626546713724155069e+01
4.095221696691032065e+01 1.626543548146706897e+01
4.766385028748534580e+01 1.626539253737513491e+01
5.547544901081865731e+01 1.626533424906395808e+01
6.456728578135826524e+01 1.626525507691966865e+01
7.514917801491928628e+01 1.626514743170229949e+01
8.746532997285346767e+01 1.626500087087877944e+01
1.017999684007369012e+02 1.626480093774374325e+01
1.184839017883710142e+02 1.626452743915368515e+01
1.379021546228173634e+02 1.626415179414059509e+01
1.605028528144058839e+02 1.626363271593671200e+01
1.868075653496743485e+02 1.626290854645954553e+01
2.174233408313640723e+02 1.626188161367489471e+01
2.530567166794558887e+02 1.626037755009258490e+01
2.945300242914341879e+02 1.625797006465304406e+01
3.428003664451059080e+02 1.625276673556895801e+01
3.989817048961431851e+02 1.625451729086385555e+01
4.643705678982240670e+02 1.624677977430499709e+01
5.404759709126293501e+02 1.623525780886560455e+01
6.290542410042916117e+02 1.625334978466255009e+01
7.321495485864140846e+02 1.624255395949467840e+01
8.521410818874567212e+02 1.622026943771366803e+01
9.917979528121225030e+02 1.618636984159692460e+01
1.154343101289688548e+03 1.618343471099375108e+01
1.343527672866163812e+03 1.627027129002109973e+01
1.563717585993680132e+03 1.624207550648347009e+01
1.819994286778998458e+03 1.620374813391874724e+01
2.118272016364969204e+03 1.602022165301100287e+01
2.465434297190065081e+03 1.631348402172745793e+01
2.869492787895941547e+03 1.640066949936850094e+01
3.339772172866808887e+03 1.632696133538178884e+01
3.887125353200216978e+03 1.635777918446303048e+01
4.524183905191933263e+03 1.645383595635923513e+01
5.265649586305859884e+03 1.637360883788825205e+01
6.128633615875695796e+03 1.660621561297403304e+01
7.133051560309408160e+03 1.660858411836611737e+01
8.302082935783784706e+03 1.667242469442279429e+01
9.662706134938214745e+03 1.669768772197543072e+01
1.124632102237099025e+04 1.672449797604447497e+01
1.308947356692353060e+04 1.684700053483012283e+01
1.523469923349818237e+04 1.691759620576689827e+01
1.773150459783544284e+04 1.701769364848724564e+01
2.063750983752540924e+04 1.715745601545371812e+01
2.401977846515912825e+04 1.724683246089137612e+01
2.795636499061763607e+04 1.743043154598166211e+01
3.253811622876906040e+04 1.771049978711550210e+01
3.787076782236178406e+04 1.796085409099552166e+01
4.407738436274831474e+04 1.823324646723187570e+01
5.130119942047396034e+04 1.852265018211879521e+01
5.970892102670900204e+04 1.885229772798036407e+01
6.949457888797318446e+04 1.917095527928435672e+01
8.088400211848407343e+04 1.954550712461499984e+01
9.414003082526978687e+04 2.005606772864747001e+01
1.095685818167183315e+05 2.051960109707014368e+01
1.275257084163218096e+05 2.089043951268568122e+01
1.484258173048954632e+05 2.151755040329291191e+01
1.727512320159485389e+05 2.215371177130051450e+01
2.010633237863518298e+05 2.281704374767302568e+01
2.340154666351850028e+05 2.341945033167061041e+01
2.723681156423850334e+05 2.397813777729130891e+01
3.170063563970854739e+05 2.470314982695610340e+01
3.689603306141078356e+05 2.524850868209127697e+01
4.294290092920148745e+05 2.631279178068169244e+01
4.998078620392204029e+05 2.673626471103057156e+01
5.817210611087181605e+05 2.740501578112321823e+01
6.770589633319908753e+05 2.818854114806320155e+01
7.880217349437137600e+05 2.886243768194725945e+01
9.171701260517950868e+05 2.965340894843276942e+01
1.067484566503677284e+06 3.018448328562722338e+01
1.242433946937335189e+06 3.055321549447423379e+01
1.446055672315865289e+06 3.131431231632463152e+01
1.683048835385980550e+06 3.285915356084311156e+01
1.958882660276553128e+06 3.342693658218478703e+01
2.279922718850960024e+06 3.444242449043641585e+01
2.653577832578754518e+06 3.548573833244883247e+01
3.088471050063545350e+06 3.651809416769314964e+01
3.594638645971401129e+06 4.005883459615098730e+01
