2.231823005320841702e+01 1.621802831552689383e+01
2.597919245743906203e+01 1.621799911929823779e+01
3.024067944149692266e+01 1.621795933422090741e+01
3.520119782712919232e+01 1.621790500533566615e+01
4.097541296523688459e+01 1.621783059790648096e+01
4.769679929407762131e+01 1.621772826950275714e+01
5.552072568077825565e+01 1.621758670993861529e+01
6.462804686567267254e+01 1.621738918864559764e+01
7.522928402784951629e+01 1.621711001597173052e+01
8.756949110818445092e+01 1.621670746574309518e+01
1.019339193778260864e+02 1.621610756351896754e+01
1.186546111920254134e+02 1.621515892656237767e+01
1.381180753478743100e+02 1.621346012944566795e+01
1.607742214664404798e+02 1.620901798780529646e+01
1.871467599228882932e+02 1.620878226896638807e+01
2.178453077251940044e+02 1.622063075557347034e+01
2.535794801760843598e+02 1.621943310136061100e+01
2.951752940553996041e+02 1.621770396221443278e+01
3.435942614922549865e+02 1.621493117276880369e+01
3.999556158932823564e+02 1.621050389710725881e+01
4.655621836925836874e+02 1.620258637488542419e+01
5.419304999643774181e+02 1.619341197055475590e+01
6.308258640387473406e+02 1.619491168331926900e+01
7.343031454520271382e+02 1.619647855739444609e+01
8.547542834857855496e+02 1.617468964231235162e+01
9.949635782746760242e+02 1.609181048778274459e+01
1.158172051570198391e+03 1.621682573652633863e+01
1.348152364897941197e+03 1.621625461700609350e+01
1.569296026886338041e+03 1.620973036338620688e+01
1.826714905616531269e+03 1.619816975747895782e+01
2.126359392512053091e+03 1.615396568075542660e+01
2.475155949197347582e+03 1.606769905836084078e+01
2.881167216803073188e+03 1.601248857838072581e+01
3.353778388740588525e+03 1.615643084685618192e+01
3.903914155063842827e+03 1.649585165841482848e+01
4.544291233217403715e+03 1.651082357232357367e+01
5.289712322569976095e+03 1.670150152941672417e+01
6.157408277668365372e+03 1.667788481620463870e+01
7.167436409751438987e+03 1.664698675670143757e+01
8.343144123501875583e+03 1.666851925499548770e+01
9.711708606276684804e+03 1.675187976269502599e+01
1.130476504505602134e+04 1.686005830254470794e+01
1.315913789272102804e+04 1.695572581214452512e+01
1.531769208731823892e+04 1.706475155197438554e+01
1.783032390075329022e+04 1.719067168009723545e+01
2.075511432097430952e+04 1.732025746773622998e+01
2.415967162876461225e+04 1.745355334137172321e+01
2.812269420361033553e+04 1.765159723293837502e+01
3.273578968383602842e+04 1.784828960708080103e+01
3.810559253198333317e+04 1.804317729074453069e+01
4.435622895422363945e+04 1.829180039000041802e+01
5.163218615189199772e+04 1.866703203483510265e+01
6.010165222960823303e+04 1.898160348709598111e+01
6.996040396396047436e+04 1.934561266387064293e+01
8.143633230085059768e+04 1.972039543903673575e+01
9.479471019108069595e+04 2.021816663021724736e+01
1.103443245333523519e+05 2.070067381380352955e+01
1.284446139682108042e+05 2.121533032864005008e+01
1.495139775173125672e+05 2.174139482597208684e+01
1.740394461271847249e+05 2.239349811473957530e+01
2.025879406809970678e+05 2.292219317339526796e+01
2.358193767140267882e+05 2.357427013383420444e+01
2.745019187561563449e+05 2.433471559596607747e+01
3.195297369146576966e+05 2.492357657315674047e+01
3.719436761513002566e+05 2.556006663215084629e+01
4.329553160364938085e+05 2.607392551185814966e+01
5.039749771360771847e+05 2.684588493223268202e+01
5.866443214151471620e+05 2.707628748367656613e+01
6.828743002367659938e+05 2.800071621966919722e+01
7.948893271462458652e+05 2.869033895814405355e+01
9.252786965213615913e+05 2.987146759547568564e+01
1.077056436661345884e+06 3.036687133610493916e+01
1.253730980854647234e+06 3.069003730416982023e+01
1.459386266913868953e+06 3.171695030682388960e+01
1.698776139842170756e+06 3.220831473474525808e+01
1.977434239805263001e+06 3.300900375216838967e+01
2.301801915535212494e+06 3.439097866547435700e+01
2.679377119960934855e+06 3.546352285491350642e+01
3.118887729877002537e+06 3.719541054389042500e+01
3.630493296038578264e+06 3.905655503176376442e+01
