2.231848499910326922e+01 1.649850861882852371e+01
2.598004094133235142e+01 1.649845224600628768e+01
3.024230933866812165e+01 1.649837568232606344e+01
3.520384268065703992e+01 1.649827160952793292e+01
4.097936191333957368e+01 1.649812998272872733e+01
4.770240902556844276e+01 1.649793694973954672e+01
5.552843481689031080e+01 1.649767328470305827e+01
6.463839324259143382e+01 1.649731206634606551e+01
7.524292544462306864e+01 1.649681512935227445e+01
8.758723021188345115e+01 1.649612742474434057e+01
1.019567334850040368e+02 1.649516757550401991e+01
1.186836879963555731e+02 1.649381093778114504e+01
1.381548556426442360e+02 1.649185629800237862e+01
1.608204502224936050e+02 1.648895160849952646e+01
1.872045473136620615e+02 1.648439531408491021e+01
2.179172019878563731e+02 1.647642462971416677e+01
2.536685545498528995e+02 1.645750608269991133e+01
2.952852504548837942e+02 1.644005561112783198e+01
3.437295540668504827e+02 1.651000861878097936e+01
4.001215982071134931e+02 1.649972549858548021e+01
4.657652839495963235e+02 1.648791998141641102e+01
5.421784295192072705e+02 1.645610558854351169e+01
6.311278653986698828e+02 1.627949995837196795e+01
7.346702871154533341e+02 1.660338367785503522e+01
8.551998103100079334e+02 1.660662285792625070e+01
9.955033276571579108e+02 1.659417860808868994e+01
1.158824947607542072e+03 1.658105797840858031e+01
1.348941004906510670e+03 1.656863840846570568e+01
1.570247377289329279e+03 1.651951724973016766e+01
1.827861127295854430e+03 1.659515234622847402e+01
2.127738819374353170e+03 1.664077556627686505e+01
2.476814248011408381e+03 1.665722971885996984e+01
2.883158761448060432e+03 1.665379035919931994e+01
3.356167887999174127e+03 1.667661134789785748e+01
3.906778580163787410e+03 1.665215590338680585e+01
4.547722099661046741e+03 1.663260301080696379e+01
5.293818390618495869e+03 1.670068969450735707e+01
6.162318747431674637e+03 1.672765229186941127e+01
7.173304700486941329e+03 1.676743885033111070e+01
8.350152342813160431e+03 1.682712501365656976e+01
9.720072833857868318e+03 1.678936013856590392e+01
1.131474157795683459e+04 1.680456371506754820e+01
1.317103062540870815e+04 1.689125864211177230e+01
1.533186123078735000e+04 1.702976324960353693e+01
1.784719628140914210e+04 1.711445076073736615e+01
2.077519554296063507e+04 1.720034227505706070e+01
2.418356043396264795e+04 1.736465334635266800e+01
2.815109942304680590e+04 1.753053881469266884e+01
3.276955024427773606e+04 1.770765968079194153e+01
3.814570106392031448e+04 1.796424983776893924e+01
4.440385964442895784e+04 1.823431147415240616e+01
5.168872759785399830e+04 1.858106778982470431e+01
6.016874618736789853e+04 1.890084296943935627e+01
7.003999103878509777e+04 1.928369141635182160e+01
8.153070581588754430e+04 1.971952320174012030e+01
9.490657968753643217e+04 2.017541468958078710e+01
1.104768906125610665e+05 2.068386964542770556e+01
1.286016564879181096e+05 2.118453687913390837e+01
1.496999595095057739e+05 2.168304272970260271e+01
1.742596362221279705e+05 2.231266515681758023e+01
2.028485573126701056e+05 2.290744465773171257e+01
2.361277579587106011e+05 2.357664804009996828e+01
2.748667223334737355e+05 2.433036702896276182e+01
3.199611756765926839e+05 2.489431989385185418e+01
3.724537953202783829e+05 2.552017789830421179e+01
4.335583195527938078e+05 2.627746688879522807e+01
5.046876117661842145e+05 2.713093183051675084e+01
5.874863287895898102e+05 2.772663910010136235e+01
6.838689487677963916e+05 2.818253766866418175e+01
7.960640378684806637e+05 2.895252411471884812e+01
9.266657793562801089e+05 2.992459849896871305e+01
1.078693956492795376e+06 3.066269617948326243e+01
1.255663776191645302e+06 3.141319165155886850e+01
1.461667147896358278e+06 3.173391025171621393e+01
1.701467297017411096e+06 3.256284998939099040e+01
1.980608900587405544e+06 3.332937228843851329e+01
2.305546291699257679e+06 3.441497519297301011e+01
2.683792697080036625e+06 3.547877474023029265e+01
3.124093958482826594e+06 3.719103500487062774e+01
3.636630754695668817e+06 3.955347469655308856e+01
