22.319524096023375 15.788666563435562
25.98349928389741 15.788654570892078
30.248952985363434 15.788638308515981
35.21462397013529 15.788616251804939
40.99545997370752 15.788586327725906
47.72527856271183 15.788545715054696
55.55986480818236 15.788490567965344
64.68057747315738 15.788415632957623
75.298547192379 15.788313713383754
87.6595638255694 15.788174912089552
102.04976611908384 15.787985545319636
118.80226538295885 15.787726554215382
138.3048565114114 15.787371120941167
161.00899484519311 15.786880967109003
187.4402466765184 15.78620033980394
218.21045530986981 15.785245633877238
254.03190430449723 15.783885966514415
295.73380575614607 15.781902433345621
344.2814952966741 15.77888399508264
400.7987781466223 15.773939772442258
466.59394349788954 15.763969472953498
543.1900494199314 15.745317914374496
632.3601793390229 15.764037520493503
736.1684862244982 15.770058767333719
857.0179745924839 15.780341048075204
997.7061264078886 15.790585027299588
1161.4896585397285 15.77003906031577
1352.159910806446 15.763450646316073
1574.130609729882 15.800756696241454
1832.54003959541 15.813661273674306
2133.369985922966 15.80738689215185
2483.584204709539 15.819220867176885
2891.2896227956217 15.80724818203003
3365.9240008990637 15.762886030948124
3918.474403430325 15.838034839738977
4561.731532333274 15.868423917985709
5310.5858123933795 15.864308849885305
6182.372081938079 15.834860799318221
7197.270867995174 15.846418700647984
8378.775534819197 15.832144168396326
9754.236119564071 15.966663815178645
11355.492444071237 16.05909282026351
13219.611158348878 16.11173675617825
15389.743777178464 16.19321973366894
17916.1255720917 16.26373026012899
20857.238441549118 16.31032452797437
24281.164677997156 16.45677254254388
28267.162969453377 16.597026836133516
32907.50311766118 16.863524724001415
38309.601943750415 17.103221574745255
44598.50982437325 17.35767081291045
51919.80541784756 17.683707963034077
60442.96558881801 17.98263384011296
70365.28854006817 18.360915550306228
81916.46096602241 18.761234312295528
95363.87495059897 19.230372286195
111018.81768751742 19.743276684196857
129243.67730567782 20.21412556854107
150460.33160351618 20.80840696115402
175159.91387878542 21.32999031557572
203914.18191787723 21.961545255575693
237388.75331950714 22.59218766968501
276358.51353038865 23.22399626538784
321725.5532655011 24.05527616542698
374540.05053696723 24.58803106047661
436024.580678765 25.360299533785785
507602.4171074017 25.932052783331255
590930.4779381332 26.517025720963964
687937.6811208221 27.129596862211457
800869.5959585304 27.896867319240464
932340.4246236265 28.264965364020213
1085393.5169644947 28.67931031188263
1263571.8194286493 29.83075968711084
1470999.8888877248 30.394332623683013
1712479.3698597383 30.719958013320205
1993600.1452812061 31.57874532650748
2320869.733800519 32.041981827626685
2701863.9289432354 32.55952889144968
3145402.1672170362 33.927205594966246
3661751.6846613484 38.575145448599166