1.079843059375728762e-03 1.524384244956651990e+01 2.659126392592702928e+02
1.252279006388138088e-03 1.524444399837829778e+01 2.292936970427153085e+02
1.452250580512191034e-03 1.524525402748934155e+01 1.977165520330910908e+02
1.684154839168733406e-03 1.524634526799761503e+01 1.704868688931835266e+02
1.953090988812073228e-03 1.524781621407192844e+01 1.470059037790321383e+02
2.264972508383918809e-03 1.524980056873477174e+01 1.267573375589068121e+02
2.626657177326497360e-03 1.525248041556747935e+01 1.092959206461101331e+02
3.046097867264422384e-03 1.525610480265991598e+01 9.423767919515046287e+01
3.532517413024969469e-03 1.526101636806933115e+01 8.125146650544907345e+01
4.096611408132865180e-03 1.526769023932405744e+01 7.005167226614878473e+01
4.750783383930543349e-03 1.527679231387058145e+01 6.039192662870375727e+01
5.509417543539326355e-03 1.528926939118805528e+01 5.205965542892968756e+01
6.389195047648309200e-03 1.530649424169674333e+01 4.487135653465455931e+01
7.409460806753299239e-03 1.533051106717740453e+01 3.866847161297860680e+01
8.592648845024770249e-03 1.536447781215426645e+01 3.331371258726898787e+01
9.964775588880963458e-03 1.541353009720725176e+01 2.868763555045044811e+01
1.155601192689863395e-02 1.548665885438038536e+01 2.468502126318318801e+01
1.340134661975062383e-02 1.560145228017822738e+01 2.120971013981874620e+01
1.554135564750155907e-02 1.579923699055260933e+01 1.816187040771708539e+01
1.802309441098711579e-02 1.622186265561982665e+01 1.536934695976461285e+01
2.090113240536873099e-02 1.693195442871453338e+01 1.264830779342602796e+01
2.423875311669237281e-02 1.344938847465994058e+01 1.185520106934870910e+01
2.810934552527176444e-02 1.346893029673764808e+01 1.021472295639073913e+01
3.259801781284604738e-02 1.350017906289851943e+01 8.798587419550221611e+00
3.780346875637029258e-02 1.355568224938144262e+01 7.575457273246975376e+00
4.384015795741702526e-02 1.368054681005937390e+01 6.517821414244734157e+00
5.084082262708776445e-02 1.413302012922548734e+01 5.591073323533449546e+00
5.895939626653867727e-02 1.301695268447545040e+01 4.764838557417893306e+00
6.837439342027139266e-02 1.299954318650899587e+01 4.040567099786420258e+00
7.929283492753967655e-02 1.300852299542025392e+01 3.453456226604823875e+00
9.195479998191843918e-02 1.315606051804638277e+01 3.071340555402792827e+00
1.066387050915975632e-01 1.323466750230650746e+01 2.661557598307743522e+00
1.236674260163560385e-01 1.319908777144819467e+01 2.262412863514309258e+00
1.434153972928909337e-01 1.305153087146800850e+01 1.922218217290256215e+00
1.663168454557908960e-01 1.310908470642684165e+01 1.735536237917181479e+00
1.928753369896120673e-01 1.299791752558243196e+01 1.483955140246350224e+00
2.236748509563626086e-01 1.309358138445254127e+01 1.283441966323281891e+00
2.593926197678946832e-01 1.285251354013976588e+01 1.124798255099710209e+00
3.008140204514021532e-01 1.279997818726147685e+01 9.902901524881287942e-01
3.488498438433080273e-01 1.303873590869836718e+01 8.638165665622667966e-01
4.045563214336977964e-01 1.282823116867174917e+01 7.548442196313588370e-01
4.691583502198119482e-01 1.264930159326409864e+01 6.671182873502824462e-01
5.440764262462505219e-01 1.252611399512758261e+01 5.758943196299273204e-01
6.309578790576777507e-01 1.230471490473374274e+01 5.074724520650883974e-01
7.317130938600495682e-01 1.227886946559095094e+01 4.562030907963421922e-01
8.485575178581816758e-01 1.210377226537043782e+01 4.035454864595043878e-01
9.840603744223250793e-01 1.187171176607888867e+01 3.634397431489934105e-01
1.141201156230931879e+00 1.187528651303105320e+01 3.307865806900048833e-01
1.323435139584124176e+00 1.183185358730730030e+01 3.090080233970274315e-01
1.534769360443605013e+00 1.165967961748925141e+01 2.886575763782724957e-01
1.779850722791500583e+00 1.145314851094731523e+01 2.737739931552056194e-01
2.064068176671050914e+00 1.131014673448161467e+01 2.595979629489701956e-01
2.393671212642048296e+00 1.112798913874210704e+01 2.571643725320867380e-01
2.775907278155950841e+00 1.101103328614714627e+01 2.615099620043904727e-01
3.219181137418596350e+00 1.080322141557902960e+01 2.629410516026907674e-01
3.733239678810873041e+00 1.064352978252213333e+01 2.679038071644199714e-01
4.329386233489118219e+00 1.024105363821166037e+01 2.713736283659793913e-01
5.020729117690985177e+00 9.981527193307234924e+00 2.833631740840852342e-01
5.822469863797483214e+00 9.603101522942164792e+00 2.915613640677621743e-01
6.752237477894626139e+00 9.085742274353341585e+00 3.121766072523858293e-01
7.830476073627746558e+00 8.696720949566566716e+00 3.356431175582113569e-01
9.080894405801512193e+00 7.982022576206382780e+00 3.450991415048255129e-01
1.053098718825577507e+01 7.276450273731342122e+00 3.621457900116392681e-01
1.221263965896966042e+01 6.514016499361715340e+00 3.893312575446142287e-01
1.416282868582064580e+01 5.919431006326066225e+00 4.284131465122283378e-01
1.642443582920114409e+01 5.460676791431594346e+00 4.770645947786426588e-01
1.904719023944864631e+01 5.000602139704041882e+00 5.273847708733168105e-01
2.208876212190683930e+01 4.731752555215668288e+00 5.789643940332414029e-01
2.561603081317834807e+01 4.080426689373365612e+00 5.830012965360423793e-01
2.970655535155253091e+01 3.559609764109345598e+00 6.246309018843057004e-01
3.445027987711728201e+01 2.659482946826469352e+00 5.993186804231368514e-01
3.995151136059556762e+01 2.635083233432391481e+00 5.770111979377258171e-01
4.633121314802382074e+01 3.277741233755676831e+00 9.275116164727498225e-01
5.372966475267823228e+01 2.548654342616953894e+00 7.200032074429524309e-01
6.230954637885032099e+01 2.540973689329995455e+00 8.433033943913909036e-01
7.225951600125277707e+01 2.045211985775443164e+00 7.685080889014027639e-01
8.379835765435164774e+01 1.851482249360695054e+00 7.080639716161407637e-01
9.717979214592152459e+01 1.652360064084121838e+00 9.733184514753406846e-01
1.126980559747770769e+02 1.510659370277296576e+00 8.620819834464612530e-01
1.306943711242236930e+02 1.188381763093771193e+00 8.530732475338657084e-01