1.079012830735092982e-03 1.363616216541646153e+01 2.881408192764242813e+02
1.249524547046823326e-03 1.363618579515216389e+01 2.488206639152998889e+02
1.446981490117131303e-03 1.363621748586331961e+01 2.148661728208858506e+02
1.675641697228006516e-03 1.363625998941410522e+01 1.855451383462166746e+02
1.940436084819486314e-03 1.363631699688690802e+01 1.602252704316321399e+02
2.247074780663702465e-03 1.363639346250454132e+01 1.383605617670625918e+02
2.602170259251057258e-03 1.363649603562901724e+01 1.194795133981632205e+02
3.013379935727249215e-03 1.363663364417844193e+01 1.031749671839214102e+02
3.489571293331532580e-03 1.363681828040904698e+01 8.909532567940513559e+01
4.041013105207618208e-03 1.363706606211340855e+01 7.693697016962383373e+01
4.679596874167740207e-03 1.363739866747153329e+01 6.643771332238381433e+01
5.419093265621911445e-03 1.363784528363252413e+01 5.737114531470545131e+01
6.275449063490441855e-03 1.363844526053602735e+01 4.954175147360878384e+01
7.267131052770974681e-03 1.363925174652899130e+01 4.278069618238450289e+01
8.415524244375636662e-03 1.364033670257066966e+01 3.694218213604474954e+01
9.745393029711481303e-03 1.364179788152095973e+01 3.190030645791809860e+01
1.128541520951857266e-02 1.364376865886188916e+01 2.754634591872669347e+01
1.306880041296843917e-02 1.364643209485926967e+01 2.378641277515357544e+01
1.513400624284961388e-02 1.365004145177004347e+01 2.053943078678068090e+01
1.752556759006983905e-02 1.365495089272724805e+01 1.773538796255941108e+01
2.029505700113107269e-02 1.366166289825127222e+01 1.531382873774266962e+01
2.350219680830993585e-02 1.367090447789156649e+01 1.322255382425819903e+01
2.721614700494559558e-02 1.368375590702119737e+01 1.141650131272161239e+01
3.151699663807193408e-02 1.370188218715133743e+01 9.856788591077325634e+00
3.649749087935687253e-02 1.372798365613055971e+01 8.509903661139357922e+00
4.226503101756930170e-02 1.376677015417144823e+01 7.347054405747642569e+00
4.894399050117859140e-02 1.382739783935496725e+01 6.343747622003569120e+00
5.667839697511782571e-02 1.393109043991053220e+01 5.479950214490035165e+00
6.563503814818058557e-02 1.414728473187113345e+01 4.743209138955914561e+00
7.600705846716768188e-02 1.491668912223782151e+01 4.155497829046357339e+00
8.801812415784493471e-02 1.350169237427110147e+01 3.363370175303449283e+00
1.019272464492533142e-01 1.314352384201342794e+01 2.745118048073754480e+00
1.180343669912312099e-01 1.265389226999648997e+01 2.446719008381684990e+00
1.366868259112351269e-01 1.265772158025270855e+01 2.100961458312089913e+00
1.582868519901181603e-01 1.301775521135917479e+01 1.887924664581888123e+00
1.833002364778900106e-01 1.276904302152101778e+01 1.663769264805383452e+00
2.122663775949499565e-01 1.279748218173769203e+01 1.407635002499123766e+00
2.458099123222720617e-01 1.286349705704537172e+01 1.241461219036441355e+00
2.846541863129275485e-01 1.259308219663430961e+01 1.060572613564525035e+00
3.296368523952852847e-01 1.239720349162829294e+01 9.354725601706207483e-01
3.817279340400001608e-01 1.244319250974918845e+01 8.159452126334041377e-01
4.420507433183187285e-01 1.227771531524945559e+01 7.028458888561359696e-01
5.119061044345831757e-01 1.219615817422551451e+01 6.180580596001903348e-01
5.928004051984839817e-01 1.210912369249533072e+01 5.523843118508304784e-01
6.864780813497687317e-01 1.211366214535046915e+01 4.955751501724453556e-01
7.949592342398497102e-01 1.200390378866492114e+01 4.404118567842218446e-01
9.205831930724339696e-01 1.187251479001711552e+01 3.911476002163359333e-01
1.066058961096041369e+00 1.169775872834764030e+01 3.536384241594785482e-01
1.234523633589461822e+00 1.156725044486642773e+01 3.247956650919106014e-01
1.429610047388013339e+00 1.142506042470508199e+01 3.016182940985098759e-01
1.655525120770927394e+00 1.127219439606201945e+01 2.830440302149744847e-01
1.917140573061261843e+00 1.112394556992840577e+01 2.723886832971312288e-01
2.220097980250598901e+00 1.102104498778722963e+01 2.632218646912891091e-01
2.570930432108322172e+00 1.092299911588979988e+01 2.600332591581145381e-01
2.977203414236069712e+00 1.068796275709622989e+01 2.617887212109311634e-01
3.447677953102020965e+00 1.052492039984652905e+01 2.639209018492913450e-01
3.992499542177142757e+00 1.025494466917095693e+01 2.682444453539528650e-01
4.623416923249098254e+00 1.001706044604575929e+01 2.792422572423580163e-01
5.354035440797989764e+00 9.695685533500595810e+00 2.847739184382284683e-01
6.200110432864907040e+00 9.320735763860252376e+00 3.010592796270279425e-01
7.179886985206580974e+00 8.819638947377672622e+00 3.185339176321198562e-01
8.314493375325032076e+00 8.262854313422552721e+00 3.383291210917597769e-01
9.628396690750250286e+00 7.541441543891155064e+00 3.539754795055013448e-01
1.114993044670340083e+01 6.873659541881910862e+00 3.695800922894549312e-01
1.291190558089025942e+01 6.111932790081812783e+00 4.022346197917329724e-01
1.495231800115102949e+01 5.682946199893462058e+00 4.396212449914418396e-01
1.731516794379548685e+01 5.324248950189324425e+00 4.569421427706180650e-01
2.005140881158111199e+01 4.898203533326181081e+00 5.211471619656474763e-01
2.322004595244033354e+01 4.733726703173968708e+00 6.276645040338824089e-01
2.688940907344283104e+01 4.164609411382793169e+00 6.121107682407763706e-01
3.113862572881602375e+01 3.744865022499098028e+00 5.512994220143904167e-01
3.605932765688473296e+01 3.303480086745770539e+00 5.776446833727962860e-01
4.175762676203410706e+01 2.709643207263328524e+00 5.896930028783027300e-01
4.835640335252963951e+01 2.746048363717915830e+00 6.822874639874084712e-01
5.599795597863226249e+01 2.164995643645028167e+00 5.594597265471245029e-01
6.484707001313398678e+01 2.314884641734733517e+00 7.360044377772728685e-01
7.509457114636286690e+01 1.994649182966511836e+00 6.617921534982466047e-01
8.696144042458681156e+01 1.640436760325462373e+00 6.504618105056249044e-01
1.007035795700822973e+02 1.719056723647522045e+00 1.056534354045810087e+00
1.166173293440599394e+02 1.015441307571913754e+00 8.145365500517156576e-01