1.080699599888207971e-03 1.252274192379256412e+01 2.421021475275650516e+02
1.255123650508857634e-03 1.252274384482443104e+01 2.084561721471158364e+02
1.457699603321441217e-03 1.252274643544679122e+01 1.794857818794741888e+02
1.692971152811920815e-03 1.252274992945238097e+01 1.545411828097455214e+02
1.966215342120321112e-03 1.252275464183019693e+01 1.330628777464222594e+02
2.283560924926652646e-03 1.252276099689410493e+01 1.145691169092645652e+02
2.652125830850505551e-03 1.252276956701097532e+01 9.864509244865740811e+01
3.080176817656137683e-03 1.252278112307683244e+01 8.493363434495142883e+01
3.577314891195705615e-03 1.252279670366612763e+01 7.312719909504083660e+01
4.154690651982949345e-03 1.252281770700192531e+01 6.296097138208477872e+01
4.825254398531552552e-03 1.252284601408451614e+01 5.420692398399977918e+01
5.604046597172175972e-03 1.252288415266778721e+01 4.666870258711334429e+01
6.508535233465512736e-03 1.252293551409085559e+01 4.017722063462129967e+01
7.559007611863455267e-03 1.252300463717315182e+01 3.458686516447482262e+01
8.779025391522048485e-03 1.252309757273625479e+01 2.977222813518037370e+01
1.019595306453054129e-02 1.252322233580717104e+01 2.562528923450661011e+01
1.184157173010367062e-02 1.252338942606472472e+01 2.205298575199418565e+01
1.375279193143743098e-02 1.252361231858918877e+01 1.897511273409840271e+01
1.597248154386297914e-02 1.252390759900977102e+01 1.632250189774747540e+01
1.855042728348602760e-02 1.252429374686250974e+01 1.403542928736688999e+01
2.154445140255126928e-02 1.252478547723417179e+01 1.206219533790519627e+01
2.502170861854492723e-02 1.252537335388660367e+01 1.035779384609945986e+01
2.906019236661672861e-02 1.252594987013546834e+01 8.882490143628835710e+00
3.375048415993738005e-02 1.252600325587078878e+01 7.599737489068446372e+00
3.919778529541785572e-02 1.252291760998608794e+01 6.470610395042321272e+00
4.552427647510605413e-02 1.249116477925367619e+01 5.410364001107748066e+00
5.287185826858849247e-02 1.263657165364694279e+01 4.696363604701298655e+00
6.140533388383075108e-02 1.285737429513081409e+01 4.166507850650963185e+00
7.131610563468467057e-02 1.218341031667769947e+01 3.430760923396294793e+00
8.282646801529310043e-02 1.231364430621838757e+01 3.216495256553143278e+00
9.619459367326829713e-02 1.238633136368749099e+01 2.839283461957929688e+00
1.117203241149512805e-01 1.264668012721230284e+01 2.499277715538905209e+00
1.297518950258662596e-01 1.261085266285438600e+01 2.170120717945430489e+00
1.506937470525145928e-01 1.274430317454332950e+01 1.824708349357771375e+00
1.750155972381000624e-01 1.250254368456484855e+01 1.591332849216742895e+00
2.032629745807209565e-01 1.276040919680372099e+01 1.403283839626097373e+00
2.360694560222232619e-01 1.261475965341394279e+01 1.221806764258341893e+00
2.741708773158637591e-01 1.269882530797858244e+01 1.052319786051133521e+00
3.184218375166419368e-01 1.237708332308514159e+01 9.060449936736543197e-01
3.698148672831638728e-01 1.220901746600773308e+01 7.932777334125222790e-01
4.295026909280880156e-01 1.210274828335428055e+01 6.935809855794917711e-01
4.988240815456986832e-01 1.206269241385553137e+01 6.163173937768868793e-01
5.793338891363801757e-01 1.198569009717456169e+01 5.436489455053106212e-01
6.728379152463507262e-01 1.196903071052006062e+01 4.887774746411003846e-01
7.814334163463436678e-01 1.197560255194203727e+01 4.386055698259165303e-01
9.075561444231943220e-01 1.187275446371948462e+01 3.943196015552794531e-01
1.054034979885267287e+00 1.168217853943941442e+01 3.529083907317395186e-01
1.224155382175100115e+00 1.174654275822328486e+01 3.246291538680526334e-01
1.421733081260153186e+00 1.141562769938419564e+01 2.977141336869386645e-01
1.651199662871199347e+00 1.127028839919374725e+01 2.779371215439878084e-01
1.917701967129698648e+00 1.125897133748928169e+01 2.697067961571112948e-01
2.227217530034090842e+00 1.110512902775811739e+01 2.621341603299550127e-01
2.586688657109598388e+00 1.100958522652236127e+01 2.592876614105825706e-01
3.004178136437819724e+00 1.081088073191414267e+01 2.588670099996999152e-01
3.489050083644688272e+00 1.050848715647914666e+01 2.612532662558641472e-01
4.052179975124778011e+00 1.016931752151108448e+01 2.641446788755638653e-01
4.706198580459934000e+00 9.887988300374484396e+00 2.734334591038039552e-01
5.465775265335071964e+00 9.686835153530015674e+00 2.884518860368932569e-01
6.347947019317876638e+00 9.208792735151549280e+00 3.037914020201709087e-01
7.372500588458863469e+00 8.641102912556089422e+00 3.187225499489577119e-01
8.562416283787278815e+00 7.985975603447056592e+00 3.343079114824440978e-01
9.944383420143099173e+00 7.356469445827866771e+00 3.544742763079793413e-01
1.154939894642405207e+01 6.775271463351840495e+00 3.624933244111127606e-01
1.341346269427547711e+01 6.062080889337486234e+00 3.981986845162661104e-01
1.557838483936234653e+01 5.679249187760140316e+00 4.312073369692935865e-01
1.809272368624447935e+01 5.392916370771105861e+00 4.721618728141588894e-01
2.101287481098014354e+01 4.859434728761233835e+00 5.207106982060247802e-01
2.440433599047434754e+01 4.318277295950672112e+00 5.435225824635374625e-01
2.834317629041169440e+01 4.048033125217330053e+00 5.858797157484140206e-01
3.291774226280602988e+01 3.649215825940198776e+00 5.674394968431553110e-01
3.823063952246923236e+01 3.626674515951179067e+00 6.352209402297558372e-01
4.440103414833637885e+01 3.433254664741806295e+00 6.956634730861334104e-01
5.156732552912319534e+01 2.805326853854378744e+00 7.937732846959253408e-01
5.989025060413361246e+01 2.599651959206100926e+00 7.896142576068176933e-01
6.955648912604971201e+01 2.628675297549908141e+00 8.759059332038247048e-01
8.078285081025103409e+01 2.488830570275208931e+00 9.408242652027799524e-01
9.382113828668315136e+01 1.952272871779427099e+00 1.161130313505029932e+00
1.089637949282662817e+02 1.379402827952680211e+00 9.216807343111087514e-01
1.265504642342899331e+02 1.386720521603620249e+00 2.432174450860020265e+00
1.469756078930383580e+02 1.386720521603620027e+00 1.375009258301142845e+00