1.080763423374693586e-03 1.334824587268545670e+01 2.793105987333586313e+02
1.255335731234480737e-03 1.334825094103508647e+01 2.404681121212312291e+02
1.458106153512622781e-03 1.334825777854460682e+01 2.070271664059533521e+02
1.693629442715394607e-03 1.334826700394651589e+01 1.782365907406865517e+02
1.967196066159134209e-03 1.334827945000009386e+01 1.534496736601418831e+02
2.284951043663618203e-03 1.334829624175181273e+01 1.321096363361474459e+02
2.654031980723324004e-03 1.334831889667193039e+01 1.137371258189821930e+02
3.082729397741592464e-03 1.334834946201587869e+01 9.791944750612073278e+01
3.580672956740429524e-03 1.334839069999096139e+01 8.430129493801656793e+01
4.159047768683516062e-03 1.334844633791122170e+01 7.257676865733338900e+01
4.830845640239041748e-03 1.334852140480076699e+01 6.248250485321564440e+01
5.611156903639881628e-03 1.334862268684663000e+01 5.379175944968531553e+01
6.517509384900886660e-03 1.334875934157314070e+01 4.630931471791145526e+01
7.570262124503464307e-03 1.334894372724898837e+01 3.986709398303568008e+01
8.793062694540826688e-03 1.334919252278308655e+01 3.432038587264388951e+01
1.021337838485967750e-02 1.334952823959921453e+01 2.954459322456840553e+01
1.186311319002440919e-02 1.334998126238635585e+01 2.543243350736694453e+01
1.377932445624011591e-02 1.335059260061348674e+01 2.189152766520395232e+01
1.600505528599329569e-02 1.335141758973871795e+01 1.884232287804956130e+01
1.859030139838940485e-02 1.335253084236177479e+01 1.621630194765270261e+01
2.159313416339197350e-02 1.335403279007851118e+01 1.395443791146499990e+01
2.508100503624115241e-02 1.335605808114456927e+01 1.200585684448617663e+01
2.913226069305068638e-02 1.335878559027601398e+01 1.032667388635612404e+01
3.383790290148028235e-02 1.336244774416327274e+01 8.878964938731293444e+00
3.930363265776833093e-02 1.336732903284296725e+01 7.629821158379654911e+00
4.565222450677389188e-02 1.337371119622140192e+01 6.550373211933322892e+00
5.302628437844817549e-02 1.338155961994835863e+01 5.614399237511431551e+00
6.159145288893520809e-02 1.338851086049016104e+01 4.794214714251448406e+00
7.154012606079837577e-02 1.334106367301667717e+01 3.984738397884878047e+00
8.309577703945278393e-02 1.353542031455964434e+01 3.599857006150024130e+00
9.651797588282573503e-02 1.358505078117020837e+01 3.005928567518237671e+00
1.121082201818119628e-01 1.401481972560883626e+01 2.596135779517533937e+00
1.302167074824660820e-01 1.345254231630211272e+01 2.315149832786900674e+00
1.512502016361961521e-01 1.359754883051220986e+01 1.998485225994975245e+00
1.756811697766999247e-01 1.365960992416501441e+01 1.775800463778453242e+00
2.040583951639740046e-01 1.301931607492644005e+01 1.463318964711073145e+00
2.370193042875511358e-01 1.253465569773646671e+01 1.249441300927486731e+00
2.753042851278527658e-01 1.268913908472664787e+01 1.095461767856595658e+00
3.197733182011490705e-01 1.246533603357152664e+01 9.500642510771987181e-01
3.714252939647690877e-01 1.234565458678757288e+01 8.264552703439203007e-01
4.314204505018626734e-01 1.232042644895881622e+01 7.305126988515768804e-01
5.011064354946288546e-01 1.212409258611331531e+01 6.340105373170449310e-01
5.820485779059014764e-01 1.207753458518306466e+01 5.586438539448018714e-01
6.760650493500068858e-01 1.194510261181695299e+01 4.912387155645576153e-01
7.852677049689822386e-01 1.189730621358347840e+01 4.486792935779335134e-01
9.121095212067500402e-01 1.174832600965579310e+01 3.989920996709339640e-01
1.059439696057369762e+00 1.170160597654293433e+01 3.540042101383751860e-01
1.230567649482645853e+00 1.167062067511753831e+01 3.268893935954818586e-01
1.429337361615382829e+00 1.165850007701588531e+01 3.092325052656490492e-01
1.660213718578204212e+00 1.140639061001560783e+01 2.873266069264240330e-01
1.928382805470216121e+00 1.119586697971730516e+01 2.725113656717647603e-01
2.239868399363556861e+00 1.091799014438244697e+01 2.593664989964665768e-01
2.601667279046349535e+00 1.086265943999943673e+01 2.584826403286228924e-01
3.021906390921764274e+00 1.069309989147900630e+01 2.570593166611485625e-01
3.510025401419177626e+00 1.046321920221016022e+01 2.581690876281061420e-01
4.076988736520672063e+00 1.015127897901287213e+01 2.650230986244682674e-01
4.735531871363626522e+00 9.923910015516025140e+00 2.782025663376387903e-01
5.500447402226217974e+00 9.592269229946580822e+00 2.866970452591692808e-01
6.388917326818677189e+00 9.226864427255346612e+00 2.979584333217041303e-01
7.420898996762222311e+00 8.732705935289752475e+00 3.113890670295378915e-01
8.619573411754915426e+00 8.082580904087853568e+00 3.224040740327605570e-01
1.001186592528054398e+01 7.467619089209793337e+00 3.421727432813518877e-01
1.162905105826874674e+01 6.956722815351607636e+00 3.754403199073304553e-01
1.350745500639852104e+01 6.246448817202963966e+00 3.991219862615915659e-01
1.568927162119129903e+01 5.450045581091828240e+00 4.108570823485643841e-01
1.822351019395697591e+01 5.017321204672488655e+00 4.503030252719728010e-01
2.116709633229215726e+01 4.711794579413345119e+00 4.982611355948763365e-01
2.458615065768783126e+01 4.265135557561917423e+00 5.143787363712820637e-01
2.855747404712951720e+01 3.748183253643758039e+00 5.390619138358434537e-01
3.317027278108980681e+01 3.200659291717785404e+00 5.375349414198076214e-01
3.852816234923626837e+01 3.180685491024560552e+00 5.745334798895971318e-01
4.475149492455686584e+01 2.860590171343411647e+00 4.989811519140697760e-01
5.198006278704174576e+01 2.496292220843721044e+00 5.516750901534226426e-01
6.037623842286776465e+01 2.368823698564082925e+00 6.202992723409926912e-01
7.012862183390279824e+01 2.327399627228743828e+00 7.199728884384472005e-01
8.145627698561332863e+01 2.298197006072364879e+00 6.789457546968359347e-01
9.461365255504414051e+01 1.955115012521816631e+00 7.088053365873963063e-01
1.098962975117025280e+02 1.876775208209554124e+00 9.252460693885058429e-01
1.276474999182003529e+02 1.460949876037637818e+00 1.066382060030632628e+00
1.482659980754298203e+02 8.654583191202852577e-01 8.580141631706625915e-01