1.078404247787702937e-03 1.289396835783386308e+01 2.698958993533200896e+02
1.247507195505420576e-03 1.289397661102491810e+01 2.333104890938516007e+02
1.443126922052119857e-03 1.289398765557483095e+01 2.016842827465114567e+02
1.669421483623479731e-03 1.289400243706266558e+01 1.743450396664324558e+02
1.931200954951740401e-03 1.289402222001760379e+01 1.507116419855396998e+02
2.234029671351511065e-03 1.289404869801783171e+01 1.302817426307934170e+02
2.584344503186960986e-03 1.289408413850249424e+01 1.126210874596439027e+02
2.989591676780279598e-03 1.289413157877600113e+01 9.735428485624576922e+01
3.458385050000951748e-03 1.289419508802928327e+01 8.415682645874456114e+01
4.000689206812076126e-03 1.289428012019761738e+01 7.274818945547431781e+01
4.628031262597043401e-03 1.289439398909231649e+01 6.288587382543745008e+01
5.353745882360834603e-03 1.289454650965782889e+01 5.436024776997446395e+01
6.193258719866864132e-03 1.289475086573330209e+01 4.699009176336883797e+01
7.164414302438453647e-03 1.289502478920068107e+01 4.061874650448334734e+01
8.287855330882753710e-03 1.289539216950533351e+01 3.511078286530781867e+01
9.587461456865089410e-03 1.289588526587157702e+01 3.034912303227655528e+01
1.109085686430329523e-02 1.289654777392755136e+01 2.623255160367666505e+01
1.282999744383686580e-02 1.289743912508652812e+01 2.267356366682221136e+01
1.484185004124123283e-02 1.289864060396253898e+01 1.959650400104964518e+01
1.716917821776405700e-02 1.290026421983061944e+01 1.693595765595248182e+01
1.986145122435767005e-02 1.290246589076790329e+01 1.463535735836628682e+01
2.297589551079350784e-02 1.290546565799219003e+01 1.264577754252021791e+01
2.657871112033877159e-02 1.290957993111123159e+01 1.092488824253262791e+01
3.074647882545241545e-02 1.291527557449152575e+01 9.436044394737990615e+00
3.556778791431269848e-02 1.292326663868053949e+01 8.147486522117540986e+00
4.114511922810119848e-02 1.293470242062288200e+01 7.031625064538571834e+00
4.759702347453047266e-02 1.295157669296678726e+01 6.064365329538459193e+00
5.506064111943888284e-02 1.297777531518122984e+01 5.224373888766832508e+00
6.369461741879543781e-02 1.302257039404526928e+01 4.491938117663738517e+00
7.368247455248783107e-02 1.312145565193393004e+01 3.845276623578811392e+00
8.523651253733660615e-02 1.324809268340819735e+01 3.226081941586292690e+00
9.860232183641062798e-02 1.318423534169669864e+01 2.874647107985910388e+00
1.140640035838202115e-01 1.252499174066274179e+01 2.447664907861335948e+00
1.319502083851068208e-01 1.263123739258741374e+01 2.135553353083606609e+00
1.526411220528368085e-01 1.294988053388138383e+01 1.908130438219090896e+00
1.765765467648841291e-01 1.262554253550160510e+01 1.624035399180451922e+00
2.042652494169859834e-01 1.244415089488796333e+01 1.417362428209473002e+00
2.362957758763987726e-01 1.245048394363873179e+01 1.217686276346696017e+00
2.733489610024002481e-01 1.235462805560183419e+01 1.067054538693674282e+00
3.162124003442871034e-01 1.227386571539687488e+01 9.237859299124898671e-01
3.657971911245628815e-01 1.230103649419112877e+01 8.233694939188714867e-01
4.231572983505147434e-01 1.197668667254585628e+01 7.041391507891080481e-01
4.895119576966123764e-01 1.214031392129667353e+01 6.428742627749345351e-01
5.662715913491901398e-01 1.228061457368958997e+01 5.839513930040552969e-01
6.550677876757480256e-01 1.208147167067140870e+01 5.074543779926053988e-01
7.577879819610917611e-01 1.199055108190079366e+01 4.591370686221558084e-01
8.766155753775338733e-01 1.185631926151729409e+01 4.142617898778120922e-01
1.014076344950454178e+00 1.167584108294406420e+01 3.681586717873658321e-01
1.173092131000741167e+00 1.154135145361178338e+01 3.366000011923037660e-01
1.357042943234314958e+00 1.144366327409815298e+01 3.106129936826534932e-01
1.569838805594109488e+00 1.139895791858108787e+01 2.947879808553992009e-01
1.816002866995214848e+00 1.130940037090462269e+01 2.804347248604424636e-01
2.100767544529359654e+00 1.106155393118741337e+01 2.669211701768787193e-01
2.430185742740649246e+00 1.102864461266967666e+01 2.624308775122990989e-01
2.811259513028611767e+00 1.068550817353103710e+01 2.576506283501797112e-01
3.252088887938676010e+00 1.066846810115401567e+01 2.638506907839792137e-01
3.762044053933836452e+00 1.051102237607234180e+01 2.681364860100722280e-01
4.351964522319605067e+00 1.013789645733228539e+01 2.722425647425358308e-01
5.034389531862084155e+00 9.848979814428336255e+00 2.800106102061690194e-01
5.823824580493951686e+00 9.372843455427187109e+00 2.949602230764787336e-01
6.737049751456281044e+00 8.957969593689766086e+00 3.067142248148635453e-01
7.793476387598806454e+00 8.342124329157076801e+00 3.222568525517193749e-01
9.015559695240629168e+00 7.806491783591776645e+00 3.396176244655315091e-01
1.042927604782158113e+01 7.154170437661493409e+00 3.720368612620261750e-01
1.206467513482110299e+01 6.387658604530481732e+00 3.875305394811450754e-01
1.395651869231840614e+01 5.963672384993325082e+00 4.073034271570871723e-01
1.614501939193088731e+01 5.454762871481488418e+00 4.378387938283962444e-01
1.867669559381534228e+01 4.829635584246529945e+00 4.590222612483683684e-01
2.160536013220135843e+01 4.638677622317000093e+00 5.252588752892527468e-01
2.499326415089670306e+01 4.184120421614864860e+00 5.710656357065518884e-01
2.891242030191754253e+01 3.835420522951277444e+00 5.564537174822298260e-01
3.344613343290508567e+01 3.870215539326001153e+00 6.309394602845037614e-01
3.869077129933320691e+01 3.528583146728384801e+00 6.625677545587627115e-01
4.475781293943374806e+01 3.207355938961616637e+00 6.703914928887050317e-01
5.177621825171183900e+01 2.835678740638706508e+00 6.873337282363961576e-01
5.989516914234670253e+01 1.669540082174656437e+00 6.236342840919435471e-01
6.928724050779254640e+01 1.912718988738357107e+00 6.823224295411249862e-01
8.015206845439082883e+01 1.968143953538852076e+00 7.080435369397916068e-01
9.272059372598089055e+01 1.424785979293474947e+00 7.082007937530458985e-01
1.072599705370105312e+02 1.298673238180921841e+00 8.037766743861178842e-01