1.079851239605989725e-03 1.258977748185006540e+01 2.618557104493498855e+02
1.252306159751195901e-03 1.258978472580702324e+01 2.257948413981096394e+02
1.452302558195894605e-03 1.258979447003637198e+01 1.946997896418620257e+02
1.684238877305678636e-03 1.258980757693148256e+01 1.678866938404316045e+02
1.953216001596596793e-03 1.258982520924636184e+01 1.447658640289112668e+02
2.265149439488083234e-03 1.258984893056689813e+01 1.248288126918173333e+02
2.626899420759956638e-03 1.258988084776406424e+01 1.076370718766596326e+02
3.046421770895832958e-03 1.258992379881497214e+01 9.281255001838519547e+01
3.532942880433245260e-03 1.258998161011083816e+01 8.002921668844500402e+01
4.097162617352747595e-03 1.259005944440422020e+01 6.900593220810127093e+01
4.751489645078625298e-03 1.259016427569899932e+01 5.950026449299241449e+01
5.510314321347731074e-03 1.259030553880822723e+01 5.130315706102678774e+01
6.390325179704237253e-03 1.259049602410307855e+01 4.423433091161524544e+01
7.410875953873744676e-03 1.259075311892793358e+01 3.813831903637025533e+01
8.594411216839825327e-03 1.259110054894589759e+01 3.288104620617203011e+01
9.966959995536386896e-03 1.259157085422580202e+01 2.834687854847375021e+01
1.155870821703017075e-02 1.259220897536827977e+01 2.443607758606809810e+01
1.340466257577776696e-02 1.259307757264052263e+01 2.106260196576995725e+01
1.554542042212951267e-02 1.259426516552770003e+01 1.815220711743029014e+01
1.802806260393613122e-02 1.259589910359487597e+01 1.564079836445874427e+01
2.090718889717350579e-02 1.259816735637711282e+01 1.347299586473790001e+01
2.424611879740529163e-02 1.260135774069443571e+01 1.160086814537077338e+01
2.811828408061908813e-02 1.260593536786288738e+01 9.982778658397741367e+00
3.260884375948069208e-02 1.261271631645831270e+01 8.582245445476296197e+00
3.781655695210585366e-02 1.262333692477935188e+01 7.366549933973185027e+00
4.385595485261817306e-02 1.264197260219854080e+01 6.304058484415468122e+00
5.085985957078993647e-02 1.268726442946609367e+01 5.352914212676100014e+00
5.898230523661821684e-02 1.265663163272863834e+01 4.424234798433654525e+00
6.840192561254385128e-02 1.261253845870728263e+01 4.088419717934232978e+00
7.932588271574050887e-02 1.270284773057696626e+01 3.558006703490887990e+00
9.199442285112297002e-02 1.245375326567083007e+01 2.933294396183872887e+00
1.066861602541224752e-01 1.257622261362438110e+01 2.691676551121017447e+00
1.237242045443124050e-01 1.261325307166930543e+01 2.356390870817784755e+00
1.434832667485691771e-01 1.257872742127104537e+01 2.012444618525245588e+00
1.663979001737493912e-01 1.240919801237037312e+01 1.813839886705292059e+00
1.929720573671645789e-01 1.233691147863321369e+01 1.543832977206323953e+00
2.237901733473371402e-01 1.242236335435663541e+01 1.342727157234301139e+00
2.595300188541855846e-01 1.227442551882965383e+01 1.147874049613454073e+00
3.009776062951308173e-01 1.234218111017460018e+01 1.014991219789082244e+00
3.490444762077501983e-01 1.231209306068227960e+01 8.865384725411096234e-01
4.047877444133745617e-01 1.218698188462738585e+01 7.567703628431394769e-01
4.694333507508156589e-01 1.209278552333009316e+01 6.610487414956749408e-01
5.444030206905077218e-01 1.209546481040976573e+01 5.949761132023578813e-01
6.313455327852726118e-01 1.186877808123153066e+01 5.177377999765014893e-01
7.321729796104887722e-01 1.178092891899997596e+01 4.574916786769236410e-01
8.491028196663055194e-01 1.179433809192475024e+01 4.101985692540405237e-01
9.847066450728966247e-01 1.169526304041485787e+01 3.716746702314013273e-01
1.141966737587549297e+00 1.165546516534113408e+01 3.413045184019521949e-01
1.324341656757896946e+00 1.160686863917682210e+01 3.170581921266226733e-01
1.535842302665833659e+00 1.147584766661936051e+01 2.927416310923975362e-01
1.781120126080202093e+00 1.133112311486998713e+01 2.811149855566406064e-01
2.065569425989563168e+00 1.105415280881575946e+01 2.661002349459745675e-01
2.395445984304561904e+00 1.102532185945009857e+01 2.615518252368013719e-01
2.778004646816381928e+00 1.093487523496331093e+01 2.592160499734271761e-01
3.221658876175357733e+00 1.072274235903068984e+01 2.640955247015939200e-01
3.736165785875843248e+00 1.046624365391382483e+01 2.650450710629701501e-01
4.332840724627187612e+00 1.009733964288606067e+01 2.670625209427830993e-01
5.024806130380777169e+00 9.724677661878276425e+00 2.789905760040913840e-01
5.827280126962141260e+00 9.354988268112025551e+00 2.921707767172037062e-01
6.757911210300695082e+00 8.977918363756304032e+00 3.093589448264636999e-01
7.837166384880146275e+00 8.386903456006589153e+00 3.164279533850354875e-01
9.088781286542289450e+00 7.679715915957321393e+00 3.323696957601800506e-01
1.054028219101853914e+01 7.032462202879723456e+00 3.478492920077034256e-01
1.222359138851807714e+01 6.473083536834663754e+00 3.550257220653025292e-01
1.417572923813860442e+01 5.864241303366525493e+00 3.920221852898618797e-01
1.643962834210708834e+01 5.181925619803124050e+00 4.107583764626415723e-01
1.906507774566511415e+01 4.914178710032206077e+00 4.655867655017034146e-01
2.210981792801697665e+01 4.675137181161145961e+00 5.058559984673515197e-01
2.564081066604676096e+01 4.295272890260441123e+00 5.566292484776443894e-01
2.973571169841937234e+01 3.990110702072913185e+00 5.552580408482628016e-01
3.448457857778961966e+01 4.014008734362549013e+00 6.341583282606455541e-01
3.999185127124293615e+01 3.408971980760300280e+00 6.364620632847843851e-01
4.637864906753719652e+01 2.687124270001204351e+00 5.454053817357558120e-01
5.378543430612525356e+01 2.636329849384903667e+00 5.657994482508347245e-01
6.237510151030646455e+01 2.505180171454846949e+00 8.381628058687830007e-01
7.233655986260131954e+01 2.411287140720109523e+00 8.622436871441480077e-01
8.388888781032451902e+01 2.078154441667027008e+00 7.691636785580512337e-01
9.728615117196895312e+01 1.739371134764367222e+00 8.258329086773130712e-01
1.128229907071238358e+02 1.198353748362972482e+00 7.375819121979769744e-01
1.308411020351614695e+02 7.807175160748464071e-01 4.570857014873039859e-01