1.080598540714368134e-03 1.391429776722499234e+01 2.383968305977348621e+02
1.254787871673675994e-03 1.391426348713476813e+01 2.052962620715162814e+02
1.457056014399648334e-03 1.391421717583869899e+01 1.767896707439097668e+02
1.691929191399058497e-03 1.391415456833296282e+01 1.522391512521165282e+02
1.964663239036668670e-03 1.391406985414220188e+01 1.310953224770146619e+02
2.281361219159707288e-03 1.391395508767040745e+01 1.128850325810297193e+02
2.649109989372956143e-03 1.391379935277904778e+01 9.720076920133165288e+01
3.076138788043587379e-03 1.391358755703752870e+01 8.369153725677546163e+01
3.572003382745944124e-03 1.391329866075264299e+01 7.205499959246400010e+01
4.147799902898163110e-03 1.391290301186406353e+01 6.203070329747432510e+01
4.816413141595744102e-03 1.391235822488379803e+01 5.339423803574526772e+01
5.592804882975989031e-03 1.391160259543655897e+01 4.595219189831105666e+01
6.494348707112103727e-03 1.391054417170324342e+01 3.953778502186874277e+01
7.541218764479062225e-03 1.390904180787745759e+01 3.400707003881279888e+01
8.756841219728708769e-03 1.390687060191246438e+01 2.923558743013376215e+01
1.016841846688383219e-02 1.390365489213513506e+01 2.511534205385306251e+01
1.180753784649157118e-02 1.389872817160209451e+01 2.155189183615729576e+01
1.371087848620535996e-02 1.389080970523854575e+01 1.846109980785471194e+01
1.592103208200571635e-02 1.387714619411870487e+01 1.576424218118952503e+01
1.848745598695831355e-02 1.385067762117123635e+01 1.337621352756898396e+01
2.146757993509821466e-02 1.378581089429882134e+01 1.115180535805630235e+01
2.492809116597415053e-02 1.355073181639688507e+01 8.581771352454863333e+00
2.894642670751864863e-02 1.429330593267065197e+01 9.767104153594551974e+00
3.361250621056147830e-02 1.433933974510693510e+01 8.376709029410401186e+00
3.903074411120927012e-02 1.441877257298641268e+01 7.163946040793953252e+00
4.532238614792803710e-02 1.460808322075944865e+01 6.076788861008019182e+00
5.262822251836023202e-02 1.461026842075940024e+01 5.090728661439838376e+00
6.111173838910199940e-02 1.442491210938416479e+01 4.541227178977861989e+00
7.096277225846170378e-02 1.414295221322876728e+01 4.038021405153005894e+00
8.240176403661783611e-02 1.415036041627643826e+01 3.444881896187219184e+00
9.568468790390004253e-02 1.360764311157258000e+01 2.909099230197641717e+00
1.111087803314282363e-01 1.375887142115718120e+01 2.642305957317035325e+00
1.290191914419610564e-01 1.325170667530497859e+01 2.240675751072775057e+00
1.498167085507006169e-01 1.298809342155323776e+01 1.901213972512699080e+00
1.739667247183331322e-01 1.298315656389357109e+01 1.655654730663084218e+00
2.020096530086448738e-01 1.280158834237555432e+01 1.460042124906561822e+00
2.345730194940701674e-01 1.311159621148193111e+01 1.274759047822753066e+00
2.723855056184403267e-01 1.290164354887261666e+01 1.126271117288377699e+00
3.162932541476236037e-01 1.251847285035777979e+01 9.388423512798780290e-01
3.672788035918180816e-01 1.245136586887750418e+01 8.109544461099860158e-01
4.264830748014573070e-01 1.258275284144887429e+01 7.143645694199484142e-01
4.952309017382056644e-01 1.264328286212463048e+01 6.465046247540457980e-01
5.750606777317257556e-01 1.250319550714391603e+01 5.682201651827543110e-01
6.677587806265110615e-01 1.229098165805667264e+01 4.890546254413785654e-01
7.753995471619163915e-01 1.217966244442297530e+01 4.389623388192644415e-01
9.003916911055812600e-01 1.212991303405017796e+01 3.984331533520757973e-01
1.045532203854485420e+00 1.199580745975940310e+01 3.594254409631236213e-01
1.214068943655582933e+00 1.180663496013019298e+01 3.273469332882958382e-01
1.409773314026131930e+00 1.164305517377975718e+01 3.032095220839434169e-01
1.637024657723261889e+00 1.156411779325989642e+01 2.875472315830004955e-01
1.900908254775127926e+00 1.142582822947535526e+01 2.695902966763937258e-01
2.207329117508670890e+00 1.123478214404021358e+01 2.623942719149572889e-01
2.563144129003736893e+00 1.114980238244096711e+01 2.595873598494906065e-01
2.976315481880340563e+00 1.094649501747259457e+01 2.586178372210874987e-01
3.456088850970614246e+00 1.062545971318205673e+01 2.605157297548654771e-01
4.013200286905472147e+00 1.032431345530406475e+01 2.676072465863644778e-01
4.660116460343601830e+00 1.006174957457494479e+01 2.807284254200363427e-01
5.411313632869005019e+00 9.809901780983624420e+00 2.952923995061281781e-01
6.283601597183020360e+00 9.161686459481590106e+00 3.011859535525917564e-01
7.296499835509870024e+00 8.656630342382474197e+00 3.108958378481732066e-01
8.472674313639316779e+00 8.146973069153732538e+00 3.291310359556463006e-01
9.838444684894195547e+00 7.553074976396283446e+00 3.521733947333232084e-01
1.142437325389720471e+01 6.733901637463143963e+00 3.633507592385303298e-01
1.326594887957794811e+01 6.051548646847122015e+00 3.856071377363618491e-01
1.540438112134872917e+01 5.568571625191318653e+00 4.251414131815015596e-01
1.788752239932606969e+01 5.012369029732303360e+00 4.689801794666751955e-01
2.077093880408857984e+01 4.873035579808936646e+00 5.170613718645952206e-01
2.411915351784254824e+01 4.562154909339207087e+00 5.988544094496515147e-01
2.800709067145040621e+01 4.159558072328946920e+00 5.818894033177490765e-01
3.252175194699820082e+01 3.899447265293046527e+00 6.459222887759393794e-01
3.776416344380363910e+01 3.471501954857096006e+00 6.414563754130448991e-01
4.385163637354256139e+01 2.910822818935959955e+00 5.737258866377654698e-01
5.092039217283183916e+01 2.581845395904743157e+00 6.002838070990574870e-01
5.912861077629899853e+01 2.431579021767174886e+00 6.860649961377148776e-01
6.865997026237413081e+01 2.459308337492110752e+00 7.377729180135831344e-01
7.972775707965267600e+01 1.956789949876817980e+00 7.457228663616277675e-01
9.257963882975195702e+01 2.044699750559546114e+00 1.159318586775914373e+00
1.075032064088345010e+02 2.359446962058691533e+00 2.293969596508032005e+00
1.248324095261696414e+02 1.032410315173269977e+00 1.197585004023015820e+00
1.449550296095048907e+02 1.078417712974979681e+00 7.959096717140266009e-01