22.251136674776617 16.421186532964807
25.756337527786975 16.421181628509792
29.813709409159788 16.421175055684806
34.51023530713122 16.421166246300352
39.946600559126104 16.42115443818898
46.239351370074026 16.421138608442075
53.52339336010673 16.421117383524404
61.95488370614942 16.421088917736586
71.7145788798852 16.421050728343392
83.01170975176575 16.420999471373168
96.08846713655046 16.420930634557383
111.22519394265987 16.420838114310172
128.74639523598518 16.420713626961405
149.02769506345643 16.42054587908069
172.50388917855287 16.42031937802883
199.67826630516942 16.42001268762928
231.13339777150546 16.419595791431007
267.54362682493866 16.419025942803685
309.6895253770484 16.41824077140117
358.47462810622864 16.417145971998117
414.9448026679126 16.415591041811762
480.31067127598834 16.41331440632796
555.9735643350676 16.40979127888548
643.555562524293 16.403640237709066
744.9342713826512 16.387204863739882
862.2830739023472 16.39410693435174
998.1177240757527 16.411382940021575
1155.3502802804446 16.40732240464665
1337.351534740198 16.39640650846795
1548.0232774408719 16.398048262498435
1791.88194371371 16.41271945158764
2074.155438744598 16.400819243502422
2400.895214758159 16.392498569213135
2779.1060036163544 16.37993086889292
3216.8959860726145 16.327731790785016
3723.650617048813 16.30897145917733
4310.233833446367 16.25164189948689
4989.220958036579 16.074675367563167
5775.16829248405 16.13891032632889
6684.9251791082115 16.59640872906059
7737.995221443734 16.741795530305684
8956.954407539652 16.801795556690518
10367.935099832675 16.90426186580833
12001.186267494857 17.016066554489406
13891.721971661598 17.078308850783962
16080.072005934173 17.142837898368786
18613.15078458198 17.36569560895728
21545.263105894766 17.519072663871988
24939.26835249968 17.711001304598504
28867.928087070915 17.980028771355215
33415.465933537314 18.201182505693346
38679.37318492495 18.338599802360555
44772.49884692289 18.61239686167677
51825.46892406686 18.962018840696867
59989.486813823736 19.203845437217513
69439.57484415038 19.69036891535966
80378.32644744735 20.173559545118497
93040.24941098361 20.531942758210214
107696.79331551884 20.92380043258222
124662.16894165314 21.345901388121984
144300.08440184352 21.761558631936374
167031.54240902816 22.18111434572054
193343.86584172046 22.476137967960515
223801.14509797323 23.045340652481876
259056.33121129056 23.593641872824293
299865.23398383474 23.99115514449101
347102.7252325302 24.24110727784869
401781.49451744807 24.881957801605097
465073.75944262807 25.52926288664576
538336.395960383 25.8868299352168
623140.0274290573 26.162860388345432
721302.6960429815 27.42255431020285
834928.8384914509 27.800250956924963
966454.4014169935 28.3598800275477
1118699.0638697925 28.831191842663138
1294926.6863167563 29.560826939342334
1498915.2821267261 30.58335380425985
1735038.01159864 31.91524170931789
2008356.9349035774 33.186694203496835
2324731.53384051 35.15162658686775