2.228653457462219478e+01 2.005503038503168156e+01
2.587380511905637803e+01 2.005502794318991278e+01
3.003848754939311405e+01 2.005502463800703339e+01
3.487352285847133260e+01 2.005502018640238049e+01
4.048681194619248913e+01 2.005501418287721194e+01
4.700362358625807246e+01 2.005500608047859146e+01
5.456938998246837258e+01 2.005499514836949970e+01
6.335295230151812262e+01 2.005498038822927498e+01
7.355032861111121179e+01 2.005496044843895476e+01
8.538908831045611691e+01 2.005493348802442455e+01
9.913343067497024208e+01 2.005489699239312174e+01
1.150900808503623978e+02 2.005484750509463865e+01
1.336151348738433740e+02 2.005478023438451274e+01
1.551220064791460800e+02 2.005468843950947289e+01
1.800906530299570250e+02 2.005456237055699731e+01
2.090782864719872975e+02 2.005438697716063245e+01
2.427318083342774173e+02 2.005413310368627222e+01
2.818022462850173611e+02 2.005374425365562985e+01
3.271615144147853016e+02 2.005351977086621673e+01
3.798218712774913115e+02 2.005290535007252828e+01
4.409585099237315262e+02 2.005201458617498389e+01
5.119357840562580577e+02 2.005067730578944918e+01
5.943376555826644108e+02 2.004854740398810975e+01
6.900030430470545753e+02 2.004474529577776920e+01
8.010668597927593737e+02 2.003552186614065889e+01
9.300076576828536190e+02 2.001596438913621157e+01
1.079702939617931406e+03 2.006913775528909838e+01
1.253493375231049413e+03 2.006685365558025680e+01
1.455257352827191880e+03 2.006287569044832608e+01
1.689497531303066808e+03 2.004324432258970745e+01
1.961441323580179869e+03 2.007190270293283163e+01
2.277157553986290623e+03 2.006436322897543789e+01
2.643691892965695843e+03 2.005976274599237996e+01
3.069224091542425867e+03 2.006289130457796688e+01
3.563250524453857906e+03 2.003814670929400776e+01
4.136796115672346787e+03 2.005914183182012422e+01
4.802660375743507757e+03 2.005139392489792272e+01
5.575703041624998150e+03 2.008418329321002815e+01
6.473175693497460088e+03 2.009883486852981349e+01
7.515106749062853851e+03 2.007915538887274209e+01
8.724748427042246476e+03 2.010687664133966024e+01
1.012909565451862181e+04 2.010365056891256685e+01
1.175948849830271865e+04 2.009765017784541641e+01
1.365231156446077512e+04 2.008569208273360829e+01
1.584980597412982570e+04 2.004554950876409336e+01
1.840101203605104092e+04 2.009107041780390901e+01
2.136286365294037387e+04 2.010826829395947257e+01
2.480145888497884880e+04 2.006071465055092062e+01
2.879353502490912069e+04 2.014938867782119303e+01
3.342818110320107371e+04 2.018524294512004857e+01
3.880882604034952237e+04 2.018756591275511170e+01
4.505554681483655440e+04 2.016364907837847653e+01
5.230774815690987452e+04 2.020803778882164181e+01
6.072727356947147200e+04 2.028388951217809222e+01
7.050201710306789028e+04 2.029870948608702719e+01
8.185011648703493120e+04 2.036336850222001615e+01
9.502482119266429800e+04 2.044203519402040925e+01
1.103201440663573594e+05 2.050595097983853776e+01
1.280774226572434418e+05 2.068235914748060011e+01
1.486929366649059230e+05 2.081458658681040319e+01
1.726267515017276746e+05 2.105016640775409087e+01
2.004129853269119922e+05 2.139161810214810089e+01
2.326717286760912684e+05 2.178072991376011913e+01
2.701228826905316091e+05 2.221622829126255638e+01
3.136022247662983136e+05 2.271246272157177870e+01
3.640800601518941694e+05 2.333829717363838085e+01
4.226828757321112789e+05 2.399926143016112690e+01
4.907184792340181884e+05 2.455753128068693059e+01
5.697051848733166698e+05 2.499375848740018569e+01
6.614056967615415342e+05 2.610182561926775691e+01
7.678664462320037419e+05 2.677133452005197256e+01
8.914632609545595478e+05 2.735024497808858612e+01
1.034954385012448416e+06 2.786259134190398257e+01
1.201542033161917701e+06 2.846889769495131972e+01
1.394943852948176442e+06 2.887415679998052553e+01
1.619475889459527563e+06 3.019430873949679750e+01
1.880148904199774144e+06 3.094552405464702360e+01
2.182780197575737722e+06 3.207667514849251944e+01
2.534123430482571013e+06 3.314119304676319189e+01
2.942019342145848088e+06 3.651211624009250301e+01
