2.215533718672292096e+01 1.441034862894236035e+01
2.543964653396528064e+01 1.441012412951481991e+01
2.921082221943911605e+01 1.440982587657457969e+01
3.354103735664909891e+01 1.440942856907332370e+01
3.851316400849093924e+01 1.440889729843116029e+01
4.422235920055356218e+01 1.440818301485440500e+01
5.077788604518788418e+01 1.440721488990814159e+01
5.830520482918541347e+01 1.440588619961900463e+01
6.694837408449829752e+01 1.440402454965635215e+01
7.687280759391752838e+01 1.440131567535394730e+01
8.826844009554191928e+01 1.439703843799772898e+01
1.013533622715862919e+02 1.438834316447730366e+01
1.163779945882858300e+02 1.437889230376732819e+01
1.336298798662350578e+02 1.440214590635743797e+01
1.534391863018220477e+02 1.439482065805601074e+01
1.761850262570962968e+02 1.438410305575270343e+01
2.023027117476645458e+02 1.436714759689456855e+01
2.322920854848199781e+02 1.433896106928012237e+01
2.667270869121695682e+02 1.428683984883726232e+01
3.062667363124655822e+02 1.417153675845917071e+01
3.516677471995052429e+02 1.436718864159473519e+01
4.037990083722373811e+02 1.446458320506285133e+01
4.636582127899832813e+02 1.442858574985698539e+01
5.323909515137431754e+02 1.442998694823291927e+01
6.113126381352265071e+02 1.430681355282560752e+01
7.019336832853807664e+02 1.410652980745696539e+01
8.059884010145233333e+02 1.466027824357736620e+01
9.254682002570850727e+02 1.464160368271060264e+01
1.062659696602327585e+03 1.467345593413590343e+01
1.220188473757670408e+03 1.472368876582235586e+01
1.401069332215616669e+03 1.473833459200370299e+01
1.608763986787966815e+03 1.493022656912404500e+01
1.847247317228135898e+03 1.491515860164349405e+01
2.121083439852190168e+03 1.482223959291998483e+01
2.435513056024416073e+03 1.514019677486981053e+01
2.796553749190908093e+03 1.520270526809027700e+01
3.211115149955212928e+03 1.525544423573282060e+01
3.687131173236030008e+03 1.548018068264445368e+01
4.233711858274071346e+03 1.564211299772502528e+01
4.861317717416359301e+03 1.588161955237000456e+01
5.581959930381344748e+03 1.602303643117322451e+01
6.409430215341401890e+03 1.622495537912008601e+01
7.359564776117047586e+03 1.648790340371010288e+01
8.450547376929005623e+03 1.664595680131092692e+01
9.703257344981066126e+03 1.690464329588771264e+01
1.114166916097984722e+04 1.727763431248731152e+01
1.279331128499216175e+04 1.751986064831013934e+01
1.468979299869230817e+04 1.775488111917066547e+01
1.686740934675551398e+04 1.808112848607749257e+01
1.936783575482258311e+04 1.832686719264992803e+01
2.223892561769942404e+04 1.851615091487481024e+01
2.553562612210918815e+04 1.884120024405438087e+01
2.932102983109847992e+04 1.916716740016086717e+01
3.366758215541868412e+04 1.944954560743184047e+01
3.865846782058275130e+04 1.973245222926199460e+01
4.438920286393362039e+04 2.008056420971225364e+01
5.096946262951377867e+04 2.034724473593199079e+01
5.852518074507240817e+04 2.066783530571125027e+01
6.720095925162924686e+04 2.107687965440625177e+01
7.716283601087998250e+04 2.141808708704384756e+01
8.860146235334585072e+04 2.182628293594488866e+01
1.017357517813948507e+05 2.226115346473268630e+01
1.168170695563551708e+05 2.263652967503804092e+01
1.341340433504311659e+05 2.318396950564968506e+01
1.540180870301289542e+05 2.354541727951748697e+01
1.768497432858765824e+05 2.387040109424404122e+01
2.030659664936772897e+05 2.424336699497586523e+01
2.331684851888862904e+05 2.473184636437596851e+01
2.677334041939161834e+05 2.509582084226686760e+01
3.074222301662895479e+05 2.558554879008823590e+01
3.529945315750128939e+05 2.605545720357305228e+01
4.053224753930835286e+05 2.673223246099313144e+01
4.654075187107124366e+05 2.732071636832623085e+01
5.343995747149192030e+05 2.784988683711641855e+01
6.136190198358151829e+05 2.836896323850471546e+01
7.045819632344007259e+05 2.885681053832858467e+01
8.090292622416963568e+05 2.925335931387711241e+01
9.289598390494070482e+05 3.029441123806238423e+01
1.066668936270058388e+06 3.218811139400554566e+01
1.224792043505104491e+06 3.478225247348702709e+01
