1.073280362240596700e-03 6.748051656860476477e+00 5.117237434593324252e+01
1.230581109702015390e-03 6.745532880986316648e+00 4.458530289299081772e+01
1.410935968672812849e-03 6.742187527985834983e+00 3.883301005898602654e+01
1.617723766438073762e-03 6.737729416255371362e+00 3.380746275366779230e+01
1.854818533657681678e-03 6.731761588815965425e+00 2.941409075950151575e+01
2.126662081731695714e-03 6.723723957871296619e+00 2.556991974689895741e+01
2.438347217156974691e-03 6.712808161814952435e+00 2.220185186198646576e+01
2.795713151840201020e-03 6.697811664417246291e+00 1.924499825823907528e+01
3.205454896815499409e-03 6.676870893864205847e+00 1.664089359397941337e+01
3.675248688784565725e-03 6.646930679754173177e+00 1.433522477940986128e+01
4.213895799261387597e-03 6.602565113267007568e+00 1.227411546097058448e+01
4.831487420489391331e-03 6.532904247385977747e+00 1.039588226334904242e+01
5.539593717158085295e-03 6.411275361944080764e+00 8.604817606791854701e+00
6.351480585676238036e-03 6.134317550335158131e+00 6.617021801088294630e+00
7.282358181841176725e-03 6.026206129933256328e+00 5.470019033966884159e+00
8.349665872903365080e-03 7.781451361656747778e+00 9.334027888855974453e+00
9.573398952411972529e-03 7.781962986498762724e+00 8.118724909239443122e+00
1.097648323862495875e-02 7.782679797719918469e+00 7.054801961779798347e+00
1.258520457433350698e-02 7.783713042826081008e+00 6.121861646478341967e+00
1.442970127449184903e-02 7.785271067261871458e+00 5.301583460629485600e+00
1.654452874732856293e-02 7.787804031535491056e+00 4.576937306947789885e+00
1.896930686673695826e-02 7.792521562512113142e+00 3.930508009601901165e+00
2.174946222403199153e-02 7.804321231066136733e+00 3.337259258982073984e+00
2.493707916466245122e-02 7.834341628336649599e+00 2.779836971828897774e+00
2.859187555348024351e-02 7.690488372764320957e+00 2.349346678118571674e+00
3.278232154887442129e-02 7.530242601707207051e+00 1.998716992428071881e+00
3.758692234525286280e-02 7.867560345954336398e+00 2.065902871908915195e+00
4.309568891519145739e-02 7.930838120896400945e+00 1.803913736988550509e+00
4.941182430461802527e-02 8.098015401775423783e+00 1.686153817872182215e+00
5.665365707264026496e-02 8.015941642274006185e+00 1.588676291405533236e+00
6.495685809771548080e-02 7.863466989894075887e+00 1.488980046175374827e+00
7.447698228053868663e-02 7.602583714627183298e+00 1.373536828182165825e+00
8.539238276074739842e-02 7.325219167919107655e+00 1.230290994982123909e+00
9.790755224333784479e-02 7.454992498582391214e+00 1.142899764451225320e+00
1.122569540323016951e-01 7.307840964650294424e+00 1.111856868796941900e+00
1.287094145433277659e-01 7.269053310575699811e+00 1.017342835334443807e+00
1.475731595863480350e-01 7.224735467919612297e+00 9.954032727163865113e-01
1.692015887693019693e-01 7.081074861324621494e+00 9.135110572933837769e-01
1.939998962026996954e-01 7.199343168206852717e+00 8.842275258664848980e-01
2.224326615394435491e-01 6.970329327041803857e+00 8.295051780475629633e-01
2.550325535629442975e-01 6.986250021455662207e+00 7.709473625360642179e-01
2.924103093794180319e-01 7.255042193863531885e+00 7.560546121440017142e-01
3.352661761678353836e-01 6.840392015161608441e+00 7.075494650604767788e-01
3.844030298410325841e-01 6.790473536406384625e+00 6.820519472445392140e-01
4.407414163872998003e-01 6.858549829097122519e+00 6.383347337688463075e-01
5.053367976818894380e-01 6.865098894208583324e+00 6.148791746465457342e-01
5.793993248571531751e-01 6.735509838957479012e+00 5.976350667438353748e-01
6.643165096721314056e-01 6.561107296454858684e+00 5.508615288379685726e-01
7.616792186144962784e-01 6.511547128868079959e+00 5.433470773295405731e-01
8.733114767169061210e-01 6.460483738343068438e+00 5.217554369383355928e-01
1.001304639442275990e+00 6.367322474989320469e+00 5.258579670933496431e-01
1.148056572825315369e+00 6.235220299227798080e+00 5.032822615010673628e-01
1.316316575883988760e+00 6.094538220017311936e+00 4.876554154784452089e-01
1.509236886892149077e+00 6.039638549717365912e+00 4.787522898936604210e-01
1.730431738448803269e+00 5.837758064457978513e+00 4.572093359381464994e-01
1.984045067701109444e+00 5.725316463814222878e+00 4.497926010018370446e-01
2.274828150226721135e+00 5.568932568725604604e+00 4.504342864780834788e-01
2.608228611994160673e+00 5.624449779885659417e+00 4.566252397350958336e-01
2.990492486980600884e+00 5.435446947862310196e+00 4.597336794558892215e-01
3.428781232428042891e+00 5.365071460715750362e+00 4.774900108121377662e-01
3.931305893940213902e+00 4.842142578161308997e+00 4.396350385351825429e-01
4.507480933913274868e+00 4.645358814518878887e+00 4.470192590707412483e-01
5.168100605172767814e+00 4.484811117398352920e+00 4.413375445959943355e-01
5.925541174058578164e+00 4.081039750425114576e+00 4.306108938041298684e-01
6.793992781471744458e+00 3.935997184554834050e+00 4.269442590306137819e-01
7.789725285644236052e+00 3.945661066570891329e+00 4.536907721389578096e-01
8.931393067017722842e+00 3.734688728140795888e+00 4.488481133846113913e-01
1.024038450554614066e+01 3.237324782719108729e+00 4.181609126391574449e-01
1.174122267764496286e+01 3.069137049129210038e+00 4.280862618310531387e-01
1.346202477957562493e+01 3.078066243696750082e+00 4.419889669593705106e-01
1.543502888425400599e+01 2.606826886504240548e+00 4.176930546738518157e-01
1.769719789991840031e+01 2.362456619057825780e+00 4.190293499808246391e-01
2.029091204541747118e+01 2.184805772431189563e+00 4.101719124267805827e-01
2.326476281517802747e+01 1.752794438100559793e+00 4.012455438781884487e-01
2.667446330825364598e+01 1.568788134291076997e+00 4.557173586931824172e-01
3.058389197585830743e+01 1.533591806219716247e+00 4.183462938778375606e-01
3.506628934129461328e+01 1.384023181210261910e+00 4.357070719544811066e-01
4.020563011202186487e+01 1.137701641974821376e+00 4.363143324924705357e-01
4.609819638946267162e+01 9.844072018617385789e-01 4.187247172112671389e-01
5.285438144957867479e+01 7.922969384617046806e-01 6.505359695063854808e-01
