2.204426277511878141e+01 1.172624693297818865e+01
2.507468821496558320e+01 1.172499000491876942e+01
2.852170632747986545e+01 1.172335250099732207e+01
3.244258611939520875e+01 1.172121465533336959e+01
3.690246936945350598e+01 1.171841571039034946e+01
4.197545289860023843e+01 1.171473738120757169e+01
4.774581961989442647e+01 1.170987863543456520e+01
5.430943882088558894e+01 1.170341545808691386e+01
6.177535894284932283e+01 1.169473278036596398e+01
7.026761931943021011e+01 1.168289972206711980e+01
7.992731097504854176e+01 1.166641147180792615e+01
9.091492072132321312e+01 1.164249827303313545e+01
1.034129974964975673e+02 1.160616023896590576e+01
1.176291852466235213e+02 1.154991851788206247e+01
1.337996727370087058e+02 1.141652637475019461e+01
1.521931176093434317e+02 1.141064036843939533e+01
1.731151098790742822e+02 1.161151068591562918e+01
1.969132490298898972e+02 1.162202767009008753e+01
2.239829190565326371e+02 1.171507626160733828e+01
2.547738574029118865e+02 1.162444999498734788e+01
2.897976269323297629e+02 1.197813038319075929e+01
3.296361150696693585e+02 1.223120288720296855e+01
3.749512013209044312e+02 1.210567702723602146e+01
4.264957537867950919e+02 1.226627399837799004e+01
4.851261373676394442e+02 1.243818085648648974e+01
5.518164414712925918e+02 1.238287803692637645e+01
6.276746636046174217e+02 1.257486519738111319e+01
7.139611177237196671e+02 1.282716919841913317e+01
8.121093731806209917e+02 1.287549497427773737e+01
9.237500721475356613e+02 1.312620076140174952e+01
1.050738021223148735e+03 1.354342732365186208e+01
1.195183007322792719e+03 1.376813007525525023e+01
1.359484849829933637e+03 1.393771289689556525e+01
1.546373271367938742e+03 1.399484177213515856e+01
1.758953249607981661e+03 1.412728391475690515e+01
2.000756603591295743e+03 1.438500477693739121e+01
2.275800671624633651e+03 1.463606674461606616e+01
2.588655055627711590e+03 1.485531977914339663e+01
2.944517540828013807e+03 1.499730409213680460e+01
3.349300452138245419e+03 1.530052092826600685e+01
3.809728881947481568e+03 1.538928582891894692e+01
4.333452421289593985e+03 1.559142658651152580e+01
4.929172250698631615e+03 1.582556383272877021e+01
5.606785702247755580e+03 1.604123621456605164e+01
6.377550694535839284e+03 1.620996255911637718e+01
7.254272772556430937e+03 1.640249020477531161e+01
8.251517859942876385e+03 1.660053715145746978e+01
9.385854258270735954e+03 1.675148462971272778e+01
1.067612791401129834e+04 1.701792280926818890e+01
1.214377552644110619e+04 1.715217488280259417e+01
1.381318069850488428e+04 1.743763261304401979e+01
1.571207904774780036e+04 1.770609177166467418e+01
1.787201900785936596e+04 1.789173551511513338e+01
2.032888597661881795e+04 1.826595239775958746e+01
2.312349851847365426e+04 1.858721797308014700e+01
2.630228652710393726e+04 1.891615495119566148e+01
2.991806261501377594e+04 1.910696345101715110e+01
3.403089954607230902e+04 1.945857121737926931e+01
3.870912828873132821e+04 1.967173699080916549e+01
4.403047327164756280e+04 1.989835672115924226e+01
5.008334370292812673e+04 2.026661642074417102e+01
5.696830240707001940e+04 2.054397747484527770e+01
6.479973658295578934e+04 2.091814075458399458e+01
7.370775824099930469e+04 2.122644295079298971e+01
8.384036589344090316e+04 2.163568238262498511e+01
9.536590341226947203e+04 2.193539563715100726e+01
1.084758569064143085e+05 2.235735718012664108e+01
1.233880360857250344e+05 2.287006002199444410e+01
1.403501929671497783e+05 2.316728007883170548e+01
1.596441380445563700e+05 2.368264348673066166e+01
1.815904223085368576e+05 2.413943137615164858e+01
2.065536629036104423e+05 2.470724425760371190e+01
2.349486009036755713e+05 2.500464959030065160e+01
2.672469918500280473e+05 2.539581224718025609e+01
3.039854435318395263e+05 2.622383285348937676e+01
3.457743312265446875e+05 2.698827114520405246e+01
3.933079385185806896e+05 2.783201588639547452e+01
4.473759921767727355e+05 2.836204637109626248e+01
5.088767827316471376e+05 3.009794296497548771e+01
5.788320887388841948e+05 3.343580313613816912e+01
