2.204758837428880014e+01 1.119108770248412554e+01
2.508558042527241838e+01 1.119008081541591793e+01
2.854218495872611783e+01 1.118876698589346397e+01
3.247508363001271192e+01 1.118704838064904905e+01
3.694990619328498127e+01 1.118479278918864850e+01
4.204132568979083828e+01 1.118181900628723113e+01
4.783430454489964490e+01 1.117787380141853149e+01
5.442551236793767799e+01 1.117259344276194177e+01
6.192493911419010288e+01 1.116543398737098691e+01
7.045773052850833551e+01 1.115552857308774470e+01
8.016627649925820265e+01 1.114131368289517532e+01
9.121258717175398090e+01 1.111904128248292167e+01
1.037809964722735714e+02 1.108494625444036252e+01
1.180812381573733774e+02 1.104576862904250945e+01
1.343519457196908320e+02 1.097204423440769894e+01
1.528646345544745486e+02 1.097453224550054784e+01
1.739282328387466521e+02 1.113914445787176355e+01
1.978942367315776210e+02 1.123671531393205569e+01
2.251625759222305589e+02 1.118840699857004495e+01
2.561882874067772491e+02 1.100449602258063031e+01
2.914891088609968506e+02 1.116686508787535459e+01
3.316541183230157230e+02 1.095928040305904005e+01
3.773535643593125997e+02 1.148817169826037698e+01
4.293500507537529529e+02 1.139102269853357186e+01
4.885112623627476864e+02 1.167756109887096017e+01
5.558244444976566001e+02 1.190827418382490777e+01
6.324128774573104010e+02 1.197603484286821107e+01
7.195546211273574500e+02 1.211954971657424984e+01
8.187038424445826195e+02 1.213808604432245630e+01
9.315150816255940072e+02 1.241092264371374299e+01
1.059870862099529631e+03 1.243251525652311962e+01
1.205913104882075913e+03 1.247948197303230344e+01
1.372078871614234231e+03 1.300318185164912066e+01
1.561141032723321132e+03 1.326974225069749025e+01
1.776254539351039739e+03 1.361972641288582864e+01
2.021009071205642158e+03 1.379858438905664464e+01
2.299488938892603073e+03 1.391635822669644895e+01
2.616341240336470491e+03 1.426388501362430006e+01
2.976853408645636591e+03 1.454169711349474170e+01
3.387041445490308433e+03 1.474179000062231992e+01
3.853750312377138471e+03 1.489372361859206784e+01
4.384768155087341256e+03 1.500138057863516750e+01
4.988956267384279272e+03 1.513286509365213561e+01
5.676396962743649055e+03 1.545438914495679761e+01
6.458561821697256164e+03 1.580470571306267047e+01
7.348503122396790786e+03 1.599524735897854200e+01
8.361071648871284197e+03 1.616690337002931699e+01
9.513164511626157037e+03 1.639740278921109251e+01
1.082400711605916513e+04 1.660239345117037146e+01
1.231547398400583188e+04 1.689840742240430060e+01
1.401245378208373222e+04 1.722151023861255936e+01
1.594326464820046021e+04 1.745469442313024189e+01
1.814012674693435838e+04 1.767335545519091511e+01
2.063969993949670970e+04 1.790503521114586860e+01
2.348369554057572168e+04 1.810761772504457667e+01
2.671957237067776805e+04 1.850411389708170518e+01
3.040132871925249856e+04 1.877883458527944782e+01
3.459040343438711716e+04 1.911758371714947913e+01
3.935670117589120491e+04 1.947084637974591104e+01
4.477975894055484241e+04 1.978549886496352528e+01
5.095007332582405070e+04 2.010641819938282282e+01
5.797061068043977866e+04 2.032777651911019134e+01
6.595852534249056771e+04 2.071070529208252964e+01
7.504711463776089658e+04 2.108605275319179739e+01
8.538804326216550544e+04 2.149276134509564784e+01
9.715387416737314197e+04 2.205425132020804924e+01
1.105409481834564649e+05 2.246713704027063585e+01
1.257726604319107428e+05 2.286051041100920145e+01
1.431031882037733158e+05 2.327995635630292526e+01
1.628217325113431143e+05 2.367985979857983381e+01
1.852573440938637650e+05 2.407716216921472352e+01
2.107844144105351879e+05 2.454164998086745442e+01
2.398289232511126029e+05 2.516268480627038429e+01
2.728755472203130485e+05 2.572487322237733665e+01
3.104757477179720299e+05 2.640769393577329893e+01
3.532569733821061673e+05 2.710801962283471056e+01
4.019331305595000158e+05 2.772608918614501050e+01
4.573164965284828795e+05 2.889287875370812486e+01
5.203312742743065464e+05 3.033839893212418559e+01
5.920290150107468944e+05 3.363014457431724935e+01
