1.067582911431367524e-03 1.068617613257097609e+01 4.324650377934132450e+01
1.211883634129182295e-03 1.068608688664377837e+01 3.808769977873034662e+01
1.375688882750134836e-03 1.068597079938231253e+01 3.354183117640352663e+01
1.561635002590173972e-03 1.068581938320666680e+01 2.953570439213011767e+01
1.772714682726524941e-03 1.068562118214433099e+01 2.600479705953438980e+01
2.012325121518107347e-03 1.068536053667325625e+01 2.289221095354085733e+01
2.284322702435455377e-03 1.068501569665652084e+01 2.014774217479442342e+01
2.593085060194170142e-03 1.068455583832068001e+01 1.772704945166626445e+01
2.943581536108379280e-03 1.068393615471441827e+01 1.559089893383543490e+01
3.341453156600023185e-03 1.068308937335799591e+01 1.370445586067689092e+01
3.793103422069150389e-03 1.068191018481803312e+01 1.203657120841366712e+01
4.305801367316583125e-03 1.068022428290275627e+01 1.055894615647378565e+01
4.887798552213417844e-03 1.067771942035082056e+01 9.244836481225563674e+00
5.548461865510627769e-03 1.067376150221797637e+01 8.066006119929900464e+00
6.298424279184876989e-03 1.066669842606758145e+01 6.980257506359889064e+00
7.149755979619528551e-03 1.064031592746446364e+01 5.625556526067239993e+00
8.116158629872565616e-03 1.066959588128828251e+01 5.727798597220866483e+00
9.213185889563782482e-03 1.063132768268919826e+01 4.918440240464038382e+00
1.045849374151400744e-02 1.061515854010405491e+01 4.238819526736771870e+00
1.187212465399051058e-02 1.077272555468813842e+01 3.877991117500684926e+00
1.347683015197610398e-02 1.082561514590481977e+01 3.553337457564884172e+00
1.529843698904927336e-02 1.082756796989829162e+01 3.001168788883842975e+00
1.736626281318781606e-02 1.104518588329811202e+01 2.757634639534042531e+00
1.971358801638286792e-02 1.125800069832208194e+01 2.410774758668486228e+00
2.237819136219421079e-02 1.071820869469405402e+01 2.032638834878250478e+00
2.540295801184493801e-02 1.033422813371032589e+01 1.904307647474770882e+00
2.883656973466346141e-02 1.040566609326177350e+01 1.662049050356100066e+00
3.273428841138789624e-02 1.062572764213698662e+01 1.563451216437987901e+00
3.715884544033923320e-02 1.057534716679121978e+01 1.356565493080391649e+00
4.218145136091187158e-02 1.043696090918053798e+01 1.265479184074706831e+00
4.788294194365395884e-02 1.053939382890949084e+01 1.192787423775795164e+00
5.435507919255652687e-02 1.060189860628520542e+01 1.149143454561166955e+00
6.170202819838754849e-02 1.068655660636389904e+01 1.042587379182869700e+00
7.004203361212228696e-02 1.074854203124005281e+01 9.775970565832137193e-01
7.950932272028414516e-02 1.035754337312937068e+01 8.899661759055920163e-01
9.025626575103010141e-02 1.046114003730123798e+01 8.522809932721072679e-01
1.024558281797857823e-01 1.018019092661136149e+01 8.012587567848444836e-01
1.163043545027895309e-01 1.027544037823293266e+01 7.930143568101853946e-01
1.320247282816782997e-01 1.017782492058523758e+01 7.399230394657878573e-01
1.498699593181003209e-01 1.029199468709744281e+01 7.248692778728467179e-01
1.701272556917359513e-01 1.009722677620422893e+01 7.161947298247421934e-01
1.931226461986884635e-01 1.001410337439276788e+01 6.800893518809848493e-01
2.192262275855630937e-01 1.010619951218340873e+01 6.658183666540882228e-01
2.488581210302588942e-01 9.991796022286806078e+00 6.559406623677859205e-01
2.824952337353878740e-01 9.936092483039880463e+00 6.267734744223116827e-01
3.206789344580322498e-01 9.801888837246172770e+00 6.025420737021927042e-01
3.640237665087971974e-01 9.617271759029346612e+00 5.713514602549299992e-01
4.132273384505510405e-01 9.548238398191253751e+00 5.569275342580138899e-01
4.690815516815978192e-01 9.682929155545107136e+00 5.341682995150037749e-01
5.324853456043695532e-01 9.698849111935482270e+00 5.248465346126561792e-01
6.044591655053318524e-01 9.660411580794098896e+00 5.250195832872778245e-01
6.861613859977819807e-01 9.505701119062491600e+00 5.171853369701658876e-01
7.789069543528068795e-01 9.550439129591605791e+00 5.158303183620954746e-01
8.841885537714107013e-01 9.432252022935324831e+00 5.035015790299196548e-01
1.003700627207735341e+00 9.524752842102980566e+00 5.018012386458828855e-01
1.139366648392112769e+00 9.283418165492797414e+00 4.856037598383314280e-01
1.293370078964388936e+00 9.030361749590671394e+00 4.752516218131543346e-01
1.468189509953651051e+00 8.880847820335016962e+00 4.686713980424149772e-01
1.666638553184971450e+00 8.662881942182531603e+00 4.669252189251882346e-01
1.891911124640976105e+00 8.186063273836575505e+00 4.567447150496196095e-01
2.147632848586237042e+00 8.484050868477529761e+00 4.804690559369049208e-01
2.437919409772436374e+00 8.072147973289652612e+00 4.652614653899971864e-01
2.767442792867360168e+00 7.781942842516698100e+00 4.546976136908774668e-01
3.141506475190822378e+00 7.584131993988643572e+00 4.667525544537969306e-01
3.566130782938599530e+00 7.139537208054910877e+00 4.725294221241088666e-01
4.048149784650624028e+00 7.125723134804903935e+00 4.941892959728466650e-01
4.595321281364528332e+00 6.561325182036775061e+00 4.871042529841366764e-01
5.216451663678805417e+00 6.274110279820488856e+00 4.946272660958884737e-01
5.921537645223635238e+00 5.869536477034625221e+00 4.985527758039574597e-01
6.721927153652949904e+00 5.323359455860993350e+00 4.792625707034682270e-01
7.630501968599812557e+00 5.088441682332283555e+00 5.036253159731247653e-01
8.661885046041323477e+00 4.784626064273696855e+00 5.164679358197168391e-01
9.832675865831923545e+00 4.089624970483447086e+00 5.081363427717668912e-01
1.116171759017965393e+01 4.095883984820265944e+00 5.642593546532188586e-01
1.267040033281774924e+01 3.873603139516070382e+00 5.698171559010143383e-01
1.438300541980332881e+01 3.423885910876413696e+00 5.555286534639062301e-01
1.632709618261022300e+01 3.335938628308452891e+00 7.028618641231999531e-01
1.853396157309175152e+01 2.951323351858710975e+00 7.604663692922515317e-01
2.103911974002500074e+01 2.481181395499785225e+00 1.107370453359584284e+00
2.388288967199310520e+01 2.045132478793146635e+00 1.355769755688576605e+00
