2.212474796748896466e+01 1.892546556898893328e+01
2.533890050655237047e+01 1.892546462840436305e+01
2.901998611800822303e+01 1.892546339512411180e+01
3.323583807717373162e+01 1.892546177694725174e+01
3.806414407643852371e+01 1.892545965484098858e+01
4.359387781669798301e+01 1.892545687085222283e+01
4.992693857192352880e+01 1.892545321930328228e+01
5.718002893997728364e+01 1.892544842953921247e+01
6.548680538196023804e+01 1.892544214665257840e+01
7.500034117919841492e+01 1.892543390503982081e+01
8.589594719405430112e+01 1.892542309382394450e+01
9.837440241418673281e+01 1.892540891136183490e+01
1.126656538111757015e+02 1.892539030563935043e+01
1.290330536927269520e+02 1.892536589582161355e+01
1.477782126323455998e+02 1.892533386896900893e+01
1.692465574039319165e+02 1.892529184426334155e+01
1.938336963402462629e+02 1.892523669381509777e+01
2.219927094130067076e+02 1.892516430621130397e+01
2.542424973727094653e+02 1.892506927356162905e+01
2.911773438021064635e+02 1.892494447638671318e+01
3.334778662882616231e+02 1.892478053077208600e+01
3.819235585161182485e+02 1.892456504868524902e+01
4.374071544032464089e+02 1.892428164172169858e+01
5.009510789711364964e+02 1.892390856768669849e+01
5.737262891017845732e+02 1.892341687005574968e+01
6.570738513679693824e+02 1.892276777888524464e+01
7.525296545631018716e+02 1.892190899806972482e+01
8.618527123212612651e+02 1.892076923233299368e+01
9.870575773744865273e+02 1.891924974349459632e+01
1.130451464761672696e+03 1.891721039905957014e+01
1.294676768077707038e+03 1.891444390214398652e+01
1.482759752231838775e+03 1.891061867211668712e+01
1.698166320002016391e+03 1.890505594028692471e+01
1.944865880024436137e+03 1.889707072481249384e+01
2.227404493146898858e+03 1.888320008275256612e+01
2.550988645051790627e+03 1.887297118065199086e+01
2.921581188870301048e+03 1.887861138594288235e+01
3.346011225772238049e+03 1.884416446187045224e+01
3.832099948358086294e+03 1.881991872477935956e+01
4.388804765834831414e+03 1.884143830519875351e+01
5.026384366844976284e+03 1.881777352371272016e+01
5.756587761647174375e+03 1.876084631025866400e+01
6.592870787226859647e+03 1.862672285739485645e+01
7.550644064988958235e+03 1.844051869875036331e+01
8.647556980277764524e+03 1.913819282325659188e+01
9.903822916762006571e+03 1.915681364145943988e+01
1.134259173894795458e+04 1.915033594108176729e+01
1.299037638674916889e+04 1.916512933196168689e+01
1.487754144319242914e+04 1.939399248884383908e+01
1.703886267835067702e+04 1.937658900457843814e+01
1.951416788050928881e+04 1.946456107473336772e+01
2.234907078349441144e+04 1.956014940404119073e+01
2.559581161462305317e+04 1.963988333365083250e+01
2.931421975248834497e+04 1.980933502116038625e+01
3.357281623397480871e+04 1.997067284397205356e+01
3.845007642697247502e+04 2.017145832589196885e+01
4.403587613671542931e+04 2.025008410643502899e+01
5.043314779389714386e+04 2.043648745022327162e+01
5.775977724400036095e+04 2.086434508477149308e+01
6.615077609096307424e+04 2.106135921909186237e+01
7.576076962608561735e+04 2.123461127039226426e+01
8.676684618853512802e+04 2.167834639957934328e+01
9.937182046409320901e+04 2.198481240598850661e+01
1.138079708566470072e+05 2.234896648190966673e+01
1.303413198029068590e+05 2.287214118097231363e+01
1.492765359059328621e+05 2.320951967867828003e+01
1.709625482216292876e+05 2.362197403445968646e+01
1.957989761555772566e+05 2.393891749123257640e+01
2.242434934572534694e+05 2.458976403410136413e+01
2.568202620117783954e+05 2.510068408493628311e+01
2.941295908430517884e+05 2.550441953429577069e+01
3.368589983197406982e+05 2.589968089926965789e+01
3.857958814131317195e+05 2.638347445215666554e+01
4.418420254698387580e+05 2.755003028748227223e+01
5.060302218784773722e+05 2.808693895070345548e+01
5.795432998526772717e+05 2.872403933489687233e+01
6.637359230389783625e+05 2.919756414902946773e+01
7.601595526070154738e+05 3.029191970670400735e+01
8.705910368298133835e+05 3.215358503242105570e+01
9.970653539892310509e+05 3.485566798188707338e+01
