2.203947015373698548e+01 2.023542578769127687e+01
2.505899489437718586e+01 2.023542522514305020e+01
2.849221059926192012e+01 2.023542449957663436e+01
3.239579513282270540e+01 2.023542355595485276e+01
3.683419152864907176e+01 2.023542233897048703e+01
4.188067185900202105e+01 2.023542076424025282e+01
4.761854686011442794e+01 2.023541873099052424e+01
5.414254128259695165e+01 2.023541609942167341e+01
6.156035767217173316e+01 2.023541269907335760e+01
6.999445439669139546e+01 2.023540830120810341e+01
7.958406727232508615e+01 2.023540261592173550e+01
9.048750816329462054e+01 2.023539526427737911e+01
1.028847785020110734e+02 2.023538575883740620e+01
1.169805408753834115e+02 2.023537346618995514e+01
1.330074977342713964e+02 2.023535756881802783e+01
1.512302330041199525e+02 2.023533700691854875e+01
1.719495800167019866e+02 2.023531040840718020e+01
1.955075878717631781e+02 2.023527599436468449e+01
2.222931682166507983e+02 2.023523145752684016e+01
2.527485156648133398e+02 2.023517380207744765e+01
2.873764078458141853e+02 2.023509913262555671e+01
3.267485056010593212e+02 2.023500237528591583e+01
3.715147903505281306e+02 2.023487690477454493e+01
4.224142944289854427e+02 2.023471404120431316e+01
4.802873015353801520e+02 2.023450235974570077e+01
5.460892187087608818e+02 2.023422672084923235e+01
6.209063488387420193e+02 2.023386685497622040e+01
7.059738240938697800e+02 2.023339515360169116e+01
8.026959963251455292e+02 2.023277270232564007e+01
9.126696210633805322e+02 2.023193849040264425e+01
1.037710217847614558e+03 2.023081748651824441e+01
1.179882042058855859e+03 2.022917953902595656e+01
1.341532163054605462e+03 2.022774163448066531e+01
1.525329211189226498e+03 2.022513718294859686e+01
1.734307433382381305e+03 2.022166761920214029e+01
1.971916784534879525e+03 2.021633738860748153e+01
2.242079881735159688e+03 2.020721699071749455e+01
2.549256761495266801e+03 2.020806096299040178e+01
2.898518509072899633e+03 2.020949896391357470e+01
3.295630975402546937e+03 2.019760794854512298e+01
3.747149963691875200e+03 2.018145622449565479e+01
4.260529457088550771e+03 2.015646225851950391e+01
4.844244674113578185e+03 2.010326664071251201e+01
5.507931983344113178e+03 1.996915552179091335e+01
6.262547987152666792e+03 2.017513547487991943e+01
7.120550400765483573e+03 2.038719431574337904e+01
8.096103712714827452e+03 2.039253003055512181e+01
9.205313021868127180e+03 2.040418415132236873e+01
1.046648991137493613e+04 2.039237857483429650e+01
1.190045474876005392e+04 2.037121966589783284e+01
1.353088040273872684e+04 2.036665934127190525e+01
1.538468305106534899e+04 2.035168105790631188e+01
1.749246653113792854e+04 2.033812816934360868e+01
1.988902756900096574e+04 2.044019028690950535e+01
2.261393022741130699e+04 2.041097145371633204e+01
2.571215905634718001e+04 2.047737520349551232e+01
2.923486172861409796e+04 2.048653947464426395e+01
3.324019342048226827e+04 2.049036420063650965e+01
3.779427687696650537e+04 2.052813366319622901e+01
4.297229401116041845e+04 2.049810813210086735e+01
4.885972705849079648e+04 2.053286247709729651e+01
5.555376977571214229e+04 2.055222145899038821e+01
6.316493198167604714e+04 2.058130817152555991e+01
7.181886392872815486e+04 2.068343534126826810e+01
8.165843062269860820e+04 2.071559855974415498e+01
9.284607033577408583e+04 2.071622094567864991e+01
1.055664762481890648e+05 2.082827015364375001e+01
1.200296454891049507e+05 2.097424679523674484e+01
1.364743459123212961e+05 2.109814748454804345e+01
1.551720578387156420e+05 2.120468615756678687e+01
1.764314558383816038e+05 2.145198739607556604e+01
2.006035045407789585e+05 2.170443711751709515e+01
2.280872525980026112e+05 2.211324813663066990e+01
2.593364204518647748e+05 2.253142763681261229e+01
2.948668906601377530e+05 2.307540365139102079e+01
3.352652244373663561e+05 2.353757557206538564e+01
3.811983450071121915e+05 2.458746972610043358e+01
4.334245476250050706e+05 2.549019228600365139e+01
4.928060180335656623e+05 2.690716550383261207e+01
5.603230660119818058e+05 2.981716157563244707e+01
