2.204421097147791997e+01 1.966670086460613476e+01
2.507451856140721347e+01 1.966669903894773341e+01
2.852138740188270916e+01 1.966669666635815616e+01
3.244208008764337592e+01 1.966669359951302809e+01
3.690173081634844721e+01 1.966668962978491209e+01
4.197442745851868295e+01 1.966668449107459082e+01
4.774444237422866877e+01 1.966667783843098505e+01
5.430763242402282742e+01 1.966666922514951921e+01
6.177303143234003358e+01 1.966665806679681694e+01
7.026466155893244547e+01 1.966664361132619732e+01
7.992359367046680063e+01 1.966662487416787641e+01
9.091029094111999598e+01 1.966660057456568111e+01
1.034072746162443082e+02 1.966656903626088138e+01
1.176221562252502224e+02 1.966652806393880937e+01
1.337910866176509899e+02 1.966647476177317344e+01
1.521826791208674479e+02 1.966640529090881628e+01
1.731024719949428459e+02 1.966631450929889269e+01
1.968980043186216164e+02 1.966619543127138314e+01
2.239645896321374039e+02 1.966603835476972506e+01
2.547518832538408446e+02 1.966582931219420161e+01
2.897713523730450333e+02 1.966554692394095838e+01
3.296047730192293557e+02 1.966515458700163421e+01
3.749138950671630823e+02 1.966457403667172343e+01
4.264514358420148028e+02 1.966352158264428240e+01
4.850735849604534451e+02 1.966206901680858010e+01
5.517542281498035663e+02 1.966447623146832058e+01
6.276011263445832356e+02 1.966342979885635600e+01
7.138743188426431061e+02 1.966201189967855001e+01
8.120070562512721608e+02 1.966000908939469127e+01
9.236296109808599795e+02 1.965725593528357251e+01
1.050596360848210225e+03 1.965285879242050271e+01
1.195016595727543518e+03 1.964507177242841962e+01
1.359289559037958952e+03 1.965219796752653991e+01
1.546144306209170736e+03 1.964376816597282982e+01
1.758685042291478339e+03 1.964164829015501468e+01
2.000442691900548425e+03 1.962903165571364994e+01
2.275433558224960507e+03 1.962831058943341844e+01
2.588226045594566131e+03 1.960841960526122918e+01
2.944016554067095967e+03 1.957498461965092673e+01
3.348715806864570823e+03 1.954033402600374103e+01
3.809047044811236901e+03 1.945076626089849725e+01
4.332657719070508392e+03 1.900486294405191856e+01
4.928246537724646259e+03 1.998586197408418030e+01
5.605707976813229834e+03 1.999700658256412211e+01
6.376296656582400828e+03 2.000686635709572414e+01
7.252814313716172364e+03 2.001564200416027717e+01
8.249822475706580008e+03 2.001627066054015813e+01
9.383884370507377753e+03 2.000847747920691333e+01
1.067384009029973640e+04 2.001951326457138336e+01
1.214111958064650935e+04 2.003964456978440012e+01
1.381009865470250952e+04 2.002529399427015733e+01
1.570850394692021655e+04 2.004724462186341682e+01
1.786787353371903737e+04 2.002841564788868212e+01
2.032408087337759207e+04 1.999964927186692876e+01
2.311793076932620534e+04 2.000747205584051969e+01
2.629583725753707040e+04 2.001521224837562585e+01
2.991059467970838887e+04 2.005547529544892171e+01
3.402225475202815142e+04 2.001575843139758248e+01
3.869912420020085119e+04 2.012504140803411801e+01
4.401889953437888471e+04 2.010813669584477381e+01
5.006995781593644642e+04 2.013013048064699717e+01
5.695282485950561386e+04 2.010965129238960003e+01
6.478184526141401147e+04 2.020688557742452929e+01
7.368708199859112210e+04 2.021384031708573303e+01
8.381647715584958496e+04 2.023458043142082019e+01
9.533830967755484744e+04 2.028896944730851715e+01
1.084439909741421870e+05 2.030458039952811333e+01
1.233512448267001892e+05 2.053110063452970735e+01
1.403077244171563943e+05 2.066145488699898536e+01
1.595951265735381166e+05 2.093072722600296842e+01
1.815338715799824859e+05 2.115631062842577492e+01
2.064884262968568364e+05 2.142851487208119821e+01
2.348733590236175805e+05 2.192984206105860778e+01
2.671602266934266081e+05 2.240722394380345150e+01
3.038854088160163374e+05 2.286577390565852141e+01
3.456590183135577827e+05 2.339171415835943435e+01
3.931750372846311075e+05 2.424445097202190169e+01
4.472228460810493561e+05 2.537087074558526112e+01
5.087003372292988934e+05 2.692104239120408948e+01
5.786288320572632365e+05 2.965466369100910882e+01
