22.02972444037027 19.523408508253322
25.027096534457954 19.523400133746076
28.43229213513255 19.523389316200504
32.300799852851526 19.523375344464913
36.695658098024445 19.523357297735078
41.68848230946304 19.523333970045563
47.36063194789729 19.523303815130046
53.80453627104183 19.523264808045088
61.125200494086414 19.523214323710455
69.44191687891511 19.52314892631254
78.8902086347296 19.523064120750696
89.6240383064783 19.522953991327974
101.81831663739547 19.52281071124701
115.67175278826471 19.522623852090927
131.4100923585225 19.522379382777775
149.28979597365765 19.52205819249242
169.60221838251292 19.52163382782626
192.6783561640422 19.521068885447292
218.89424140872757 19.520308970943
248.67706926619599 19.519271942972214
282.5121592091311 19.517827228395817
320.95086344921333 19.515751806696947
364.6195513749281 19.51262252716259
414.2298164151569 19.507490782790207
470.5900716522389 19.497445459272512
534.6187231382418 19.44223756788942
607.3591355773009 19.514409656498163
689.9966342439894 19.537203982714196
783.8778201887101 19.55638174318523
890.5325134767588 19.554714340548554
1011.698682032253 19.552357768057256
1149.3507623093767 19.548960404192716
1305.7318332841633 19.543301305798522
1483.390168050974 19.53458317101225
1685.2207586421143 19.523801975218802
1914.5124907290842 19.501264398142947
2175.0017369303496 19.52241512448025
2470.933242043524 19.580839598568826
2807.1292923437513 19.572230908291125
3189.068296081278 19.567355057684786
3622.9740556693055 19.55434173625634
4115.917186277265 19.526395538771677
4675.9303334737615 19.477765514703897
5312.139067422719 19.61670849353509
6034.910586590127 19.590874243760553
6856.022654129704 19.497453833042904
7788.855519812883 19.61983285399184
8848.609954924439 19.643478490166544
10052.554953063103 19.68568759966739
11420.30913320063 19.70565201291324
12974.160430540547 19.695989152274826
14739.42928462819 19.717258631382485
16744.881242963293 19.72458549006447
19023.19570360604 19.71978296141824
21611.49843506766 19.69680281917254
24551.96655104571 19.64172376746536
27892.515798235556 19.711952056563206
31687.581356764433 19.790047376883287
35999.004876608626 19.750628760920073
40897.042204499034 19.752104841388864
46461.5082225057 19.768035825734405
52783.07745376489 19.82598596644199
59964.761629081084 19.761359625088566
68123.58829176298 19.909956677199684
77392.50779402691 19.983036053380925
87922.55976000514 20.011873527142434
99885.33431847651 20.073967493083288
113475.76821179246 20.10086309650697
128915.32134437223 20.163175583798527
146455.58553350854 20.274041236048
166382.3842680837 20.53200818236173
189020.43028190598 20.657266772798124
214738.6168381201 21.02868330197984
243956.02894764478 21.338179283616494
277148.77247611654 21.69884797026951
314857.7324215368 22.49987165226069
357697.3867859185 23.17939401295865
406365.8196654258 24.182737959805287
461656.09672509384 25.965031412696327
524469.1884246639 28.83135503865299