22.03676919817151 19.42205988949914
25.05015264445623 19.42205970702031
28.475596484562026 19.422059472887966
32.36944727085526 19.42205916893334
36.795756576643804 19.422058775293713
41.82733460718289 19.42205826879875
47.546947885065535 19.422057612156753
54.04868071122352 19.422056763504106
61.43948279677802 19.42205566747761
69.84092852338061 19.422054251120596
79.39121677085072 19.422052421077364
90.24744420810741 19.422050055727013
102.58818944170453 19.422046998164156
116.61645052970486 19.42204304671877
132.56298418128262 19.42203793903964
150.69010156993892 19.422031336056147
171.295983199243 19.422022799049063
194.71958379812276 19.422011759694065
221.34620792836955 19.421997481591198
251.6138480198484 19.421979009519266
286.02038909039356 19.42195510297049
325.13179866382677 19.421924148629397
369.5914366054741 19.421884044501486
420.1306380165382 19.42183204438724
477.58074326976765 19.421764548394627
542.8867730734869 19.42167681578981
617.1229735108137 19.421562564017545
701.5104867608862 19.42141339374807
797.4374381751521 19.421217931636036
906.4817701294062 19.42096047198332
1030.4371982551168 19.420618582426226
1171.3427170149002 19.420157774251837
1331.516139971644 19.419516657186975
1513.5922264691333 19.41856710749438
1720.5660218858297 19.41767332455126
1955.8421243836915 19.416576470692647
2223.290688561292 19.41409910901259
2527.311087238673 19.411598083767192
2872.904278573126 19.405413125792872
3265.7550689027325 19.392543088065416
3712.325624493452 19.394906980863112
4219.961770403414 19.415147751671523
4797.013825018714 19.427956476576334
5452.973957918308 19.424718139410086
6198.632330524763 19.425210213284892
7046.254587963413 19.41819029782734
8009.7836217674485 19.403163114032974
9105.068922307746 19.412141767078218
10350.127293661031 19.40838766108018
11765.439219523818 19.41126031701487
13374.285755218527 19.404074277733965
15203.131487468654 19.380480903677366
17282.05986140784 19.33432866365722
19645.26803569815 19.335785927541387
22331.629405835443 19.418267473378517
25385.33304882197 19.413764031628297
28856.610607698058 19.410938128070626
32802.562572759096 19.343317296941258
37288.097551301806 19.518846290790997
42386.99997633903 19.516970890390144
48183.14381746836 19.502587597170074
54771.87225873019 19.454780451493985
62261.566038350735 19.587434461676832
70775.42624864403 19.677835994817983
80453.5009220905 19.71449688175202
91454.98873975102 19.726655246316195
103960.85775667513 19.67660187755257
118176.82222080897 19.849907049991202
134336.72645233604 20.086695779027373
152706.39144629237 20.260112816796003
173587.98747282397 20.308250321035718
197325.0046018091 20.692285751091028
224307.90291407547 21.093855803379146
254980.53534189047 21.44606743530742
289847.44879070146 21.99906185427065
329482.1836413178 22.6210695310976
374536.7081545061 23.44105747046978
425752.1429684445 24.626461898420494
483970.95210076554 26.16257224938016
550150.8009900533 29.218095070788873