1.068146874802159601e-03 5.654287111637579244e+00 1.336598654126004931e+03
1.213728617497081969e-03 5.654286801814063068e+00 1.176278834814715538e+03
1.379152241777826301e-03 5.654286415414549793e+00 1.035188679419748269e+03
1.567122072084928524e-03 5.654285907053782978e+00 9.110216521074869434e+02
1.780711015377074539e-03 5.654285253575713988e+00 8.017478933510631123e+02
2.023410796624531757e-03 5.654284408818158525e+00 7.055810066812682635e+02
2.299189041086351429e-03 5.654283319877230873e+00 6.209488695765653574e+02
2.612554136545170574e-03 5.654281911733773924e+00 5.464679252127598374e+02
2.968628935859187953e-03 5.654280095930754868e+00 4.809205698802323923e+02
3.373234504711318006e-03 5.654277749586281487e+00 4.232352425587840230e+02
3.832985283653094193e-03 5.654274720456303527e+00 3.724689114663049168e+02
4.355397220140349093e-03 5.654270808793929959e+00 3.277916547842841055e+02
4.949010638289504799e-03 5.654265757552220606e+00 2.884730944357127669e+02
5.623529855013650533e-03 5.654259234735204309e+00 2.538704555170938306e+02
6.389981824965296903e-03 5.654250811326517301e+00 2.234180584480335199e+02
7.260896407793270696e-03 5.654239932336506236e+00 1.966180711014804672e+02
8.250511204699951737e-03 5.654225881522064512e+00 1.730323706222035298e+02
9.375004312940957152e-03 5.654207732303579093e+00 1.522753807163478257e+02
1.065275880330834521e-02 5.654184286438987073e+00 1.340077684280289247e+02
1.210466324424166670e-02 5.654153993596960248e+00 1.179308966746978058e+02
1.375445318549694922e-02 5.654114846407599870e+00 1.037819421052100211e+02
1.562909918390540526e-02 5.654064244112146476e+00 9.132959838832432808e+01
1.775924771461768331e-02 5.653998813217764763e+00 8.037029469426367712e+01
2.017972217579486888e-02 5.653914172454162390e+00 7.072486751769460511e+01
2.293009217710739039e-02 5.653804621890999194e+00 6.223563139893222029e+01
2.605532041869803445e-02 5.653662730135124548e+00 5.476380061207158434e+01
2.960649773570438181e-02 5.653478780863954611e+00 4.818721956496151648e+01
3.364167832475532804e-02 5.653240024942898678e+00 4.239836471860705558e+01
3.822682880661858879e-02 5.652929656531370917e+00 3.730258514453872465e+01
4.343690664015505826e-02 5.652525391846275227e+00 3.281655267833320977e+01
4.935708551735455696e-02 5.651997461593163408e+00 2.886689586035370780e+01
5.608414777205585761e-02 5.651305716141539648e+00 2.538899457826386907e+01
6.372806656527210678e-02 5.650395348884337920e+00 2.232591445736481361e+01
7.241380371248670733e-02 5.649190396643583689e+00 1.962746144938149229e+01
8.228335254357270478e-02 5.647583530968311116e+00 1.724933739976970415e+01
9.349805919175036006e-02 5.645419397140382323e+00 1.515237584626404477e+01
1.062412602597206518e-01 5.642466169452632130e+00 1.330183205449365325e+01
1.207212799832063505e-01 5.638364296503696416e+00 1.166668770197375871e+01
1.371748358891503872e-01 5.632527796603130632e+00 1.021889601474571840e+01
1.558709086238398989e-01 5.623937274501760619e+00 8.932398737089195961e+00
1.771151392144153514e-01 5.610652935816417219e+00 7.781452945128129350e+00
2.012548256496389798e-01 5.588459523753178892e+00 6.736691234804034423e+00
2.286846004633918961e-01 5.545886566638438708e+00 5.751445438961702017e+00
2.598528821373133346e-01 5.429399666548656356e+00 4.665341402686068228e+00
2.952692057892969402e-01 5.461001376378081140e+00 4.166606902528997125e+00
3.355125529890097824e-01 6.000901068403145189e+00 4.970600832128476476e+00
3.812408168751999504e-01 6.027479694503170116e+00 4.375181007248104770e+00
4.332015573093345173e-01 6.069309600936377613e+00 3.852823426201007262e+00
4.922442218894543808e-01 6.144098186887061885e+00 3.397365232312127503e+00
5.593340326118287908e-01 6.334666750478543662e+00 3.013208597492689655e+00
6.355677651977998943e-01 6.346478405105111520e+00 2.631287863056233967e+00
7.221916790442458600e-01 5.738641497537878777e+00 2.169965646462717501e+00
8.206218909142251050e-01 5.886218524946936981e+00 1.871378859832946162e+00
9.324675254343119946e-01 5.709089520037865739e+00 1.687088395923711737e+00
1.059557020860015575e+00 5.405877953985270601e+00 1.385540173888692772e+00
1.203968020152609064e+00 5.558259875209745182e+00 1.288515791449069248e+00
1.368061336022897256e+00 5.507029239977391022e+00 1.125036660732120941e+00
1.554519545198153052e+00 5.338358414556376275e+00 9.678056988661072335e-01
1.766390842846410347e+00 5.254457726003760598e+00 8.911139336021712820e-01
2.007138874084682278e+00 5.249484563658318947e+00 8.070874863711917646e-01
2.280699357210275835e+00 5.327866981044407702e+00 7.334410300623743773e-01
2.591544424324625062e+00 5.253932391134995328e+00 6.287525035442435017e-01
2.944755731181996516e+00 5.244973205470247812e+00 5.574423203547743677e-01
3.346107531453601069e+00 5.194845899535621037e+00 4.864052919170288591e-01
3.802161073494664478e+00 5.156358707484708148e+00 4.412466281526155054e-01
4.320371862800838514e+00 5.077375773278238746e+00 3.921895941539509933e-01
4.909211543666963884e+00 5.058571917900808401e+00 3.597909550225625863e-01
5.578306392554141624e+00 4.990731951436509384e+00 3.158874651055476046e-01
6.338594687237092629e+00 4.881192820783665454e+00 2.838609417378154531e-01
7.202505524382655899e+00 4.721150500897019597e+00 2.668544564957169296e-01
8.184162008846591618e+00 4.606148229883046952e+00 2.489797847832365962e-01
9.299612136401515627e+00 4.374777783242837614e+00 2.312855992919913839e-01
1.056709114433752106e+01 4.239592163923926904e+00 2.284867631209233918e-01
1.200731961880988408e+01 4.036951420015790326e+00 2.322764057094535983e-01
1.364384223235498794e+01 3.790217730766957338e+00 2.380444597981074273e-01
1.550341264921241269e+01 3.461958790669875441e+00 2.504188566906667135e-01
1.761643089083660385e+01 3.028905814569623711e+00 2.792990120046455194e-01
2.001744031159407911e+01 2.516722322346836904e+00 3.103549212828661807e-01
2.274569230914191209e+01 2.038698010039154518e+00 3.804025999929236401e-01
2.584578800130102394e+01 1.458130080022028263e+00 5.275130383476759333e-01
