1.067802024298368947e-03 6.473706946481632585e+00 1.515521515560522175e+03
1.212600301893021091e-03 6.473709190570160921e+00 1.334550743470349516e+03
1.377033812159342329e-03 6.473712074964218743e+00 1.175189902987940513e+03
1.563765172142749221e-03 6.473715795192297229e+00 1.034858520514246493e+03
1.775818060539881456e-03 6.473720595028573221e+00 9.112842586297426806e+02
2.016626179120297683e-03 6.473726785847296661e+00 8.024661188826931948e+02
2.290088853515182162e-03 6.473734770032127273e+00 7.066420460585080718e+02
2.600634173698103315e-03 6.473745062310079845e+00 6.222603911717721985e+02
2.953290696570600588e-03 6.473758341811383765e+00 5.479547927974211916e+02
3.353768871708656240e-03 6.473775462877332743e+00 4.825220427676947565e+02
3.808553508770064384e-03 6.473797545318615398e+00 4.249026116522186385e+02
4.325008783856600265e-03 6.473826025964375397e+00 3.741634869325428667e+02
4.911497485164012175e-03 6.473862757712420368e+00 3.294830666341243273e+02
5.577516428824949753e-03 6.473910134140663075e+00 2.901378556523165457e+02
6.333850237688436885e-03 6.473971241239764751e+00 2.554907498856559585e+02
7.192745973124405230e-03 6.474050063639114505e+00 2.249807201934116563e+02
8.168111447607959846e-03 6.474151743908883816e+00 1.981137275726017606e+02
9.275740429292963357e-03 6.474282921733114371e+00 1.744547233660518941e+02
1.053356838523753641e-02 6.474452174401031712e+00 1.536206047071638068e+02
1.196196290444635768e-02 6.474670584850534816e+00 1.352740108397054257e+02
1.358405350345328472e-02 6.474952484482139781e+00 1.191178603475310496e+02
1.542610615487625958e-02 6.475316418103137295e+00 1.048905403735995634e+02
1.751794860356054723e-02 6.475786407026657088e+00 9.236167017599977669e+01
1.989345335731294157e-02 6.476393606295762773e+00 8.132837027047538925e+01
2.259108617313495410e-02 6.477178490001700872e+00 7.161197670300461482e+01
2.565452892040984839e-02 6.478193751160468139e+00 6.305514716204123715e+01
2.913338690685953955e-02 6.479508179596108697e+00 5.551931191595958381e+01
3.308399212076491153e-02 6.481211899211452021e+00 4.888242808176958221e+01
3.757031539608322868e-02 6.483423528004006897e+00 4.303700049390882754e+01
4.266500227084848995e-02 6.486300116221168643e+00 3.788833653221377773e+01
4.845054931216458138e-02 6.490051201548893367e+00 3.335300567775896496e+01
5.502063995563001575e-02 6.494959145930066846e+00 2.935747715260633584e+01
6.248166148999693970e-02 6.501409391832057239e+00 2.583691057255412815e+01
7.095442775109143951e-02 6.509937019824222126e+00 2.273407440491885012e+01
8.057613542000421902e-02 6.521301381724024182e+00 1.999836366452264258e+01
9.150258560323584756e-02 6.536611872706616921e+00 1.758487778355423004e+01
1.039107066681042579e-01 6.557553451500466757e+00 1.545349120758512029e+01
1.180014191848473004e-01 6.586824318915979859e+00 1.356777000012899137e+01
1.340028893664734766e-01 6.629079676827038803e+00 1.189333983995134325e+01
1.521742236882281385e-01 6.693295510898824574e+00 1.039437649834636623e+01
1.728096645124175268e-01 6.800285004202108574e+00 9.022121812372841276e+00
1.962433546569453680e-01 7.021952156943517487e+00 7.644191168367175493e+00
2.228547480586328400e-01 7.218292944358114305e+00 6.422389752190085233e+00
2.530747541443896242e-01 5.389728032650999978e+00 6.421266938758972920e+00
2.873927154039930265e-01 5.390610412577093058e+00 5.649378295732969235e+00
3.263643311499847544e-01 5.391767088451095091e+00 4.968810950438373730e+00
3.706206557714894489e-01 5.393291797671174947e+00 4.368454557355839540e+00
4.208783171876814277e-01 5.395317627369687230e+00 3.838436004523013256e+00
4.779511209649134340e-01 5.398041103638752780e+00 3.369904292620397257e+00
5.427632279991052577e-01 5.401771450990498380e+00 2.954760470478411172e+00
6.163641191452184920e-01 5.407053624262744940e+00 2.585182473168682993e+00
6.999455891110724082e-01 5.415101667107533601e+00 2.252249517190361594e+00
7.948610447919630673e-01 5.431157478054584153e+00 1.936038042860164898e+00
9.026474205375869531e-01 5.449867111014206955e+00 1.666736573455661841e+00
1.025050065217886219e+00 5.396557954156540049e+00 1.506202754598851001e+00
1.164051004075782547e+00 5.479214133863167469e+00 1.401104553894014781e+00
1.321901033001557479e+00 5.656895830731304642e+00 1.285886640025228234e+00
1.501156164920779190e+00 5.388890227494677276e+00 1.123660456345825676e+00
1.704719018459990520e+00 5.386056269547729869e+00 9.740701754485829866e-01
1.935885819083023707e+00 5.278553998329543973e+00 8.301034653968496491e-01
2.198399773771694043e+00 5.288628377577347273e+00 7.375155261859559497e-01
2.496511683529289094e+00 5.298698173587474969e+00 6.452220400021143609e-01
2.835048775184921155e+00 5.268487524715665948e+00 5.692476312169609809e-01
3.219492867069221553e+00 5.159286142295798960e+00 5.088593861727845891e-01
3.656069134272128096e+00 5.219320993495917271e+00 4.488644829474500719e-01
4.151846910829002368e+00 5.041524261378459215e+00 3.888133650736823044e-01
4.714854161091277973e+00 4.972859795001954630e+00 3.535339523633036496e-01
5.354207473878432211e+00 4.967400077368468558e+00 3.326939498721165345e-01
6.080259684363261030e+00 4.863265967877876683e+00 3.057615596324170237e-01
6.904767514082449154e+00 4.693897364693968122e+00 2.781182447753601794e-01
7.841081943611268201e+00 4.519272955346489873e+00 2.571842569719064442e-01
8.904364400543736124e+00 4.390907044747948795e+00 2.403486827487839317e-01
1.011183226343813502e+01 4.161384560149946843e+00 2.310404229908263329e-01
1.148303765709146873e+01 3.958454833055093935e+00 2.246426752190366083e-01
1.304018405358188915e+01 3.690004976498666434e+00 2.227202593555585308e-01
1.480848580569421458e+01 3.378449347590057883e+00 2.320082028923288464e-01
1.681657643453368323e+01 2.960014598715785539e+00 2.538740813293501319e-01
1.909697228259296864e+01 2.651296551199462392e+00 3.090297334774856353e-01
2.168659904005226480e+01 1.955522316038210251e+00 4.151467935017068012e-01
2.462738967017748237e+01 1.433804884514750411e+00 5.770495613684704095e-01