1.067011769300222788e-03 4.431871248530931950e+00 1.387517171505478473e+03
1.210016462350160717e-03 4.431871237419952259e+00 1.223534669234491730e+03
1.372187150399121515e-03 4.431871217023407361e+00 1.078932270450022088e+03
1.556092527917672707e-03 4.431871197008767638e+00 9.514195704943078908e+02
1.764645554898911775e-03 4.431871168161928942e+00 8.389768315347305361e+02
2.001149596542010911e-03 4.431871127930205212e+00 7.398230226741313800e+02
2.269350746739424909e-03 4.431871080414340192e+00 6.523876059200332520e+02
2.573497164143006156e-03 4.431871016796140594e+00 5.752856479717806906e+02
2.918406360659663717e-03 4.431870936999287913e+00 5.072958988664507842e+02
3.309541508189317929e-03 4.431870832857544684e+00 4.473414378216779141e+02
3.753097972261904176e-03 4.431870699818296622e+00 3.944726187205719157e+02
4.256101443218601559e-03 4.431870528614768823e+00 3.478520290657803002e+02
4.826519219281221254e-03 4.431870308105682277e+00 3.067412240624199740e+02
5.473386404172350325e-03 4.431870024702462274e+00 2.704890312969546358e+02
6.206949018187097461e-03 4.431869659978525000e+00 2.385212359144699690e+02
7.038826289517093222e-03 4.431869191246470052e+00 2.103314857049655586e+02
7.982194696432014236e-03 4.431868588228858208e+00 1.854732704615724685e+02
9.051996675445537696e-03 4.431867812740878598e+00 1.635528497796393594e+02
1.026517730128821693e-02 4.431866815267991200e+00 1.442230162156613176e+02
1.164095268756783555e-02 4.431865532302428967e+00 1.271775958365430199e+02
1.320111435943603986e-02 4.431863882018419964e+00 1.121465985506307277e+02
1.497037441935680953e-02 4.431861759180015348e+00 9.889194160616990814e+01
1.697675697321259641e-02 4.431859028145712642e+00 8.720367849066359156e+01
1.925204201672233578e-02 4.431855514381173755e+00 7.689667350038241977e+01
2.183226881308791487e-02 4.431850992913348719e+00 6.780766926988530940e+01
2.475830673509410787e-02 4.431845173728989451e+00 5.979270086309443855e+01
2.807650261348666396e-02 4.431837682742625795e+00 5.272481543260111181e+01
3.183941484527079424e-02 4.431828036862218489e+00 4.649206132703511685e+01
3.610664588980153772e-02 4.431815611637831331e+00 4.099571480966034898e+01
4.094578633894596642e-02 4.431799598684964536e+00 3.614871627821893441e+01
4.643348551486927572e-02 4.431778949474312945e+00 3.187429121313937230e+01
5.265666555312457919e-02 4.431752300813156964e+00 2.810473400666700883e+01
5.971389820145452110e-02 4.431717874948883917e+00 2.478033538377829359e+01
6.771696614204021636e-02 4.431673344473104237e+00 2.184843640655137875e+01
7.679263356768298299e-02 4.431615647293707383e+00 1.926259403894823663e+01
8.708465405687121352e-02 4.431540729502219556e+00 1.698184499849280016e+01
9.875604755136871415e-02 4.431443181739518344e+00 1.497005614659537009e+01
1.119916825023969942e-01 4.431315714446210308e+00 1.319535099097546649e+01
1.270012040851858370e-01 4.431148382705761612e+00 1.162960299732834279e+01
1.440223548631998085e-01 4.430927410266143340e+00 1.024798732782945976e+01
1.633247404995349372e-01 4.430633350663195635e+00 9.028583308808949326e+00
1.852141001622820138e-01 4.430238111262879919e+00 7.952020296982230896e+00
2.100371492647282734e-01 4.429699943918092409e+00 7.001159472465545264e+00
2.381870712467371587e-01 4.428954618497426665e+00 6.160802996306916413e+00
2.701097453841013185e-01 4.427899001382151312e+00 5.417418856763453583e+00
3.063108092709438957e-01 4.426358396531924200e+00 4.758861766940304605e+00
3.473636678410019774e-01 4.424015837408833640e+00 4.174049389921251851e+00
3.939185757862826431e-01 4.420240612977683448e+00 3.652490938048935210e+00
4.467129372336078319e-01 4.413599261816236741e+00 3.183345600095569772e+00
5.065829858202546276e-01 4.400048690803870066e+00 2.752649600245234751e+00
5.744770301746644492e-01 4.361493843913403445e+00 2.328348225343643385e+00
6.514704746033479488e-01 4.307129626097330188e+00 1.915411823771998145e+00
7.387828529034003999e-01 4.737371834513949942e+00 1.894629631504900491e+00
8.377971451068465525e-01 4.561422438837784199e+00 1.970840600638132489e+00
9.500816831234165649e-01 4.693320606528040173e+00 1.695734465619600062e+00
1.077414992255083526e+00 4.437070924879248146e+00 1.513652239156305646e+00
1.221813962058281522e+00 4.445447011087734879e+00 1.338197576052126525e+00
1.385565792764762882e+00 4.394037651928757171e+00 1.198045825308122314e+00
1.571264223274827732e+00 4.389681509575626528e+00 1.028816353013443985e+00
1.781850614554400858e+00 4.381459453528039560e+00 8.652156472922508668e-01
2.020660539174358838e+00 4.469404969970225849e+00 7.858093838058146652e-01
2.291476614944789603e+00 4.533496399150998002e+00 7.459819806503228401e-01
2.598588419499860969e+00 4.437538480451150846e+00 6.688966983612281147e-01
2.946860434847371479e+00 4.459874814624281036e+00 5.901974809749012119e-01
3.341809098087264118e+00 4.411843838825613595e+00 5.159086626413420529e-01
3.789690178740082516e+00 4.379676242905433448e+00 4.402293381881390300e-01
4.297597866694183644e+00 4.309543109474915035e+00 3.937465981018517525e-01
4.873577140270261232e+00 4.291020409917008394e+00 3.590973516808799726e-01
5.526751194251518839e+00 4.252831979205716095e+00 3.270476622806228195e-01
6.267465946269345167e+00 4.220980741568912897e+00 2.947460362721122107e-01
7.107453910446153600e+00 4.139512524201909294e+00 2.742535048259589492e-01
8.060020033963720465e+00 4.054905493765665447e+00 2.538108063685444726e-01
9.140252440106021226e+00 3.940915329178255266e+00 2.387539629521202300e-01
1.036526141583038196e+01 3.690826188600904167e+00 2.307626840569304283e-01
1.175445042929863604e+01 3.556178627939773129e+00 2.224839922383666235e-01
1.332982347013676261e+01 3.286736695817435994e+00 2.295100231386136558e-01
1.511633358052374732e+01 2.901095986219874856e+00 2.423292931400296835e-01
1.714227809765028354e+01 2.559701995136961727e+00 2.657391873290437800e-01
1.943974686797028895e+01 2.145189573276155670e+00 3.368594352104222200e-01
2.204513053271260148e+01 1.531626026447561628e+00 4.328424263021995455e-01