22.217893739014784 12.082894287855684
25.64624241575237 12.08196599110046
29.60360499395843 12.080713529364065
34.17161135855274 12.079016169757779
39.44448735477578 12.076701644032878
45.53099841724765 12.073518048595442
52.55669311215953 12.069084221184596
60.66649287091764 12.062794756200438
70.02768133457002 12.053617710957964
80.83335497125654 12.039594774023765
93.30640614375959 12.016292886090987
107.7041207872667 11.969503357026213
124.32348553523153 11.7975367477908
143.50731376525226 12.102598857235428
165.65131692903213 12.132727725077416
191.21226702918634 12.166878071684641
220.71741861312643 12.194496134743089
254.77538463474275 12.172858523466033
294.0886905240417 12.13538544444554
339.4682654218689 12.069085881711356
391.85016949542194 11.888169350565926
452.31490237466915 12.049171209976638
522.1096909914613 12.22842062965183
602.6742165602932 12.054581662646319
695.6703113800338 11.733456034392681
803.0162380228139 12.317175385615645
926.926257998739 13.396696911584364
1069.956306092947 13.436684657744475
1235.056712515336 13.501096582406912
1425.633060380954 13.556229515061478
1645.6164338493309 13.258847923837632
1899.544505955375 14.366442642843687
2192.6551387585464 14.766308906359042
2530.9944265329077 15.060499913390455
2921.5414106422604 15.064957551013741
3372.352038637172 15.255991257149404
3892.725337067922 15.564633451062761
4493.395225717388 15.648572234761332
5186.751929872293 16.06284141595926
5987.097557780237 16.420449855987467
6910.941115177001 16.368750581055178
7977.339042250671 16.647069826831775
9208.288297416202 17.04906243727218
10629.1800961752 17.382394658963538
12269.323664489142 17.510269117904997
14162.550810307768 17.695153337308284
16347.913783958415 17.946351052574958
18870.49082240361 18.25548702491803
21782.315993606582 18.405872209425052
25143.452521225623 18.962879284050494
29023.231729476556 19.323760023593426
33501.683164306916 19.5490618768458
38671.18539048538 19.86237446409547
44638.371516168176 20.209873018141824
51526.32875085615 20.377085294266692
59477.13736778387 20.980703406891283
68654.80144279548 21.14655660265696
79248.63182307014 21.40970703505877
91477.15110736189 21.763868743662208
105592.60118712965 22.237203647356143
121886.14632716632 22.717632259790918
140693.8791114673 22.8881858501986
162403.7531410595 23.540685814500733
187463.5854869432 24.238127668047774
216390.29396750793 24.462706688982493
249780.559790935 25.20377963342932
288323.13550459483 25.873853824149208
332813.05213176116 26.22200817510052
384168.0185511619 26.6848989097946
443447.35139503115 26.971658544070433
511873.82593920885 27.211500173738273
590858.898711148 27.20238379760563
682031.8220912745 28.343819596742986
787273.2514646435 28.8583638307041
908754.038149214 28.43479453941734
1048980.008295876 31.0886793176371
1210843.6514300706 32.14493694829471
1397683.7848324035 33.10331121755038
1613354.424476044 34.5849330485223
1862304.2831455194 36.22931287281265