22.219248179546874 14.214311866060111
25.650723911142006 14.21411669760595
29.612146722916275 14.213855393532993
34.18536009264936 14.213504985921709
39.46484716556254 14.213034070097464
45.559682787606555 14.212399310816004
52.59578700506402 14.211540145035789
60.71852658804234 14.210370405577157
70.09571832564912 14.208764313965094
80.92109614129478 14.206531232661066
93.41831365914655 14.203365240758846
107.84556491524377 14.198728597269064
124.50091867772983 14.191513731551396
143.72847658390558 14.178504638752653
165.92548232196697 14.152705020614635
191.55052873398557 14.128282023633918
221.13303239988105 14.225751909533457
255.28417144844389 14.212249634276143
294.7095125719153 14.191466076277568
340.2235881197848 14.156692482590273
392.7667244363381 14.064865675999595
453.42446911745856 14.071552260179207
523.4500185561749 14.094037524099493
604.2901091327756 14.318179522110485
697.6149069646336 14.243731782603891
805.3525137416129 14.308760210421926
929.7288015418169 14.331670958641897
1073.3133996198262 14.47463020007478
1239.0727832600699 14.433061694905998
1430.4315615175115 14.472614684611218
1651.3432300578268 14.420318965728963
1906.371850859384 14.566569790396043
2200.7863462896016 14.55104355103833
2540.669355682798 14.67361670754388
2933.0429034096833 14.786189663110326
3386.0134747561215 15.084660778183373
3908.939496896476 15.084000498469997
4512.624685138856 15.75566239566097
5209.5412489992505 15.915302241822491
6014.08756956919 15.946831456040677
6942.885671822776 16.002992563559957
8015.124637677169 16.108016704661505
9252.957054762144 16.91975529096437
10681.956691578647 17.178418247044142
12331.646854670833 17.485333859895647
14236.110343735088 17.592814479455882
16434.693606412948 18.01572244561368
18972.81964069166 18.229614042391436
21902.92643957493 18.58786145740539
25285.550366405172 18.884547473760943
29190.576843503346 19.218096456070093
33698.68419350583 19.664944515255154
38903.010463336526 19.94539779634855
44911.077667600206 20.1950276093848
51847.01320650002 20.724480644081794
59854.11435304409 20.985376091754862
69097.80879215898 21.286279508602796
79769.07237680875 21.62064230766336
92088.37471237752 22.154933741020358
106310.23408556932 22.532009628159727
122728.4758432105 22.907505574867997
141682.30285970244 23.267335267154547
163563.30350972066 23.66742461108771
188823.54193172933 24.106448710233938
217984.8977281421 24.663477412686568
251649.84806147162 25.62464807239855
290513.9149058859 25.999128744491763
335380.03461590793 26.465392997264562
387175.1466892949 26.83143788870284
446969.34444995876 27.20551911772001
515997.9833063747 27.879854197360338
595687.2033447807 28.21166195676065
687683.3935570576 28.347274746666734
793887.2064378294 28.61407975241612
916492.8256964931 29.85471619343185
1058033.2983598977 30.640231815296623
1221432.8678324402 31.909141646815492
1410067.389120962 32.99009921857194
1627834.0744103543 34.24312433578376
1879232.0099419714 37.39676914340686