2.221825953524671249e+01 1.486639399951279650e+01
2.564745270634362129e+01 1.486625470698715645e+01
2.960591171782026976e+01 1.486606889468729165e+01
3.417532410252080410e+01 1.486582093463264798e+01
3.944998514635609865e+01 1.486548987644514952e+01
4.553874378423004998e+01 1.486504757722378223e+01
5.256724882790737041e+01 1.486445612786326542e+01
6.068054187941957878e+01 1.486366427305146054e+01
7.004605043787628915e+01 1.486260235996239132e+01
8.085704296601839758e+01 1.486117507401375271e+01
9.333661721594089045e+01 1.485925072318624629e+01
1.077423041178531378e+02 1.485664488209195788e+01
1.243713822386243635e+02 1.485309424776630927e+01
1.435670124803177430e+02 1.484821212268542290e+01
1.657253196155495800e+02 1.484140560597311875e+01
1.913035667956199006e+02 1.483170049127965129e+01
2.208295917221595062e+02 1.481729016461391701e+01
2.549126992089737485e+02 1.479389795812922870e+01
2.942562349151149874e+02 1.474055807779875593e+01
3.396720997231949468e+02 1.474310700513190042e+01
3.920975042844796121e+02 1.475104685719999509e+01
4.526143094808298883e+02 1.465485655872249993e+01
5.224713519170375093e+02 1.470123069353679668e+01
6.031102151567715737e+02 1.447722324528921689e+01
6.961949785223923755e+02 1.496736078423061223e+01
8.036465573606732278e+02 1.497427191207935948e+01
9.276823434268546862e+02 1.503911943837327136e+01
1.070861963413736930e+03 1.490734058014611385e+01
1.236140099907745480e+03 1.499277430152078239e+01
1.426927464795533069e+03 1.545871313264341396e+01
1.647161183380238072e+03 1.531583518856636239e+01
1.901386041667756899e+03 1.579013273658259564e+01
2.194848273457896539e+03 1.595567116606729030e+01
2.533603822649120957e+03 1.576784208607373827e+01
2.924643314878947876e+03 1.658472473460472685e+01
3.376036317439161394e+03 1.686980663715301532e+01
3.897097864441607726e+03 1.703165019129551538e+01
4.498580683680405855e+03 1.733560974246597652e+01
5.192897092021614299e+03 1.747353223470856776e+01
5.994375138396940201e+03 1.771164168064615652e+01
6.919554280218302665e+03 1.792074125024899445e+01
7.987526694849450905e+03 1.816596849078905862e+01
9.220331269504800730e+03 1.829556455362910938e+01
1.064340840002793266e+04 1.856152943333611915e+01
1.228612498386614243e+04 1.871368726474755562e+01
1.418238044109852126e+04 1.886129442605182760e+01
1.637130626948579447e+04 1.901605212504903619e+01
1.889807356969653483e+04 1.929913766934316754e+01
2.181482520495782228e+04 2.000042207439538799e+01
2.518175183135900079e+04 2.024403987538108396e+01
2.906833400397985679e+04 2.043585165689990291e+01
3.355477599118769285e+04 2.068898738912809065e+01
3.873366088557506009e+04 2.078788113322518782e+01
4.471186116673053766e+04 2.122931495963150184e+01
5.161274414258882462e+04 2.134334358885616822e+01
5.957871778127836296e+04 2.181210406478372477e+01
6.877416946974929306e+04 2.192391567297004329e+01
7.938885834397873259e+04 2.245853364217732917e+01
9.164183119554139557e+04 2.277547276162147227e+01
1.057859427639580390e+05 2.340424796294781729e+01
1.221130736964568496e+05 2.393444165892218933e+01
1.409601538539842586e+05 2.436096429102273220e+01
1.627161152615835308e+05 2.455955149444370988e+01
1.878299181855821807e+05 2.486632244987620766e+01
2.168198159652840404e+05 2.589648422759285040e+01
2.502840497900413466e+05 2.640299841601962783e+01
2.889131941212135134e+05 2.690572584621399699e+01
3.335044075215506600e+05 2.733126595649590129e+01
3.849778829748979188e+05 2.777646284153023259e+01
4.443958371682305005e+05 2.836435124352434656e+01
5.129844306025481783e+05 2.907216569022473251e+01
5.921590708803182933e+05 2.965184768334673748e+01
6.835536213330446044e+05 3.005213729342984053e+01
7.890541177439040039e+05 3.027992796401071018e+01
9.108376889503173297e+05 3.153499463619568388e+01
1.051417484499610495e+06 3.221849294184429624e+01
1.213694536493634339e+06 3.295417383433503744e+01
1.401017625853495207e+06 3.354262617419129811e+01
1.617252388416316127e+06 3.494602877847762556e+01
1.866861086950937985e+06 3.770630505080965378e+01
