22.219710898136192 14.479965398770057
25.65225500948285 14.479911860149997
29.615065204414282 14.479840458695023
34.19005801780352 14.479745215073486
39.47180460999056 14.479618133157281
45.56948567791186 14.479448507680196
52.60914836469924 14.479221984625715
60.736311821059 14.478919278222914
70.11897527883504 14.478514404812676
80.95109081762075 14.477972224917405
93.4565726111044 14.477244972027819
107.89392552957989 14.476267251837982
124.56158877796634 14.474948639669641
143.8041050294112 14.47316230270561
166.01924257863948 14.470726556654135
191.66621773938942 14.467372542839144
221.27518745377992 14.462680276623544
255.45820833841753 14.455922798203826
294.9218887052381 14.445472579100775
340.4819950911099 14.427115508148315
393.0803152325112 14.40696740789642
453.80412606529853 14.408592004303006
523.908669178905 14.380518596259126
604.8430983223715 14.313665018579123
698.2804353315257 14.256154746327887
806.1521537059923 14.281414518283585
930.688104724376 14.524753196198578
1074.462611423291 14.633267963495769
1240.4476832638313 14.630766594519146
1432.0744515031083 14.621105950847074
1653.3040952213498 14.579747882926247
1908.7097241394738 14.53323135762862
2203.570910853412 14.59858507012213
2543.982826591665 14.51546705422403
2936.982236476729 14.784440239518293
3390.6929587793115 15.128205095610625
3914.4937950007566 15.315064909848306
4519.212402120889 15.534094816541657
5217.34911460737 15.741312850799567
6023.33534288397 15.90939985060593
6953.8318896962355 15.872833242439505
8028.073350968965 16.391824625238534
9268.265720377298 16.52004549150842
10700.045416644443 16.869912895301177
12353.009222268282 17.23444337586593
14261.326088212058 17.55211002634917
16464.44345137239 17.687117349867023
19007.90266534213 18.067087259841195
21944.28040050175 18.41596708596656
25334.275473425976 18.70286576582218
29247.96357180879 18.92306022451084
33766.245811732755 19.366347498793175
38982.52107087977 19.708077231104582
45004.61666702542 20.18953650170288
51957.01729149845 20.42565113541638
59983.43827261163 20.91500671712629
69249.79636182736 21.24668233857316
79947.63945274195 21.700499717845243
92298.10612972263 21.95420803813918
106556.49689531105 22.302179107284672
123017.55156971767 22.842416534009367
142021.54195324413 23.206919817625742
163961.30569503395 23.68213099848446
189290.36676753452 23.970223241632457
218532.31040763162 24.693556190395142
252291.6063169056 25.32018336116023
291266.10385089146 25.882218340088635
336261.4574894539 26.459370960074303
388207.78078185476 26.626364408524186
448178.87302561075 26.684425580463937
517414.4161200571 27.770557107388132
597345.6004329792 28.384709555709147
689624.7094009116 28.818866132264613
796159.2744159685 29.36558649079397
919151.506025957 29.848681297306765
1061143.8165428985 30.45721369645327
1225071.3750725545 32.1443948248609
1414322.7813470333 32.816953466993574
1632810.1125689435 33.868072862285516
1885049.7912281281 36.73307839597423