22.219534637262864 19.761941655989524
25.65167177163096 19.761939975156082
29.613953461292915 19.761937729798372
34.18826840664284 19.761934738305357
39.46915423408053 19.76193075039726
45.56575131049781 19.76192543542766
52.60405835343081 19.761918349655282
60.729536453701066 19.7619089028394
70.11011532802914 19.761896307596583
80.93966393201376 19.761879512202924
93.44199716083241 19.76185711205967
107.87550144437293 19.761827230271017
124.53847483423415 19.76178735553313
143.7752919464757 19.761734124467594
165.9835211713385 19.76166302465952
191.62214124171368 19.761567988374594
221.2210269726449 19.761440832582753
255.39190021418236 19.76127047793013
294.8409723415499 19.761041842712302
340.38353956568886 19.760734250105724
392.96083270628736 19.76031907653614
453.659469662511 19.759756173822147
523.7339126067509 19.758988206606357
604.6323940254847 19.757931220293315
698.0268474222088 19.756457810278885
805.8474612619762 19.754363921967048
930.3225702858703 19.75129085167839
1074.0247086314753 19.74642800141913
1239.9237765417938 19.739408154246895
1431.4484194620043 19.729042082184407
1652.5568880493222 19.699197138726337
1907.8188435638203 19.652592422920684
2202.509799316852 19.8108630332163
2542.7201500038454 19.80307242854519
2935.4810422368805 19.787027382127228
3388.9096876504836 19.766763032184556
3912.377121774829 19.83848186313324
4516.7018757585 19.833043060116765
5214.373563565296 19.82725913925198
6019.811005534348 19.826830544392827
6949.660222957798 19.81640920645983
8023.138462346908 19.805505140524616
9262.431359355567 19.809252448847072
10693.151450570575 19.80785134121136
12344.867509257852 19.790076397205993
14251.715644876469 19.764182799726107
16453.104795988806 19.73071457048355
18994.531197028817 19.579932658530545
21928.51865155935 19.787463787021434
25315.704044699123 19.921111142715034
29226.090529066445 19.80906308592399
33740.49428390445 19.959259347977238
38952.21474764086 20.06234187697364
44968.96284267331 20.044517458987002
51915.087043111154 19.99714972925286
59934.14329174206 20.067315394634157
69191.8618788432 20.37073256403645
79879.57259948949 20.508377825817757
92218.15897727925 20.566423667928518
106462.6232766436 20.770492628391892
122907.35664910727 20.939422981061643
141892.22333191318 21.190014588042274
163809.58464148833 21.2840936318974
189112.40792702234 21.60273355642426
218323.62807236268 22.261993450270484
252046.95502091624 22.77166751093789
290979.3506832879 23.30723937989765
335925.4330886146 23.74892050151404
387814.1054710054 24.470647195774742
447717.75396536227 24.858870952675275
516874.4106724482 25.610446995748486
596713.3401385274 26.00260309493384
688884.5780467999 26.801697963457258
795293.0325984462 27.671938195503756
918137.8533584538 28.451054979285363
1059957.8812043988 28.76454922756671
1223684.1186948468 29.369678161539447
1412700.3052654597 30.40486827646284
1630912.8491638135 32.85639716893281
1882831.5614101985 34.95129763013339