2.231689698713658032e+01 1.467507693282556502e+01
2.597475609355727144e+01 1.467498541015844360e+01
3.023215792539077640e+01 1.467486048816561706e+01
3.518737075080642995e+01 1.467468948437763210e+01
4.095476953415998622e+01 1.467445443281965289e+01
4.766747590988221361e+01 1.467412940476264893e+01
5.548043086224642906e+01 1.467367592172634261e+01
6.457397103382965042e+01 1.467303436414216122e+01
7.515799121011070838e+01 1.467210566656181392e+01
8.747678905761843282e+01 1.467070408461998809e+01
1.018147039406456713e+02 1.466839077403645319e+01
1.185026799702649214e+02 1.466333418227208263e+01
1.379259047722765956e+02 1.465965071553220156e+01
1.605327002901922526e+02 1.467125216977099633e+01
1.868448708385101895e+02 1.466585198965196568e+01
2.174697472574218864e+02 1.465243565913865353e+01
2.531142051690696348e+02 1.464017352102379732e+01
2.946009809011877110e+02 1.466715503703223078e+01
3.428876616781348048e+02 1.466056083542166633e+01
3.990887884060843476e+02 1.465980928851432452e+01
4.645015812232501276e+02 1.465820370239509352e+01
5.406358816057639842e+02 1.465426957838945299e+01
6.292490021452946394e+02 1.462952893845893776e+01
7.323862883921235607e+02 1.455417921802926529e+01
8.524283290018429398e+02 1.462953039746631489e+01
9.921459038782966218e+02 1.456090550556227647e+01
1.154763938611845788e+03 1.450800301339693910e+01
1.344035941393067787e+03 1.435334501078902036e+01
1.564330640535833027e+03 1.488444210218371033e+01
1.820732822355066673e+03 1.496576411194951994e+01
2.119160696913492757e+03 1.505906042557443136e+01
2.466502500643726762e+03 1.506496832069207059e+01
2.870775488872752703e+03 1.512155727863579457e+01
3.341310988073882527e+03 1.513631121161712834e+01
3.888969779175277836e+03 1.526399507270702216e+01
4.526392783347881959e+03 1.525290350265523287e+01
5.268292836538490519e+03 1.531164819573218594e+01
6.131794287413614256e+03 1.536982229781082054e+01
7.136828257227713948e+03 1.550386164926031363e+01
8.306592684903660484e+03 1.559497716366212039e+01
9.668087775969226641e+03 1.573504540706592536e+01
1.125273921444598091e+04 1.591233783542505620e+01
1.309712352250922049e+04 1.613039859110200069e+01
1.524381231048636619e+04 1.635346812886128021e+01
1.774235490395803208e+04 1.662473601068954920e+01
2.065042202871101472e+04 1.690623431988371905e+01
2.403513695178880516e+04 1.723944470020047248e+01
2.797462480369960031e+04 1.751809282254156486e+01
3.255981584284341807e+04 1.789956303621277200e+01
3.789654428465024830e+04 1.831168785831306778e+01
4.410799114007030585e+04 1.866124511950797071e+01
5.133752744839426305e+04 1.905482972478548831e+01
5.975202353118167957e+04 1.946689683928788028e+01
6.954570065065650851e+04 1.999288892251217220e+01
8.094461397557081364e+04 2.047148183130555310e+01
9.421187032921674836e+04 2.100073154008887144e+01
1.096537011543213885e+05 2.151948515376544435e+01
1.276265308694587293e+05 2.202976894877341962e+01
1.485452037669863203e+05 2.259745795916416355e+01
1.728925593436767522e+05 2.315278150170249205e+01
2.012305770793939009e+05 2.362026829563257024e+01
2.342133479047654546e+05 2.418026143800107164e+01
2.726021717619771371e+05 2.477703383959841688e+01
3.172831297367509105e+05 2.522858873992813500e+01
3.692875363569986657e+05 2.594356650720154178e+01
4.298157441329142894e+05 2.642005223094633592e+01
5.002648497888565762e+05 2.698815381340576636e+01
5.822609416952312458e+05 2.731225252353589283e+01
6.776966328274087282e+05 2.759328587715316772e+01
7.887747455779053271e+05 2.859714408489908521e+01
9.180591567435724428e+05 2.900153863368685592e+01
1.068533976278877817e+06 2.943630192704731741e+01
1.243672425764237763e+06 2.986683794095430144e+01
1.447517006424719933e+06 3.076806646917297883e+01
1.684772807116964832e+06 3.106159508491854382e+01
1.960916105995605933e+06 3.210330621574853893e+01
2.282320772575255483e+06 3.229522285852348773e+01
2.656405387768376153e+06 3.297712969814261896e+01
3.091804477686399594e+06 3.559540943833692239e+01
3.598567813579206355e+06 3.771282394979523644e+01
