2.231962899616847551e+01 1.474098393352313963e+01
2.598384842623517699e+01 1.474090569706358878e+01
3.024962373494050283e+01 1.474079937156711928e+01
3.521571251091449284e+01 1.474065472849223468e+01
4.099708540238537324e+01 1.474045769056588462e+01
4.772758781948706996e+01 1.474018877495089797e+01
5.556303860894242774e+01 1.473982080893592439e+01
6.468483743899392380e+01 1.473931548825263604e+01
7.530416440967769631e+01 1.473861800751367923e+01
8.766686911423377637e+01 1.473764828987083675e+01
1.020591623390286600e+02 1.473628577350378599e+01
1.188142421713680790e+02 1.473434083276263173e+01
1.383200079171927257e+02 1.473149498256392320e+01
1.610280404146936348e+02 1.472715468666433658e+01
1.874640566484032718e+02 1.472002030111723592e+01
2.182400807000631175e+02 1.470603836111648199e+01
2.540686128077326771e+02 1.462915037636356708e+01
2.957791245631029255e+02 1.475588942342800181e+01
3.443372621297396563e+02 1.474001804061320442e+01
4.008672020587752058e+02 1.471331498917825087e+01
4.666776772648098586e+02 1.475633140945289057e+01
5.432922756932005086e+02 1.474209559094007105e+01
6.324847131276186474e+02 1.472901416514330464e+01
7.363198967438081581e+02 1.470020571090130801e+01
8.572017300778898061e+02 1.458857079876362306e+01
9.979287661490270693e+02 1.482399247277965060e+01
1.161758997170047678e+03 1.476864655473411680e+01
1.352485280802094849e+03 1.480807304537785285e+01
1.574523149157567786e+03 1.485619114465583124e+01
1.833013033430437645e+03 1.481251798917422136e+01
2.133939270771314568e+03 1.485694487136665032e+01
2.484268648552858849e+03 1.486372942241259665e+01
2.892111693484099760e+03 1.490251367032894514e+01
3.366910439601552753e+03 1.498236815361845942e+01
3.919657022181410866e+03 1.497803622048115635e+01
4.563148158272429100e+03 1.492744649575215377e+01
5.312281405365615683e+03 1.528595457018647785e+01
6.184400056928521735e+03 1.534535125106896913e+01
7.199694659531155594e+03 1.545476186147761055e+01
8.381670447145290382e+03 1.549819492198860793e+01
9.757691514257017843e+03 1.567695196731359708e+01
1.135961432602397872e+04 1.581872186797515667e+01
1.322452523196362017e+04 1.595028271588132540e+01
1.539559905745986543e+04 1.618157763915939285e+01
1.792309865046587583e+04 1.644690031101545102e+01
2.086553852405487123e+04 1.671089801816869880e+01
2.429103953447812091e+04 1.695651941578328348e+01
2.827890595708006731e+04 1.728159174032168011e+01
3.292146147118605586e+04 1.768495350120569043e+01
3.832618655911744281e+04 1.805284627274316023e+01
4.461820680257164349e+04 1.844696113808173976e+01
5.194318968328095798e+04 1.891644642696577705e+01
6.047071695220605761e+04 1.941693796845870779e+01
7.039821064147728612e+04 1.987352322564990814e+01
8.195550361076058471e+04 2.044135889933583172e+01
9.541016044143651379e+04 2.092042944308630936e+01
1.110736718633919663e+05 2.140277197563557365e+01
1.293086661225062999e+05 2.197026497032014802e+01
1.505373042402560823e+05 2.250559375413240915e+01
1.752510535253226699e+05 2.306266380697882923e+01
2.040220656052002450e+05 2.369999526725090178e+01
2.375164223922798410e+05 2.417097570454593125e+01
2.765095566437103553e+05 2.455491628355866141e+01
3.219042041186727001e+05 2.517000459620192743e+01
3.747513029460899415e+05 2.587376176674550976e+01
4.362743240470951423e+05 2.630610206192697120e+01
5.078975958894273499e+05 2.683760709023684043e+01
5.912792793242943007e+05 2.715352839386101635e+01
6.883497559109728318e+05 2.754983058220598480e+01
8.013563184628707822e+05 2.845311140353521395e+01
9.329151984524285654e+05 2.892465296337549319e+01
1.086072134768920485e+06 2.967139491594231515e+01
1.264372886065344326e+06 3.005003538436393740e+01
1.471945319136050064e+06 3.106754254309517904e+01
1.713594973765163450e+06 3.139400953964905483e+01
1.994916316481607035e+06 3.211295543378676598e+01
2.322422258872665931e+06 3.347367579036679075e+01
2.703694938953569159e+06 3.446393396319805191e+01
3.147561256354605779e+06 3.612257444816888352e+01
3.664297225166616030e+06 3.885016523436173941e+01
