2.231898531736754521e+01 1.479883234056990737e+01
2.598170608416620553e+01 1.479868464973782061e+01
3.024550809300049536e+01 1.479848215630922326e+01
3.520903349612023447e+01 1.479820328484335334e+01
4.098711239761934877e+01 1.479781678936106637e+01
4.771341942346123233e+01 1.479727621800626736e+01
5.554356625550809667e+01 1.479650984211137654e+01
6.465870167467072349e+01 1.479540047672514724e+01
7.526970239941105945e+01 1.479373926104583781e+01
8.762205167375498149e+01 1.479109678274659778e+01
1.020015184699105077e+02 1.478632461346198745e+01
1.187407686926353989e+02 1.477335715811576122e+01
1.382270613341617036e+02 1.477721405408216526e+01
1.609112076285821900e+02 1.480192726911054812e+01
1.873180004738302955e+02 1.479433060660209165e+01
2.180583554037120848e+02 1.477430948170106717e+01
2.538434439887940641e+02 1.478425163032341416e+01
2.955011466393692672e+02 1.482257945759568685e+01
3.439952054425987171e+02 1.481727360967025575e+01
4.004475201306389067e+02 1.480984385164786588e+01
4.661641029922343478e+02 1.477818347394457987e+01
5.426652931891333083e+02 1.478889317954266858e+01
6.317209294791060756e+02 1.482863168874583693e+01
7.353912950590314495e+02 1.481972214546867939e+01
8.560747817782819311e+02 1.479430446354679951e+01
9.965633764238464209e+02 1.474635946170692691e+01
1.160107252740582908e+03 1.483628196319906500e+01
1.350489963509257450e+03 1.484317659265433420e+01
1.572115972235086019e+03 1.483528626678496209e+01
1.830112549473772333e+03 1.482631180980400742e+01
2.130448391144868765e+03 1.487455419463990403e+01
2.480071703041894580e+03 1.481183361519451402e+01
2.887070946094970623e+03 1.490885517233772717e+01
3.360861961193426396e+03 1.497565600726112933e+01
3.912405802661339749e+03 1.503600212348644050e+01
4.554462319917093737e+03 1.508645951668535723e+01
5.301885353874709836e+03 1.520980861802649464e+01
6.171966377392898721e+03 1.526844354091785760e+01
7.184834529820470379e+03 1.534018623198188180e+01
8.363922300352214734e+03 1.545603572245027202e+01
9.736507633680606887e+03 1.552402810358843688e+01
1.133434499944226627e+04 1.568540625204610173e+01
1.319440002511645434e+04 1.582838801131825690e+01
1.535970468795149645e+04 1.609242402823445772e+01
1.788035285060239039e+04 1.633537742384427105e+01
2.081465917198464012e+04 1.661059783216165897e+01
2.423050820450044193e+04 1.694038346764635961e+01
2.820692488871451496e+04 1.728350645331828161e+01
3.283590277853959560e+04 1.765373610138026805e+01
3.822453229253239988e+04 1.806102735688725502e+01
4.449747822794098465e+04 1.844050447723855157e+01
5.179986385426364723e+04 1.887034324214552328e+01
6.030062830921031855e+04 1.934957715894454822e+01
7.019643496970782871e+04 1.979912801228633867e+01
8.171622121728026832e+04 2.031730812004417075e+01
9.512649485565854411e+04 2.090937859075222249e+01
1.107374997121141787e+05 2.136513323093114280e+01
1.289103930623913620e+05 2.193619826129188510e+01
1.500656009274364915e+05 2.253245911951869118e+01
1.746925445399371965e+05 2.301131137147071115e+01
2.033609630004049395e+05 2.374468205844705082e+01
2.367340940700395440e+05 2.431847254920679546e+01
2.755840180352153839e+05 2.490099348746849728e+01
3.208095196206278633e+05 2.543198885850482327e+01
3.734568811826616293e+05 2.590717929987356527e+01
4.347440882290854934e+05 2.646950011909007827e+01
5.060890072546175797e+05 2.699625633545288395e+01
5.891421877805965487e+05 2.743987878942134273e+01
6.858250474669664400e+05 2.785043515209462228e+01
7.983743237010090379e+05 2.835481668503000563e+01
9.293938200408819830e+05 2.900426528913047974e+01
1.081914644656917779e+06 2.972709095936728829e+01
1.259465334374199854e+06 3.010854862760469786e+01
1.466153486621234100e+06 3.077746278508868016e+01
1.706760787822473096e+06 3.134666266239305443e+01
1.986853636696320027e+06 3.190089523399753801e+01
2.312911921705101151e+06 3.296912133603746753e+01
2.692478931895898189e+06 3.391010380585558437e+01
3.134335869287628215e+06 3.417966094782575226e+01
3.648705000111354049e+06 3.823752202852008253e+01
