2.231766625064918941e+01 1.513278942781563785e+01
2.597731611430522136e+01 1.513277121022513150e+01
3.023707519073200700e+01 1.513274646487069575e+01
3.519534936045619133e+01 1.513271282109396765e+01
4.096668109567167448e+01 1.513266701916583301e+01
4.768439553778337370e+01 1.513260455113270098e+01
5.550368047862222909e+01 1.513251913162736173e+01
6.460517139683544485e+01 1.513240189153180637e+01
7.519912436837545044e+01 1.513224009054294683e+01
8.753027325065487219e+01 1.513201491742295346e+01
1.018834833475311399e+02 1.513169734602926653e+01
1.185903321620100286e+02 1.513123913360140627e+01
1.380367692604677643e+02 1.513054859804710439e+01
1.606720322010493476e+02 1.512939775410838550e+01
1.870190244955865637e+02 1.512658991408515874e+01
2.176863953492235453e+02 1.512718563623508494e+01
2.533826002351793818e+02 1.512978612585283855e+01
2.949322671219000540e+02 1.512927251163404563e+01
3.432952464333693570e+02 1.512640506480006763e+01
3.995887848210174980e+02 1.512174839399773596e+01
4.651133349897061748e+02 1.511874006445401619e+01
5.413825978177658271e+02 1.511028929270523413e+01
6.301584907824658330e+02 1.509607259710811000e+01
7.334918505062520353e+02 1.507904423976642150e+01
8.537698097046035173e+02 1.508622159906021842e+01
9.937709430035745299e+02 1.510752581345164813e+01
1.156729455565906392e+03 1.510498127842315341e+01
1.346409897365036613e+03 1.510142404917069570e+01
1.567194129102248098e+03 1.508689536448080126e+01
1.824182548790831333e+03 1.507755294851082617e+01
2.123311917470761273e+03 1.505504193821760950e+01
2.471492505978533245e+03 1.505956830585126482e+01
2.876767731037878093e+03 1.507866529482041429e+01
3.348499968469137002e+03 1.511146741330826870e+01
3.897586836039971331e+03 1.511742846890970782e+01
4.536712942367787946e+03 1.522366303967152668e+01
5.280642917595366271e+03 1.528412398665269301e+01
6.146562495222885445e+03 1.533332921720499442e+01
7.154475524522768865e+03 1.548171324989755959e+01
8.327666085031683906e+03 1.564068741639387383e+01
9.693236378555211559e+03 1.580858598547700211e+01
1.128273282467817444e+04 1.595691031946020289e+01
1.313287482338735936e+04 1.614770649809170067e+01
1.528640302015494308e+04 1.637555164480293612e+01
1.779306666949031205e+04 1.665247459183026990e+01
2.071077290632090080e+04 1.691699778527515718e+01
2.410692447484000877e+04 1.724416139273408888e+01
2.805997681806824403e+04 1.753433153169796554e+01
3.266125049888813010e+04 1.785560538736425329e+01
3.801704082179495890e+04 1.827646950975265838e+01
4.425107339032305754e+04 1.871405386341304222e+01
5.150736232666367141e+04 1.919350898057961530e+01
5.995353718200157164e+04 1.960737561085389302e+01
6.978471539345216297e+04 2.003944974115084676e+01
8.122800974630557175e+04 2.048249355590086651e+01
9.454777496971780783e+04 2.100930690014111946e+01
1.100517146689165820e+05 2.155135969820982922e+01
1.280979896718638774e+05 2.214037762654015751e+01
1.491034920022703882e+05 2.265414017388519241e+01
1.735534756183159770e+05 2.325830002688704923e+01
2.020127663994533068e+05 2.378294385452658233e+01
2.351388103463212610e+05 2.431732104988700982e+01
2.736968614238670561e+05 2.492090315937314671e+01
3.185776599062710302e+05 2.537689330483740591e+01
3.708180096160409739e+05 2.597639602498000500e+01
4.316247294178063166e+05 2.640523377464170807e+01
5.024025322769422201e+05 2.687160665787434866e+01
5.847864759249156341e+05 2.744585028735081167e+01
6.806797347832089290e+05 2.806658116986659124e+01
7.922975657255605329e+05 2.853601920321140284e+01
9.222184833438269561e+05 2.933396972701883598e+01
1.073443826931538293e+06 2.980284132560574761e+01
1.249467095258624991e+06 2.996950466493744614e+01
1.454354650859243702e+06 3.066849655895925508e+01
1.692839658204924315e+06 3.157467345792314362e+01
1.970431425854955567e+06 3.252941878200139314e+01
2.293542678527439013e+06 3.325883715776870275e+01
2.669637699238577392e+06 3.430365252418787492e+01
3.107404763783027418e+06 3.574659955786883359e+01
3.616956851012212224e+06 3.842252196423959276e+01
