1.080024833550346976e-03 1.531170374515019894e+01 1.284210589639820626e+02
1.252882448620561574e-03 1.531252408040680812e+01 1.106763395147914082e+02
1.453405867438584131e-03 1.531363334901215367e+01 9.537534562694931140e+01
1.686022992684325060e-03 1.531513588255217506e+01 8.218008917106075728e+01
1.955870411387566118e-03 1.531717586323696700e+01 7.079901040938939616e+01
2.268906819622242693e-03 1.531995444022407682e+01 6.098049476354257337e+01
2.632044600785276613e-03 1.532375590245702845e+01 5.250723906820798703e+01
3.053302462935138933e-03 1.532898930431293749e+01 4.519131485670073545e+01
3.541982505685634802e-03 1.533625810789831867e+01 3.886976122637575770e+01
4.108875626597100275e-03 1.534648460265846559e+01 3.340047807738135077e+01
4.766499802792119669e-03 1.536115225626069680e+01 2.865799932322318355e+01
5.529376509464519092e-03 1.538283672050270567e+01 2.452810691365183615e+01
6.414351379078713292e-03 1.541658518336542016e+01 2.089786342640380923e+01
7.440966181967137785e-03 1.547464145355595377e+01 1.762499507482155181e+01
8.631890342298494806e-03 1.560632652517664098e+01 1.433263771830116973e+01
1.001342151803305894e-02 1.561810548291604128e+01 1.234203722354672905e+01
1.161606629853317516e-02 1.502755970006332120e+01 1.335324952842212198e+01
1.347521384263299614e-02 1.509425456908733842e+01 1.146842767298067223e+01
1.563191733225706426e-02 1.523404587337471838e+01 9.808597261028289438e+00
1.813380049743037320e-02 1.574925205080539392e+01 8.169466419058556639e+00
2.103610923031449739e-02 1.452396123053127930e+01 7.479692960091004927e+00
2.440293150972015768e-02 1.456659463860322390e+01 6.425230411307829570e+00
2.830861257413189863e-02 1.464491566449330762e+01 5.507236803420576976e+00
3.283939659270421196e-02 1.484265485146282515e+01 4.684789132145072976e+00
3.809533108515417155e-02 1.499420523524761251e+01 4.027227649829629108e+00
4.419247614342380198e-02 1.377658168264470895e+01 3.204564060054940988e+00
5.126546723853413201e-02 1.443670583815978148e+01 3.176441004748341346e+00
5.947048820382301593e-02 1.439159491230950394e+01 2.759993362621812718e+00
6.898872004316061735e-02 1.396954583784778592e+01 2.277114560535773435e+00
8.003034171977144173e-02 1.369334507417485547e+01 1.962431026750819818e+00
9.283917126997562330e-02 1.381182011655547726e+01 1.693793714737546363e+00
1.076980497256394970e-01 1.361678741247648183e+01 1.404214942944342903e+00
1.249350867316220415e-01 1.371623598533828314e+01 1.227204725051314727e+00
1.449309057722144023e-01 1.378376454319847788e+01 1.111063615417423600e+00
1.681270489936592949e-01 1.375708163857731137e+01 9.786566363240554178e-01
1.950357272157165478e-01 1.376519929004193443e+01 8.451846261399726945e-01
2.262511304293335912e-01 1.377970680634591716e+01 7.452931614677407168e-01
2.624625485357039989e-01 1.386202269782486773e+01 6.568524407275555532e-01
3.044695920552431545e-01 1.384136378853924931e+01 5.921468202314731366e-01
3.531998489059688939e-01 1.380113766208186732e+01 5.285192620353608151e-01
4.097293671433844819e-01 1.379879636443506463e+01 4.842638360103768691e-01
4.753064159560609347e-01 1.387126201728787045e+01 4.451402065832476551e-01
5.513790496006525377e-01 1.372289809988667564e+01 4.091352863250850014e-01
6.396270829355336085e-01 1.357228226978030605e+01 3.783058426169699229e-01
7.419991846279533343e-01 1.334002401730291432e+01 3.579902671947036152e-01
8.607559071166436260e-01 1.317232266133150098e+01 3.474636776775438807e-01
9.985196035056178587e-01 1.321506717556053623e+01 3.436121769673133319e-01
1.158332333640208267e+00 1.304478844296954598e+01 3.403623747773690256e-01
1.343723038031293449e+00 1.309307074846671526e+01 3.395093753423568117e-01
1.558785462943734323e+00 1.278538822650078366e+01 3.438198879946985365e-01
1.808268557369279383e+00 1.247839756254772503e+01 3.428635715487298730e-01
2.097681338004884655e+00 1.224361076984544106e+01 3.528442648510212165e-01
2.433414537835903779e+00 1.211315880836411729e+01 3.642750548813147859e-01
2.822881724534527681e+00 1.186359080243881792e+01 3.743745091974806094e-01
3.274683004810911680e+00 1.149655199531980365e+01 3.915918922007368685e-01
3.798794929591196023e+00 1.089389710398383215e+01 3.929541974686290851e-01
4.406790793456069721e+00 1.040400690960815311e+01 4.054599852834480656e-01
5.112096192931115723e+00 9.819004467110911349e+00 4.260216960902103445e-01
5.930285486796465833e+00 9.133502851078620921e+00 4.458966051423951527e-01
6.879425704770314454e+00 8.564549163960871070e+00 4.719628236402982346e-01
7.980475498662755740e+00 7.970108962949931986e+00 4.619671313978755411e-01
9.257747945528976175e+00 7.502063302457971261e+00 4.926902246149127973e-01
1.073944742231301674e+01 6.871535151268522768e+00 5.107876514286701086e-01
1.245829240709961283e+01 6.413281149467826125e+00 5.221741627924515461e-01
1.445223795949901024e+01 5.891300151452147915e+00 5.574147992171095689e-01
1.676531383377684037e+01 5.306013547509121686e+00 5.268367795728770009e-01
1.944859673171148273e+01 4.964674958741162492e+00 5.424034028586972589e-01
2.256133816419752236e+01 4.492810890745219332e+00 5.141884778005126888e-01
2.617227282672349631e+01 4.089237518161088047e+00 4.922812310690690141e-01
3.036113637990913006e+01 4.083142770851667436e+00 5.832234633587132233e-01
3.522042615031235613e+01 3.799369376854403235e+00 6.081685405388300714e-01
4.085744363081442998e+01 3.165683227305619685e+00 4.745231780615097317e-01
4.739666388251164619e+01 2.971917817822141483e+00 4.702901224208980713e-01
5.498248415859105620e+01 2.884319472224576852e+00 4.958254341018586420e-01
6.378241244454267189e+01 2.656769243337989472e+00 5.158207950292674759e-01
7.399076632317088809e+01 2.043108493138850346e+00 4.739327928380259736e-01
8.583296384171961790e+01 1.755964746395730858e+00 4.610197379168626819e-01
9.957050113085276166e+01 1.711421961778490708e+00 5.404426291870239041e-01
1.155067266898950180e+02 1.661987085920459739e+00 7.075020523799214756e-01
1.339935398445034025e+02 1.260766924181569104e+00 1.039752114754098011e+00
