1.080086201712661398e-03 1.480572929463677312e+01 1.421258808203073158e+02
1.253086204547506147e-03 1.480599059327726685e+01 1.225030544616426909e+02
1.453796033628994809e-03 1.480634290277309084e+01 1.055891705687766802e+02
1.686654038425551474e-03 1.480681820459937015e+01 9.101020799729261057e+01
1.956809469507198637e-03 1.480745995019579198e+01 7.844377835620338146e+01
2.270236345283596982e-03 1.480832736497336377e+01 6.761199696503680912e+01
2.633865557051191623e-03 1.480950152531106845e+01 5.827533794118139809e+01
3.055738133623255373e-03 1.481109406756277203e+01 5.022733754561271979e+01
3.545183054724100613e-03 1.481325991168059630e+01 4.329002867662526199e+01
4.113023545181986734e-03 1.481621630573201465e+01 3.731000558526019262e+01
4.771816411758725979e-03 1.482027220921059474e+01 3.215503186040498917e+01
5.536129715134520922e-03 1.482587535864077743e+01 2.771111681454210895e+01
6.422864917281964278e-03 1.483369120865839541e+01 2.387999593377687191e+01
7.451630627959202752e-03 1.484474304443960335e+01 2.057696038636800040e+01
8.645176215077170559e-03 1.486067878278781862e+01 1.772898928891947889e+01
1.002989486748150950e-02 1.488432665318884851e+01 1.527314771252595449e+01
1.163640723450933001e-02 1.492099932324264522e+01 1.315522654745506870e+01
1.350023854849649943e-02 1.498212431464014749e+01 1.132862714188444819e+01
1.566260420362437095e-02 1.509855952966795734e+01 9.753551234289473015e+00
1.817132116281844345e-02 1.540927871891628520e+01 8.395807590768949780e+00
2.108186534688049479e-02 1.554935429500254607e+01 7.205056247343546438e+00
2.445859838817936865e-02 1.398941854605015500e+01 6.041755956407188322e+00
2.837619087642877236e-02 1.393624100751391204e+01 5.133247785608116232e+00
3.292127356916207254e-02 1.380417015928012248e+01 4.271287201763158237e+00
3.819435308055731115e-02 1.361667752302506962e+01 3.580429150014885487e+00
4.431203441074554189e-02 1.428004364873446086e+01 3.474048068594477900e+00
5.140959946298024469e-02 1.452207352692438391e+01 3.056300933713056889e+00
5.964399856809897427e-02 1.453563430839763626e+01 2.553452760917489961e+00
6.919732116864786564e-02 1.472078113596758620e+01 2.249638124310963772e+00
8.028082241082412640e-02 1.472697493900249199e+01 1.980316957587980653e+00
9.313959468532731489e-02 1.471752425987856228e+01 1.724126508010884296e+00
1.080579874201365725e-01 1.435535185761784405e+01 1.460072453367661893e+00
1.253658949745231344e-01 1.411320895003728282e+01 1.267714061842409201e+00
1.454460516801590608e-01 1.427145840431450097e+01 1.141538829644451081e+00
1.687424953464937427e-01 1.416774479001969844e+01 9.693403088077821028e-01
1.957703863861278704e-01 1.399999718523195824e+01 8.458729007412517653e-01
2.271273996930980310e-01 1.397897502871500564e+01 7.519686499432945981e-01
2.635069411856854615e-01 1.404945476302900254e+01 6.717942288844520604e-01
3.057134812746518104e-01 1.383242174550751891e+01 5.979418238792449936e-01
3.546803443299350045e-01 1.375167167377292898e+01 5.358691115668139382e-01
4.114903475289815038e-01 1.387435615400823430e+01 4.903618100152534742e-01
4.773997454790197548e-01 1.363218480364968777e+01 4.449555734648542038e-01
5.538660101070316255e-01 1.358156965642630709e+01 4.042744195485439285e-01
6.425800601214690655e-01 1.359338705864132635e+01 3.808690365171373826e-01
7.455036527443130723e-01 1.335660012813046649e+01 3.526830273828088780e-01
8.649127645667262776e-01 1.334391712843037681e+01 3.440026409915954986e-01
1.003447920820618622e+00 1.328326112853692464e+01 3.298216786345672946e-01
1.164172586010600030e+00 1.315273720273586910e+01 3.289187531003189835e-01
1.350640907113791034e+00 1.303060439185581743e+01 3.301811403959488134e-01
1.566976307370764765e+00 1.295767012344159319e+01 3.339323782529812212e-01
1.817962668632876255e+00 1.265162715929927550e+01 3.406721062425706603e-01
2.109150118605316759e+00 1.234414595730836695e+01 3.467482403807007341e-01
2.446977762287134261e+00 1.207554662074894303e+01 3.569014882107115483e-01
2.838916071600982693e+00 1.179666774187032630e+01 3.792800271193343398e-01
3.293632081912087450e+00 1.150198470689754160e+01 3.956965518193875098e-01
3.821181048470695618e+00 1.082796418555571449e+01 4.098123418977026589e-01
4.433228800927539126e+00 1.033974627962332704e+01 4.222735062429630037e-01
5.143309712906461328e+00 9.979147430538800378e+00 4.445090774014257007e-01
5.967125991183495515e+00 9.229876872708075553e+00 4.530825000997307228e-01
6.922894902733067291e+00 8.431061242025885250e+00 4.590194996937214666e-01
8.031751617964737022e+00 8.080861868299296091e+00 4.885799728570576206e-01
9.318216578329369781e+00 7.303441146243004667e+00 5.073922860357698017e-01
1.081073772331806637e+01 6.944933804576151282e+00 5.070940700319959138e-01
1.254231956726272124e+01 6.409126230763390275e+00 5.215452833577104430e-01
1.455125303687964333e+01 5.840329702368192599e+00 5.392046755732810004e-01
1.688196220864668007e+01 5.239564038488118136e+00 5.189513717571876406e-01
1.958598667014108941e+01 5.025352554266784288e+00 5.153155746761006739e-01
2.272312122855391792e+01 4.456773679969921353e+00 5.236461994925913910e-01
2.636273816905637091e+01 4.303134701867109335e+00 5.763807770955741150e-01
3.058532130246658554e+01 3.929514216744736110e+00 5.562680717729113766e-01
3.548424572501834717e+01 3.643546701594448045e+00 5.546866496450955086e-01
4.116784264652926595e+01 3.490879000885814598e+00 6.245268572846286448e-01
4.776179494705935724e+01 3.188541857785752942e+00 6.100065625738025910e-01
5.541191643563728064e+01 2.656362890292827128e+00 5.601520668003457937e-01
6.428737626953643769e+01 2.072446707369240748e+00 4.758112366454121944e-01
7.458443983653614850e+01 2.072707097233148055e+00 5.542843960244521195e-01
8.653080882328552548e+01 2.088409445724411118e+00 5.605905255155254618e-01
1.003906564428482824e+02 2.013674661523873866e+00 6.723476137423229915e-01
1.164704691667451470e+02 1.578312822312073704e+00 6.472733550860435559e-01
1.351258241412576524e+02 1.123442309662551652e+00 6.314611168041537326e-01
