22.000610153363944 11.893787666736749
24.9319132626592 11.89278741267399
28.25377544548316 11.89148624647786
32.01823375983639 11.889786366682252
36.28425854369905 11.887552157730898
41.118677186918156 11.884589761378828
46.597220984017866 11.880608602298523
52.80571146690952 11.875136891499535
59.84140480143426 11.867281706296026
67.81451530774538 11.854533960284162
76.84994197051685 11.836080148665303
87.08922498480595 11.800405913581946
98.69276298691186 11.85584247629437
111.84232570320953 11.828318641959836
126.74390137766883 11.780089852336431
143.6309235830855 11.64076106566846
162.76792796410595 11.782188694773069
184.45469619502154 11.87231496484816
209.030952067539 11.768815179179184
236.8816832728659 11.98951215480767
268.443172243965 11.898768490178618
304.2098305312808 11.684451492941383
344.7419437726118 12.061222232489467
390.6744485822857 11.966653540081111
442.7268788498328 12.220535597612697
501.71463725719076 12.234396973027259
568.5617685830496 12.252768203439825
644.315434888485 12.163085076255488
730.1623193380402 11.75001652258991
827.447215622545 13.485967754192728
937.6940941874655 13.639585249165222
1062.629975269802 13.731514044571018
1204.2119827152833 13.73862260338289
1364.6580023746149 14.330245257320641
1546.481425343351 14.391757288999777
1752.5305202991647 14.494212149794071
1986.033051705199 14.60374412993865
2250.6468428248268 14.638874929501661
2550.5170756187663 14.76337128908264
2890.341225128946 15.004454837943086
3275.442645547929 15.247309001493466
3711.8539607016087 15.361581465234387
4206.411565259267 15.452097258445043
4766.862717034923 15.59544152569395
5401.986897983676 15.591529719434174
6121.733345016217 15.772774638008826
6937.376905055334 16.027674987010737
7861.69465580792 16.179502605895212
8909.166059021532 16.29287213650868
10096.199781631467 16.593968662891402
11441.390737957612 16.69342221007268
12965.811379523731 16.895016588734226
14693.34179556187 17.02676125189984
16651.04379523495 17.28021492242175
18869.58483158529 17.453485090860603
21383.71840798882 17.719022160714093
24232.8284926947 18.069301226251824
27461.546469718323 18.333233196642624
31120.450290639543 18.492557739789603
35266.85677953739 18.635527166893315
39965.719502538836 18.957528682559023
45290.64626713139 19.259854970731865
51325.052190393224 19.65717192919584
58163.46639898447 20.00697079096416
65913.01283038943 20.307666406893716
74695.08833219983 20.642093588479497
84647.26434690834 20.971197285609854
95925.44197215441 21.27012068764618
108706.29415549737 21.665993487360574
123190.0332807621 22.13868409123366
139603.54750026978 22.53352340006244
158203.95494367956 23.03651211155956
179282.63148021678 23.383807716558366
203169.77512928698 23.922271363133788
230239.57862108867 24.490211421977314
260916.0911355215 24.864216281402545
295679.8610436836 26.01607527022779
335075.46371067653 26.96249726892266
379720.03228294745 28.481279057184373
430312.92509517306 31.89452891128863