2.200115983784938223e+01 1.391561407708113407e+01
2.493370882242711417e+01 1.391504164824214307e+01
2.825713917918384865e+01 1.391430307079975037e+01
3.202355174187206188e+01 1.391334883369698616e+01
3.629199189845152063e+01 1.391211379095674872e+01
4.112937523526158401e+01 1.391051160415871557e+01
4.661153656091072861e+01 1.390842675705523845e+01
5.282441875524636998e+01 1.390570273604261509e+01
5.986542008078146182e+01 1.390212386788071619e+01
6.784492107814233464e+01 1.389738604940993483e+01
7.688801498240948717e+01 1.389104658060922937e+01
8.713646878778409643e+01 1.388243084815505313e+01
9.875094570384673887e+01 1.387043771204263720e+01
1.119135238444641374e+02 1.385305616341168111e+01
1.268305506343880751e+02 1.382570351442571166e+01
1.437358776815764827e+02 1.377014009423336205e+01
1.628945268277616663e+02 1.373400367860760696e+01
1.846068448492973175e+02 1.361998509521350087e+01
2.092132119407981463e+02 1.386980860186301712e+01
2.370993777956436190e+02 1.380984318314953896e+01
2.687025089361424079e+02 1.395297970580659452e+01
3.045180420962887524e+02 1.389333023275791668e+01
3.451074510963900366e+02 1.397683787861175908e+01
3.911070489694927801e+02 1.412261765983499373e+01
4.432379633289965568e+02 1.406048355680137618e+01
5.023174413595426131e+02 1.403943607210165467e+01
5.692716616575304442e+02 1.391095648269633855e+01
6.451502537702384643e+02 1.425382517502922930e+01
7.311427530538088604e+02 1.442035796748418619e+01
8.285972488100154578e+02 1.459966157981723178e+01
9.390415180453795756e+02 1.465891457419182409e+01
1.064206976162859519e+03 1.468269115088062549e+01
1.206055820056900075e+03 1.490522522049927012e+01
1.366811789129377075e+03 1.506556280343635912e+01
1.548995026461470388e+03 1.517576998516302389e+01
1.755461586653943186e+03 1.511314649461275650e+01
1.989448209693287936e+03 1.558871658144544625e+01
2.254623062755776573e+03 1.567427606025076692e+01
2.555143245419760206e+03 1.582380361436790395e+01
2.895719959785325500e+03 1.596460262096918470e+01
3.281692367161827860e+03 1.619158994288372000e+01
3.719111289161608056e+03 1.638343188740905987e+01
4.214834065367236690e+03 1.648994624266062203e+01
4.776632054639266244e+03 1.662179589794503443e+01
5.413312465343609801e+03 1.667901651585903622e+01
6.134856424409596002e+03 1.683118320849387572e+01
6.952575449703089362e+03 1.694754058749300540e+01
7.879288778704561992e+03 1.708918807751060598e+01
8.929524333442637726e+03 1.722916522282785579e+01
1.011974647217508027e+04 1.737777165592066808e+01
1.146861409824029033e+04 1.752594854562391546e+01
1.299727317240644697e+04 1.779245898077517651e+01
1.472968821438296800e+04 1.803212128464947739e+01
1.669301799038524769e+04 1.828249407267990634e+01
1.891804127634066390e+04 1.846577213782244442e+01
2.143963937135070955e+04 1.867463146087054682e+01
2.429734292568810997e+04 1.886675458795848570e+01
2.753595165585533687e+04 1.894978231211792519e+01
3.120623666186862465e+04 1.950012769143752678e+01
3.536573635687201750e+04 1.970911701959607498e+01
4.007965848673036817e+04 2.016450176408492112e+01
4.542190238040377881e+04 2.037263001187347911e+01
5.147621745674307749e+04 2.069784941766606323e+01
5.833751614941375738e+04 2.103404841653039625e+01
6.611336183244179119e+04 2.129172239081769646e+01
7.492565507232851814e+04 2.158876359997095307e+01
8.491254464181300136e+04 2.175552321363127817e+01
9.623059325390838785e+04 2.213669513556988377e+01
1.090572319680448127e+05 2.266603146714932038e+01
1.235935417456120049e+05 2.308791511657148732e+01
1.400674057608597213e+05 2.353365777403409709e+01
1.587370818853797973e+05 2.389909041351162955e+01
1.798952513513813319e+05 2.453742202807882222e+01
2.038736070639415993e+05 2.501963777044068493e+01
2.310480534923986997e+05 2.564977420312040834e+01
2.618445996586678957e+05 2.599790662482373449e+01
2.967460376058252295e+05 2.641585019106762644e+01
3.362995110441371216e+05 2.832908391291898553e+01
3.811250928268690477e+05 2.970697129701676786e+01
4.319255057234548731e+05 3.270130788853420967e+01
