21.997088998962276 12.746761494219013
24.92041270304894 12.745663191628726
28.232234243339207 12.744233453951027
31.984183402920003 12.742364031615757
36.23475135316205 12.739905119199962
41.0502025043295 12.736644366752667
46.50560753742842 12.73227075024251
52.68601372178897 12.726307503724197
59.68777076309599 12.717974663800598
67.62003285123323 12.70586627567281
76.60646032417995 12.687021668758133
86.78714747612153 12.653099820750935
98.32080656342072 12.537970195530194
111.38724205610463 12.613791619418851
126.19015370731502 12.798737100758082
142.9603121392937 12.742372989472756
161.95915645183612 12.723733586949262
183.48286993828282 12.809663899577625
207.8669974475972 12.817821561754066
235.49167637509305 12.754728962828855
266.78756283056407 12.717184667301899
302.242545370067 12.613941705530566
342.4093509553645 12.702406879860966
387.9141617144594 12.654568996534014
439.4663768345728 12.746704570171474
497.8696717710162 12.777961513956212
564.0345271799624 13.150402460368056
638.9924228954494 13.290169144878478
723.9119182282254 13.603064062361454
820.1168692709409 13.61229816161669
929.1070672091403 13.827596732416357
1052.5816193798864 13.962333625536967
1192.4654375780265 14.047333304728298
1350.9392465506758 14.099439923954751
1530.4735804986303 14.02167644934427
1733.8672975746085 14.6179938461518
1964.291212801739 14.749410326344496
2225.337529629541 14.838655398878853
2521.075840742734 14.894646471422067
2856.116571149885 15.018504836277216
3235.68285260063 15.004746317692298
3665.691949820739 15.452861198355155
4152.847507962826 15.66986239878888
4704.744059368229 15.764637215119421
5329.985418852698 15.88425528613206
6038.318813244266 15.95052398925149
6840.786836191398 16.251967588756393
7749.899597147436 16.27161828237148
8779.829748255233 16.57276649770668
9946.6334295119 16.710187709565037
11268.50057664781 16.879109123631643
12766.038493905078 17.044497650778837
14462.593112485562 17.23479646130729
16384.612942940596 17.38225801619329
18562.06139535368 17.64151770037266
21028.883895199422 17.936042694702593
23823.53707700102 18.155860053362627
26989.5883056736 18.37964185943891
30576.394871816865 18.666422916708292
34639.873449301056 18.89974237658899
39243.37181063792 19.25429330333229
44458.65638978091 19.47415008253033
50367.031088006726 19.633347736147297
57060.6047645503 19.802676650959718
64643.72717159243 20.14776924223714
73234.61571916989 20.480571481417908
82967.19843052895 20.77482654154511
93993.2018187531 21.068926153901625
106484.51623370708 21.554440115328546
120635.87555397363 22.081474010811142
136667.8929989554 22.535183069860988
154830.5003880637 22.963177094811535
175406.84446347205 23.488584824900812
198717.70101832348 24.037897519492333
225126.47564463303 24.530060763285107
255044.86906025693 25.17749792805951
288939.29533478373 26.039794881627103
327338.1530715558 26.86572636306115
370840.06290022325 28.05261252616994
420123.19969856774 31.320467725106063