2.199922991173753672e+01 1.377956105527909081e+01
2.492740492301267352e+01 1.377885220398035315e+01
2.824533034514566410e+01 1.377793617761725109e+01
3.200488333103172067e+01 1.377675014174249313e+01
3.626484606539550981e+01 1.377521060971232458e+01
4.109182484885617725e+01 1.377320549703085817e+01
4.656129151531965249e+01 1.377058223427400563e+01
5.275876346569516784e+01 1.376712925580027758e+01
5.978114076825695378e+01 1.376254566457935624e+01
6.773822123177509980e+01 1.375638813306862396e+01
7.675441714021836503e+01 1.374796944907720864e+01
8.697070049089425936e+01 1.373613960207449125e+01
9.854680715063946650e+01 1.371871954556298512e+01
1.116637343929649404e+02 1.369051156030525362e+01
1.265265708661948167e+02 1.362895985255196507e+01
1.433677032403352882e+02 1.360640063621226581e+01
1.624504496699398146e+02 1.366397306085247720e+01
1.840731768836832885e+02 1.347712482495664688e+01
2.085739652730646014e+02 1.384948378219967147e+01
2.363358949208518425e+02 1.380887665803676256e+01
2.677930352185381366e+02 1.359426191467237643e+01
3.034372317229834835e+02 1.403281104173466431e+01
3.438257963675886231e+02 1.397847173379686936e+01
3.895902212676703584e+02 1.399243690137326368e+01
4.414460523640343013e+02 1.400623010065777940e+01
5.002040772832949074e+02 1.397564728080294927e+01
5.667830023418218843e+02 1.409167434210033321e+01
6.422238169035775854e+02 1.413930529005989456e+01
7.277060696845916254e+02 1.405484125564904119e+01
8.245663114909084470e+02 1.421649009443236622e+01
9.343189927499354326e+02 1.429483906191209286e+01
1.058680142576839899e+03 1.423647856378009458e+01
1.199594199608114195e+03 1.461146381903517089e+01
1.359264414113620205e+03 1.485821823964863597e+01
1.540187296736863118e+03 1.479195320609466435e+01
1.745191652483971893e+03 1.499315517934536324e+01
1.977482810274136227e+03 1.518919455669275287e+01
2.240692739599043762e+03 1.559259312307664658e+01
2.538936837886269132e+03 1.565815140227613256e+01
2.876878276460801771e+03 1.588190575447169195e+01
3.259800911180766889e+03 1.616104983507029758e+01
3.693691897735647217e+03 1.626329446843622861e+01
4.185335303331778960e+03 1.640595605116021716e+01
4.742418178423010431e+03 1.646594449969809659e+01
5.373650746962423909e+03 1.666604976826871365e+01
6.088902594400047747e+03 1.676466020986010008e+01
6.899356982782880550e+03 1.692488210973607821e+01
7.817685705738428624e+03 1.718166485179510872e+01
8.858247217272628404e+03 1.742068973087943462e+01
1.003731113220884072e+04 1.762045299359506245e+01
1.137331260842625306e+04 1.777578788766909312e+01
1.288714058827047302e+04 1.802503710156767980e+01
1.460246440591144528e+04 1.818514743800874101e+01
1.654610386729145102e+04 1.841821852887314748e+01
1.874844858901807675e+04 1.858445551169174337e+01
2.124393315274130146e+04 1.881728322067395354e+01
2.407157550425228692e+04 1.897083351258875084e+01
2.727558701539918547e+04 1.926182581889087686e+01
3.090606374739330568e+04 1.949719787246822733e+01
3.501976972369696887e+04 1.971201727254136316e+01
3.968102445929237729e+04 1.996544356954015242e+01
4.496270862322319590e+04 2.033278287228268510e+01
5.094740355836370145e+04 2.055550086496652540e+01
5.772868247528409120e+04 2.079370520590842730e+01
6.541257350856857374e+04 2.104366696916969914e+01
7.411921751108401804e+04 2.142460444607683456e+01
8.398474650650697004e+04 2.172392701863282838e+01
9.516341217050007253e+04 2.223014836399633154e+01
1.078299976202325488e+05 2.253879398465706174e+01
1.221825502215832530e+05 2.301905747968510951e+01
1.384454781426111003e+05 2.347705136737170406e+01
1.568730590692023979e+05 2.382941359876566523e+01
1.777534159431328881e+05 2.421426088629223017e+01
2.014130218848742370e+05 2.481561926527181328e+01
2.282218047374971211e+05 2.538313507862217477e+01
2.585989310433544160e+05 2.596721855001069557e+01
2.930193598884387175e+05 2.705647466267159729e+01
3.320212690865136101e+05 2.794425277488101500e+01
3.762144698145203874e+05 2.904301130158405542e+01
4.262899412656024797e+05 3.090920104594724194e+01
