21.997381891851354 12.915935842214576
24.921369238582777 12.909141226170231
28.23402565720101 12.911414722467137
31.987014725392253 12.922139237157774
36.238867367519894 12.919418418584652
41.05589469211069 12.915803846146815
46.51322216765628 12.910938028198268
52.69596126554482 12.90425304237353
59.70053684284932 12.894750527615024
67.63619096658982 12.880324143613292
76.62668663283452 12.854225479520103
86.81223795152853 12.805933006393165
98.3516968998563 12.848224300854294
111.42503074833921 12.797015683143396
126.2361287971482 12.886925094510802
143.01598219597255 12.837591408179357
162.02628643932886 12.780341008949588
183.56352272116015 12.923857796239215
207.96358180077937 12.979015352059308
235.6070024931155 12.881725855713778
266.9249064817892 12.80627276125761
302.40572201326574 12.795290488701838
342.60280133357895 12.829642497263613
388.1430506677607 13.133633764116908
439.73670733354265 13.513561363574189
498.1884164713888 13.641426255355606
564.4097801414957 13.612333374373668
639.4335745011574 13.533077858082136
724.4298567909709 13.561958924241656
820.7242133314612 13.802687373378806
929.8184331225114 13.795522102004542
1053.4139294672377 14.018761874761813
1193.4382748996295 14.213816983879298
1352.075263249783 14.84287294314519
1531.798967689148 14.955061316387319
1735.4123259187697 14.978150712122943
1966.0908542679986 15.028583892651003
2227.43217246067 15.306716416760185
2523.5121114278672 15.608239031094115
2858.9482792143594 15.692418809663682
3238.9720763408277 15.728623956127748
3669.510283760198 15.817994178335429
4157.2774958387545 16.007640419055843
4709.880839929753 16.0937396625162
5335.938615726649 16.204434253948204
6045.214704673396 16.17616553204555
6848.77084565614 16.286421011820003
7759.139151839883 16.321265399083156
8790.51755919083 16.57565755208895
9958.991254863493 16.832790457632697
11282.78353880874 16.90168114381068
12782.540030994174 16.955721703634737
14481.650656680058 17.330315514628467
16406.614431373782 17.43890554693981
18587.45273458155 17.552626749498263
21058.17751769849 17.917158150623145
23857.32174812092 18.167545871423776
27028.540362289146 18.542690161866407
30621.291100013488 18.68481165173185
34691.60583824998 18.818976833924406
39302.96445390476 19.14964782062011
44527.28484427011 19.55041796643839
50446.04454526805 19.78139390928125
57151.55144005241 20.103720947143298
64748.38337570596 20.30619676610533
73355.01914002899 20.73293380664248
83105.68623483181 20.867235942768474
94152.45426326235 21.319684592635447
106667.60657925092 21.791936608116032
120846.32718687889 22.135138418943747
136909.74479405762 22.598692467466442
155108.38149501648 22.86700738198335
175726.05986661513 23.40378544623491
199084.3294128329 23.95965102975766
225547.4813914452 24.557030823769495
255528.23023319856 25.43486584561921
289494.1501598478 25.93954192487714
327974.9673853617 27.124634532627987
371570.8216281204 28.78698156190767
420961.62577912223 31.923364757707937