1.066098096429591441e-03 7.043829487101475273e+00 6.802807952008139125e+01
1.207032205992005815e-03 7.043821550614268290e+00 6.008031713838747834e+01
1.366597268282569982e-03 7.043811323816816738e+00 5.305990964777907237e+01
1.547256224321285397e-03 7.043798126546735539e+00 4.685849228328230254e+01
1.751797606554233305e-03 7.043781064329094121e+00 4.138034057604937743e+01
1.983378580800531851e-03 7.043758952989562339e+00 3.654089230349197948e+01
2.245573678180810828e-03 7.043730211988017409e+00 3.226544148888908836e+01
2.542429969221104979e-03 7.043692710557550640e+00 2.848798416854605975e+01
2.878529531763224930e-03 7.043643541263501895e+00 2.515019792209817240e+01
3.259060176895050079e-03 7.043578679176220270e+00 2.220053911688717818e+01
3.689895524579551566e-03 7.043492456391542866e+00 1.959344345690552203e+01
4.177685664977106791e-03 7.043376730489912418e+00 1.728861671636499509e+01
4.729959804849463711e-03 7.043219530936773332e+00 1.525040339264528910e+01
5.355242483427526817e-03 7.043002785931732568e+00 1.344722122692590816e+01
6.063185151574399315e-03 7.042698368392531272e+00 1.185104864503267663e+01
6.864715145212860366e-03 7.042260932107022420e+00 1.043694906745901463e+01
7.772204352472774497e-03 7.041614284104483978e+00 9.182607971428037530e+00
8.799660177993247692e-03 7.040623851497906038e+00 8.067837988791490389e+00
9.962941751978515378e-03 7.039036584343664416e+00 7.073950621107499614e+00
1.128000472126787501e-02 7.036335423337529704e+00 6.182713358342510013e+00
1.277117840085309833e-02 7.031329983600266509e+00 5.373896041574851346e+00
1.445947956377130646e-02 7.020683451965755495e+00 4.616165415080893730e+00
1.637096771282703367e-02 6.987482551594764502e+00 3.742982383694282600e+00
1.853514731788337422e-02 6.922590815048103252e+00 3.378864958874753910e+00
2.098542322739165022e-02 7.148353640124970987e+00 3.326419140915549022e+00
2.375961628359148786e-02 7.628522526472011123e+00 3.275203146853384428e+00
2.690054710007733219e-02 7.445951240106032820e+00 2.909671425637397224e+00
3.045669701253669176e-02 6.958079707291496163e+00 2.292168672975301025e+00
3.448295640465970369e-02 6.481845008355897164e+00 1.956785608732021453e+00
3.904147195988488805e-02 6.872655201958786542e+00 1.839684043586340412e+00
4.420260591660020444e-02 7.211789788623607755e+00 1.908905311017403461e+00
5.004602213322954796e-02 7.317995941809968485e+00 1.774375049725130937e+00
5.666191572698890677e-02 7.078848530687390728e+00 1.604941593320654114e+00
6.415240526620470674e-02 6.863845112000608317e+00 1.484121487638279113e+00
7.263310900515634883e-02 6.568667503364123306e+00 1.393683154933342383e+00
8.223492949116403827e-02 6.587714440041993136e+00 1.370007560117863399e+00
9.310607408993928913e-02 6.683115139328020149e+00 1.240925225804668353e+00
1.054143426166942593e-01 6.551287917837937513e+00 1.176251326071336978e+00
1.193497173833747427e-01 6.846317320336265055e+00 1.153180606624967908e+00
1.351272956402763403e-01 6.767306270860368400e+00 1.017814666362317322e+00
1.529906096752781663e-01 6.706512300581220387e+00 1.048326215652126026e+00
1.732153858175552175e-01 6.701758438430179154e+00 9.585263343562935301e-01
1.961138003672705521e-01 6.822867112318811600e+00 9.251587448264521063e-01
2.220392981429695489e-01 6.556135567018951171e+00 8.538375920247777140e-01
2.513920480225951826e-01 6.687532454085860500e+00 8.807445473083820309e-01
2.846251196862552013e-01 6.711810896338504584e+00 8.583122922652319797e-01
3.222514769008674174e-01 6.511560751329618313e+00 7.666479986057503915e-01
3.648518952904110657e-01 6.229601914831418341e+00 6.910048181992187732e-01
4.130839268052605151e-01 6.305541923464439868e+00 6.986613234081127111e-01
4.676920492602371082e-01 6.125187710669612429e+00 6.657370343521531453e-01
5.295191576029499858e-01 5.999807477599653716e+00 6.176731417153492609e-01
5.995195742840616626e-01 5.996713593763579375e+00 5.856459275509096063e-01
6.787737795489727777e-01 5.960985966003863545e+00 5.547656549079530430e-01
7.685050890179854211e-01 5.732132058105048777e+00 5.189791983772314987e-01
8.700985359790706086e-01 5.765642834433510444e+00 5.152099134406764591e-01
9.851222498478526823e-01 5.633268402684275422e+00 4.966208988794056367e-01
1.115351660778611809e+00 5.535231056366081148e+00 4.827063470542542478e-01
1.262796904032711165e+00 5.295303810355505902e+00 4.675691378241282337e-01
1.429733847100197908e+00 5.137610778560548930e+00 4.546695065293556715e-01
1.618739218488756570e+00 5.109465346249845830e+00 4.374332749147074040e-01
1.832730380404819392e+00 4.825175276734237073e+00 4.211554248602046302e-01
2.075010359231698853e+00 4.839857838604110007e+00 4.290782526293083765e-01
2.349318828865495146e+00 4.733881157326881528e+00 4.093783898362159945e-01
2.659889833853908314e+00 4.780760794701213179e+00 4.093005416516946049e-01
3.011517143314240030e+00 4.569734721239246511e+00 4.001351548457574014e-01
3.409628244390544793e+00 4.483423845704071375e+00 4.050566216922520946e-01
3.860368117364115115e+00 4.302613513624271135e+00 4.031239316184959676e-01
4.370694085514623239e+00 4.133961796603379035e+00 4.168148728877642539e-01
4.948483203771804284e+00 3.778871603650288513e+00 4.029092286958626534e-01
5.602653843738046646e+00 3.694440103545701959e+00 4.302536477937378145e-01
6.343303351788081912e+00 3.508429566177247771e+00 4.342608491743155108e-01
7.181863905045361207e+00 3.339443235723480896e+00 4.362495733176278701e-01
8.131278970925142957e+00 3.176067828151943662e+00 4.308833553736052258e-01
9.206203093957384453e+00 2.903334998393490185e+00 4.488937610720549198e-01
1.042322809366697633e+01 2.793363142947809408e+00 5.266773787372920346e-01
1.180113916495262494e+01 2.342785700737678667e+00 5.100172307808279459e-01
1.336120483396075898e+01 2.000260295650400089e+00 5.676435889413636859e-01
1.512750524502208549e+01 1.814712522358880697e+00 7.274352861167043827e-01
1.712730384587132804e+01 1.725739495683402902e+00 6.966735238836748723e-01
1.939146820823795281e+01 1.223775876344155744e+00 6.609723145247891063e-01