22.194079240967405 18.764135441974936
25.567504484273453 18.76413349893039
29.453678995013338 18.764130918059205
33.930538933703914 18.76412749101152
39.0878664945902 18.764122940821643
45.02909046284705 18.764116899052034
51.87336045040697 18.764108878120325
59.757936408642976 18.764098224946117
68.84094133892577 18.764084072616104
79.30453240590805 18.764065265082408
91.35855404934036 18.764040258811633
105.2447463565708 18.764006989822303
121.2415930934811 18.763962687486323
139.66990661978542 18.763903618083926
160.89926169263168 18.763824715902196
185.35540718666618 18.763719037943815
213.52880437056828 18.763576906129085
245.98446297284136 18.763384414359532
283.37327229645337 18.76312031137365
326.44505462471295 18.762746870845124
376.06360270084525 18.762152922519196
433.22400285378046 18.761533494446336
499.07259118067924 18.761278201242735
574.9299430019427 18.759885480478943
662.3173566359008 18.758394991393153
762.9873626179959 18.75862786726949
878.9588702184556 18.75621516517493
1012.5576561121954 18.752748699471486
1166.4630071900895 18.747627227167104
1343.7614529203488 18.740009623772046
1548.0086648477368 18.72615997062881
1783.3007646080434 18.69001639690643
2054.356470520425 18.630022076005307
2366.6117301849226 18.79937938403194
2726.3287369158597 18.78786873311951
3140.721516305692 18.806391202018837
3618.1006015232974 18.79307025151102
4168.039698770004 18.776170453113767
4801.567685323214 18.727502659947284
5531.389790635563 18.675049846565404
6372.142396215699 18.6916609410204
7340.686564232186 18.8614838069196
8456.446181475898 18.91928195021883
9741.797500065062 18.8525937838513
11222.517887024569 18.9320887360071
12928.302782288923 18.912935944827183
14893.361232579302 18.875226546867996
17157.101944422808 18.757310122454456
19764.923614918403 18.613023234138996
22769.125390115598 19.029548281326512
26229.955709998183 19.338210935762525
30216.820574370475 19.435210158703867
34809.67546108611 19.43137361984395
40100.62881115627 19.45359145611703
46195.78923819023 19.4469549454364
53217.39350744506 19.515072345579146
61306.25796051896 19.525445501123276
70624.60254833582 19.515410755716402
81359.30410762553 19.57660171761569
93725.64412446483 19.719128680191055
107971.62614524488 19.75344352804756
124382.94941955505 19.88860524626962
143288.73852002222 19.97425220168394
165068.14384505487 20.2227584737295
190157.94537575857 20.48735531191076
219061.312178275 20.80046895771528
252357.89332095493 21.19868279583519
290715.44257693103 21.549826260338303
334903.2100423032 22.030434197928642
385807.3692351532 22.746397772436286
444448.78906161647 23.400821312145535
512003.5070608981 23.893902589561538
589826.3145145302 24.668195201033292
679477.9264127475 25.258858514635865
782756.2811641789 25.714374190803294
901732.5977559236 26.870177929048985
1038792.913480433 27.61893284336452
1196685.9352568833 28.902869375919536
1378578.1641921224 30.97508045888321
1588117.3988890913 33.290211890994264