22.194277675925534 19.325435215811048
25.568160115855584 19.32543355361956
29.454926231689882 19.325431352552094
33.93254248186095 19.325428424768294
39.09082746384593 19.325424536817852
45.03325362740005 19.325419382599947
51.87902287679577 19.325412536693058
59.765457697542935 19.325403450374864
68.85075577231858 19.32539138886797
79.3171633422352 19.325375374666347
91.37463096938431 19.325354111475285
105.26502503330543 19.325325873080228
121.2669794417566 19.32528836370427
139.7014848785207 19.325238524747057
160.93832770558234 19.3251722783627
185.4035076806242 19.3250841770058
213.58778328530474 19.324966930976537
246.05651607905276 19.324810755956044
283.46101155087314 19.32460247205156
326.5515839606111 19.32432423816953
376.1926072434336 19.323951744473092
433.37985389065716 19.323451576739615
499.2604696156365 19.32277726601533
575.1559844858757 19.321863161505018
662.5888221124172 19.320614502922933
763.3128386567312 19.318890386777653
879.3485042513184 19.31647202025251
1013.0234325545911 19.312992930151463
1167.0190714413188 19.30770653215452
1344.4244914190224 19.300380072462627
1548.7983507373053 19.287041435103582
1784.2402801772237 19.25951618346352
2055.4731194615397 19.152575642870886
2367.9376549044728 19.323905208737376
2727.901758687733 19.408926664834947
3142.5861190386045 19.406323052385552
3620.3090833905017 19.40054144000294
4170.653520002634 19.376155195780708
4804.65904519405 19.402680914542458
5535.043472167986 19.414930325808566
6376.457923571989 19.418568927284703
7345.780725215957 19.416589453139103
8462.455976299534 19.404680141597964
9748.883587687316 19.391570188897703
11230.868612192007 19.379907000049553
12938.138880191664 19.382706432782143
14904.941324075862 19.4310114637043
17170.728953471647 19.4323895563926
19780.952261606442 19.421554313676694
22787.970937998012 19.389016711442835
26252.104175942717 19.40721537077135
30242.84064341074 19.36581038781647
34840.23238872019 19.37930326604544
40136.50064199568 19.442061550550214
46237.885723933185 19.520500250358367
53266.77817005621 19.506879842619387
61364.17381968091 19.622434212832978
70692.50211736691 19.673210857229012
81438.88436107535 19.701195861027735
93818.88725575698 19.782053173734845
108080.84706665568 19.824852416096064
124510.85111254077 19.95239515595721
143438.47652496942 20.098591489413707
165243.40139003296 20.272102652149616
190363.02088857084 20.498117071525797
219301.22121056897 20.72856758105166
252638.48724379222 21.127367250890707
291043.546791502 21.522494329789826
335286.784896067 22.08503015556466
386255.6973526544 22.661560381477077
444972.69340225466 23.190930412992905
512615.60471658444 23.91918640328008
590541.3120741812 24.691046259426386
680312.9636662283 25.235712178264706
783731.3310168356 26.13565830478644
902870.9315008342 26.75060212183381
1040121.642057555 27.524430975638502
1198236.6388495304 29.093872639816762
1380387.6245101471 30.307332438266297
1590228.450809413 33.15012691490643