22.19630829363491 18.73047633253395
25.574869741037567 18.7304759256938
29.46769136643339 18.730475389362383
33.95305013319471 18.730474681805816
39.121137757686625 18.730473734453337
45.075874286758484 18.730472481050505
51.93699772487918 18.73047081557357
59.84247172919527 18.730468604917967
68.95125978651026 18.730465669540006
79.44652165541092 18.730461770813402
91.53929634768637 18.7304565946868
105.47274570653079 18.730449720156148
121.52704391151546 18.730440589183168
140.02501122862998 18.730428460189803
161.3386052889917 18.730412344700405
185.89640042303273 18.730390927188544
214.1922054448206 18.73036245300255
246.79499317315398 18.73032457894569
284.3603413525144 18.730274168985705
327.643615028226 18.73020701438764
377.51515544737947 18.730117443188064
434.9777809043568 18.729997766831886
501.1869514384337 18.72983747064746
577.4740028557515 18.729621969451596
665.3729172660017 18.729330510550746
766.651168436508 18.728931881551453
883.3452622029279 18.728370006566156
1017.8016865841137 18.727501825463314
1172.7240950271696 18.726868894508797
1351.2276715446735 18.725372187391155
1556.9017709197324 18.722731004422585
1793.8820935498134 18.72170080630126
2066.933846223089 18.718971608087507
2381.5475610264452 18.713626040660206
2744.0494991143723 18.703950432872265
3161.7288593407307 18.678623634582205
3642.9843496680223 18.69337645167721
4197.493068616081 18.73377561441109
4836.405092622924 18.72525095160203
5572.56768208576 18.742099464249605
6420.783614423298 18.732137488500918
7398.108838727652 18.715043048657662
8524.195437253671 18.71916096273236
9821.68679002469 18.694788336338377
11316.672888535364 18.624589451008276
13039.21495401193 18.61888160359873
15023.94990926816 18.841139448272404
17310.786858893618 18.86405674407087
19945.709582616746 18.871288844965374
22981.701178401305 18.877472269018135
26479.809448024713 18.857591258735035
30510.37444794049 18.851483513920023
35154.44288905107 18.859518908645843
40505.397826180226 18.82015535867077
46670.836407085335 18.832255084862673
53774.733438837786 18.790974251834527
61959.93427662357 18.888656574148733
71391.02716203968 18.91334566736258
82257.65276794328 19.09849150512992
94778.31749827156 19.20269589162164
109204.78722076936 19.34161398876993
125827.14978192133 19.470354393744884
144979.6481012777 19.674691020257836
167047.40113719337 19.87127948515544
192474.14786934125 20.08834936387735
221771.1700142136 20.475868271473722
255527.57289181574 20.843779592221384
294422.1311715018 21.30943878673789
339236.9376915309 21.838861530611766
390873.129803181 22.533097754127773
450369.00946517644 23.187044613456735
518920.9214477794 23.715732302349274
597907.3094660466 24.26726605873767
688916.4339636334 25.215670952252587
793778.3088970927 25.970937075060526
914601.4997064064 26.771973357610815
1053815.5224063357 28.01860825168478
1214219.696360683 29.40640348194187
1399039.4330723758 30.60601930659805
1611991.092845901 32.74194349095722