1.075686802027347490e-03 7.242455997173876447e+00 1.537694880946968397e+03
1.238517390084296638e-03 7.242456603967198703e+00 1.335530782101718614e+03
1.425996231105770493e-03 7.242457422360578434e+00 1.159945648333217150e+03
1.641854419976661837e-03 7.242458490730845355e+00 1.007445070223415200e+03
1.890387840861660349e-03 7.242459916730852321e+00 8.749940823541571717e+02
2.176542661394061974e-03 7.242461801599112015e+00 7.599567158514928451e+02
2.506013768428078190e-03 7.242464302874983773e+00 6.600435669903507687e+02
2.885358104365724589e-03 7.242467620446210397e+00 5.732662216531272179e+02
3.322125159611987247e-03 7.242472014711599293e+00 4.978976865804695535e+02
3.825007218143233138e-03 7.242477842681699585e+00 4.324380222470211947e+02
4.404012346288795066e-03 7.242485567655029044e+00 3.755844878093096781e+02
5.070663567447902462e-03 7.242495809286660702e+00 3.262056175128566338e+02
5.838228186601329001e-03 7.242509387170512625e+00 2.833187017995792303e+02
6.721981828500874813e-03 7.242527387503483460e+00 2.460702300753415557e+02
7.739512444271217512e-03 7.242551252705349718e+00 2.137189050632744340e+02
8.911070336586715199e-03 7.242582894114885761e+00 1.856208894589367162e+02
1.025997116942073059e-02 7.242624847047776093e+00 1.612169928945906747e+02
1.181305998283320793e-02 7.242680475078488556e+00 1.400215432300527425e+02
1.360124544734895961e-02 7.242754241657964442e+00 1.216127209929346265e+02
1.566011499034668242e-02 7.242852070695633415e+00 1.056241645429052198e+02
1.803064303634641791e-02 7.242981828530499655e+00 9.173767899333252274e+01
2.076000645618186063e-02 7.243153965859772114e+00 7.967690368187047056e+01
2.390252345365283249e-02 7.243382377377781012e+00 6.920181223151581662e+01
2.752073457483413671e-02 7.243685553270158728e+00 6.010393569599429497e+01
3.168664735365943341e-02 7.244088130892776256e+00 5.220221379344769730e+01
3.648316936399302601e-02 7.244622992447895093e+00 4.533939160698828630e+01
4.200575819795846627e-02 7.245334121282880346e+00 3.937889009908207782e+01
4.836432120743348190e-02 7.246280522077324981e+00 3.420208815696315696e+01
5.568540281626160882e-02 7.247541659236794942e+00 2.970596212182921292e+01
6.411470293379657737e-02 7.249225105180502560e+00 2.580103587640265417e+01
7.381997658978146915e-02 7.251477485528272204e+00 2.240960078849917636e+01
8.499437249740988964e-02 7.254500491308874643e+00 1.946417024307647026e+01
9.786027698671008468e-02 7.258574959290878148e+00 1.690613828024608267e+01
1.126737398079791230e-01 7.264098351690980060e+00 1.468461614810862592e+01
1.297295698850338408e-01 7.271645628357640945e+00 1.275542457176245748e+01
1.493672024309967705e-01 7.282073475113643113e+00 1.108022360813898111e+01
1.719774541905439991e-01 7.296710981125599460e+00 9.625766910639114826e+00
1.980103012475177282e-01 7.317739318090514367e+00 8.363275264138328779e+00
2.279838341873102747e-01 7.349037935744203942e+00 7.267942255324392420e+00
2.624945688344514361e-01 7.398396260513981026e+00 6.318638751737848835e+00
3.022293177637056516e-01 7.484939351570231381e+00 5.498094658947570323e+00
3.479788588445894559e-01 7.680117564389510321e+00 4.795010509984029667e+00
4.006536728427347316e-01 8.046873037788497385e+00 4.178316132202710698e+00
4.613020632786899999e-01 6.750454919762130856e+00 3.422524849297002181e+00
5.311310191550523419e-01 6.798843444635275901e+00 2.953644374355070656e+00
6.115302357497955921e-01 7.023564114975197725e+00 2.486275704197612679e+00
7.040997715236592125e-01 6.616104390521159395e+00 2.252683517022079140e+00
8.106818915532828518e-01 6.554803526944908754e+00 1.950684963001697136e+00
9.333977312195806952e-01 6.586881728235458588e+00 1.675873165000002496e+00
1.074689509810764276e+00 6.717869510386286436e+00 1.416638875497020722e+00
1.237369134150592576e+00 6.585176952654411053e+00 1.251470096247438546e+00
1.424674159533004802e+00 6.572820546934466712e+00 1.062192923576872339e+00
1.640332221665109280e+00 6.470438540431182162e+00 9.178585466025017681e-01
1.888635221905601069e+00 6.454108516817498753e+00 8.245488794124913312e-01
2.174524742190089732e+00 6.309124593115159385e+00 7.168708678328764572e-01
2.503690389521510351e+00 6.341121807951529910e+00 6.317430743690352068e-01
2.882683027220484639e+00 6.192076631532252406e+00 5.528634266505261241e-01
3.319045146398148294e+00 6.238545341018959967e+00 4.930243749666155528e-01
3.821460972228677200e+00 6.061182616818356017e+00 4.294781043788455932e-01
4.399929292349288978e+00 6.066840234587925984e+00 3.770635852136413613e-01
5.065962446918025108e+00 5.976554555299862237e+00 3.317238256581659384e-01
5.832815440513745564e+00 5.848604457739635443e+00 3.043360958997829435e-01
6.715749735530182285e+00 5.648301069386636009e+00 2.756400899484919287e-01
7.732336976926751149e+00 5.522625735020475268e+00 2.563795742275464251e-01
8.902808692889539799e+00 5.256850116977904719e+00 2.375350820617271319e-01
1.025045893094169891e+01 4.907227595505101903e+00 2.281263089966922841e-01
1.180210784253297618e+01 4.698379857610452071e+00 2.229136327307408016e-01
1.358863544209937402e+01 4.439632704708749600e+00 2.270383141675868521e-01
1.564559616315532153e+01 4.123034871699498893e+00 2.325009561582649931e-01
1.801392644195643200e+01 3.820480606503109833e+00 2.363364355760279589e-01
2.074075941065154893e+01 3.375738240852394156e+00 2.470986208486448676e-01
2.388036291347320983e+01 3.124586222182550443e+00 2.625188825717016949e-01
2.749521951381969842e+01 2.808822851305190049e+00 2.832556320775453385e-01
3.165726998590157137e+01 2.551501152672134065e+00 3.305475015051224097e-01
3.644934503820002192e+01 2.328726267013904838e+00 3.807754557610898982e-01
4.196681376206542780e+01 1.866991299750535349e+00 4.190821317003267099e-01
4.831948161192146074e+01 1.718873570884505320e+00 4.153114344157662896e-01
5.563377568957257324e+01 1.592774277682855288e+00 4.363035274108984507e-01
6.405526082287366307e+01 1.200776821017037532e+00 6.008128057908790343e-01
7.375153651229558704e+01 6.024806089440323253e-01 4.318829941803028483e-01